species,group_id,baseMean,lfc_mle,lfc_shrunk,pvalue,padj
Apul,OG_00686,78.89963791574877,0.9418827381035011,0.8331566167065985,7.775312895043735e-4,0.0035480767396057367
Apul,OG_00683,268.08058908611224,0.024823014176731377,0.023482648228580455,0.8915809887032523,0.9316706194387793
Apul,OG_00684,11.819548469376565,1.6511783896654468,0.32610039206872404,0.08581788009839227,0.16457248508022182
Apul,OG_00685,130.66900374697232,-0.24142633135639432,-0.19791648425380592,0.32001966136686694,0.449683229943126
Apul,OG_00689,102.02449492510611,-1.1239290835949947,-1.0312057085423296,1.8353363482092127e-5,1.570135469810481e-4
Apul,OG_00687,6755.122454503701,-0.36688841473743905,-0.31568944546724453,0.09562564412187287,0.17876950039889758
Apul,OG_00690,21.70785045650014,0.015919037093850202,0.005050438569209118,0.9835462175969409,0.989140781181309
Apul,OG_00693,102.72901032443899,-0.11805446892702111,-0.09633973880022637,0.621368335210008,0.7297314767633032
Apul,OG_00691,190.13679742540722,0.056626321751381103,0.04710764984332622,0.8064589377603946,0.8714746897471914
Apul,OG_00692,377.33159636082235,0.4633359246118738,0.33548793732701643,0.15334122052537688,0.2584692168739399
Apul,OG_00694,172.9153634558125,0.16806545169487527,0.14686476801214265,0.3937237008893478,0.5260344659829974
Apul,OG_00695,256.0917640429087,1.4475800387456206,1.2817594912523178,2.9323607580907336e-5,2.313306820271579e-4
Apul,OG_00696,51.22365708766482,0.11875923478732041,0.028107389435128277,0.882266169796431,0.9263257549215362
Apul,OG_00698,176.49290092178643,-1.8471668133430674,-1.435072946965826,8.992403703003601e-4,0.004008131695006597
Apul,OG_00699,201.86030053267723,-0.008348355386562117,-0.0015745113516704235,0.9837038854302101,0.9891890191729904
Apul,OG_00700,643.8371994843585,-0.5050869082445386,-0.4646151901303252,0.004043122334647979,0.013925452288587024
Apul,OG_00707,163.40159975389972,-1.788714874417927,-1.646963392632017,4.2833459740085757e-7,7.2192393733897815e-6
Apul,OG_00703,3294.3003159409773,-1.9279085143162327,-1.8057105408299905,1.997740880575052e-8,5.700515670932039e-7
Apul,OG_00704,194.40843020601162,-0.8261079630823878,-0.7569874388198977,2.197848955624099e-4,0.0012495588923620744
Apul,OG_00706,359.4211194335155,-0.3932848538095963,-0.33410858113556696,0.09038685525365404,0.17111448117199213
Apul,OG_00701,1041.7139277585186,0.5648897204063877,0.5334096799648782,1.8922952724704758e-4,0.0010994089221563325
Apul,OG_00702,1396.2919935441168,0.05147910635381168,0.0500654703086884,0.7448376629783797,0.8280361493127913
Apul,OG_00708,743.2496645817713,-0.02536015297200267,-0.02703295124950793,0.8985543864880529,0.9361369038662937
Apul,OG_00709,627.4760124298381,0.15242517703589617,0.14137376037984117,0.31318520979271525,0.4420083012522951
Apul,OG_00717,42.30408969220467,0.004898123767445106,0.0028248974266449132,0.9928420054207341,0.995270301598528
Apul,OG_00718,63.0869133846586,-0.8206767291486634,-0.5295959079560478,0.062307107765334074,0.12783235283731909
Apul,OG_00719,36.76353992453616,0.39446251345982875,0.27687077415789446,0.2661072219678539,0.3933588230301867
Apul,OG_00720,4067.187484114735,-2.015489887997328,-1.8728216605868384,4.614726768406316e-8,1.1587484358097705e-6
Apul,OG_00721,940.4934035082919,0.17528556581126853,0.13341115102736278,0.5330272549161985,0.6526760941851388
Apul,OG_00723,468.0189289739584,-0.1227506155007049,-0.11007287825792751,0.49728546369164744,0.6200253078135488
Apul,OG_00724,81.7287910941428,-0.308466803436774,-0.25624699334649725,0.19846158537015066,0.31411762599309256
Apul,OG_00725,630.58122585183,0.20080511738372764,0.17556611109508471,0.3296441097825797,0.45969702101910315
Apul,OG_00726,48.7894815153291,0.12877918049456058,0.05976556987137099,0.8119417142292119,0.8757510092350245
Apul,OG_00710,227.5476197477617,1.0149348662134108,0.8981216307236709,3.258198074253869e-4,0.0017417770746592119
Apul,OG_00711,37.16336580691437,0.30009210746953924,0.13182680005057928,0.591154375871046,0.7019277070357154
Apul,OG_00712,423.2226850984845,-0.20406551450386792,-0.15476547821985087,0.4958181372430711,0.6186235150852044
Apul,OG_00713,70.88966035135464,0.6151821058149533,0.365109149948174,0.16849786073718825,0.2770000383349547
Apul,OG_00714,99.0478197899225,-1.0509917693791544,-0.41207561194834164,0.13250887444391155,0.23155669008929272
Apul,OG_00715,14.747055944870116,-2.8097921380094313,-1.743231815443188,0.0024723455796279064,0.009277211856639546
Apul,OG_00727,20.53964162102243,-0.23321958219658853,-0.043903411468502136,0.8179869485647284,0.8806911421144067
Apul,OG_00728,352.86067677658207,-0.4530676109238264,-0.3520233513296787,0.1219241696823482,0.21705631550359994
Apul,OG_00729,1354.1325763012308,0.23814209428647043,0.19296674847837358,0.3433844119384106,0.47511082437450497
Apul,OG_00732,167.2430823751707,-0.56667630219556,-0.26290656533500606,0.2826726073821213,0.4095868392679717
Apul,OG_00731,785.9393813703412,-0.33965126001708734,-0.2570108638063109,0.2470941236808394,0.3717129985368917
Apul,OG_00730,293.9528139034222,-0.18693817640526297,-0.16900064851633223,0.2623348850805429,0.38936415855267276
Apul,OG_00744,22.839313844027842,1.118546115894665,0.4162416234857455,0.10476483262207797,0.19184900401163224
Apul,OG_00733,113.77141241761073,0.6846065841120579,0.5395094445232885,0.03465275811483333,0.07997540822151322
Apul,OG_00735,26.960731597929243,0.593988978181186,0.2232444140604373,0.3642887512023156,0.4967173249041705
Apul,OG_00736,111.63585435025053,-0.6568252552078666,-0.5648716750814383,0.009913512350294485,0.029069964508164348
Apul,OG_00737,102.060192858263,0.2948228300123877,0.18421827200873148,0.4574559285489903,0.5867539271303336
Apul,OG_00738,287.31958326428673,0.793638355697775,0.6703029296050904,0.006812085049503501,0.02147712268929128
Apul,OG_00739,938.5625018930066,-1.9850048972475127,-1.8339415868358158,2.3299570131219975e-7,4.4511064379917485e-6
Apul,OG_00740,137.93906318628066,0.038642099989636705,0.03114247486209853,0.8413062981035422,0.8971214392147161
Apul,OG_00741,1079.987297312694,0.25835304881385246,0.19990731605726683,0.3580416726736825,0.49079686264800776
Apul,OG_00742,247.69043048817838,0.18570158165870618,0.1688068981942791,0.27758459809938635,0.40390193981961703
Apul,OG_00743,364.2520248840666,-0.33131186851722527,-0.27743667320574,0.16484818064855722,0.272490567352528
Apul,OG_00746,144.8705609304049,-0.017612505331991123,-0.01357930544295618,0.9466047665916401,0.9673002527053397
Apul,OG_00747,741.5034522988259,0.05607093004042397,0.051579744555823016,0.6621004687246839,0.7630572503183122
Apul,OG_00748,167.3912217434013,-0.5757870023866654,-0.5101416835443482,0.008648045856394993,0.026027846958315635
Apul,OG_00749,66.06448061232881,0.7060271690471983,0.25655462595464984,0.2795411895828384,0.4059627808775091
Apul,OG_00750,196.4750115445232,-0.5382995256363509,-0.3874801606786457,0.12495319063413435,0.2214867151460565
Apul,OG_00751,146.9137038175284,0.06545910879798449,0.05062912304553186,0.8018611464640415,0.8688274402386761
Apul,OG_00752,430.08971233143194,-0.6448339687175751,-0.5336487523630538,0.023123827224009578,0.05829117978163108
Apul,OG_00753,112.95891991116284,0.6545902346414454,0.39952440741775114,0.1356616177415729,0.23560493204463845
Apul,OG_00754,144.02908047806096,-0.326172324863085,-0.2915237662443569,0.08257605042382812,0.15944073804532294
Apul,OG_00756,539.2229645139122,-2.607623348918577,-2.3709231939243316,2.0117314986524848e-7,3.9955468994161796e-6
Apul,OG_00757,2570.827964127488,0.6736595999720842,0.6474141769688475,1.0559609272440969e-6,1.4994645166866175e-5
Apul,OG_00758,153.65124447609418,0.4401464321680788,0.34462697874014936,0.13512517885838557,0.2350737713555314
Apul,OG_00759,824.1883327280071,0.933743134744282,0.8931638582815383,6.0389530269455e-8,1.4329799853675678e-6
Apul,OG_00760,359.99998778771527,0.9325107127978867,0.8574775962784769,5.213859949490427e-5,3.752065057027548e-4
Apul,OG_00761,259.24987620564616,-0.7547533408465176,-0.7062487974762235,4.873670783898761e-5,3.5699341558420084e-4
Apul,OG_00765,61.61667552042765,-0.24507152403351554,-0.16562284605962038,0.473885732471789,0.6004546593669929
Apul,OG_00763,76.28302049972976,0.22912812469355215,0.1751571240115394,0.4264665222285482,0.5576288422632492
Apul,OG_00764,98.87197375282092,1.269629679375916,0.8278207842905679,0.016672834836651797,0.044703821505230223
Apul,OG_00766,40.5015208284518,0.40565767846662376,0.30564881016105716,0.19689069429561398,0.31255510470516884
Apul,OG_00768,241.48978202158054,0.27561375932831017,0.25896742808512213,0.05144407339575923,0.10974005436705962
Apul,OG_00769,889.7863412369595,0.7402477554367507,0.6762398960150542,8.111107206368798e-4,0.003673423087886864
Apul,OG_00767,621.6172831243257,0.006600243803487609,0.002807094164284715,0.9885933229414134,0.9922246207661091
Apul,OG_00770,3034.7218706854896,1.8477025181420226,1.7943300132695519,2.7936293268165705e-15,7.237839292387109e-13
Apul,OG_00771,337.1352332308635,1.1129284323450062,1.0178598982506795,1.8733115103024722e-5,1.5965642616632694e-4
Apul,OG_00772,198.35771945680534,0.3646638620333003,0.12271736671829238,0.5893136606611196,0.7005384618110386
Apul,OG_00773,70.88367216170978,-0.11201331979513332,-0.07676955684821454,0.7475645682345939,0.8298399251226559
Apul,OG_00775,70.22122713888922,-0.6990384372966771,-0.4738683170084269,0.08948994957068143,0.1699875448238539
Apul,OG_00776,771.8738244667909,0.3434410857474255,0.29050706364944423,0.10970421195071323,0.19931551061043346
Apul,OG_00780,151.0429350512761,0.73173758148233,0.5712115700773627,0.031255488395708415,0.07387437453842799
Apul,OG_00781,132.0735482791899,0.02581779232630859,0.021598403409484726,0.8949783914008731,0.9340301105626937
Apul,OG_00777,1308.891542843765,1.0498694263067405,0.9675833192823307,1.7871769641412388e-5,1.5391570855455159e-4
Apul,OG_00778,24.850109841606887,0.6809112064540234,0.2800626107975422,0.26397993559373006,0.39104765553616955
Apul,OG_00779,91.71985379514713,0.17692280738839844,0.10243327694115735,0.6755533303275442,0.7739123846478803
Apul,OG_00783,306.7526164699245,-0.11313789649576422,-0.08416786070082123,0.684753954631384,0.7807822975355576
Apul,OG_00784,354.30105194499527,0.2817313696014755,0.23905630821155258,0.20645268921565876,0.32375372150566867
Apul,OG_00782,903.837741262609,-0.7167364324256624,-0.6850489059324097,1.508327319669489e-6,2.003032023779055e-5
Apul,OG_00786,277.2570932954659,0.4416426090162963,0.39713701094339876,0.022029892271672454,0.056129849848451686
Apul,OG_00787,270.16921093800795,0.6173523914277973,0.5227215322531403,0.018937204435325636,0.04944501197238806
Apul,OG_00788,255.97435184368663,0.009612459563385842,0.009565011987062416,0.950785619462797,0.9698228428389186
Apul,OG_00790,302.72587994309,0.09975538900788161,0.09213971761127607,0.4947935192741854,0.6176180003206703
Apul,OG_00789,5.704179456493149,1.8089532963030979,0.14201453374223583,0.23675997811306965,0.36049725137547267
Apul,OG_00791,303.181215083575,0.5542792188699253,0.5096720393760694,0.002706606601907605,0.01000224251204954
Apul,OG_00792,184.6439664957027,-0.00989467711316666,-0.007472930255390212,0.9819146610554588,0.9887117365182243
Apul,OG_00797,42.155134248421554,-1.951685513760498,-1.3320326220329486,0.0030441187992628865,0.011005941945851423
Apul,OG_00796,82.58890865687403,0.9483903135650363,0.7145525988389319,0.016319628411194248,0.043913485342804696
Apul,OG_00803,21.65293718976331,-0.07351673615981462,-0.029208033405263144,0.9063528041763756,0.9411835075421177
Apul,OG_00802,210.43992747728734,-0.6777359298527065,-0.5149014633573167,0.046500000809359766,0.10140036452188562
Apul,OG_00798,334.2565071312469,-0.6952739428937404,-0.6434156909294011,3.2853833210253315e-4,0.0017539550861862293
Apul,OG_00799,871.4227844989894,-1.0630450353330883,-0.9368481885844937,5.777127967097747e-4,0.0027916593182915534
Apul,OG_00804,37.163048759332334,-0.5069104849221016,-0.22085480669945698,0.37461359658256166,0.5066103167556621
Apul,OG_00805,2071.653308851094,1.2876271769076522,1.192019253627265,2.166995843124649e-6,2.702600486508293e-5
Apul,OG_00806,480.90040907358906,0.09595409173107355,0.08175977221991357,0.5797843422854045,0.6931736163335313
Apul,OG_00807,1244.4611194240874,0.5427618551286135,0.4747625973360092,0.016768163353392363,0.044879349646048956
Apul,OG_00808,338.37209632607767,0.40865192858902843,0.3238499334329629,0.1371689945855984,0.23762923630687735
Apul,OG_00809,929.7239077195478,-1.0272656943486114,-0.9330075766644668,7.19477058779745e-5,4.914791393194667e-4
Apul,OG_00810,264.54036889378614,0.3624146552957064,0.2884604441414935,0.17071775207062398,0.27942675084785196
Apul,OG_00811,52.62293119780524,-1.2126683401755205,-0.675276542942082,0.04534718748040909,0.0993392462140607
Apul,OG_00812,75.55365591855461,0.46969485192460025,0.2525938478860517,0.32791402830640604,0.4582766263544425
Apul,OG_00813,341.7654582165658,-0.8649107512389862,-0.7752773451665889,5.470610605766646e-4,0.0026664051801188024
Apul,OG_00815,196.04720937598523,1.178964101731002,1.0612521080620179,6.340186947328216e-5,4.421678743462021e-4
Apul,OG_00816,149.6459090591321,-0.11781930860084824,-0.10590572398676197,0.5264905115476107,0.6466918597772519
Apul,OG_00817,21.78543235083817,-0.9942612503348939,-0.19209890944123023,0.26467865013725306,0.39176089761779564
Apul,OG_00818,208.7251669444594,0.15308310848279674,0.10556727738474089,0.6515764312540797,0.7545934601358897
Apul,OG_00819,44.98838501639911,-0.14225440566431333,-0.06710046677177578,0.7729697249676393,0.8478171212400997
Apul,OG_00814,471.4585173410027,-0.6402108302269689,-0.5483810041312556,0.01220546335110531,0.03450052132818701
Apul,OG_00824,23.749144879276884,-0.38266728647491133,-0.19240361785769228,0.45600896680738134,0.5852309783236774
Apul,OG_00825,1007.5415700675873,0.33875362577986884,0.32329403888227776,0.005382901112291799,0.017688636781900566
Apul,OG_00820,531.0792165162001,1.0086463886085046,0.9127612913099775,7.914103219185548e-5,5.305685407241346e-4
Apul,OG_00821,221.60204150865223,0.8864923842673966,0.7881350511271926,6.14773104321762e-4,0.002934573362450677
Apul,OG_00822,16.568965096816576,1.0370647472135768,0.212120628222586,0.26079961785741496,0.3876236637262184
Apul,OG_00830,81.04312556396916,0.10393615830719512,0.07513535911530005,0.7288095887481769,0.8154455964440143
Apul,OG_00826,268.7933676925599,0.24070324468184642,0.2033133270177042,0.27613710798283464,0.40296622474206506
Apul,OG_00827,515.3879861896622,-0.17064165411966828,-0.14470108855396074,0.4294664889955773,0.5604195848441564
Apul,OG_00828,29.09663799357448,1.1977023752583438,0.604242324785371,0.05331063010903173,0.11270854670413578
Apul,OG_00829,87.67685761749817,-0.3492704367900192,-0.24894868888402766,0.3025992311249072,0.4311166482940889
Apul,OG_00849,556.9705219959307,-0.25488879871354025,-0.16640675870423186,0.5091105420988491,0.6310690474339816
Apul,OG_00848,6208.534709278332,-0.015369492963218491,-0.009975920647441816,0.9595261469728845,0.9754281022834836
Apul,OG_00850,461.64044789132413,-0.5664854622266619,-0.5128269954760094,0.003544409738325905,0.012469739606119658
Apul,OG_00851,172.34844054831157,0.9000064322975583,0.7018097130753717,0.013020275975962899,0.03640428789930464
Apul,OG_00852,210.01554283807627,-0.5715943519867273,-0.48747434624228575,0.021946101723478887,0.05594966223770189
Apul,OG_00853,205.0991603908683,0.5834658842982708,0.41321119574692694,0.11262515628600006,0.20335222952159843
Apul,OG_00854,204.57039296970737,0.9610171839648334,0.7905380064912263,0.005030776611913333,0.016732760128964415
Apul,OG_00855,236.6201396138218,-0.15072717949406247,-0.11566827110032907,0.5763765151699005,0.6901058341902793
Apul,OG_00857,15.658204272481063,-0.6293773562950092,-0.13204193286276497,0.44179451161733874,0.5716259307294509
Apul,OG_00858,913.3499796272833,-0.23025947029827293,-0.17556570226209273,0.3925830259344438,0.525132939452734
Apul,OG_00831,247.12679876769909,-1.366605846053087,-1.2817795308995277,2.254728085060508e-7,4.36633903414395e-6
Apul,OG_00833,245.77916598168713,0.5394865169013049,0.5027254355122551,0.001322416483369361,0.0055562827024582505
Apul,OG_00834,111.30387448047782,-0.05556768440384868,-0.03362585272590217,0.8886230931305923,0.9301967066123231
Apul,OG_00835,293.1304584076945,-0.2962308154815842,-0.2698719516409565,0.07754722517375455,0.15161390489847024
Apul,OG_00836,210.5647856647472,-1.1744673592114119,-1.0834477590292801,6.34214239156849e-6,6.505926956174412e-5
Apul,OG_00837,115.55781132680129,0.39444450269690084,0.31537031582847685,0.14931636788975633,0.25336576764432306
Apul,OG_00838,949.7958972275832,-0.40307528878329946,-0.263587112878845,0.2751178171258765,0.40212957643443487
Apul,OG_00839,77.38274424868628,0.055568304868216595,0.03448184212094072,0.8895939542281569,0.9305648126769479
Apul,OG_00840,35.322199890959205,0.6404107488347247,0.14844992589850478,0.43737323637059355,0.567698846169432
Apul,OG_00841,276.43402144408395,0.05659561178257362,0.047320606905320306,0.78138055305851,0.8540252662943738
Apul,OG_00842,36.27980875431568,0.2032294739346036,0.11260055830160233,0.65391606549672,0.7562838923925264
Apul,OG_00843,12920.757000701371,-1.3372083909596848,-1.2084017185065548,1.901571605066369e-5,1.614545307239496e-4
Apul,OG_00844,120.56268840600464,0.770694189820732,0.5642453729282685,0.04059348471314797,0.0907816100343391
Apul,OG_00846,97.0204538309986,0.402704705869899,0.28061773870020584,0.24559357053694536,0.3708166821050965
Apul,OG_00847,282.00185465079676,-0.645570653227127,-0.5863439370100625,0.002174835036240351,0.008316576557158289
Apul,OG_00862,65.35909498662161,0.7201939692613705,0.5276187181230015,0.05290821553827987,0.11204165794003511
Apul,OG_00863,148.60412459742855,-0.6706911498314605,-0.4792081367574597,0.06932326827177952,0.13887756276530458
Apul,OG_00859,78.34454170304224,-0.8678133865733336,-0.765388280115679,0.0011989195341398076,0.005092160828704025
Apul,OG_00860,39.68546534817726,-0.5616162942516922,-0.3273029495981154,0.22686633047192903,0.34861174196751604
Apul,OG_00865,1314.7205677704735,-0.12052122346032737,-0.09865056943045203,0.6222326365494326,0.730651345717702
Apul,OG_00866,376.8005287029177,1.0865756939778473,0.9951073989530298,3.305798215971448e-5,2.571905307455957e-4
Apul,OG_00867,169.37490524623396,0.020847469076856293,0.01583520934587049,0.9455474851658975,0.9666668564332084
Apul,OG_00868,106.50932069615233,2.973833159824491,2.3192797856567724,1.501784660903545e-4,8.938344744136808e-4
Apul,OG_00870,192.6706155709728,0.6460496948001608,0.5215125213419061,0.03019668171317499,0.07189951914647448
Apul,OG_00869,3300.5242727787722,1.2483365036731306,1.171041673758552,3.2473151236361256e-7,5.832876587614929e-6
Apul,OG_00872,348.31777760617126,0.3293957712820609,0.2743261863259377,0.16734326604990005,0.2756547734694828
Apul,OG_00873,256.3837925101816,1.103893477509126,1.0209085027629954,8.537903283784074e-6,8.349921248360196e-5
Apul,OG_00874,435.5486038574938,-0.2786469544566636,-0.24121305533838017,0.15620267434966592,0.26214024094750377
Apul,OG_00875,104.47491485687317,-0.46023094424588007,-0.31435147778112793,0.21041694723611246,0.32854192436848934
Apul,OG_00876,395.59054465672153,1.2471020225968288,1.0973270788348133,1.113274859055899e-4,6.961442027813482e-4
Apul,OG_00877,8456.168859025107,0.1849688988585192,0.14046016149967544,0.5216370002400883,0.6419545286153782
Apul,OG_00878,1071.6696906632412,-1.2826569285351836,-1.1618800067433481,2.689565743253265e-5,2.1480792123042242e-4
Apul,OG_00879,601.3573280417532,0.7129233891655865,0.5807630476296548,0.0196421346069366,0.05102654213504677
Apul,OG_00880,639.7589814039134,1.0031869949953345,0.7770543886007051,0.007385204613181036,0.022941503381900766
Apul,OG_00906,716.9561790286197,1.0088478131635021,0.9277107685559263,2.441352643949108e-5,1.9814290540494245e-4
Apul,OG_00907,161.46968743092881,0.08673001226785265,0.07153283714893471,0.6859943257216956,0.7817639164249539
Apul,OG_00908,94.26571284866307,0.7674709098593542,0.5008904268050253,0.08320041272434188,0.16037155227349098
Apul,OG_00910,200.5766576298084,0.7066406300555358,0.639556969184976,0.0012725128457361545,0.005369325376697662
Apul,OG_00912,178.42136630784188,0.2784513423804999,0.17922287220046199,0.48541941090668606,0.6099310682468566
Apul,OG_00881,113.25892238859485,0.19189688251918438,0.12230775426506652,0.6233281072865716,0.7313662385690326
Apul,OG_00882,133.57911972924927,0.023480596726020736,0.014874780646838085,0.9489510011210087,0.9688282582776421
Apul,OG_00883,69.92427676218384,-0.824547426427678,-0.5565465577385585,0.05538244233186458,0.11643354686556842
Apul,OG_00884,7.797721998387435,-1.9962734157916417,-0.21032707111436058,0.11313115038060514,0.20414320251789406
Apul,OG_00885,601.8938537269967,0.2978960748461974,0.27865816397025206,0.056248169781947334,0.11789626846206859
Apul,OG_00886,68.71546869641196,-0.22151651533480762,-0.14513876839532044,0.5369854756143767,0.6561862086481685
Apul,OG_00887,836.0820060790647,0.3770865961930999,0.2947641792032921,0.18307433986220983,0.2952568990408775
Apul,OG_00889,1210.961053648875,0.77065756389696,0.7349154372592503,2.636964905592713e-6,3.1703350071639325e-5
Apul,OG_00891,181.91603687179847,0.5675341476796214,0.5155907190224556,0.004163646225763188,0.014248044788503477
Apul,OG_00892,256.3556696661609,-0.6010473715296013,-0.5400740153246366,0.004530548028578346,0.015317567144241075
Apul,OG_00893,144.68735970119639,1.5861414405987908,1.3787146299640431,1.0837809663960849e-4,6.805329369076252e-4
Apul,OG_00894,444.2637279341043,-0.45257182746152547,-0.40362156906629965,0.02306366932038462,0.058172057695638636
Apul,OG_00895,66.37336994203162,-0.2504638101606854,-0.16403197821546137,0.48507040692085424,0.60976995109512655
Apul,OG_00897,90.4786273504737,0.2817873713701754,0.2004875173069417,0.375133107067119,0.5069047244753802
Apul,OG_00898,47.98834788885198,0.708826679754361,0.28277698418832115,0.23846865559504496,0.36224256527973725
Apul,OG_00899,245.9312373451556,-0.11620177732899986,-0.10082009547904325,0.5621040995742781,0.6781499419134687
Apul,OG_00901,433.12130913026533,-0.23257638487537907,-0.21778646588431877,0.09093429842891641,0.17189823248082584
Apul,OG_00902,139.53327608736535,0.9038920777777772,0.767783448529863,0.003317757633464902,0.0117873209538822
Apul,OG_00903,125.2288916427985,-1.0383365439173884,-0.948646681351563,4.8088025104604875e-5,3.5281507108887077e-4
Apul,OG_00904,159.8833023380824,-1.0059199976337383,-0.747348951437012,0.016021682073610325,0.04323897142993484
Apul,OG_00905,205.86249282101784,0.7921070654259467,0.6608348526046689,0.008837684969630053,0.026518936895558797
Apul,OG_00918,178.78136460174767,-2.671499217618375,-2.4424971488120257,8.048872575293231e-8,1.8053901495377874e-6
Apul,OG_00914,314.11433655909184,-0.10063218661677978,-0.08496860701223084,0.6632146933872021,0.7640444900955718
Apul,OG_00915,322.55318265698344,0.6454935866326801,0.5546540869722245,0.01246017023792825,0.0350665902107987
Apul,OG_00916,139.11319706949655,-0.13686146176634761,-0.11596052057596981,0.5337198842647177,0.6532580692839636
Apul,OG_00917,257.4213106424941,0.39119166810432004,0.3623196949020813,0.01956793979347842,0.0508641329400951
Apul,OG_00913,701.1754499898719,1.3893858263898016,1.2077240978499653,1.4150466092444943e-4,8.494990196776035e-4
Apul,OG_00921,35.905088743357226,1.080401974646062,0.7056616153492684,0.031251121774747044,0.07387437453842799
Apul,OG_00920,1324.9988628345905,0.9525573454506379,0.8695159019659244,8.090893666974852e-5,5.392135121589966e-4
Apul,OG_00922,116.31906188995792,0.9862624926258499,0.6014959881602546,0.04216389505028202,0.09350512584072626
Apul,OG_00923,298.16305764677475,-0.34048724931990226,-0.29117419422725527,0.15161469186432722,0.2562529852934655
Apul,OG_00925,248.20684559425027,0.8627000847742126,0.6203787427675742,0.035363609268101656,0.08128311617906517
Apul,OG_00926,19.01520152652229,0.04289576434349982,0.02096582693654606,0.9371824220682364,0.9609629801578271
Apul,OG_00927,574.8196668463527,-0.10992397535296548,-0.09935244238144592,0.5299507144581365,0.6497913505941006
Apul,OG_00928,101.72771647192874,0.38837415938839276,0.3183183009821007,0.13177185523995874,0.23053682939439427
Apul,OG_00929,92.02541074023122,-0.2787287351752375,-0.1376756940412669,0.5798762783433626,0.6931916216123691
Apul,OG_00930,212.94209791757285,0.7737071613760853,0.6222057435129436,0.01727102794894934,0.04600675303269607
Apul,OG_00931,1469.652766719785,-1.0778649342183133,-0.8822518058022287,0.0026422414298661718,0.009808194495382812
Apul,OG_00932,288.49672006431814,0.7239990663400151,0.6129463457818661,0.010477033472148399,0.030425575142789728
Apul,OG_00934,835.8474066852765,-0.4659286969613587,-0.3775617227532919,0.09134397837049912,0.17249186449566295
Apul,OG_00935,50.522912948514815,0.24318360248362855,0.1469644385884352,0.5559617774389087,0.6729914119434023
Apul,OG_00936,6455.968745339119,-3.3228125617257422,-3.239349324231334,8.466963986385878e-21,1.2724435710873577e-17
Apul,OG_00937,98.70379837406172,-0.8546414867780772,-0.7236171903428735,0.0048414290186021185,0.016222655317998998
Apul,OG_00938,1624.630653572845,-1.3399104666936565,-1.1944954003566959,6.305708306949683e-5,4.4110606519600693e-4
Apul,OG_00939,489.68423135073056,-0.009818551663436469,-0.006750719946451032,0.9726999949215203,0.9834980773948585
Apul,OG_00940,2640.541803154171,0.9020859999264556,0.8486963299534888,3.888440730345914e-6,4.339365107119939e-5
Apul,OG_00941,261.502771023998,1.445722725232468,1.3740348001574987,5.614348707278978e-9,1.9322359654020818e-7
Apul,OG_00942,426.421708518447,0.4231012338030539,0.3854988875957043,0.015196391934315037,0.041447630390719505
Apul,OG_00943,259.61185448201945,1.1329414945491787,1.0147286841091432,1.3269323866646758e-4,8.068071025323925e-4
Apul,OG_00944,1388.9592507204177,0.45915842733195156,0.4281576895315171,0.0037324641036519546,0.013014550975494846
Apul,OG_00945,471.4462228513894,-0.42297199917877054,-0.37260590096555135,0.045131474255131754,0.09891845001422533
Apul,OG_00946,307.1507784620293,-0.8499013974999958,-0.6797716262184462,0.010609963153530622,0.030762070017808882
Apul,OG_00947,1799.3956895819392,-1.0937467768605953,-0.9419506258958252,5.296094148447862e-4,0.0025981980923043733
Apul,OG_00948,4330.589012788715,0.2350828309977517,0.08050174640562087,0.7356298107529887,0.8211406293091978
Apul,OG_00949,820.752298854774,-0.00262481357422077,8.363077401721324e-4,0.9874327713622809,0.9918326054777417
Apul,OG_00950,233.66173741743063,0.21053663912532763,0.18273432720351718,0.2904573771086916,0.41757878976228824
Apul,OG_00951,797.3591728990436,0.4214524858172796,0.390265458722289,0.009972171442929358,0.029194503214575982
Apul,OG_00952,25.329491338089824,-0.0182348997583141,-0.0038698428248148797,0.9800182162120294,0.987793371201437
Apul,OG_00953,97.69680006688273,0.1616728938741388,0.06387547397818007,0.7793188686571227,0.8523918290491601
Apul,OG_00954,514.348109039983,-0.047893761296714146,-0.04285273816549161,0.7621570784440388,0.8400020207374395
Apul,OG_00955,615.7523122654655,-0.5512000273581643,-0.45688771847245246,0.03545915413818603,0.08148195536799782
Apul,OG_00957,536.714244553516,-2.748318970041784,-2.6505092614346153,5.275052638437369e-15,1.2517144642313093e-12
Apul,OG_00960,1262.0469864734469,-0.19239220378326022,-0.1695451528375265,0.31031265552648846,0.43898481563889963
Apul,OG_00961,109.01133220648744,-0.24716368625460755,-0.2108955587387881,0.25902752254380795,0.38548407262283124
Apul,OG_00962,125.54327940635616,0.028982250547833967,0.021296194755294102,0.9244530419678997,0.9529888052388878
Apul,OG_00965,16.844476632833246,-0.24120314682317742,-0.08290220937168989,0.7210477518003224,0.8096746672457668
Apul,OG_00966,23.651452422354133,-0.21560674275532754,-0.0725695863379906,0.7469813986108047,0.8293967825727898
Apul,OG_00968,66.94885987434068,-0.5489334621156853,-0.28961980231349377,0.26108553775524906,0.38784321152208906
Apul,OG_00963,456.2162536355212,0.4448473518283876,0.33192799167849546,0.1578231882777697,0.2639265001299424
Apul,OG_00964,210.443671119904,-1.1353307800011891,-1.0159962290840288,1.0741095708579193e-4,6.758720167777989e-4
Apul,OG_00969,301.0040710316872,0.12056204010449381,0.08239866347149842,0.7169346410398585,0.806260870323822
Apul,OG_00972,544.9604448908647,0.7838336945753166,0.7388590312614508,6.6121503269110724e-6,6.752181143573854e-5
Apul,OG_00973,231.30294632101337,0.1866814251702903,0.16192627119517577,0.36135661755005416,0.49361500082545645
Apul,OG_00974,307.76042921444997,0.8605207861634102,0.7994654329137404,3.2827457007600406e-5,2.558385305423793e-4
Apul,OG_00975,1004.6677606629015,0.6715456218789444,0.5902502801127713,0.0051526777741434234,0.017097000996785364
Apul,OG_00977,219.1261911293571,0.2261664901525065,0.21248900823343395,0.09327550747264327,0.17514894853828078
Apul,OG_00978,473.6870749541864,-0.3781764279553566,-0.3156533118077439,0.11358674451377067,0.20471950335412156
Apul,OG_00991,103.53802984283757,0.45172194153501033,0.3774013181644165,0.07338203295151212,0.14523393132655504
Apul,OG_00992,257.50899960190185,-0.7048532743929452,-0.6069407286291191,0.0054150852682378695,0.017762031234521962
Apul,OG_00979,1219.1516340389371,1.015791312164533,0.9813531768458075,4.59743637263381e-10,2.1933906757692626e-8
Apul,OG_00981,168.40392902209774,0.3484170886654159,0.29111626462950035,0.14466606086864722,0.24771247072779945
Apul,OG_00982,3300.6083037320386,-0.9964750293237896,-0.9314728272025953,3.4620798623620908e-6,3.9465959695219936e-5
Apul,OG_00983,177.8832079512331,0.36528725770006426,0.29977392332750974,0.14340325719924596,0.24587700516554492
Apul,OG_00984,41.421367614774304,-0.2484522977630635,-0.10581874443519178,0.6546596758411228,0.7569004099319662
Apul,OG_00986,1429.8626098371615,0.9120196181100062,0.6927479129230425,0.014183653405495898,0.03914723071850521
Apul,OG_00988,504.3958645051991,0.0752554435839442,0.05906941581802289,0.7514735234361806,0.8329391635976909
Apul,OG_00990,212.87768987149948,-0.23284063282393264,-0.1979108158528947,0.317762110491242,0.4468591625545117
Apul,OG_00996,154.78360006567024,1.0844358890045487,0.9567165449816684,3.85145091543215e-4,0.0019981894651583255
Apul,OG_00997,202.8543964000168,0.4933808190825689,0.38562054079651564,0.09662314579368333,0.17993616390368497
Apul,OG_00998,278.288347076539,1.0763478179535773,0.9222361415220913,0.0011614081867327858,0.004954529955440075
Apul,OG_00999,325.45879476870243,-0.6628178350839591,-0.5405031329712906,0.025638400852902147,0.06333738643578593
Apul,OG_01001,384.97039982988275,-0.2313665562130928,-0.20958416327631757,0.1691584399140211,0.27783272362563355
Apul,OG_01002,841.7688924784613,1.2250471544264963,1.1207389551086164,1.2504583353107667e-5,1.1517244953521128e-4
Apul,OG_01005,8.010132853694197,-0.7711943645136606,-0.11658159094428,0.4675129034335261,0.595334536119207
Apul,OG_01003,274.9164757485187,0.33439380082510606,0.2398509700984994,0.3235807044352352,0.45355622755985003
Apul,OG_01007,143.55112961892635,1.1380332084132723,0.9286301799840735,0.002420787981847059,0.009114089867354878
Apul,OG_01008,232.87277172751593,0.34318576754870445,0.28227103817752885,0.1676007936561647,0.27597815127787384
Apul,OG_01009,308.9622118849396,0.044572118691452695,0.04041881833719581,0.8131021744035744,0.8767053954196932
Apul,OG_01010,577.9196997701652,0.2446671897118303,0.2302018662017696,0.07310169725997173,0.14474264475036563
Apul,OG_01011,184.91738699637403,-0.8636718508642548,-0.6012104611351345,0.038193508496777266,0.08635678688952875
Apul,OG_01012,87.41605428137271,-0.23122226479811636,-0.16698960539062915,0.44542738127513626,0.5751082088250307
Apul,OG_01013,281.8974189005176,0.8287393320505051,0.7356772427868764,9.83360947921507e-4,0.004325349106052795
Apul,OG_01014,322.3105008467024,1.4784096230129675,1.3381373907392762,8.609714880392137e-6,8.405928476805862e-5
Apul,OG_01015,574.7436879687905,-0.8297684553328182,-0.6499495023302555,0.018265698811625167,0.0481021630211519
Apul,OG_01017,133.0077052172532,0.5832528720993265,0.4269346432816082,0.09607390559733667,0.17924651495369018
Apul,OG_01018,453.52636158834923,0.4979861632950117,0.4255702935423768,0.03583948360781588,0.0822004445914054
Apul,OG_01019,393.33174937042145,0.5744760327375608,0.5357120568041254,7.544451853156768e-4,0.0034639313020366973
Apul,OG_01024,11.186894570827892,-0.2744640220686408,-0.05032067712223779,0.7579116587803445,0.8371006157793197
Apul,OG_01021,310.2763593565826,-0.27284923001311906,-0.23582843337162218,0.19486908704259848,0.3105026608699612
Apul,OG_01022,420.4406651146038,0.6967736300095065,0.598840294508674,0.007609787791923335,0.023491084053328556
Apul,OG_01023,2375.193539691817,0.6799637976134411,0.6149467132753317,0.001670767608241751,0.0067135969356131335
Apul,OG_01026,48.02142800753023,-1.1847394952923391,-0.7876577608323522,0.018768311962025212,0.04911023475379609
Apul,OG_01027,111.26377910298054,0.26719475861596753,0.2026766801992441,0.37325948286363075,0.5054333619134042
Apul,OG_01029,1027.0667247656033,-1.2239567361513468,-1.1819866003512935,1.751427240015907e-11,1.3732712541933422e-9
Apul,OG_01030,60.48087523014698,-0.8269669962953281,-0.5584805248503536,0.054682202485592635,0.11518717880612293
Apul,OG_01031,497.7921080773152,1.2440698236177343,1.1610447783050692,6.745422390035027e-7,1.0361750202886854e-5
Apul,OG_01032,162.93673209811027,0.4324824722112684,0.3773790801261503,0.04756746759196687,0.10325369650379518
Apul,OG_01033,624.8890899455319,0.027918471304054844,0.023607571327388645,0.8820605173895117,0.9263257549215362
Apul,OG_01034,3054.8455853185833,-0.1626511714589983,-0.13693991733933614,0.4612028874842402,0.5898817640348077
Apul,OG_01035,59.60839583095253,-0.7634859281852414,-0.5434177579327087,0.04894832360196472,0.1053884990255291
Apul,OG_01036,134.4085718226213,-0.199218766517167,-0.15981748388810582,0.4397405461226655,0.569540434413685
Apul,OG_01037,59.693585698943004,0.6252098174314167,0.3897981084539967,0.1384301570237281,0.23916932858458637
Apul,OG_01038,400.5632523995404,-0.5442383191292762,-0.4607668830091781,0.03144628284735999,0.07409951715164047
Apul,OG_01039,1773.9127336706981,0.5405613873109628,0.5273216112207868,2.29070460156736e-5,1.8811733508499896e-4
Apul,OG_01040,1584.4489847105413,0.598628423151157,0.4694744406505649,0.05717834200130317,0.11940183182625075
Apul,OG_01041,1003.8781472755538,-0.3231606039590701,-0.2876974251214966,0.09034643952847693,0.17107388602021764
Apul,OG_01042,259.6439294438163,-0.24464923217074405,-0.18690955231239215,0.37738817207234177,0.509341288366458
Apul,OG_01043,264.5476741135205,-0.5160877165785869,-0.35464742070737565,0.16281501756810907,0.2702195864921111
Apul,OG_01045,163.27891898958381,-0.3155528476998993,-0.21516022184407446,0.36984658532884235,0.5021693509878289
Apul,OG_01046,166.97104646517266,-1.2414182458730567,-1.153378055825738,1.406210150167113e-6,1.8925070035905758e-5
Apul,OG_01047,62.907328678974196,0.020540430607877556,0.011074516071020623,0.9651381323357212,0.9789258199405172
Apul,OG_01048,484.19376411478,0.13015131688336357,0.11017835780340302,0.5486765252177451,0.6670373773612522
Apul,OG_01049,875.0870863975144,-0.833392588647887,-0.7692425937831067,7.32254234374748e-5,4.986961050873945e-4
Apul,OG_01051,528.4861330502389,1.2689830691026875,1.1912706842211016,3.8713430383767815e-7,6.7181546656145475e-6
Apul,OG_01052,360.32583411969915,-0.9023111225373688,-0.8234939886173406,8.385702870671349e-5,5.54760695413379e-4
Apul,OG_01054,524.6102004887273,0.0617819432406263,0.0552882769423951,0.7386367580835693,0.8234914027809951
Apul,OG_01055,270.2925046874886,-0.9759800939544518,-0.6639915798684097,0.026906218859740746,0.06574888223801689
Apul,OG_01056,831.8223361385286,-1.3661399107680332,-1.3110912575652967,3.3170148008588605e-11,2.4120582628503504e-9
Apul,OG_01057,134.12221543113537,-1.0607814053222813,-0.9737575287869643,2.4859117143686275e-5,2.0121603167380534e-4
Apul,OG_01058,509.18592336420716,0.5198462394801855,0.4795197081544449,0.004365207625306183,0.014864455119858705
Apul,OG_01059,504.21868907369526,0.011698704117763,0.011335394789560044,0.9463618006113321,0.9672800222299232
Apul,OG_01060,1785.0566158499375,0.6951106674966384,0.6332867151333308,8.520793997372831e-4,0.0038282012692730854
Apul,OG_01061,49.91912895894732,-0.5654889388093945,-0.4203929420635822,0.09059882320421239,0.17144828353323016
Apul,OG_01062,215.122097277678,-0.10862704246883555,-0.06890407488957792,0.7730630854341836,0.8478171212400997
Apul,OG_01065,406.77596437933636,-0.07271182952102943,-0.06934748101267611,0.5870007645063875,0.6986517810921457
Apul,OG_01066,117.61016031083662,0.2564166401014697,0.2196669944581008,0.24245823323117907,0.3669429152476572
Apul,OG_01067,162.9556100075064,-0.06032915378781728,-0.04311567358637569,0.8395688091611037,0.8956923748468613
Apul,OG_01068,94.87764217578511,0.6271230480572357,0.3618765560405175,0.17995520074124094,0.29179213182588914
Apul,OG_01071,243.73638142326982,-0.5138533595771904,-0.48844080384090044,2.933939193787394e-4,0.001590819585711421
Apul,OG_01072,851.7218579384711,0.32849461418634157,0.31189496708477077,0.008961909793818165,0.026838107144091128
Apul,OG_01073,1088.8609132633312,-2.0793784186358946,-1.9259049540808861,1.6942139539435998e-7,3.425275162042475e-6
Apul,OG_01074,329.6975972176505,0.3569735400764339,0.3170187644434008,0.065649784715628,0.13314532361241962
Apul,OG_01075,198.41211009528132,-0.6928666686491033,-0.6396324248286077,3.1767210638908517e-4,0.001708079536857711
Apul,OG_01076,1780.5884865340552,-0.4528510191484686,-0.4365152377192082,6.76783050325335e-5,4.660069075484146e-4
Apul,OG_01077,966.0180546835084,-0.6119206915541079,-0.5975992599515431,1.1096012081241673e-6,1.560885194018037e-5
Apul,OG_01078,1004.7982455399866,0.89063252872823,0.7501808039467929,0.004708492104971672,0.015847881041631044
Apul,OG_01079,463.612265244136,-0.03130380889643641,-0.029596648869791763,0.8187779643911863,0.8814375483423266
Apul,OG_01080,1692.3988942704134,-0.07251812323429066,-0.05941821644372165,0.7510823726975805,0.83261737824122
Apul,OG_01081,955.1473727908109,-0.5362539711986114,-0.49812072111282074,0.0015753102673283957,0.006415796151987419
Apul,OG_01082,639.3683932896665,0.039210024469069904,0.03203160883159433,0.8608904804675696,0.9119653973656102
Apul,OG_01084,698.8900044100935,-0.1697339601829589,-0.16017038009258427,0.17308091724135766,0.2825766124869314
Apul,OG_01085,734.7315657255771,-0.3958476600088299,-0.37136569996165686,0.008085988429683626,0.024724095513888524
Apul,OG_01086,616.3638025284956,-1.006070498536269,-0.9548636836594434,5.37153480353932e-8,1.3068241182011182e-6
Apul,OG_01092,262.0752390459781,-7.266582135333925,-6.833324440981562,6.101624558860369e-12,5.671994705901437e-10
Apul,OG_01093,1002.2472487244377,0.8518255563002962,0.7701574189504378,4.063292956740483e-4,0.0020880049548589346
Apul,OG_01094,223.82524203540544,0.7460622779944565,0.7094099272337119,4.96537109680921e-6,5.31742888122668e-5
Apul,OG_01087,820.0550083144187,-1.7301795531926774,-1.5880423678028985,6.524262852447146e-7,1.0090785272815766e-5
Apul,OG_01088,645.1145400955576,0.35033444028440125,0.32896634614452613,0.017387153055511414,0.04620688449795061
Apul,OG_01089,793.3422757872329,-1.3222680539557792,-1.1175253682943522,6.300686682491448e-4,0.002994902046179515
Apul,OG_01090,381.6816821291164,-0.598800818741257,-0.44032804153714883,0.0906178028424534,0.17144828353323016
Apul,OG_01091,3028.237302283475,-7.106583996971384,-6.865483959871974,2.2116333481268764e-17,1.1079054388922247e-14
Apul,OG_01100,220.25190866924353,0.6871813168634443,0.5307153984027474,0.03966172309254794,0.08902906575193048
Apul,OG_01095,82.5145389981628,-1.6203331460896884,-0.21504120183998762,0.1562773030795281,0.2622166806602354
Apul,OG_01097,50.42722369487673,0.2947570692101597,0.1850927163306716,0.4546426922764691,0.5841426554940042
Apul,OG_01098,105.74938665586565,2.6077171548573217,2.07038263352164,7.519893977824187e-5,5.07536556871562e-4
Apul,OG_01099,2330.877031969897,0.9362097055088514,0.8984899930639811,2.7029677325822617e-9,1.0371344699869895e-7
Apul,OG_01101,417.44959681906585,-0.415601956765078,-0.35889039752827057,0.07300132539930917,0.14460741457064386
Apul,OG_01102,19.92952856626599,1.1878208218558122,0.3603902474319706,0.09996212896514353,0.1844400484711887
Apul,OG_01103,197.06716154800182,1.5514205477565592,1.333534952939584,1.90005721076057e-4,0.0011032077185723155
Apul,OG_01104,302.6301707064909,-0.10115337022395454,-0.08202559010363429,0.6078360282206579,0.7169205319117948
Apul,OG_01108,7.805333736156418,0.5359741752322813,0.05051919954090628,0.6675824589084556,0.7675112880246773
Apul,OG_01105,640.6998245669662,0.7140055783406385,0.6424756874379564,0.001834707577489327,0.007224261234157757
Apul,OG_01106,1271.200129480628,-0.4659291446986772,-0.4024754693200527,0.04107851694290244,0.09161637083209283
Apul,OG_01107,6308.003937613711,0.28380447923919966,0.24061075905997145,0.2114800679650532,0.3299304591616716
Apul,OG_01109,22.083168179173242,0.294424221445642,0.07510158578379193,0.7121210219687608,0.8023485261892186
Apul,OG_01110,2090.3587502512028,0.5597232850603273,0.49571803591686325,0.010900866343706272,0.031440802297991635
Apul,OG_01111,297.4750638681156,-0.2248924073644277,-0.19158112893478008,0.30658113387358993,0.4355497115658299
Apul,OG_01112,531.5272854883943,-0.5413199558934533,-0.47845017036745013,0.008301134616995937,0.02519398547339359
Apul,OG_01113,102.11877928648428,-0.657368043175415,-0.5863317993880358,0.003374756343184962,0.011980385018306615
Apul,OG_01114,497.12903980369765,-0.5043498615452476,-0.4672769029872792,0.0032073218677736346,0.011467256654129605
Apul,OG_01116,66.6735840092242,0.21027330012345805,0.13275845421640828,0.5876492630107861,0.6992390346487541
Apul,OG_01117,638.1487329032424,-1.2156850630093665,-1.1040556916148512,2.2358615019110812e-5,1.8394856900303118e-4
Apul,OG_01120,89.95400339411971,-0.8122625336270596,-0.6951633000845132,0.0042767512594099055,0.014601842524081452
Apul,OG_01121,6.326545663614615,-3.0058801173143146,-1.806086843068073,0.001981274911398203,0.007697180472243686
Apul,OG_01124,131.69435674559787,-1.6208584940077777,-1.4657456609229769,7.238713097379756e-6,7.317430044739154e-5
Apul,OG_01123,5839.070742763417,-1.8759254980475288,-1.72576711164107,7.023035808624988e-7,1.0688082599199319e-5
Apul,OG_01122,2912.426270094909,-0.9124047573382374,-0.8663373560344074,5.068531461757219e-7,8.175840463446305e-6
Apul,OG_01125,403.7806765237031,-0.30300147970413144,-0.27475588354898794,0.07381377517076994,0.1457365471238959
Apul,OG_01126,579.4225332253696,0.09106675433163884,0.07765880293439398,0.6383870129922319,0.7425907514935797
Apul,OG_01128,1472.1751614821628,-2.553776127205413,-2.299113811349536,8.232396643842431e-7,1.2109546580347013e-5
Apul,OG_01129,168.02507687376402,-1.4620272023062824,-1.2754196714926098,1.1657066708662994e-4,0.00072490876215182225
Apul,OG_01130,314.5881247334025,0.3065673876048284,0.2476420065668265,0.22636666325465676,0.34802185892024556
Apul,OG_01134,326.77020184963465,-0.782773215724909,-0.7276280349491396,1.0288993916431771e-4,6.528913310659062e-4
Apul,OG_01135,147.08465578571116,0.27027822471118573,0.2265305869629262,0.26220017997470196,0.3892425128139427
Apul,OG_01136,139.75026678424447,-0.1783581558278307,-0.13765950194440593,0.5159043598018933,0.6376846624172271
Apul,OG_01131,133.23848138650033,-1.3950737602816068,-1.3242383683129424,8.244772058254625e-9,2.655111058902927e-7
Apul,OG_01132,178.3652300305507,-1.278090827466656,-1.1694171430229992,8.834501906066642e-6,8.593387668500854e-5
Apul,OG_01138,95.52573791803638,0.7699976217052098,0.475229982935102,0.09418747328476879,0.17656724461720585
Apul,OG_01139,133.51486202582862,-0.3796534548449172,-0.28635482287492764,0.2198963603725708,0.33946335926715815
Apul,OG_01140,1293.8437343016255,-2.2846249175116844,-2.1182300470977333,3.831678077559686e-8,9.915248735806782e-7
Apul,OG_01141,273.19639704294224,-0.9085900838703049,-0.6238295725389796,0.03456360031765761,0.07983093854106522
Apul,OG_01142,4455.886826571505,0.6439918816035152,0.5942935211026864,9.26146364006049e-4,0.00410573341408188
Apul,OG_01143,172.49011119468415,-0.6216052619599126,-0.4848540728284303,0.05259214916154076,0.1115032703949243
Apul,OG_01145,399.2557546275262,1.2286547421076606,0.9588524107044758,0.0028030394003107284,0.010303712300286113
Apul,OG_01146,48.99785960896449,-0.05199424501657178,-0.025795840806965974,0.9152289115621093,0.9471065586371937
Apul,OG_01144,864.6766163212917,0.560153554406272,0.5301832157836721,4.1555214739096106e-4,0.0021302067726118794
Apul,OG_01147,1650.9629855596256,0.8311390339572137,0.6876976187220137,0.006891230067875152,0.021681165918363658
Apul,OG_01148,182.49449475699993,-0.22791752914540203,-0.15823221855285038,0.5004606364474574,0.6231225571453637
Apul,OG_01149,354.24352287169376,-0.02550754902267189,-0.02421735630907547,0.8621477718824457,0.9127611200028195
Apul,OG_01150,657.8182516714413,-0.06241232443861123,-0.048480931799857074,0.8002399971793104,0.8678008484144126
Apul,OG_01151,120.15484195015651,0.5181625623172667,0.3591809862788257,0.1550968099175862,0.2606239163300177
Apul,OG_01163,1878.5699628940924,0.8532419907621696,0.7696316408800881,4.24817937868683e-4,0.0021707339337292417
Apul,OG_01164,324.1451486001478,-0.2964926457322675,-0.23941928046366132,0.24959454034725168,0.37459952901317717
Apul,OG_01165,282.6630738119409,0.8459973370052778,0.799547200519935,4.888445335490638e-6,5.242626587850691e-5
Apul,OG_01169,49.73330039366005,-0.19435113598876042,-0.12148261688504851,0.6133964079221663,0.72243931690624
Apul,OG_01170,328.16177600344065,0.48405565602923395,0.4023528097792676,0.05876809251797914,0.12204329992999477
Apul,OG_01166,576.5010908662658,-0.014114880991548322,-0.012258591282580956,0.9416644167063425,0.9641180930442933
Apul,OG_01167,202.54418209935147,-0.14879245411579692,-0.12314439863001268,0.5251657237129239,0.6455922741267123
Apul,OG_01168,180.48686881675042,-0.9732434527989506,-0.7824443018761089,0.005507731703720574,0.018024281768308767
Apul,OG_01171,1268.1623857921766,-1.1346622001964124,-1.024770085620493,8.55370737561092e-5,5.627592313259662e-4
Apul,OG_01153,422.9433447621612,0.11874462878318637,0.10308637797330063,0.5584239561019081,0.6751553784085419
Apul,OG_01154,202.0191933232789,-0.546588935653588,-0.5045779308372403,0.0012501308975453218,0.005284777451085873
Apul,OG_01155,4273.500697053974,-0.9014460874613227,-0.7325331027514674,0.005721676658873897,0.0185851435277615
Apul,OG_01156,203.8201714127376,0.31438693930386763,0.1851297339194571,0.450353962530483,0.5799545387228456
Apul,OG_01157,135.9064513099259,-0.36702097873040535,-0.2925825585050016,0.17169241438663493,0.2807163192247121
Apul,OG_01158,866.631211096498,0.826853846672294,0.7412321452082161,6.249369500783005e-4,0.0029752146139683396
Apul,OG_01159,351.04416418550045,0.8947886665314515,0.8044691035017668,3.255047058608294e-4,0.0017417770746592119
Apul,OG_01160,1512.8292742526917,0.6969988130197877,0.6033034712818691,0.005913552736429323,0.01908464746756736
Apul,OG_01161,16786.690188684173,-0.7769887560028379,-0.7210560261399079,7.339166470328151e-5,4.994510495316901e-4
Apul,OG_01162,24.04610529016342,-0.08851297475421045,-0.030679168024219633,0.8901632492646506,0.9307579117713588
Apul,OG_01177,390.77558821638166,-0.5142884738537477,-0.4444392288798584,0.026823291413625733,0.06561736806203561
Apul,OG_01172,148.69400597939602,0.9366933222867992,0.7218150129158558,0.015444311344433333,0.04197147540468818
Apul,OG_01174,505.0040064301028,-0.20001536297668554,-0.18464236795608555,0.21212478329184772,0.3301592402963063
Apul,OG_01175,2406.6203073979495,-0.24286325129662145,-0.200211845331956,0.285257414809089,0.41227217652405124
Apul,OG_01180,411.2440319177714,-0.009407313770937885,-0.02052490447264901,0.9770317467808214,0.9863018086979859
Apul,OG_01181,583.4302230296555,0.07170556483005974,0.05192065161390842,0.8202885218767109,0.8823742606051259
Apul,OG_01182,454.75281670806135,-1.5779100711595937,-1.5109662891398792,6.894986059516568e-11,4.440863521332921e-9
Apul,OG_01184,63.689533364603975,0.07323807598961997,0.03514195623311241,0.8850361150863306,0.9279500755504003
Apul,OG_01183,708.6405554077924,0.483976907382466,0.401007867218601,0.059408329461526965,0.1229198959969226
Apul,OG_01187,52.347988078356494,-0.4271930191135104,-0.2189180094535985,0.3915681934675671,0.5240901346926936
Apul,OG_01185,1063.0372884114574,-1.5554035670113924,-1.503570732047266,4.4440581967494613e-13,5.553001337968435e-11
Apul,OG_01186,1781.5958638064706,-1.5589469534065061,-1.4191819775508285,4.147977148432632e-6,4.589240484345649e-5
Apul,OG_01188,165.72589918661203,0.19539039988012594,0.09490005869313684,0.7010272160760558,0.7944152830662051
Apul,OG_01196,63.85476119972215,0.6268445153143009,0.2805112365002813,0.27607942053525975,0.40294725396025205
Apul,OG_01197,65.72014993966819,0.775254244324954,0.6862183205750411,0.0021473800387262934,0.008229037742964296
Apul,OG_01190,1695.1672151606065,-1.0488401785431452,-0.9483700210194622,2.2664460575547103e-4,0.0012828966792825375
Apul,OG_01191,19.660762970861988,0.07899162618963265,0.02329589293147728,0.9121241606723107,0.9447075070965112
Apul,OG_01193,602.9121651662691,1.1652602823091958,0.8504564486904518,0.006972409788007326,0.021905999671938
Apul,OG_01194,339.54532679349666,0.9301465176908318,0.8709782336928011,5.629217787667071e-6,5.909040371524328e-5
Apul,OG_01195,168.8433205526001,-0.09056964125971745,-0.06782948884678038,0.7677594682053889,0.8436372318800868
Apul,OG_01198,333.5114625326717,0.39187143619879294,0.34763893175158744,0.0419779735497247,0.09320743351338774
Apul,OG_01199,80.40439564666967,0.5916779274455056,0.39300214082423507,0.131702526305407,0.23046025222120217
Apul,OG_01201,31.49006515884461,0.04862420632987422,0.02289118200500395,0.9319675031123481,0.9576696268449051
Apul,OG_01200,5465.274726812886,-2.326402791757836,-2.1354521478869994,1.3477846831759892e-7,2.8197156585145926e-6
Apul,OG_01202,1131.9861062077653,0.938086481597795,0.873457737891351,9.882210004624884e-6,9.46556241712425e-5
Apul,OG_01203,51.24220879808738,-0.6721125528687221,-0.3485668550216672,0.17850913759424702,0.2899688152922582
Apul,OG_01204,320.33751291640056,1.2271380769335347,1.020192166152121,0.0013477997164542364,0.005634557112084398
Apul,OG_01205,133.0972189089217,0.008051049519540112,0.003954244399871317,0.9832870137750463,0.9891007366365008
Apul,OG_01206,168.97586939082296,-0.23970001046619813,-0.2052870244524722,0.26602004776291666,0.3933588230301867
Apul,OG_01207,387.26393418029573,0.49886090672291966,0.4282921022818587,0.027143734061322578,0.06618578962437688
Apul,OG_01208,1800.670184936515,-0.9589242639966901,-0.8427391108893181,4.904369040779487e-4,0.0024405461170369006
Apul,OG_01209,316.28728719295873,0.7774516673451133,0.7337436364169643,1.429449159388639e-5,1.2825216985280953e-4
Apul,OG_01210,639.1292937796028,0.7036281932678046,0.2433210685827593,0.3221895108922645,0.45209816677801884
Apul,OG_01211,33.08646893911872,1.0874512798323546,0.5782733349856599,0.06395541435823902,0.13041795265330525
Apul,OG_01213,87.06258763634642,1.431584801304787,1.2990200376127545,9.296274518725406e-6,8.955609758049892e-5
Apul,OG_01212,11724.528405107438,0.776895562672436,0.6828652875092001,0.0021298781675435823,0.008175866937735412
Apul,OG_01232,277.01161045177554,-1.4133645264350039,-1.283898266244376,1.4049245222040365e-5,1.2693591599913625e-4
Apul,OG_01233,172.79688010840613,-0.3786913455075245,-0.3225729045205999,0.09801488678369073,0.18192676700875654
Apul,OG_01240,209.22330472433995,0.02540645983680521,0.01564522784011878,0.9411756646182954,0.9640555455939077
Apul,OG_01241,306.0856261621069,0.5343003895880161,0.4394358850756172,0.04870601115805938,0.10494196000292029
Apul,OG_01234,563.8494464976693,0.06462230602924308,0.05748208760221315,0.7135898442093194,0.8033008271205285
Apul,OG_01235,467.0060271951831,0.28437664002965357,0.22378328280214366,0.28193496130331647,0.4086493403105617
Apul,OG_01237,582.0745836661258,0.778783236035138,0.6273952565975247,0.01269832574448971,0.03561455777233708
Apul,OG_01238,193.9158166106476,-0.5376136694404575,-0.45019363757003356,0.03999039872697175,0.08965525244184591
Apul,OG_01242,103.63832675461485,-0.845649634492283,-0.7223929892491965,0.0034214180998062334,0.012112652927347
Apul,OG_01214,1862.4146641467862,1.4444802378137522,1.4109723049425045,3.3804452240397014e-17,1.451498789769809e-14
Apul,OG_01215,273.08274547775557,0.9530241122822385,0.8472026415163059,5.02670750767041e-4,0.002484968289290794
Apul,OG_01216,8356.756531669213,-0.5871083895575617,-0.42449211365102907,0.08964986731491072,0.17007634201105618
Apul,OG_01217,266.1561872931726,0.6761510032806664,0.6098476617461599,0.0017910729153390855,0.007086487265297294
Apul,OG_01218,1401.1591177106793,-0.40322275492063303,-0.36725770037929567,0.019769289125850315,0.05129774965404094
Apul,OG_01219,112.96844181807623,0.5999610431499698,0.397766984677437,0.12706531849052524,0.2245243928726369
Apul,OG_01220,45.24710598570274,-1.074895696169425,-0.7923345977469644,0.015120995055356684,0.04129194803578171
Apul,OG_01221,12487.642155273079,-0.5488304681962363,-0.389286443479498,0.11800575346672776,0.21124833809995716
Apul,OG_01222,348.86885292875144,0.1561328592342198,0.13682791531079044,0.4064451168702866,0.5387124166543985
Apul,OG_01223,145.3673680493777,0.2807813203466599,0.14303286075519273,0.5624170129133075,0.6784366830019122
Apul,OG_01224,65.21540505861954,0.8404836060962811,0.5882495875961028,0.04738686907954208,0.10298139453041627
Apul,OG_01225,319.5963796937352,-2.0604254551370795,-1.8785827693654344,7.803048434183187e-7,1.1668339590552206e-5
Apul,OG_01227,167.72305776749698,0.05806106117303968,0.04762040672555416,0.7858099787932342,0.857307861011958
Apul,OG_01228,51.89854120835656,0.6778685895816758,0.040853897871698915,0.6597494561587796,0.7613208147150903
Apul,OG_01229,140.11277815814188,0.3216345407529781,0.2717158445222575,0.1612793134355225,0.26821386374918965
Apul,OG_01231,236.9871149572968,1.6222401734822074,1.5170110574629423,1.1779607663879546e-7,2.5051113751226853e-6
Apul,OG_01243,731.6388988750834,0.24900194428589584,0.2258131076423431,0.14674751873424458,0.2506102985656597
Apul,OG_01247,393.33722132108244,-0.19066006209798564,-0.15879958173366943,0.4158168416247426,0.5482410382995034
Apul,OG_01245,610.4844621945845,0.35723636736099007,0.299476766020699,0.12855405795125505,0.22666779815054855
Apul,OG_01246,594.6270685908729,0.5720425787825911,0.493112881616709,0.01841388039753183,0.04836526639806132
Apul,OG_01249,455.6568362835989,0.26123613661729295,0.21548513579620507,0.23588287467632926,0.3598301270438946
Apul,OG_01248,136.65560259392598,-0.17235036794595465,-0.14838235611521428,0.42483948916395553,0.5562670747986026
Apul,OG_01251,155.45978742819275,-0.3185958942710264,-0.2667184738641452,0.1779904845837904,0.289439170332198
Apul,OG_01250,46.71036755917301,-2.5608561481346737,-1.640185389127015,0.0016674323281486104,0.006703182034291583
Apul,OG_01253,162.1427159140864,-2.0881360067910664,-1.8968618840138556,2.146176739573961e-6,2.6877882862136673e-5
Apul,OG_01254,115.23734912061352,0.34601038412525953,0.27106468611572593,0.2085079847505574,0.3264203360986501
Apul,OG_01256,143.35061338541132,0.1427726226069399,0.1102088705699377,0.5793625142466337,0.6928149660557176
Apul,OG_01255,187.86313352692983,-0.262605276126677,-0.22159098390027235,0.2510214446944288,0.3760525613573126
Apul,OG_01257,1096.215484488463,-1.102235886887085,-0.9952124424917024,6.349106521987908e-5,4.4226160152380136e-4
Apul,OG_01258,121.94591293969401,-0.19598974448801526,-0.15240418820651971,0.46294759544149156,0.5914421178940109
Apul,OG_01259,3191.898049682687,-0.6774966475058516,-0.6511970123702016,3.4487491479826447e-7,6.145725507383302e-6
Apul,OG_01266,251.24653483170863,0.2907634585099759,0.2363370083409332,0.2635143800684762,0.3905504873565828
Apul,OG_01267,74.66105094803216,0.5587375282419641,0.25828736973233424,0.3119926649298703,0.4408081886042997
Apul,OG_01268,17.825140658045775,-2.253108307301725,-0.2631445110997913,0.04865553812576618,0.1049084139837479
Apul,OG_01269,308.5343262681668,0.013374775006210616,0.00691709352537253,0.9627182796588913,0.9774914101421879
Apul,OG_01270,1240.528845625783,0.20656590458765997,0.1807181698044305,0.29206762920801055,0.4194347634888724
Apul,OG_01260,15.736692385139033,0.8078013883018136,0.27047664988432146,0.23572289454154763,0.3596469272556912
Apul,OG_01261,68.30110301720721,0.879785301545485,0.43299151630876426,0.1159392738610023,0.20812749998101887
Apul,OG_01262,215.30122374011506,0.7279104833004273,0.6117540708272058,0.01184292342300622,0.03357046227766334
Apul,OG_01264,84.72117842035308,-0.2223977104534032,-0.16002885109767273,0.47794692280340245,0.6040997200614354
Apul,OG_01265,5383.298394076113,-2.1051239499993417,-1.9882601743971375,1.6778925431875397e-9,6.784554736287913e-8
Apul,OG_01272,404.56882143099466,0.41958869331732085,0.3400742060185557,0.11425192689981398,0.20575386955374927
Apul,OG_01274,36.09593697518859,1.203633100339116,0.5314142862336989,0.06976282834862757,0.1394792512681984
Apul,OG_01275,721.1882492846702,0.6672477914960943,0.519250871999811,0.036664120659334255,0.08352712884922106
Apul,OG_01276,663.6819435242893,0.3394141871242156,0.2375200453255955,0.29723500927604274,0.42480235025556645
Apul,OG_01277,279.3131731725492,1.291829007816259,1.0426226305665285,0.001316876363338603,0.005538374145626951
Apul,OG_01279,414.3628024857652,-1.2417492137740171,-0.9884255345760825,0.003191014941750378,0.01141800862292189
Apul,OG_01280,1380.920633860622,-0.018714858195457245,-0.013039194756804836,0.9497959278882283,0.96934516743838
Apul,OG_01281,637.939735078523,-0.7020035441814161,-0.6483675030606435,2.49218066161274e-4,0.0013842574921822527
Apul,OG_01283,45.14323474559828,1.1486325196656062,0.6509191014145951,0.044415032019314654,0.09758536640306048
Apul,OG_01286,15.878541271406423,-0.5278878312120207,-0.16528030150460557,0.47685263593439475,0.6029701610181514
Apul,OG_01284,45.7772989969427,-1.3730176043283073,-1.1957942429225812,2.0321863760348584e-4,0.001167148060681931
Apul,OG_01285,274.7061740443941,-0.45907440533538285,-0.38274218258764653,0.06944228799355347,0.1390233372197761
Apul,OG_01282,407.531069889836,-0.41279804772886486,-0.3804051703438129,0.011051531698125219,0.031776677717472925
Apul,OG_01287,447.51947048807585,-0.837283684040719,-0.6820210725577172,0.008517132002575926,0.025715877678421255
Apul,OG_01288,132.40391050003,-0.05707836959194202,-0.03766662254267524,0.8744056297433306,0.9211587346745518
Apul,OG_01289,2710.6870783205068,0.37011940802373877,0.33635235889975695,0.0386807306164907,0.08726148310455259
Apul,OG_01290,856.5498769106258,0.12068312548269741,0.11037397185570832,0.4910437509284551,0.6142815624475415
Apul,OG_01291,253.28612331026292,0.13872810659568838,0.12246093593941718,0.4663394615109113,0.5943438762464859
Apul,OG_01292,131.0528655255444,0.7467962833223605,0.4988382131796126,0.06198772412666173,0.12732193814353276
Apul,OG_01293,414.3153951437209,0.45015676633082774,0.37090395520617514,0.07952143173028103,0.15476899415323636
Apul,OG_01294,600.2760455164837,-0.14352206913123408,-0.1319074418898911,0.40547360292391676,0.5376699231713172
Apul,OG_01295,29560.355405528528,0.16744341865236226,0.13852460272649095,0.47793345572754864,0.6040997200614354
Apul,OG_01296,276.618795863501,0.47496948039717873,0.41195529910743606,0.03446743712557108,0.07975182975654976
Apul,OG_01298,107.48326290546382,0.08366424195742966,0.0642366962907175,0.752865244588727,0.8335339024375717
Apul,OG_01302,176.19599429904372,-0.1399165456683635,-0.12798455771169406,0.41684885462311466,0.5489156434181932
Apul,OG_01303,278.7550284142618,0.23925564190153953,0.21758415431833097,0.1711020991359928,0.2798886989807184
Apul,OG_01299,692.3790530584627,0.5019102512329207,0.45562502918713327,0.008272623974623602,0.02513283368570789
Apul,OG_01301,135.41748809799452,0.16364648830270973,0.08633600865595584,0.7082253959471885,0.7994196580808801
Apul,OG_01307,9.957314317150367,0.9906741799508043,0.14549930933949595,0.3441935988270133,0.4760113007090765
Apul,OG_01305,4691.754034533157,1.3691395670686297,1.3479003756037256,1.8873420471852268e-20,2.431166177067027e-17
Apul,OG_01306,175.9068618831308,-0.5218341542432231,-0.4780010451811932,0.004298384507365013,0.01466459822281889
Apul,OG_01308,180.23222854815725,-0.6485212217529999,-0.5132061301142026,0.03560278478450597,0.08170789269582346
Apul,OG_01309,232.3798378690915,0.17184219273184684,0.13547409261653767,0.5214258692244154,0.6419094638205979
Apul,OG_01311,388.13880205237365,-0.5175469993714744,-0.4769653452925886,0.004047298435682856,0.013926455927567593
Apul,OG_01312,409.82688272479373,-0.14994050881238594,-0.07580765054490983,0.7530184284414394,0.8335339024375717
Apul,OG_01320,669.6118866266955,0.8404341197316748,0.7331204457231764,0.0025281865013172104,0.009463120665162842
Apul,OG_01322,723.2329692608112,-0.3667523199345158,-0.2960387722286627,0.15879327349971312,0.26520447252211765
Apul,OG_01314,699.5949492965631,-0.4172912968085842,-0.3972767162304704,0.0011365363511986778,0.004875427344794709
Apul,OG_01315,84.2659854776797,1.049008735594043,0.9257788679147474,4.981566874410529e-4,0.0024670288720134185
Apul,OG_01316,566.2244931587121,0.4366526988882563,0.3614763515676796,0.08283528880971695,0.15983860457890386
Apul,OG_01317,815.0038743654438,1.13516193184305,0.9639254793648772,7.595705357313058e-4,0.0034838778722359764
Apul,OG_01318,122.50529889677162,0.4745616448381851,0.32659548149572226,0.19701989203936182,0.3126039708813876
Apul,OG_01319,7.341585429790024,1.1236034885520432,0.13814345083579574,0.34186804095901135,0.4733759406215303
Apul,OG_01323,129.66111100084322,-1.2450066638215453,-1.0298558709990673,0.001058727471978273,0.004591893032625343
Apul,OG_01324,347.71809002631306,-0.4303910694213356,-0.24228546519583444,0.33800325726888986,0.4691772430408836
Apul,OG_01326,32.43117899389889,-0.8990140585065912,-0.2530957336042737,0.26257589116263974,0.3894660280309876
Apul,OG_01325,143.53338526899947,0.6251232693230888,0.4807547986931639,0.06016709834624871,0.12420483648995527
Apul,OG_01329,495.1451489270413,1.1091494476526107,1.042355942310859,6.87833554458131e-7,1.0530042717400624e-5
Apul,OG_01330,3476.266092201775,0.04401053929726419,0.0378880933014513,0.7607623138224298,0.8391185056558836
Apul,OG_01342,314.128376145052,-0.1941885574567312,-0.14243352175880852,0.5350625222053704,0.6543073617779321
Apul,OG_01343,623.3500173494389,0.3085653549527637,0.2797874716278473,0.07652770139850865,0.1500109311979027
Apul,OG_01344,161.20858322231953,0.8156331673719479,0.7425824599754156,2.575631083307967e-4,0.0014239402500421789
Apul,OG_01345,41.35656081120785,-0.23901498184866243,-0.12105281915574434,0.6163644067185334,0.7248934205531519
Apul,OG_01347,24.697948372640948,-0.026332637928556172,-0.009210994788082433,0.9637885600866776,0.9784374517340206
Apul,OG_01346,541.2116889312526,0.8352226903130562,0.6437675090861088,0.01911510115379264,0.049858509431225995
Apul,OG_01331,725.7463360413888,-0.30217624831731327,-0.26007966800754523,0.1569924849147874,0.26307400789381863
Apul,OG_01332,619.38691108284,-0.0590032496517889,-0.051424723231768714,0.6991310319685904,0.7929640899699094
Apul,OG_01333,99.0667360438913,-0.23803421407185468,-0.17292248733405513,0.45936041202592565,0.588359777732638
Apul,OG_01334,201.84029355478947,-0.23919371333138822,-0.19555485482617813,0.32391956625756113,0.45381956633692183
Apul,OG_01335,484.95080182598656,0.7501528059815121,0.6985036180753377,8.481850318837102e-5,5.594794756763287e-4
Apul,OG_01336,196.6309301002308,-0.7738691709168842,-0.6876642004208541,0.0013576895653882987,0.005670350537798189
Apul,OG_01337,239.05806107761964,0.4705827384557332,0.389964119526643,0.06870635269759073,0.13800961957544566
Apul,OG_01338,79.96139026675112,-0.062287646095423706,-0.05113015008528096,0.852992282960281,0.9055134701498533
Apul,OG_01339,72.81067540505919,-0.3615972743239567,-0.23986061593167007,0.3300282268106859,0.46001924890276
Apul,OG_01340,29.597308368603223,-0.08409117322526719,-0.05141120480670616,0.8334769856528863,0.8910910575802794
Apul,OG_01341,208.0413465849174,0.477509209812394,0.4165360284579086,0.029594410781400585,0.07074570573061746
Apul,OG_01350,63.1434532414552,0.1585089283230069,0.11290056140875318,0.6232403145490266,0.7313630980259368
Apul,OG_01349,605.8772407523038,-0.12700433599884303,-0.08860605713798685,0.7024977359627846,0.7956817089783229
Apul,OG_01351,1234.0966045569476,1.210897244843153,1.1466957881812356,5.41981656006024e-9,1.89321717860104e-7
Apul,OG_01360,281.57163499881784,-0.18369488494645836,-0.14377037772279774,0.4846900116089371,0.6094616977656931
Apul,OG_01361,1124.2190889328201,-0.3308955083087318,-0.28227722943489997,0.15761814302863095,0.26377928650504184
Apul,OG_01362,806.732000695987,0.7871542033313269,0.738872351438306,1.8908005729088796e-5,1.606913173036698e-4
Apul,OG_01364,74.83770458869508,0.638746661300327,0.42530973793956356,0.12284011714184583,0.2183851215039479
Apul,OG_01365,192.03339209227644,-0.5025220247652152,-0.37521133644836707,0.10993217380144604,0.1994885110017386
Apul,OG_01366,696.8658968096227,0.5750569251085232,0.5260447663797643,0.0023037175186689037,0.008731660725446618
Apul,OG_01367,591.0244663101273,0.19505188114333516,0.1792732534007445,0.22986906753952502,0.35214566462859276
Apul,OG_01368,68.23378230441486,0.3335936169551595,0.26897711531832025,0.2125126259104633,0.33055482971099664
Apul,OG_01370,161.18855202479062,-0.09758987478040129,-0.052937563697196384,0.8457645349219498,0.9005974033291475
Apul,OG_01369,1593.1855038834349,-0.19771248676822686,-0.17561420063823696,0.2757362932942515,0.402641968685711
Apul,OG_01371,622.2056287367749,-0.4166427517942225,-0.375173554906205,0.028166456391264832,0.06823668384740328
Apul,OG_01372,86.0240229226881,1.4067479041884767,1.2397393729313273,8.381421552679867e-5,5.54760695413379e-4
Apul,OG_01373,40.09637202311866,1.3399224069461695,0.9241438816512285,0.010483427446365125,0.030434341688304677
Apul,OG_01352,100.39836100792351,0.48755479951841535,0.3466639604923374,0.16187725687574572,0.2690098092975671
Apul,OG_01353,123.22879177766568,0.007966697045150812,0.006459113983460774,0.9774418279389157,0.9863018086979859
Apul,OG_01354,1327.6303936879415,-0.14846514335464034,-0.10853867666329053,0.6285194697562819,0.7353258670438418
Apul,OG_01355,1240.667692678226,-0.15632178200145502,-0.12300638615205875,0.5236590110856421,0.6440912976345975
Apul,OG_01356,410.18425643598187,-0.2827812064645897,-0.26565767216784497,0.03662887235654774,0.08348901467113018
Apul,OG_01357,98.61236458240037,-0.14926800848421415,-0.09903347910777488,0.6725212449943705,0.7712375957359436
Apul,OG_01358,83.15512684961892,0.8156031756805098,0.6479472268794481,0.014882728887508072,0.04078953385369614
Apul,OG_01375,190.93218920396396,0.3275844754331674,0.2835157367786847,0.1239035724543768,0.21997214270941437
Apul,OG_01376,233.03397847630646,-0.21761811596913053,-0.18691258754891268,0.29942917346172465,0.4272753374116745
Apul,OG_01377,503.68554201732,0.4505765976288637,0.4136889894278026,0.011707343609622103,0.033248855851326774
Apul,OG_01378,665.0781337621798,-0.5344522223779006,-0.45950990885067644,0.02510404347936395,0.06218768133335845
Apul,OG_01379,1384.131798946759,-0.36806552874909243,-0.303014276820957,0.13580566852726664,0.23576428823842188
Apul,OG_01380,1069.043975986208,0.5037755689084499,0.47903388299106,2.3488617616698637e-4,0.0013229035918161875
Apul,OG_01381,620.008000954412,-1.2987161947628558,-1.1172419058230505,3.8336010740154064e-4,0.001991220097027472
Apul,OG_01382,165.717167964984,-0.023867506895210465,-0.019398496948044023,0.9170810111310298,0.9484252181865461
Apul,OG_01384,51.093445329470924,1.076538194984804,0.42934166035406907,0.09778600710634791,0.18161409393984326
Apul,OG_01383,565.0868679529892,-0.514268541237452,-0.43893340594197744,0.03185633946685247,0.07486281286750293
Apul,OG_01385,518.4672285020932,0.6787377373270562,0.6301144894285741,2.6199685241884045e-4,0.0014457929120322425
Apul,OG_01386,382.7710075543556,-0.021506993240992745,-0.017012481653235163,0.9302567384942062,0.9570330454520182
Apul,OG_01387,347.3534378014216,-0.1815554935582005,-0.15814579527526493,0.39803133772906907,0.5303907007753463
Apul,OG_01389,48.975181160260675,0.00906525943176067,0.004787909133070628,0.982777438492834,0.9887976230363231
Apul,OG_01398,98.53081882722502,-0.13354123751371172,-0.09854034091694058,0.6255801873154725,0.73286430414754
Apul,OG_01399,1379.1819271955546,0.8283637045042683,0.7655348061189762,1.27101397321167e-4,7.785824046501106e-4
Apul,OG_01400,99.90820451424165,0.620190321800619,0.35762132426573834,0.17473657906385745,0.2848670644402102
Apul,OG_01390,23026.605737381695,-0.8634960493041504,-0.7702725266160708,6.019097915586854e-4,0.0028900003144220806
Apul,OG_01391,5071.998800604726,-0.2513035968219674,-0.21105818405192237,0.2570687378976774,0.3831386462187367
Apul,OG_01392,48.103433556846994,1.6084250520454089,1.252923724780072,0.00169754315490511,0.006790925744356423
Apul,OG_01393,382.62211311547213,-0.050777021464257076,-0.04513858702793709,0.7757506599396601,0.8498291459939151
Apul,OG_01394,21.11502171958194,-0.694613214606131,-0.34687567231294536,0.19574188014683153,0.31150803623084716
Apul,OG_01395,1799.2139274530132,-0.6065678255074892,-0.5624098701792417,5.560977751247501e-4,0.0027031448184904965
Apul,OG_01396,11179.277403923777,-0.5636363582808659,-0.5066720911233669,0.005852527234358259,0.018941937570785508
Apul,OG_01397,206.89411314456356,0.09118438860713186,0.07893315573116672,0.6594578222473344,0.7611791069129819
Apul,OG_01402,862.1905712504107,-1.1274613767121393,-0.9975640549154989,1.7102567517950692e-4,0.001001388644865983
Apul,OG_01403,1171.3673544225308,-0.28098438159546396,-0.2513801311703915,0.07348180876820955,0.1453038310664354
Apul,OG_01404,1064.441521100538,0.723054209196714,0.6743874155300033,5.765180386338566e-5,4.096503667739547e-4
Apul,OG_01405,215.80835156274506,0.5822335886092406,0.5201974351237253,0.006121904562508109,0.019651553378474764
Apul,OG_01406,366.2684548452663,-0.3027515501430336,-0.2758311628164395,0.07270706149560134,0.14408781835293127
Apul,OG_01407,322.2401417380593,1.1136755345120466,1.0163019171271945,2.1963093308148015e-5,1.815226511086807e-4
Apul,OG_01408,556.3258869024612,0.37907763263812705,0.2869722053521896,0.20745215793155145,0.3249906137523901
Apul,OG_01409,24.20626920620259,1.322916005258033,0.24454852301572058,0.16565622173124306,0.2734946896150968
Apul,OG_00001,1405.7872819855668,0.16583512952708274,0.1378305633086453,0.4726265596866823,0.5993915173973017
Apul,OG_00002,1448.2480643448635,1.3557647784628528,1.3107640448848996,2.199512884106174e-12,2.228427828762401e-10
Apul,OG_00003,412.3070043570821,-0.6530840809906192,-0.5816539350188111,0.0036162704121217087,0.012675931030312318
Apul,OG_00004,2348.174943930695,-0.05058816213542984,-0.04144061976686282,0.8470582981373442,0.9015914735449799
Apul,OG_00017,319.42769230412983,0.736005901717069,0.67969252882930975,5.010468296462076e-4,0.0024796593100548047
Apul,OG_00018,614.1199571204344,0.7471422673285946,0.5847670952666133,0.023927291036552865,0.059853503495801146
Apul,OG_00019,381.64998835339907,0.6291333496701279,0.5296734946116021,0.018304561571845537,0.04819043261119159
Apul,OG_00020,318.0803122587023,1.7709698539056633,1.6671706302905518,8.089097118352964e-9,2.614315007748698e-7
Apul,OG_00021,187.73004847464532,-1.256992880427106,-1.1793751320305228,3.1381270633115626e-7,5.682026451783204e-6
Apul,OG_00023,15.159018327872602,1.5177186104310025,0.13439386304504825,0.2006595027126408,0.3167069378539965
Apul,OG_00022,227.06961386608668,-0.5376484760481199,-0.3881322892708092,0.12172253941102565,0.21674015360766552
Apul,OG_00005,379.044429726401,-0.2781931922341041,-0.24096308563136,0.1799411728556845,0.29179213182588914
Apul,OG_00006,289.7667499388509,-0.3778874908963498,-0.30419556919609236,0.14742622294951055,0.2513719078242617
Apul,OG_00007,899.4335288228425,-0.2675006117600461,-0.25520094143511834,0.026357098908301114,0.06464342123925881
Apul,OG_00008,50.83387307339912,0.4109483417674461,0.22799422926131654,0.3749240546562126,0.5066981715879899
Apul,OG_00009,500.0661539202342,0.8738691980253159,0.8059894162675083,7.688479787117487e-5,5.173658376152118e-4
Apul,OG_00011,10.076879062597685,-0.7627919449739772,-0.15004769176692986,0.42195662559397323,0.5538719225333357
Apul,OG_00012,514.6293828071065,0.2568569772358405,0.22474414163771694,0.20085527060087652,0.31683314974781535
Apul,OG_00013,708.7864523535359,-0.5414524305220756,-0.5180771575520331,4.451510318632223e-5,3.2982143420794374e-4
Apul,OG_00014,459.1281026430328,-0.11427561677459762,-0.09757481907534114,0.5857409867509602,0.6975206652843909
Apul,OG_00015,79.71508880176984,1.1146433062496863,0.8568578524911419,0.008589638435977992,0.025886620914844102
Apul,OG_00016,608.9974903327011,0.7812125645039423,0.6381482011273387,0.01129697070658282,0.03238943874761758
Apul,OG_00029,289.39841927759517,0.6468499104605421,0.5713033490768665,0.006111925402218217,0.01962650689166726
Apul,OG_00024,214.05977794156496,0.7446265711553807,0.6632134049666853,0.002467506995964665,0.009266768255982251
Apul,OG_00025,303.8259896843549,-1.5640211367809576,-1.4247443398991846,3.6487746356429883e-6,4.1023691882285314e-5
Apul,OG_00026,128.72681431289416,1.0374406034945043,0.9159565362702649,4.1321164820698583e-4,0.0021206200522950434
Apul,OG_00027,80.78936255232661,0.5593519037172201,0.44345354621660193,0.06540208822264133,0.1327140415271317
Apul,OG_00028,1168.3102050000846,0.0837280933142599,0.07587007700948052,0.5915052511033936,0.7022518563791047
Apul,OG_00030,122.13213956350907,0.2973240947734439,0.2116498641128829,0.36417215513464657,0.49663344265715487
Apul,OG_00031,85.83690154172591,-0.2869626888103393,-0.166449268685728,0.4972378629017634,0.6200253078135488
Apul,OG_00032,141.40722112835823,0.4421479122715698,0.2801062926896963,0.2679033574860258,0.39471970170776055
Apul,OG_00033,7778.361772304213,-0.09834019633675162,-0.08119194501711428,0.6645193799582243,0.764867404784696
Apul,OG_00034,642.1225690161903,1.1344789889825435,1.037272182675914,3.0796381786944366e-5,2.4126062082786913e-4
Apul,OG_00035,1688.1139545371777,-1.2532189108640093,-1.1712722684384849,5.397693399627416e-7,8.644938078941458e-6
Apul,OG_00037,150.83425889465357,-0.04161641828710071,-0.030167562007965137,0.8838457227702232,0.9273084934074305
Apul,OG_00041,1131.5009102863526,0.5863755625324244,0.5240446559590081,0.005944792375807228,0.019171742794225243
Apul,OG_00038,476.7580604199602,0.7668216743276286,0.7209497589535091,1.5991536407426008e-5,1.4081609744703155e-4
Apul,OG_00039,208.71256416962552,-0.2837441417276479,-0.23175146252019344,0.2376935820458373,0.3613695884854687
Apul,OG_00040,245.6859323424655,0.3569683155669334,0.28220555798747315,0.1895592875343903,0.30343619664434535
Apul,OG_00046,14.935701296134116,2.040517827325594,1.3822622541720826,0.002759415738682604,0.010172384184669273
Apul,OG_00047,16.143186986289333,-1.8577408972173923,-0.2787488809047442,0.07831203707594532,0.15284407755709933
Apul,OG_00048,220.12860297038054,0.038461455845334044,0.03361568791344598,0.8472344307960616,0.9015914735449799
Apul,OG_00049,251.32857572662493,-0.2167269694522092,-0.20224893845248773,0.12195799753147371,0.2170736801700155
Apul,OG_00042,324.9448439771442,0.4334433692432073,0.32666950664389777,0.14576299941426218,0.24925942835547168
Apul,OG_00043,563.6260071173684,-0.832970992677014,-0.624132397117405,0.023489275774830322,0.05899799433472006
Apul,OG_00045,512.4334469735406,-0.46940775736921136,-0.38587985770446376,0.07307464241644664,0.14472085452868425
Apul,OG_00050,348.6449152846789,-0.5100697041968605,-0.4664430410356405,0.00945743144543551,0.028079571729829438
Apul,OG_00051,457.9528210851942,0.748987848732265,0.653592359925057,0.0037933009375358917,0.013196403097077947
Apul,OG_00052,189.95058856178446,0.4809516279648429,0.43051660647924545,0.019823074343694323,0.05139294461100969
Apul,OG_00057,95.71112063940693,0.5156785185762346,0.36736848881420947,0.14980593057986302,0.2540106237562572
Apul,OG_00058,1820.0928409625526,0.6010607695358874,0.5512829660397662,0.0016013898416596555,0.006501455291420584
Apul,OG_00053,2392.8186894339933,-1.7890475064892188,-1.6421474701466354,1.032856247377762e-6,1.471289855071924e-5
Apul,OG_00054,489.98448341527666,-0.9346302148091333,-0.8561435509132062,7.713876064957514e-5,5.18687699311871e-4
Apul,OG_00055,3597.355812175609,-0.4957590589763763,-0.46646810822988793,0.0010207107535642223,0.004461342154575178
Apul,OG_00056,466.8459997559539,0.6388483737084296,0.5452246345746486,0.017302752475292973,0.04606404460280978
Apul,OG_00059,142.18688330833442,-0.07906060353484794,-0.05052780949690579,0.832234739594904,0.8901851301218563
Apul,OG_00060,2823.81170652559,-0.15932416315182596,-0.1491901875709207,0.287525759993275,0.4143550867603262
Apul,OG_00063,75.40710269913414,0.7024984723089347,0.5560061006936894,0.03188778294820279,0.0749171805221325
Apul,OG_00061,136.80183182400305,-0.4287743842143815,-0.3720913988325019,0.05215191857534958,0.11077829205981793
Apul,OG_00062,315.2675674939734,0.15314462988788674,0.1325902032648197,0.4528378455983851,0.5825708166301382
Apul,OG_00065,1310.9673789356361,1.2805688132926303,1.2080139119788624,1.416423125289408e-7,2.9203378187501497e-6
Apul,OG_00066,453.7936367174173,-0.135829370678947,-0.11472399803294465,0.5277815872360341,0.6477714586557557
Apul,OG_00067,339.70858385691906,-0.1739093496748967,-0.15558051725420477,0.3236990293243332,0.4535810640897455
Apul,OG_00068,506.9644713605891,-0.588862403013575,-0.4940543010764729,0.024340370656272953,0.060696106805202765
Apul,OG_00069,150.5898350110406,1.565141629533204,1.4375875526684563,2.546418849011242e-6,3.0756386122059356e-5
Apul,OG_00070,133.50855813401216,1.2485798133020627,1.134955745644214,2.6025867004300926e-5,2.087858031830796e-4
Apul,OG_00071,17189.82822824053,-0.6555947718654918,-0.5774269133598376,0.005153559799186272,0.017097000996785364
Apul,OG_00072,502.4027332378231,-0.3672728296690332,-0.2846306520333832,0.19659950801340734,0.31221165265179535
Apul,OG_00073,168.47171894957538,0.1633223762047613,0.08253440313146655,0.7166131226034924,0.8059998162050257
Apul,OG_00074,2007.7201077910572,1.271671788519134,1.197848423725505,1.3931082804792778e-7,2.9010756039449535e-6
Apul,OG_00075,929.4564110207735,-0.3811790847751951,-0.35291614045929387,0.016476407930690423,0.044269275272838964
Apul,OG_00076,196.44083159684465,-0.05879799475805554,-0.05162681620749658,0.8212863853558314,0.8832942911204117
Apul,OG_00077,669.0775611556262,0.8658905013259817,0.7775869299840303,2.6317107169880995e-4,0.001450497282095458
Apul,OG_00080,509.2405163047821,0.0501362265243181,0.04653259750216129,0.7721649733617735,0.847296208340058
Apul,OG_00081,285.7331552826187,-0.19459034288690769,-0.16314342998130563,0.3932221086841952,0.5255775216036505
Apul,OG_00078,2055.805335449081,-0.45503318499340134,-0.41554424418055186,0.009860476577412023,0.028942681412280014
Apul,OG_00079,113.85181493971268,0.47606292163180264,0.2254402805491382,0.3568984076045777,0.4898254096454303
Apul,OG_00082,2252.7756717085294,-1.7031277874487025,-1.5894446344226,6.083371642498559e-8,1.439731288724659e-6
Apul,OG_00083,413.20253839980813,-0.7854755616166671,-0.730806994168014,6.450117785676547e-5,4.4739009287265714e-4
Apul,OG_00084,182.53602014976153,0.6245373470201285,0.5506644052152959,0.006384157715535057,0.020384543243972948
Apul,OG_00086,379.79939148987404,-0.38418800455767954,-0.3520485888372641,0.022707189255227737,0.05748765217184353
Apul,OG_00087,692.6677014964321,0.13174475512751374,0.11553586845902893,0.4977888306442446,0.6203955612880655
Apul,OG_00089,807.2146502744304,-0.4543424129986042,-0.33665224409853634,0.15772875223580207,0.26386644877740767
Apul,OG_00090,252.2427380566976,0.3121625416457422,0.2808212342996224,0.08194854648199967,0.15850065285889983
Apul,OG_00091,142.50136705503925,-0.3401647906903097,-0.28587801542175356,0.14172276920850185,0.24378371040691743
Apul,OG_00092,892.920809855886,-0.2662155058037718,-0.2245871374566145,0.24212749602286399,0.36662697424654317
Apul,OG_00093,538.2356028051272,-0.7133809771323596,-0.5403419782803874,0.040354684856181315,0.09033718802090042
Apul,OG_00094,29.94943620609258,0.593972217623437,0.15195298896138318,0.4380332478789714,0.5682011070439237
Apul,OG_00095,101.65666852739955,1.7899570123434376,1.0495815417423664,0.008692068932894282,0.026151613469438686
Apul,OG_00096,110.69958217088958,1.1742395000719417,0.7261594338702604,0.031037059341081853,0.073435099469571
Apul,OG_00098,18.606917889864757,-0.636748316227276,-0.1510679228998335,0.4572352665181682,0.586554331796034
Apul,OG_00099,15.694138119831013,1.5808446721475173,0.33614442781062004,0.07360916988679857,0.14549186428523952
Apul,OG_00100,226.46904178940878,0.7983729456953326,0.6970165777395294,0.0019481715070589383,0.00759475247693491
Apul,OG_00102,8927.975009825004,-0.4248277391583283,-0.3550806142101634,0.08775527178887577,0.16736237007620405
Apul,OG_00110,134.34643380932962,-0.12957040704379777,-0.10072189463505365,0.6239700826129424,0.7319290015507872
Apul,OG_00112,334.5525319618252,-1.7008185691115814,-1.55759087763658,2.0438288987060217e-6,2.577511213934573e-5
Apul,OG_00113,38.15566890876408,-1.5254648684907124,-1.2480539189271207,6.402364520910368e-4,0.0030336374611165937
Apul,OG_00103,1131.0406026825406,0.47798965761451945,0.43387051216348926,0.006141029622591418,0.01969891999534216
Apul,OG_00104,282.5286813730173,0.8479315390203048,0.770551153587988,2.460328148242647e-4,0.0013711235421943106
Apul,OG_00106,232.7186125452256,-0.5462901747790667,-0.4951038460834304,0.0019631474385398326,0.007633333528811415
Apul,OG_00107,148.03164864877346,0.9587809041426972,0.604738805994039,0.03904464843968114,0.08796916048182625
Apul,OG_00108,293.14725144221836,1.5544865491230957,1.441444719925882,3.717922549956219e-7,6.496997603285896e-6
Apul,OG_00109,50.593070207497846,0.15551873281965212,0.09947428789450227,0.6796495412952621,0.7768792974760635
Apul,OG_00115,339.50470421720877,0.10732108959942709,0.07692551680472078,0.7390634114549407,0.8236478533048079
Apul,OG_00116,404.5090071808783,0.4963788072582211,0.42137896700619076,0.04142012946433377,0.09217307684597671
Apul,OG_00117,163.61039686673507,0.859406275172572,0.6646257411989746,0.017571927870274073,0.04660178635478274
Apul,OG_00118,308.50495480516685,-0.0124544559274221,-0.012032357045876633,0.9323698439731403,0.9577556257810214
Apul,OG_00119,216.69642443761472,1.0225885013906642,0.8162512713593187,0.006026683533960523,0.019387301257838756
Apul,OG_00121,34.26255447083249,-0.554204562157791,-0.3404792081874735,0.20827924493398123,0.32616428474638914
Apul,OG_00123,90.95537348798234,-1.106009508720185,-0.9284179445684211,0.0014300117864347766,0.005917584340652768
Apul,OG_00124,275.6725652900001,0.5916780087221176,0.5257999562017996,0.004362744038294308,0.014861678501435502
Apul,OG_00126,97.0140526149269,-2.524701125485231,-2.3950341483872464,4.877111302215255e-10,2.2904641985455704e-8
Apul,OG_00127,361.1808250706252,-1.2553445410406057,-1.161680344088567,1.2842624196271532e-6,1.7545748845118245e-5
Apul,OG_00129,20.751650932959258,0.36716783525742674,0.17681478234583736,0.4741085075636223,0.6005951689661678
Apul,OG_00131,18.875705642054182,1.4752984416667942,0.3561309705335174,0.11883597538391404,0.21248145747308206
Apul,OG_00130,4673.272589259123,-0.30098080923440573,-0.28059275729379424,0.038442615972111564,0.08683293292097445
Apul,OG_00132,445.05444980898926,-0.8088284031863309,-0.7171859535894077,0.00120082195837224,0.005097839735707386
Apul,OG_00133,298.06857154354185,-2.488854142986286,-2.3833369354542904,1.3194034265692719e-12,1.399654199691191e-10
Apul,OG_00134,386.9090612503413,-0.4137583891440634,-0.37706673981044414,0.020148911207234086,0.052028273870455256
Apul,OG_00135,824.1885820908207,-0.11456499551271057,-0.11150197663384202,0.48144413644583944,0.607243219797473
Apul,OG_00136,450.4361133621237,0.03132457298243707,0.027608080330089234,0.8549999831341141,0.9071108186751744
Apul,OG_00138,17.693188231007056,-2.5870280594224897,-1.585920456669024,0.004421848049310934,0.015006324373593033
Apul,OG_00137,225.86893318754755,0.183096818969868,0.13048789041916117,0.5438799858082486,0.6621882030830378
Apul,OG_00139,76.80758215987096,0.23753811005477385,0.17661179913479116,0.442133578612622,0.5719825650430433
Apul,OG_00140,134.84394746926404,-0.5268636676426531,-0.2833422859123287,0.27551203144233716,0.4025100433434145
Apul,OG_00142,20.656177378990876,-1.2844533302481558,-0.3345667538731458,0.12337578098893456,0.2191645817922031
Apul,OG_00141,2230.222761288057,0.12707534275458546,0.11178684680766388,0.5118233214404408,0.6335956740017099
Apul,OG_00143,68.58676761623404,0.5574189898525654,0.383260009610933,0.1468055347339667,0.2506619024230596
Apul,OG_00144,226.34549867128416,-0.7728043300808797,-0.44168011741549246,0.12494384115029163,0.2214867151460565
Apul,OG_00145,375.95642495750917,-0.20663365570431563,-0.13735677188455037,0.5560988148035977,0.6730661762528913
Apul,OG_00146,602.8112836829986,0.013769594615874507,0.009104856169968959,0.9390245841401224,0.9622894277976456
Apul,OG_00147,405.6398281464442,-1.418085302903848,-1.297084085232479,1.0390135809797489e-5,9.882685084065819e-5
Apul,OG_00148,814.8020988152003,-0.2692348348009242,-0.23949872380325393,0.1504824727249426,0.25500854286051633
Apul,OG_00149,29.92296449638593,-0.16621463417365642,-0.07273788386775344,0.7555341548430281,0.8351908145420601
Apul,OG_00150,856.7297111953789,-0.5670000471387368,-0.5294863875011486,6.673586049057432e-4,0.0031431947288016156
Apul,OG_00152,39.30517399429058,0.03296391014396811,0.01026151064299529,0.9608251057890694,0.9761983074816946
Apul,OG_00153,2350.1767755590254,-1.7945732755101584,-1.6608800678735764,1.9156470336062554e-7,3.838530956006134e-6
Apul,OG_00156,23.81318969473733,-1.790346696487224,-1.0911831383729165,0.009262247059927073,0.02760002701234713
Apul,OG_00154,1174.0723614040548,-1.1082414065618131,-0.9464589098901781,0.0011553784237856956,0.004932787522384289
Apul,OG_00157,122.63971712016485,-0.3087920477878406,-0.2568164127818668,0.19313468413278842,0.30844765264352697
Apul,OG_00158,241.80534245047733,0.6398790779875871,0.595810164884142,2.4665603199117435e-4,0.0013737476469823466
Apul,OG_00159,521.4160204697112,-0.6593025876447531,-0.5728846071419372,0.00554828138837768,0.018126396115580267
Apul,OG_00165,59.6629630520625,-0.11485122194686781,-0.07825059700370399,0.7411144825392824,0.8247105132736898
Apul,OG_00166,258.4115527978391,-0.8184574718545431,-0.6243643357534888,0.02403164887542151,0.060059140218868
Apul,OG_00167,87.65471056664202,0.15595675031837195,0.11942344582534214,0.5780835247527298,0.6916904382557544
Apul,OG_00160,35.998432791027284,-0.2103915739127791,-0.09687281879986442,0.6999675609041733,0.7935136405170896
Apul,OG_00161,1162.3556218967392,-1.3850579283252664,-1.1815955674469667,2.901957539927223e-4,0.0015782238321787557
Apul,OG_00162,146.0991437954429,0.5037987448604866,0.39308677706950246,0.09822775465058192,0.18220935274311814
Apul,OG_00163,4138.481102657485,-0.7083613536585621,-0.3415836283776348,0.186027329435163,0.2991632654747396
Apul,OG_00164,484.9367992825488,0.5387858611293728,0.4844238652485744,0.008951142623243846,0.026814768449764038
Apul,OG_00172,62.20235889242279,0.6660116422333929,0.45779087281089614,0.0950462714310462,0.17788132617138722
Apul,OG_00176,18.283118404849407,-0.04681700530922081,-0.013708894796643733,0.9472554796533112,0.9676450277595907
Apul,OG_00170,84.9897220149838,-0.004822844165763347,-0.0057416309476932105,0.982433168477989,0.9887713672759746
Apul,OG_00171,1599.3305642167309,0.8074962290789003,0.7609498772357153,9.885393723330929e-6,9.46556241712425e-5
Apul,OG_00173,135.24937113553625,0.372962160490629,0.26745916154982546,0.26925881970939786,0.39592190803847715
Apul,OG_00174,332.6335560424402,0.8914326828506965,0.7472244658436406,0.00286434515636958,0.010482061799912542
Apul,OG_00175,479.9773367543754,0.21639388582586247,0.14695580350976678,0.5218907897327714,0.6421792100191593
Apul,OG_00177,69.11049872564595,0.44318391483708086,0.31124074459752404,0.2151325388402825,0.33365154845593864
Apul,OG_00178,89.03329096159061,0.39028018910850876,0.3168398513641225,0.14282977321369109,0.2452668187141216
Apul,OG_00179,585.5055880115847,-0.8170540861839796,-0.7356410640404513,4.3128381600706175e-4,0.0021901183744690842
Apul,OG_00180,364.6206155524628,0.6450513752237016,0.5662544954058906,0.008217636067833947,0.02500790564416426
Apul,OG_00184,295.23260356611377,-0.8010563783027157,-0.6166985551137716,0.024293630183855063,0.060596310751817734
Apul,OG_00185,34.770410166648006,-1.1602335751065513,-0.8171019074072606,0.013518374975670057,0.03758716841061267
Apul,OG_00181,602.5487857549606,0.36210185762022284,0.3303876749552492,0.03318510837251197,0.07726055310997687
Apul,OG_00182,393.30875813364753,0.8081766742502671,0.7329896520525475,3.5152037375618526e-4,0.001849276085273934
Apul,OG_00183,27.41316407380367,1.1983321748223568,0.3789346185097266,0.12039812033693573,0.21493364701606602
Apul,OG_00187,179.48162163210762,0.35266861286229095,0.1997218496813341,0.42414009107303297,0.5556818947603506
Apul,OG_00188,20.25554027675509,-0.8266733622178875,-0.3020580508074176,0.23710658742257348,0.36078131940420943
Apul,OG_00189,111.66608181113801,-1.2040247183579298,-1.117774968870707,3.476898136946224e-6,3.953491866436835e-5
Apul,OG_00190,320.2560040531212,-0.06204473848193495,-0.06195808238060047,0.6709763171768717,0.7702346851666266
Apul,OG_00195,234.69467959934246,1.1993314486200728,0.8113490993007011,0.018477704129576483,0.04850785329115927
Apul,OG_00191,692.0759926592118,0.1983821887244223,0.15417536003741356,0.454014885267343,0.5836025462768772
Apul,OG_00192,67.83742079566916,-0.01702425112381682,-0.01513543849709614,0.9527440798479505,0.9710515844906715
Apul,OG_00193,567.0411945595775,0.1457782633976952,0.13037299873711378,0.4618772648303899,0.5903623819559025
Apul,OG_00194,581.4691835852537,0.2684793139928667,0.23041348950606974,0.20412932083359928,0.32077972916635844
Apul,OG_00209,412.32983424888425,0.4253829468014752,0.38872425573986163,0.015734153524706265,0.0426306677681119
Apul,OG_00196,11134.107849716438,0.8508328930595275,0.721256567794213,0.003407190128240362,0.012081255755542015
Apul,OG_00197,186.10729993200601,0.45867503475568844,0.41424674852638216,0.01738590221933118,0.04620688449795061
Apul,OG_00198,207.40111004183518,-0.3718004415418523,-0.2901310276783789,0.18623810477027886,0.29934206608085645
Apul,OG_00199,133.3251977824154,0.4323769535254746,0.3503624035655304,0.10955420573653117,0.199123215707781
Apul,OG_00200,242.45508686363436,1.0715132764249495,0.987390841756059,1.496478209570492e-5,1.3307439857689472e-4
Apul,OG_00201,140.85240050194173,2.1131643551527546,1.6698863225803926,3.503482886475062e-4,0.001846341624041241
Apul,OG_00202,369.65710194125813,0.6559106722823425,0.6160149259254236,7.212639061878746e-5,4.923267707869844e-4
Apul,OG_00203,72.9451932056371,-1.1704536334987123,-0.8752542396444596,0.008198475674001606,0.02496644888634667
Apul,OG_00204,49.19357410417457,-1.2107845957506842,-0.9785452898195937,0.0022563015081648505,0.008580797426875774
Apul,OG_00205,375.4331225795361,0.5899008627951747,0.5314258712476935,0.004892532867656946,0.016363489936076663
Apul,OG_00207,105.78111163108936,0.2903641181936147,0.21234155352418432,0.36362642225513636,0.4961893840003881
Apul,OG_00208,326.7844333324485,0.6957772584515554,0.5405673433828179,0.0359501870880189,0.08235844435281159
Apul,OG_00210,260.5988692928309,-0.7402675476954115,-0.6829765366689059,2.0691347276630885e-4,0.0011838444060493698
Apul,OG_00211,262.6542626696604,-0.9136846180696102,-0.8149273767028967,4.650922619577513e-4,0.0023376460011555428
Apul,OG_00212,35.899479976224086,-0.12836161836565982,-0.05138903864904617,0.8223873183789683,0.8840126056043491
Apul,OG_00213,637.1273683901227,-0.3007560031503059,-0.26276381454372966,0.15305184603444436,0.25810145795634654
Apul,OG_00214,672.8955564290872,-0.3040204187908145,-0.25657042137099406,0.18302506069199143,0.29523022759565054
Apul,OG_00215,256.1406031208229,-0.25426994158728183,-0.19734400385419004,0.3736508723152649,0.5057443545957792
Apul,OG_00216,416.07539014312744,-0.1712047104667383,-0.14606973629922798,0.41923389871570094,0.5512953280909254
Apul,OG_00221,384.26388186192867,0.4940206709684359,0.45542796117354023,0.004907136221089874,0.016400165791537212
Apul,OG_00217,451.7529133247737,0.008495295373329933,0.005644525583570822,0.9594250800889449,0.9754281022834836
Apul,OG_00218,1014.8129409051769,-0.26026117983944913,-0.2194261157010011,0.2764634873348381,0.4032214770738805
Apul,OG_00219,32.80572127449655,2.3111738443517744,1.334878623823847,0.0025315177049408887,0.009471657736702072
Apul,OG_00220,334.1324763762754,1.0081968865821147,0.9476137397615082,3.4362646813915157e-6,3.932081044683667e-5
Apul,OG_00222,144.90386435670126,-1.2472681877373273,-1.09784973728909,1.9364660202797002e-4,0.0011207390311207997
Apul,OG_00224,290.5757656652183,-0.3633472708096565,-0.2851944193881711,0.1858611956793394,0.29900274780385433
Apul,OG_00227,272.7944770469313,-0.8293331809187277,-0.7576118944970448,2.4228559088592386e-4,0.0013569497969058233
Apul,OG_00225,1058.7112890543945,-0.7739199563904754,-0.7224383228206326,4.231478362597586e-5,3.155933862327744e-4
Apul,OG_00226,421.26561061679706,0.39117726998425323,0.34737881190911235,0.052961050848483265,0.11211199115613024
Apul,OG_00228,278.87790347610957,-1.176742224806483,-1.0005665155527403,9.902778976046626e-4,0.004349811682666479
Apul,OG_00229,528.5568336193068,0.5202993660531441,0.49395959258816907,5.239113153269185e-4,0.002577254953793139
Apul,OG_00230,116.91064093614318,0.17245795133851716,0.1320080295445889,0.530424816086117,0.6502842374777046
Apul,OG_00231,958.0146072617885,0.1733780057397671,0.15643395862907988,0.31168191413902513,0.44064531511313726
Apul,OG_00232,1621.43582042449,-0.018594255565839633,-0.011993861735060476,0.9331045091030458,0.9580737142544027
Apul,OG_00239,22.922255122349036,-0.3422828620268798,-0.11355346545880601,0.6250262222344958,0.7324477582748111
Apul,OG_00240,192.54920113607778,2.242956433693482,2.0423427398515526,1.0487200778610675e-6,1.4915313788759062e-5
Apul,OG_00234,811.9153948083987,0.40596215868837815,0.34942811997970946,0.059783677577405804,0.12352644837659674
Apul,OG_00235,989.2879417548872,0.402083261383561,0.34470639405029235,0.07818832867167287,0.15263566997888597
Apul,OG_00236,1993.844818578432,-0.4221285106859642,-0.34841870920658585,0.09574842501286966,0.17886747145206303
Apul,OG_00237,1091.7840639090787,-0.3451237607657149,-0.2994400319842807,0.1079602932034574,0.1968212623970027
Apul,OG_00238,604.626323832779,0.14710396810255164,0.11506206284892405,0.5903187008624002,0.7013972493973202
Apul,OG_00258,226.98172917305956,-0.2232046938902374,-0.02205972776798058,0.86899908154479,0.9173220227451852
Apul,OG_00241,53.238419465585345,0.5378832384027782,0.2821263111788455,0.28574964840159983,0.41278509766696986
Apul,OG_00242,226.4216617157831,1.4989320120612744,1.2547452761508742,4.8219010276078823e-4,0.0024034870959613198
Apul,OG_00243,343.09527208431234,-0.664076188862298,-0.5709617791134266,0.010309548671124361,0.02999716049291009
Apul,OG_00244,253.61896247504518,-0.6892691677257349,-0.5087560978533197,0.056577127298669976,0.11842060279761077
Apul,OG_00245,141.22917122921075,0.2228810105850097,0.17321647223194553,0.42367871483459996,0.5556007812192536
Apul,OG_00246,436.01939846236263,0.29729138132870464,0.2115501959614283,0.3350183912637429,0.4656791789772113
Apul,OG_00247,44.405961679986525,-0.18974372529039954,-0.0803142121632232,0.7432241044868764,0.8265480698271046
Apul,OG_00248,310.29733033530545,-0.32226936633042136,-0.24817241679517757,0.2899546907963846,0.4170520876075266
Apul,OG_00249,385.8141201168894,0.348301880026848,0.3100940600603029,0.06409908415176475,0.13064679968274473
Apul,OG_00250,464.22608618313427,0.07272147314504783,0.06272412675376024,0.7081755579596314,0.7994196580808801
Apul,OG_00251,527.1696205500372,-0.2654965064676608,-0.2356608734402675,0.16099515933075817,0.26784010178698275
Apul,OG_00252,213.2028914647768,1.0716098776264833,0.8815106721592477,0.0031489365876460978,0.01129883056538196
Apul,OG_00253,28.18596741358673,0.5931240394436621,0.16598043616409844,0.432085850350834,0.5631723706631098
Apul,OG_00255,1236.0430745388107,0.062245719770255656,0.05787990460237626,0.656770201155009,0.7586596084825411
Apul,OG_00256,84.48586755801999,0.542674351643135,0.4713865159467453,0.02376400810359696,0.05954371368815944
Apul,OG_00259,127.56621661031143,-0.06673335961390463,-0.034178171222053993,0.8866245995171153,0.9292128894843662
Apul,OG_00260,110.69027807315092,0.34921508868870066,0.1533169504409554,0.5165287931582054,0.638106607467809
Apul,OG_00261,17.45276286527445,-0.5074234052505651,-0.16482924933511667,0.45882493790086604,0.5879829011504326
Apul,OG_00262,111.61820171804024,-0.715878566400639,-0.6180205535608565,0.006520745155325535,0.020739041308176203
Apul,OG_00263,620.2598505212928,0.09890799563933136,0.07518991053786887,0.7300792488982284,0.8161494039753191
Apul,OG_00264,703.0350070264628,-0.8995893989808439,-0.8696664025863926,7.224731676026534e-9,2.4038895026838107e-7
Apul,OG_00267,13.709359983726136,1.0477957880219555,0.10133034412938065,0.3846101597399094,0.5169458605585971
Apul,OG_00265,29.651233757520675,-1.7037321746592777,-0.5560573795869705,0.026216095448620764,0.06447653658316986
Apul,OG_00269,20.991269553576558,-0.034455095680801524,-0.01128558545793412,0.9568242661647172,0.9735595134289386
Apul,OG_00270,187.04143140308668,1.2282162093049356,0.9795658425313112,0.0026269491343562526,0.009755848576808208
Apul,OG_00277,33.858556719497734,-0.30943525755880924,-0.12894228278904274,0.5894957930895476,0.7005384618110386
Apul,OG_00276,127.15354552862004,-0.3627607327630588,-0.26383401791144667,0.2673357619152595,0.3940766004887845
Apul,OG_00278,160.14332117881438,0.9610669342380999,0.8562985801221262,4.0122280751138725e-4,0.0020685111808634526
Apul,OG_00271,426.37754646670845,-0.2443609597816615,-0.21728223511405,0.23979748197069542,0.3638320536647755
Apul,OG_00273,1844.1125252095142,-0.5761085109039065,-0.5368972948973665,6.926080724186227e-4,0.0032296298411029793
Apul,OG_00274,367.8284116113727,0.5929017063539199,0.446031526700956,0.07597240344870239,0.14911692683869165
Apul,OG_00275,258.14407272198906,-0.16151591772837087,-0.1319343789468769,0.5030543000514932,0.6252295828482859
Apul,OG_00280,216.75158807034654,-0.7672735048781473,-0.6034816017211806,0.022332226456874077,0.05676533772276248
Apul,OG_00281,141.603634515112,-0.18179549118257896,-0.12999243773196317,0.5759420046582299,0.6898603953245562
Apul,OG_00279,2144.4846071509805,-0.052391516751823713,-0.04857100644596318,0.7055695190322324,0.7976580181937863
Apul,OG_00282,443.5266693121354,0.16036917043530596,0.15292407631121943,0.16319018387730672,0.270493729415749
Apul,OG_00283,272.2879234795693,0.5919312612838281,0.5445811254545685,0.0013456431988873587,0.005630470869776015
Apul,OG_00284,63.15028658788276,0.8535329040445004,0.600412089857315,0.039481284892000056,0.08871237126119226
Apul,OG_00285,134.9165849512621,-0.08760328240293742,-0.07372733716101242,0.6787297837418268,0.776261420303912
Apul,OG_00286,422.3762645010299,0.6306000014401826,0.5079351726992706,0.032083246846597115,0.07525107327793856
Apul,OG_00287,168.8023295599177,0.6223191834946435,0.46714086289772433,0.069282872611764093,0.13885833792849006
Apul,OG_00294,117.99378920070187,0.21600255106490787,0.15476116046820654,0.5057800706691036,0.6279249479861362
Apul,OG_00288,49.13568575062208,0.19474083628183864,0.09831319287516449,0.6813078155758321,0.7781320548508268
Apul,OG_00289,429.48241312871596,-0.10239971450934655,-0.09367093968485028,0.5304986035163768,0.6502862843810725
Apul,OG_00290,216.50650889405884,0.6920385676854768,0.628254776056705,0.0012148002000927538,0.005149907571338205
Apul,OG_00291,1014.1413749719138,1.0537903606975618,0.998208581132727,1.9883599595230477e-7,3.957845862035171e-6
Apul,OG_00295,5358.063399560126,-2.360254938021978,-2.2171620862224897,2.1765082638957085e-9,8.570120094125592e-8
Apul,OG_00299,32.29701511166034,2.1937669448125914,0.42829031974466814,0.026121936311654763,0.06432954361165177
Apul,OG_00296,885.9610716673026,-0.10055529761943732,-0.09753584203925991,0.5859966099366578,0.6977329237817039
Apul,OG_00297,95.29147455170013,-1.6034541917486105,-1.4267063037119252,1.8720467395114064e-5,1.5965642616632694e-4
Apul,OG_00298,13.03702655456279,2.353351003653702,0.270884420748157,0.05595888394596939,0.11741812594003131
Apul,OG_00304,12.36172968192353,1.330790265160173,0.07950013193545481,0.33046422102906026,0.4604134550400242
Apul,OG_00305,231.69541659341462,0.6566095315002485,0.5992904570204002,0.0012463051286389908,0.00527354919987695
Apul,OG_00300,1756.6524653169395,-0.3872050229196531,-0.30278747299264636,0.16981762220694946,0.2785095488250388
Apul,OG_00310,68.58780854377419,0.09517597917417833,0.056958268100957984,0.8170179278220602,0.8801700631511702
Apul,OG_00311,287.85077258501843,0.5852034904279588,0.5107638620375033,0.015395698957249793,0.04189811535914876
Apul,OG_00306,1127.1640107367634,0.7603819628613688,0.728784236085593,4.4670426465161276e-7,7.460769696799013e-6
Apul,OG_00307,397.9201622060132,-0.447215787716554,-0.4179160704083621,0.0024822671442575888,0.009302827447951238
Apul,OG_00308,275.10022916897884,0.14226026249588766,0.10883281259598074,0.6147395917746707,0.723359898085894
Apul,OG_00312,675.528764224645,0.2664291944525209,0.25070023037948547,0.06295300631275777,0.12887390240871563
Apul,OG_00313,417.6192773922262,0.4742341726043368,0.415574802883162,0.03209962782520116,0.07525801978674958
Apul,OG_00314,7253.8535575779315,0.47071499739095446,0.36209244293505316,0.1307809588884743,0.22951574665188257
Apul,OG_00315,45.047904293939744,0.041031429977379595,0.006338821305980514,0.9590628062596916,0.9752920710175126
Apul,OG_00317,9.309785687510029,-1.5715977710260003,-0.47257667919451085,0.04882142383571673,0.10516549897913469
Apul,OG_00316,26.34983884985227,0.3383326647354045,0.08447391629295206,0.6785934217877096,0.7762117067435974
Apul,OG_00319,1385.1100360980658,-0.011193599348617562,-0.005616610139643985,0.9686362017460356,0.9809290915480685
Apul,OG_00320,1997.1315310368373,0.4907460810334792,0.35341324135265334,0.1411264257989267,0.24287938940823314
Apul,OG_00321,280.6706239974263,-0.45645432738228553,-0.4175340842589886,0.007778318220330728,0.023904940488317032
Apul,OG_00322,449.90826408092,0.05122097777856504,0.04376829820587574,0.7839162157921562,0.8559666405664657
Apul,OG_00332,289.3951986346034,-2.2685742361331,-2.0835168499752474,3.2935947592922985e-7,5.9042433289341255e-6
Apul,OG_00333,50.50621405864191,1.0168127137820773,0.827966350601139,0.004933157533279276,0.016468525641614568
Apul,OG_00323,2842.483556958531,-0.9127998566311004,-0.7646925189212013,0.004136395608686357,0.014191855170426674
Apul,OG_00324,384.3111375047633,0.5566081370729374,0.4856195517168796,0.019291829277629353,0.050261318866334545
Apul,OG_00325,296.36425856626,-0.5637289539344239,-0.516778770047118,0.0026226880532760396,0.009747561392655773
Apul,OG_00327,59.38493026648812,0.5893776834474614,0.4166203899390649,0.10707667591072786,0.19540789044465356
Apul,OG_00328,451.1151536680478,1.5576952657900143,1.440786478328707,4.969077103726367e-7,8.058663353291484e-6
Apul,OG_00329,292.3711146805022,0.5905993967889626,0.5414816331934867,0.0016870450508081132,0.006760926765838558
Apul,OG_00330,105.30457824944381,0.33958850653039535,0.2564017965386999,0.2558913181211619,0.3819519972684186
Apul,OG_00334,182.808031428105,1.052884003034587,0.8842371735523743,0.0016574165517124454,0.006680789024046097
Apul,OG_00337,120.3295002512923,0.17248216275473466,0.15414359489484653,0.34459332142994653,0.4763449301446923
Apul,OG_00336,1413.3445273452921,0.744097843791049,0.709924190588307,3.95839006962479e-6,4.4065189207168805e-5
Apul,OG_00339,93.84033768132741,0.993949746287805,0.8762210574752662,5.953735866937016e-4,0.0028647191201798864
Apul,OG_00340,79.61907702568723,-1.0467643846222667,-0.948060246919818,8.785323245113993e-5,5.757068292237855e-4
Apul,OG_00341,62.46940386501602,-1.6761242171177926,-1.457551768747367,8.279077059274714e-5,5.501285028996322e-4
Apul,OG_00338,225.01278573682038,0.9773036690931713,0.7397595990119221,0.012626650162526332,0.03547052134458739
Apul,OG_00346,145.92632245507588,0.9329308887362461,0.7025870582743893,0.015171956252597119,0.041393503639839097
Apul,OG_00342,462.0403646340759,-0.15545592205692105,-0.1198307340088372,0.5160454447095264,0.6377716248555099
Apul,OG_00343,71.76450418405256,-1.2025998840611567,-1.1095711253432825,8.039055220042574e-6,7.965731969134494e-5
Apul,OG_00344,19.87171318770012,0.2091953923769315,0.06530172637232884,0.771565420784034,0.8467874147041912
Apul,OG_00345,90.05213947585212,-0.10109939009955046,-0.07363281911835531,0.7403578173416121,0.8243771843627212
Apul,OG_00353,495.36006061782774,-0.04129737172217093,-0.03947977731736062,0.7488096517491531,0.8307107074092168
Apul,OG_00354,1530.3905369717174,-0.6858619946278166,-0.6413881994983127,9.853408177168005e-5,6.332728548362359e-4
Apul,OG_00355,253.59961556366903,0.29691309656589443,0.17182881018869034,0.4719519872226486,0.5987886687472384
Apul,OG_00356,258.1273959321129,0.7564386806573798,0.6292498741367828,0.011095038705750727,0.0318611350349536
Apul,OG_00357,144.89968213054303,1.6077445975889226,1.2711122875906344,0.0013714896298902754,0.005714751382957769
Apul,OG_00358,561.4174837981498,-0.2925629446703377,-0.26642114528856853,0.08312794017322424,0.16030039275918798
Apul,OG_00347,32.11612588383866,1.8773740267387784,1.4110610280686302,0.0020322932987515787,0.007871644619777915
Apul,OG_00348,212.4851772516169,0.821435556355637,0.7179737696708115,0.0017598586779883425,0.00697829626183856
Apul,OG_00349,180.81398993724056,-0.2148244489643709,-0.11616292561871504,0.649883646506382,0.753393210939267
Apul,OG_00350,2286.633783874074,-2.183598891128933,-2.0133255876670213,8.978164947538885e-8,1.9939929392107916e-6
Apul,OG_00351,121.79010282931885,0.014209809396370364,0.012893734950090103,0.9415682953432176,0.9641180930442933
Apul,OG_00352,296.3787818333191,0.6141527584033195,0.5133932314800994,0.023765978214892517,0.05954371368815944
Apul,OG_00359,301.5855809687376,-0.4349917370472624,-0.3867365943808779,0.033292124524153976,0.07742929615329776
Apul,OG_00361,42.04362021153791,0.4124288332995048,0.23158893925103624,0.37978981773622444,0.5117401055779343
Apul,OG_00362,185.47406067214166,0.518435133628665,0.3621726874564372,0.1510407170277215,0.25571425937644854
Apul,OG_00363,333.58544625953965,0.31502898622165515,0.27199305787678335,0.142710284907904,0.2451550083853249
Apul,OG_00364,440.63767304759614,-0.7062784032396253,-0.5803797963436205,0.018333365003714245,0.048209959824581906
Apul,OG_00365,1504.3786283966283,1.0748201181818435,0.9079023674273942,0.0018085714501604963,0.007136931626300741
Apul,OG_00366,1093.4419934563734,-0.49539450825539644,-0.43401123982862505,0.021982279377575104,0.05602436776359376
Apul,OG_00367,774.0440786243354,0.18469323432598858,0.17300829085188987,0.20120142804674976,0.3171739251394863
Apul,OG_00368,266.28010104079317,-0.2280956655436292,-0.2023248651356564,0.21292932888521093,0.331145870741281
Apul,OG_00369,447.87591341453617,-0.63183560704504,-0.5064372252096455,0.0327451441914965,0.07649299615925492
Apul,OG_00370,184.96171070067385,1.0719210453969816,0.9753719081915744,5.870555249437761e-5,4.1550075890251404e-4
Apul,OG_00371,2163.864477558274,-0.045984620579345915,-0.042082658987613764,0.8046320038379174,0.8707833387669829
Apul,OG_00372,1168.0772074164502,-0.26319992139562726,-0.2550220419184235,0.03306219747762727,0.07705397639073795
Apul,OG_00373,275.4630630603898,0.42229481546653946,0.366893201949323,0.06872193719266587,0.13801017988112876
Apul,OG_00374,260.18341647176817,0.07080965583673829,0.05553487590237848,0.7453502440229929,0.8282996241502744
Apul,OG_00375,92.25347850674515,1.5500802053760583,1.2660637773539851,8.285044512243869e-4,0.0037371809087995483
Apul,OG_00376,116.43916995762513,1.4433129268834688,1.273218963198697,5.141190689839605e-5,3.711618610911427e-4
Apul,OG_00378,24.878690747297576,0.7017522840253785,0.1918295086835029,0.3477364839723524,0.4800335122322941
Apul,OG_00379,964.1526394418086,-1.3447523696231187,-1.3022821654161536,3.952773258308205e-13,5.0200220380514206e-11
Apul,OG_00380,412.5101717054307,-0.9029550105307899,-0.7980695357460921,6.782496932381993e-4,0.0031853007728796057
Apul,OG_00381,172.91996685086855,0.9805310388515502,0.831202966618586,0.002337401586895552,0.00885189000799546
Apul,OG_00382,716.4436045462256,0.8359535576203763,0.7926625885252072,2.0669472239167276e-6,2.6030255751476444e-5
Apul,OG_00383,968.9956101729437,-0.16625004043740882,-0.15390326090398257,0.25556232513190486,0.38158726373810004
Apul,OG_00385,71.96515328565798,-0.018033261139713503,-0.01193087144026524,0.9476775112617849,0.9678608868974312
Apul,OG_00384,242.27961072544218,0.014713174009443893,0.011816166103726213,0.9519430941272531,0.9705643238065855
Apul,OG_00386,171.5261249081191,0.21784922221649178,0.1416331864925381,0.5225576452159957,0.6428243229075897
Apul,OG_00387,100.75971826929425,-0.01144745132406872,-0.009953295823095476,0.9553924243274365,0.9728710886686047
Apul,OG_00388,91.21881167921217,-0.09047445417553494,-0.05420769124375784,0.813265055336526,0.8767588479160038
Apul,OG_00391,34.765786386534884,-1.0435717783158256,-0.49980460774403235,0.07833848280382047,0.1528626053759033
Apul,OG_00389,273.33896370934553,-0.053553969735145444,-0.05042118806787125,0.8055796483788805,0.8712445876179244
Apul,OG_00390,449.4130666074303,-0.156831382621878,-0.1313137753865649,0.3981133087194274,0.5303907007753463
Apul,OG_00396,93.77296730665668,-0.22383795453224825,-0.10157736888712919,0.6763238977172694,0.7744999473859053
Apul,OG_00392,150.63882811354512,0.08398498349787353,0.06910419740814551,0.775400030215538,0.8496514852902548
Apul,OG_00393,439.8236718775882,0.16874371497159976,0.15753076880675154,0.21936250416818365,0.3387909536249384
Apul,OG_00394,363.7222889171768,-0.09515178012233884,-0.08895454807027703,0.6372089711191031,0.7418247478413792
Apul,OG_00397,329.4557065569501,0.47480712826765414,0.3919856724303073,0.06821736248959152,0.13727202802246077
Apul,OG_00398,956.3180096690282,0.1412198492385502,0.12119148864171593,0.5473931047813267,0.665926015355265
Apul,OG_00399,212.23461690531462,0.6244940905386541,0.5432273300666403,0.009849698827196721,0.028933827270263834
Apul,OG_00400,80.8206040861463,-0.3052210167159504,-0.20560724124075738,0.4000252146157697,0.5324025623897263
Apul,OG_00401,2451.6613184548887,-0.6295205246621389,-0.5830427672261361,6.878004107317352e-4,0.0032169931697595892
Apul,OG_00402,493.1465635060802,-0.43763642550641213,-0.36653692670635,0.09937862074293734,0.183664075269331
Apul,OG_00403,826.3963986647328,-0.9227420338980851,-0.8250551461311699,4.760741369858999e-4,0.0023835427502508937
Apul,OG_00407,14.666027530001415,-1.5081283700376311,-0.1503874538577131,0.19498267268760328,0.3106287561173355
Apul,OG_00408,312.44007369105367,0.002906836998940559,0.002651733366845908,0.9935593583041179,0.9956573387228529
Apul,OG_00409,177.9913574521813,-0.4397468306554648,-0.27235280601200923,0.2734492812189227,0.4004651870426362
Apul,OG_00410,20.321648448179953,0.13241285374418513,0.03897274148909445,0.8659238675982142,0.9155171859076873
Apul,OG_00411,297.72674352471364,0.32346554419316376,0.20880551991146265,0.38207698377381955,0.5142839472590731
Apul,OG_00412,1591.502811024,0.5439171226212273,0.49411064539146976,0.00514801025655304,0.01709116659916744
Apul,OG_00413,113.9631553503292,-0.7831170331462685,-0.5926931974406726,0.0281877892781039,0.06825169063390517
Apul,OG_00414,2012.1882833633754,0.09663785945802492,0.07331898707149143,0.7212624989666063,0.8096783578851375
Apul,OG_00415,113.40594267189712,0.29986788666513503,0.24722398165512424,0.22743065340136126,0.3492408381675876
Apul,OG_00451,20.54736403030808,-0.5015937082511533,-0.1038785837977729,0.5549517527116603,0.6723998863478959
Apul,OG_00418,460.17731546445873,-0.1706128713625943,-0.14333663392416382,0.46127534845122536,0.5898907696758898
Apul,OG_00419,143.38418591174877,-0.32880603740458164,-0.2639827329215856,0.21491794511333223,0.33344972415599794
Apul,OG_00420,6454.821426162724,0.3433229814795783,0.3173136944591481,0.03103138945578274,0.073435099469571
Apul,OG_00421,1086.3965256548697,0.12040409240256246,0.11563904192327405,0.31436438685532286,0.44325624335800573
Apul,OG_00422,839.0770056380879,-0.4920430499070475,-0.42219673436940525,0.04276879023316102,0.09466032929121575
Apul,OG_00423,230.5636322619006,-0.36630361056558697,-0.2972259360436772,0.16061268648554225,0.26735178032862
Apul,OG_00425,399.0054849450552,-2.264390467838845,-2.1283309367336973,3.6934624500005544e-9,1.3649160209694672e-7
Apul,OG_00426,404.69494098029776,0.2667684429202566,0.23717566539069587,0.1637625090213825,0.27125731364311373
Apul,OG_00427,43.72435596893795,0.4958396064189034,0.2632793677831281,0.311949615095226,0.4408081886042997
Apul,OG_00428,51.71040393081709,0.8354952115972138,0.5820478318308817,0.04911200302023329,0.10564079121504473
Apul,OG_00429,1962.075879339372,0.6062632828669157,0.537766534606471,0.004434494408644989,0.015037922558387314
Apul,OG_00430,260.49217962625886,-0.27648927315546495,-0.1451976810685205,0.5644991830888962,0.6800386284452341
Apul,OG_00431,1104.8913980791033,-0.6158296780912291,-0.5917801458448847,1.0825409921925376e-6,1.5323818095133614e-5
Apul,OG_00432,310.8201459838769,0.5128063832571206,0.43723250294534355,0.03743796432495157,0.08499611876169977
Apul,OG_00433,1238.23368828314,-0.49170344544489114,-0.4370162798285746,0.016456608212751172,0.04422928055272051
Apul,OG_00434,600.8810842874283,0.7469127217463967,0.7078119307954676,1.0637943184999681e-5,1.0075875388565349e-4
Apul,OG_00435,129.7801660723481,-0.780033953551598,-0.6315038331389559,0.014254303080198651,0.03929411521679952
Apul,OG_00436,471.75754271164567,0.8134588175032651,0.7481408941337054,1.2212833423494475e-4,7.547849141853988e-4
Apul,OG_00437,37.16531212585747,-0.11580030215362391,-0.07530446541517695,0.7481708216784386,0.8302062883429093
Apul,OG_00438,1209.9181340198377,-1.890033757625407,-1.7801221352895242,5.6402576368495726e-9,1.9337719814248137e-7
Apul,OG_00439,179.39944790449954,-0.20830304940102592,-0.15482740122807243,0.48224941614870526,0.6080037731281984
Apul,OG_00440,608.6423584583774,-0.5886007077895671,-0.5424649060647411,0.0013105751283194543,0.005514445138617135
Apul,OG_00441,278.4224190243772,0.4921513343527079,0.4067953301903999,0.06166290574613724,0.12688599295137368
Apul,OG_00442,192.49597617237936,0.1793004778641287,0.14615617236225822,0.45975049588116235,0.5886921643510993
Apul,OG_00443,135.43637918660124,0.6209827773903611,0.5607034279738146,0.0031411783161498395,0.011278559606634849
Apul,OG_00445,221.37503457503044,-0.38031533999399425,-0.3238316824060878,0.09898938091138458,0.18316996668950436
Apul,OG_00446,524.6816728328765,0.40778571074828657,0.3592079263908899,0.048281920117034804,0.10430236552355124
Apul,OG_00447,1000.5229885059993,-0.7429033408978255,-0.6378576546965214,0.005682649520779624,0.018478345015820363
Apul,OG_00449,319.85157792353135,0.6478241612801939,0.5610681516182435,0.011629650996495065,0.033122098242386606
Apul,OG_00450,93.66257383462025,-0.9228630851229127,-0.41623397009025154,0.11966840402768439,0.2137155870702377
Apul,OG_00469,305.32780557555463,-0.41541375328730107,-0.3651315805035883,0.04451137509356014,0.09774940799284748
Apul,OG_00470,238.9188723622473,0.6072592573182619,0.5766559456095958,2.8985943488867153e-5,2.2926864249045187e-4
Apul,OG_00471,273.13234082389516,0.4016961233964542,0.36595053159498614,0.024824511756129618,0.06163067800248369
Apul,OG_00472,264.20414192973493,-0.11504329096651271,-0.0784788954634745,0.7331685312246339,0.8186972936287956
Apul,OG_00473,449.2107769753484,0.8844085833516624,0.8009666758646758,3.363829386626591e-4,0.0017884227346233472
Apul,OG_00474,375.07259120360436,-1.741153721443635,-1.5780832510626022,3.964978643600477e-6,4.408410903741739e-5
Apul,OG_00475,30.174783167747535,0.8875343427961075,0.43682174100949256,0.12508479842285927,0.22163286055785458
Apul,OG_00476,841.7941527272154,1.5742266851110203,1.5125985081339175,2.7565974459037584e-11,2.0713532641428492e-9
Apul,OG_00453,305.17551501829064,-0.2811182487666149,-0.1734274503143772,0.4754746015726792,0.601691914223008
Apul,OG_00455,405.30389732636314,-2.4538611120899527,-2.3317648182746358,3.9470285368521355e-11,2.7589423501392016e-9
Apul,OG_00456,1055.6099534963398,-0.35230999387287126,-0.3317816357318183,0.012211795996748155,0.034507604043459136
Apul,OG_00457,190.54360332225517,0.014560173069027746,0.011996448525793346,0.9692709603789028,0.9811015186623071
Apul,OG_00458,87.31673654559866,0.39169483493524926,0.12281902294151348,0.5838555993251356,0.696194913926838
Apul,OG_00460,70.19991880027489,1.8251458150613036,0.7239855616756736,0.022701970382992914,0.05748765217184353
Apul,OG_00462,234.81422713689682,0.6384849008901107,0.5595737906210422,0.007580172892148883,0.02343978702623679
Apul,OG_00463,5928.094630971676,0.5792915005426088,0.5402412544129905,7.267550230437501e-4,0.0033605897655310233
Apul,OG_00464,95.96264760839065,1.6973076404122591,1.5481510845433226,3.4185811254882647e-6,3.9257615578538495e-5
Apul,OG_00465,50.142122150905166,0.15521219400774122,0.10055493552988652,0.6742812804353595,0.7726514557994201
Apul,OG_00466,533.8857190166443,0.10995948998941515,0.09049807529396395,0.5666005257223841,0.6818413106150722
Apul,OG_00467,267.63414025550446,-0.4962667528510953,-0.45016473763398207,0.009547220847827878,0.028312816119277502
Apul,OG_00468,98.67012184722287,0.023595663260847506,0.019816171004131296,0.9283877424795914,0.9561704481940007
Apul,OG_00477,410.0205242849603,-0.08044003779186723,-0.06048085685983812,0.7551178968620595,0.8350377821934255
Apul,OG_00478,381.7741805709717,0.22477258521928548,0.19263545893246928,0.29477401503252254,0.4219681367754018
Apul,OG_00479,627.0432612805303,1.2798379589663,1.092001771206792,4.778500151572409e-4,0.0023897801368124466
Apul,OG_00481,595.7778375195319,-0.39628803694584314,-0.36675031820253284,0.010183847423769026,0.029688894995190854
Apul,OG_00480,380.2326444877011,-0.7123421945946984,-0.6499114631041162,7.816529149660698e-4,0.003565080593955008
Apul,OG_00482,366.30990204302316,0.9983276106723904,0.8765489347803234,6.936700130854198e-4,0.0032324664123985687
Apul,OG_00483,525.9334880548661,0.8533764480660975,0.6321119739889202,0.0291813967452668,0.06999964204630772
Apul,OG_00484,444.99996082523614,-0.30257770144787466,-0.2895513342921559,0.0769282487003346,0.15059965665022082
Apul,OG_00486,287.5978925394732,0.8433456136425614,0.7576623653043428,4.5419645078223047e-4,0.0022892618204043446
Apul,OG_00487,9577.359315834461,0.871174028416741,0.8143228624264404,1.910909708900878e-5,1.6207188641087803e-4
Apul,OG_00488,41.64343678575951,0.1444879781420262,0.0865780042821271,0.7253271524947267,0.8129043774574353
Apul,OG_00489,162.73490745038328,-0.8289962575023284,-0.5895155982399198,0.03721711645593103,0.0846159200915608
Apul,OG_00490,166.92709069685318,-1.5165375764336915,-1.3901232830263857,4.107240529499138e-6,4.5553490595933245e-5
Apul,OG_00491,116.75637290191148,-0.16963502785644496,-0.13734286050023597,0.5076934749402735,0.6297801710739368
Apul,OG_00492,767.3585554362083,0.43764243074560294,0.4103650124320876,0.0031293722519827464,0.011268989455322852
Apul,OG_00493,255.5271515693902,0.510260412864609,0.42310200278594534,0.05468740295763694,0.11518717880612293
Apul,OG_00494,362.31886557365453,0.2088365696895445,0.19104165790513086,0.20566417842282403,0.3229665442073501
Apul,OG_00495,257.9629861790418,-0.5868211915141607,-0.5377522810116504,0.0021505277775005654,0.008237599392405521
Apul,OG_00496,167.1825482738252,0.33683445321015515,0.29118098734761544,0.12206867441558937,0.21722779498823158
Apul,OG_00497,239.21626423297275,0.12084781523120064,0.10928805658510829,0.42689736599403366,0.5580361770322124
Apul,OG_00501,82.69443319256405,0.01974829183052982,0.013525012875125803,0.9506234315011702,0.969767109610369
Apul,OG_00499,3172.27938263407,0.12760597489882655,0.11682117024809949,0.419972226463871,0.552024718079406
Apul,OG_00500,158.67783852707902,1.2669442630363124,0.9709841346514472,0.0054939261855887055,0.017987920267049148
Apul,OG_00505,114.24286786883067,0.6434489199301376,0.570601768017469,0.005654825104355906,0.018394501430727708
Apul,OG_00502,358.0421736237448,-0.33206033749907105,-0.2796668492350511,0.15979251150256737,0.2665277610467351
Apul,OG_00503,95.08549407189075,0.8428954015063763,0.6415078509215245,0.022429821783785945,0.05695570347068372
Apul,OG_00507,1607.9690345181377,0.36700758537976724,0.3526377257914758,7.641440787694868e-4,0.003494060425083399
Apul,OG_00508,463.87425731956563,-0.46854361621906637,-0.41456865130072085,0.026847651652772492,0.06564134353390715
Apul,OG_00509,35.59306267750112,-0.44937255654832875,-0.17334576727488923,0.48402259614957654,0.6090471322189132
Apul,OG_00510,8593.313149872862,0.1794366191306832,0.14506476316628042,0.4734749929694613,0.600214257219968
Apul,OG_00514,29.99391873377988,2.272932633625631,1.5774676040504323,0.0021460794821120573,0.008227550463522288
Apul,OG_00515,117.58215128930581,0.45451692709997615,0.387393387287639,0.058435777372534,0.12149386894245552
Apul,OG_00516,22.131976592800505,0.8475879167154059,0.4590870834236384,0.1158987759298312,0.20809622910380085
Apul,OG_00518,14.520371762306732,0.14742759065759284,0.024478742544238014,0.8784930613188008,0.9238828940881301
Apul,OG_00519,480.03952631947396,-0.2773649329426197,-0.2613211327728463,0.03958267161221732,0.0888958779395675
Apul,OG_00511,5376.596098337911,-1.8576018042947275,-1.6951914649788797,9.274622497821494e-7,1.3361273386102173e-5
Apul,OG_00512,1269.7257858250464,-0.19611255661700527,-0.18547180582187875,0.1355407895814237,0.23550042792331574
Apul,OG_00513,148.0819269375442,0.06264468021581773,0.04512190907077231,0.8389736297807464,0.8953689531437666
Apul,OG_00520,511.3849260322845,0.11966490766507655,0.08892466907813053,0.6429696229713091,0.7469282517820529
Apul,OG_00522,286.6103510839432,1.059328743574813,0.9516524924441148,9.967939532557362e-5,6.391934732670795e-4
Apul,OG_00523,31.64981400630512,-0.011042448961838171,-0.0053750224254828505,0.9791626025533998,0.9873334163454429
Apul,OG_00525,529.4399669988635,-0.0542456369688836,-0.04427333863630254,0.8341947228088402,0.8914030219502895
Apul,OG_00526,1078.8714122483761,-0.011313136810133267,-0.01048609681622714,0.9562667858243715,0.9732895658811473
Apul,OG_00527,600.8414906147943,-0.00888041212975413,-0.00883608984587096,0.9436131367129195,0.9653460011051049
Apul,OG_00528,6023.654893752524,-1.8756319594129742,-1.7317951783213612,2.4955278895474325e-7,4.717437102735681e-6
Apul,OG_00529,900.6342498076253,-1.9451766218113324,-1.7288496264957127,9.495267614036293e-6,9.137548353870357e-5
Apul,OG_00530,144.0898639193562,1.3635964030641232,1.073885668384791,0.003282900777353447,0.011681892781924243
Apul,OG_00531,16454.888986169273,-1.8583206426619627,-1.5564345459134745,1.9200414782659668e-4,0.001113377106721815
Apul,OG_00532,1224.5910814820022,0.03423785432585943,0.029517927060815245,0.8726053404405081,0.9201593211030361
Apul,OG_00533,735.9803604345432,-0.24276381890648438,-0.21561328427703733,0.15100967726381745,0.2557097201667309
Apul,OG_00534,274.80757888827793,-0.43458195724962184,-0.36363155205558045,0.08686812773229396,0.16623417361753903
Apul,OG_00535,189.90662426845861,0.5850900815889307,0.4403948158661344,0.0856547346303742,0.16436449077720452
Apul,OG_00536,117.11138218617445,0.6430058365924588,0.5054680544318888,0.042613935435833084,0.09434074535352491
Apul,OG_00537,432.4822285964807,0.2669157328862161,0.21959048672605147,0.266950068907171,0.39376554414133175
Apul,OG_00538,247.33434195031828,0.17398485541413697,0.14313017894441135,0.45798503501909876,0.5873490343858929
Apul,OG_00540,3101.9101018354067,-1.500709176239899,-1.3846684007638148,1.2991808615222078e-6,1.7722713809902795e-5
Apul,OG_00542,197.4928168711761,0.5549238158795471,0.4510035290375114,0.05210635930933933,0.11070759705285409
Apul,OG_00543,255.33311321074993,-0.20285119565325804,-0.18688901331252566,0.16401924953998942,0.2715684122479039
Apul,OG_00545,167.21866004945983,-0.5878684682061855,-0.5062147784133655,0.016225056700714977,0.043698129113006856
Apul,OG_00546,422.60214829914383,0.5023724717192498,0.4586824341808269,0.010065600582733925,0.02938216913386591
Apul,OG_00547,468.09546219962795,-0.1850289535920643,-0.16322783891716072,0.30762772823448886,0.4363503579503517
Apul,OG_00548,1157.8282961141635,-0.28684288042133016,-0.2462154634387131,0.18223626487311045,0.294326419552362
Apul,OG_00549,100.6832989379548,-0.03858942280979206,-0.03187321007478079,0.8744725262076259,0.9211587346745518
Apul,OG_00550,999.1483894340905,-1.0766778724209578,-1.020568500981964,4.0281552757254535e-8,1.0289483320457908e-6
Apul,OG_00551,166.71116795148376,0.45850915754422517,0.4055237181572491,0.02909396840519828,0.06982707295972129
Apul,OG_00552,182.58966041779357,-1.3570276755369486,-1.1625859256119349,2.497969175321983e-4,0.001386103880238666
Apul,OG_00555,456.9399052771913,0.49686171292347986,0.4567619184355541,0.005550359242932527,0.0181266169118155
Apul,OG_00554,334.9595132203491,0.9514644897822296,0.8379506842834245,6.196071577811625e-4,0.00295452022301044
Apul,OG_00556,34.069056049205074,0.41440026250063083,0.14093212185474868,0.5491344453831888,0.6672915887598737
Apul,OG_00558,512.5161169795738,-0.29219541579238006,-0.26443663502219494,0.09441551762418231,0.1769211808847157
Apul,OG_00559,25.84822169482564,-0.027580970571118444,-0.014730476453713554,0.9505761749142845,0.969767109610369
Apul,OG_00569,46.59927369676934,-0.1477471919758535,-0.07347135974473658,0.7649989415681628,0.8417322094106314
Apul,OG_00561,40.91568970754621,-0.032092571870420264,-0.01684580116651611,0.9422350798639585,0.9643738609685941
Apul,OG_00562,914.3497917486944,0.9519875807604095,0.8578788479472822,4.962355961172137e-4,0.0024612521288167855
Apul,OG_00563,43.802482831198574,0.8667412479853853,0.5681736039854891,0.05443093725485371,0.11475421118237454
Apul,OG_00564,104.04502322637018,-0.5055123527634446,-0.43742945645065934,0.02945179767068163,0.07046082769873607
Apul,OG_00565,947.6240784465839,0.06837196333738219,0.06739697642461889,0.7216552133676353,0.8099533307114721
Apul,OG_00566,126.86231467370078,-0.7960773368000807,-0.6659701853958387,0.008369577059619665,0.02537608485090468
Apul,OG_00568,333.2707124184609,0.08622123073710423,0.07576485228992882,0.6543001783945281,0.7565817784795409
Apul,OG_00570,18671.481398967575,-0.27627553519183645,-0.2588196906231537,0.04751474507383632,0.10318893456907084
Apul,OG_00586,350.34613188945997,-0.3304602675013722,-0.29780196074544923,0.061739478830132644,0.12698560232922126
Apul,OG_00587,172.12848954757163,-2.231404970527455,-1.9712723691369092,1.101251633480654e-5,1.0332971882513068e-4
Apul,OG_00571,1287.0411873267192,-1.332059936311446,-1.202575328626544,2.786131467691382e-5,2.2173475237575633e-4
Apul,OG_00572,1100.700634958029,-0.2499132061016911,-0.22693046529421035,0.13135019460263064,0.23006695896113452
Apul,OG_00573,535.94173829431,-0.6171276535573852,-0.5426191284079134,0.007956163135049774,0.024401606458756397
Apul,OG_00574,89.07442141970084,-0.8815656031780986,-0.6411786555834361,0.031311457246144724,0.0739485096879222
Apul,OG_00576,89.8270016583495,0.46366383758217306,0.41016319647513705,0.0313756059787119,0.07404183174824527
Apul,OG_00577,240.08115353457976,0.19910321235454148,0.17706852823454003,0.28601616020103277,0.41303775088608463
Apul,OG_00579,6353.863995642506,0.13447637057706371,0.1083106432764082,0.5928014620641369,0.7034202899634586
Apul,OG_00580,566.8099146463159,-0.22906675454915765,-0.19478274460385295,0.2897050660703916,0.4167765640457663
Apul,OG_00581,8108.723592919555,-0.4677375966494782,-0.4186525327927475,0.018128783123695594,0.047783466070261085
Apul,OG_00582,3086.926460768664,-0.16218664038902098,-0.1524062331856453,0.23166420645426852,0.35459449152913586
Apul,OG_00583,607.7990291219865,1.5744976799174968,1.4492493554072559,1.1287422600902637e-6,1.575521510717323e-5
Apul,OG_00584,387.65157238584845,0.2725373400216806,0.2622233140889985,0.01831868982117789,0.048209959824581906
Apul,OG_00585,2333.9959210396796,0.04012088835661227,0.031481216578949874,0.8853890668124891,0.9282122096788994
Apul,OG_00588,588.5866997698142,0.44678627825595724,0.325034554640994,0.1514950963053022,0.2561468748143465
Apul,OG_00590,52.03931619069933,0.46663506211475547,0.22339972910493575,0.36602393794388755,0.4982545061050776
Apul,OG_00591,48.92477977446312,-0.46946725993324395,-0.3660875501866713,0.1174513560590402,0.21038118346928197
Apul,OG_00593,695.0186611163597,-1.0085302742193165,-0.7495485663139498,0.013386173361591149,0.037265552701904105
Apul,OG_00594,30.06086431153553,0.21345963187302625,0.10985522222901661,0.64995517221876,0.753393210939267
Apul,OG_00595,400.3941259775254,0.4602202791173025,0.4103879044593007,0.012383117270650322,0.03487150794174077
Apul,OG_00596,93.920947722978255,0.9587636198784096,0.6289034277953252,0.03673301859693102,0.08362070908571749
Apul,OG_00597,397.40751645389093,0.3300539049224917,0.2972473900674502,0.06938548248653183,0.13894046093294637
Apul,OG_00598,19.84602354539941,-0.22836701544076923,-0.06149587067713792,0.776795694422629,0.8505531243238457
Apul,OG_00599,179.608045140972,1.23468502984191,1.0627150854581353,3.8591674350519435e-4,0.0020010415619242886
Apul,OG_00601,262.18897667698417,-0.1114534925467103,-0.09235397672519408,0.6296732546575281,0.7361290985669559
Apul,OG_00602,231.25806151603615,0.4258285635155347,0.38909600173131204,0.015267861463312889,0.04160480713650418
Apul,OG_00604,334.3088953305784,0.20385272175455904,0.17535921048619493,0.3253381176270739,0.4551704897817417
Apul,OG_00605,3927.7415767375605,1.5688976984110297,1.5099073040072835,8.83124425613555e-12,8.043568632078208e-10
Apul,OG_00606,49.16945680750171,-2.0500146698726773,-1.7663387290229489,2.313919309863402e-5,1.8967827651852995e-4
Apul,OG_00607,105.9757729652232,-0.8414539413770633,-0.7159505382307049,0.004159391814540624,0.014248044788503477
Apul,OG_00608,915.0574585620052,1.4524565226220552,1.4172610847565623,1.7645357627901357e-17,9.35930527828156e-15
Apul,OG_00609,189.97433192035666,0.6781646838678892,0.6180942317877011,8.861929041480129e-4,0.0039558422854963525
Apul,OG_00611,275.71133904796983,0.3847637114391929,0.3344102709282069,0.07239834296252938,0.14363385225371342
Apul,OG_00612,241.6048251917808,0.1202635169818241,0.09150796862054739,0.6684241873701395,0.7683810425186829
Apul,OG_00613,171.12819544695347,-1.710628962301801,-1.6497828673974035,3.79618244155044e-13,4.95183137629218e-11
Apul,OG_00614,554.4079723900883,-0.2813946443745735,-0.2537674558465413,0.08610374537700899,0.16495728495925954
Apul,OG_00615,1379.571090614172,-0.3960195072000998,-0.34132170182381943,0.0724589486689576,0.1437224681363816
Apul,OG_00616,413.6514350734448,-0.7990417432611812,-0.6383287240258081,0.01670048427046695,0.0447513422486777
Apul,OG_00617,24.744219939492126,1.1219494703185782,0.4209507491416626,0.09795772356888331,0.1818581003542559
Apul,OG_00618,732.0179207291675,0.11164214550638446,0.09547814303363604,0.5953313513308842,0.7060427892828748
Apul,OG_00620,310.5544672551177,-0.45819074572196966,-0.36407918506507264,0.1068921308779248,0.19515010004580846
Apul,OG_00619,1370.0860251120464,-0.3063545725558791,-0.2946713225776749,0.005196244526618352,0.01721327586205646
Apul,OG_00623,45.98963767545998,-0.5908016703963295,-0.21260461798588326,0.37239374329446806,0.5046399734424735
Apul,OG_00621,5.133083033215166,0.020036406579196284,0.006952543539713961,0.9892067310545103,0.9926193071353794
Apul,OG_00622,436.8419068217242,-2.058853232999357,-1.5143537126816262,9.249470812971963e-4,0.004102433759004829
Apul,OG_00624,265.95566185693724,0.4907997055816426,0.4189318190875372,0.04164371068460698,0.09257922565165215
Apul,OG_00625,626.3566263623768,-0.34227465577180327,-0.3190764540020356,0.028605826235488834,0.06902294224388622
Apul,OG_00630,74.19287598128255,0.928644144766057,0.5715753476237766,0.04870269927239336,0.10494196000292029
Apul,OG_00626,232.7061979630148,0.775800530938811,0.68880141283527,0.0016770139468916128,0.006726705853701813
Apul,OG_00627,113.90437977759325,0.31258418990508297,0.24858332478168052,0.2525715745552399,0.37806073834073667
Apul,OG_00628,154.41036099520463,-0.7159499334741521,-0.6083344193524903,0.009773237822225797,0.028761516136752614
Apul,OG_00629,607.7460159622068,0.742197026243591,0.5314333730762094,0.050758331908446384,0.10849541582214302
Apul,OG_00631,252.5174549225871,1.821325892341955,1.6580147779105363,1.2717251394838191e-6,1.7427272922075376e-5
Apul,OG_00634,23.75649073894096,-3.013820395902852,-2.527848391209391,2.882963039942066e-5,2.2836844066571408e-4
Apul,OG_00633,191.76241254712707,-0.44037655158803146,-0.35805167768132745,0.101701446480797,0.18711323054832615
Apul,OG_00635,52.717009821151144,0.462802442796819,0.299288383291612,0.2454065334472179,0.37072050797345685
Apul,OG_00636,8.755657672484368,-2.4525104360276644,-1.8195192243110283,0.001441029091043209,0.005952248884075409
Apul,OG_00638,316.1446311567519,-0.2626252701910215,-0.23328001919474833,0.16075099823221656,0.26753262293464314
Apul,OG_00639,1194.961058337307,-0.23225253210754812,-0.20061359162333106,0.2064102481759204,0.32374346978644536
Apul,OG_00640,320.2334220910101,0.290056088461083,0.24460256864994248,0.20816527190447429,0.3260424277857642
Apul,OG_00641,3184.6680166066344,0.4199645831299444,0.3630296490052835,0.06890139890266253,0.13824742187479042
Apul,OG_00642,974.7405732167092,0.6674907314996891,0.6220486095356047,1.695925912877626e-4,9.94935846221051e-4
Apul,OG_00644,1117.4434875127895,-0.28803398262620583,-0.2746195974217275,0.01605120026532128,0.04328160071543121
Apul,OG_00647,102.66607421765414,-1.198787988919098,-1.0235327924804891,5.49560496767865e-4,0.0026771404642657146
Apul,OG_00648,139.35333670275458,0.7314327469093119,0.5628402497862102,0.036214335022530096,0.08277431150777032
Apul,OG_00645,2365.034146678328,0.6077965931394748,0.5642108255294558,6.788261413479559e-4,0.0031863484208925134
Apul,OG_00646,1915.6737402664064,-0.1671499452941854,-0.13232936164959408,0.5164212120103868,0.6380611220468152
Apul,OG_00649,262.56919616904554,0.7236050957603458,0.6156803449728232,0.007269975806721162,0.0226514761054612
Apul,OG_00650,954.3392154796229,0.3605246162197849,0.33557623480105553,0.018940121032785667,0.04944501197238806
Apul,OG_00652,325.40459653296614,-0.08307750128010581,-0.06819856597491027,0.7377904727159067,0.8231448518286725
Apul,OG_00651,2262.1945756894593,-0.15672483956733765,-0.12868259492275286,0.48021661558154277,0.6060340409655384
Apul,OG_00654,1284.049703828275,0.09165861274479369,0.07212292780454715,0.7079612604216121,0.7994196580808801
Apul,OG_00655,650.1029773786846,-0.8927224290335637,-0.8583747469542833,1.2918491637292711e-8,3.8699680761949626e-7
Apul,OG_00656,262.9063064218506,-0.040332188472980736,-0.028424899579221095,0.8914425098968947,0.9316338794321163
Apul,OG_00657,25.61222330891037,-1.8083767326275955,-0.9185161701182872,0.011066900370192766,0.03180058656406251
Apul,OG_00658,485.78294823533054,-0.19886917308123642,-0.1823469281049966,0.18236663927982774,0.294431510543636
Apul,OG_00659,516.4013195577043,-0.4779369003489523,-0.43518855151770863,0.010586637448715634,0.03072407784842899
Apul,OG_00660,758.7143811908808,0.08780718094605629,0.07793068818441976,0.6438298972659452,0.7477349541018842
Apul,OG_00661,792.9383602578782,-0.5410544584037315,-0.41860973331353923,0.07374184535206182,0.14562641689433672
Apul,OG_00665,10.017625692882433,-1.2841387196215632,-0.16599460827592633,0.23610282083278433,0.3599829447834319
Apul,OG_00666,14.461160637334979,0.654963265926356,0.1592141221986594,0.42761255535534526,0.5587443487676645
Apul,OG_00667,22.19559004075432,-1.5535239326099217,-0.29011543435662807,0.11183560596897543,0.20225063357847
Apul,OG_00662,157.69678302348723,0.6107417001724686,0.44438288083192656,0.09125101970085299,0.17238852810446081
Apul,OG_00663,995.2260373710831,-0.8805204306708919,-0.7699734762058058,0.001999058371651132,0.007756243260403725
Apul,OG_00664,214.02287102596188,-0.056718502216410456,-0.04096714930615688,0.8612728234281382,0.9121561015799298
Apul,OG_00674,15.715407489952023,-1.374486011340951,-0.21482541312581724,0.181749448776274,0.2937506326609899
Apul,OG_00675,44.96235259082114,-0.4173501471329624,-0.20330912605621226,0.4291211858090896,0.5601023650713517
Apul,OG_00670,26.488870717975345,1.6646038764834508,0.9399086076499125,0.011607245880843838,0.033068731787541515
Apul,OG_00671,486.78937641981327,0.02985355161279817,0.02787151959500675,0.8526292807302572,0.9053412887829403
Apul,OG_00672,906.5283596220637,-0.22005332862514576,-0.17627140925697302,0.40920559094721354,0.5410004521185741
Apul,OG_00676,225.97770397876928,-0.9818838803698022,-0.8165906389175744,0.003809495092296966,0.013242180897163355
Apul,OG_00677,53.16482903917898,1.12006120176582,0.8351188610179048,0.01233183146935271,0.034770520437508876
Apul,OG_00678,716.1639426949616,-0.751165217198008,-0.650030228058382,0.004379103555008221,0.014900519530380804
Apul,OG_00679,3048.316044715355,1.1917264831009988,1.0892733695451133,9.138514940736647e-6,8.831938823217829e-5
Apul,OG_00680,156.15462287953156,-0.026603840176604474,-0.021533570067506756,0.8980664144317336,0.9358447774102556
Apul,OG_00681,366.7589627712763,0.2791547095690582,0.24699455871739362,0.15321432363312695,0.25832714214657926
Apul,OG_00682,312.1982658434143,0.10348029171998267,0.08849671391344471,0.6253807530226403,0.7327258640859079
Apul,OG_01416,59.46762319285892,-0.6402783758274234,-0.4755372616233578,0.0676884039256821,0.1363902431727096
Apul,OG_01414,27.121892621279223,0.8965102142651078,0.25074324022223,0.25706164586300023,0.3831386462187367
Apul,OG_01411,811.061273707597,-0.6448685857585562,-0.6200490191778784,1.4323078035607136e-6,1.9161898315588953e-5
Apul,OG_01412,166.5940754973514,0.2952199848675525,0.2415300802226911,0.2380267168974373,0.36175407150921823
Apul,OG_01413,234.07027649682587,0.28306700457634276,0.19633097353522033,0.38008012930517937,0.5119782679929492
Apul,OG_01417,111.16055558755617,0.7817277662345751,0.5322913848009723,0.06263562948298988,0.12840540290918426
Apul,OG_01418,573.2618026666056,-0.2525897377981664,-0.20900317001269644,0.25371874112755477,0.37949839707422056
Apul,OG_01419,456.50820253820154,0.69749086853791,0.5765292908399603,0.020223662177694536,0.05217646977289603
Apul,OG_01420,281.4380317372529,1.0603894794692157,0.9102465758883829,0.0013369375775927669,0.005604447297607614
Apul,OG_01421,185.61284927876397,0.7033120229698356,0.6070938258210546,0.007372273386905906,0.022919272899606886
Apul,OG_01422,698.2404265923963,0.12380910850040629,0.10703993859176719,0.5266267713822284,0.6467711247008381
Apul,OG_01423,648.0373319003768,-0.03678280549045953,-0.03276046065401914,0.8310053125020203,0.88929206062553
Apul,OG_01424,990.3449266073254,0.22467900492134735,0.21242990234947862,0.09950477962052924,0.18382188031926083
Apul,OG_01426,497.84438892828183,0.5179735989134241,0.45432883136107866,0.018384080009842062,0.04831418578717022
Apul,OG_01425,273.6803273906526,0.687700213203717,0.5515539383663385,0.02226261892582476,0.05665877359699742
Apul,OG_01427,549.5616043184643,-0.43948802821168254,-0.3961182902770251,0.026499995223697857,0.06493218938371836
Apul,OG_01429,34.367200434027644,-0.22689981422281938,-0.11107690915857324,0.6593937035770823,0.7611791069129819
Apul,OG_01428,275.203243134578,0.34480935978894356,0.30384477071056,0.08400372201251426,0.16157456514224425
Apul,OG_01430,210.74289329586196,0.6815290300791571,0.5752919628239976,0.012886100629284535,0.03608508365660207
Apul,OG_01431,608.3394578055679,0.3009526602363409,0.2847864199563716,0.013530951689353742,0.037610539883755456
Apul,OG_01433,44.21141341298465,-2.4674164449950187,-2.201048519574545,3.4964893938306406e-6,3.9657666495812435e-5
Apul,OG_01434,45.04600264536132,-0.07591138599391317,-0.03359790739555655,0.8797944506296638,0.9249278956893644
Apul,OG_01435,645.2558222970506,0.42410515081233474,0.35250212083752813,0.09164031046782876,0.17290660796995438
Apul,OG_01436,444.31130751289857,0.7807318323677361,0.7000181775990124,0.0010237102779931462,0.0044679552646002905
Apul,OG_01437,826.0649790176609,0.569864041871656,0.48339903264879847,0.023339460786425553,0.058736231624671835
Apul,OG_01440,190.2725638436143,0.6224638277676778,0.5580333376507517,0.0033843884369913453,0.012009850663656419
Apul,OG_01441,126.18816729563756,0.4496447383565247,0.38102468718144156,0.06853521426551758,0.137819363744909
Apul,OG_01442,387.68141788525384,0.9480581118928255,0.8816886159131135,1.238645584452564e-5,1.142010964724823e-4
Apul,OG_01443,1124.7929769766754,0.9530715279741769,0.8558194472472115,2.3971402939096587e-4,0.001345891284569327
Apul,OG_01448,81.2272308912486,-0.009617182327753536,-0.0045430778134002096,0.9839115076266297,0.9892874737142417
Apul,OG_01444,279.97284686474734,0.24688367661634286,0.20863455484469154,0.27474075971719664,0.40183899924898003
Apul,OG_01445,418.45465949948374,-0.5806718523445632,-0.5227568935976464,0.0052749852433012,0.01739741841216054
Apul,OG_01446,344.29188704654194,0.20240191450074285,0.16411138396472516,0.4241671520575347,0.5556818947603506
Apul,OG_01447,134.3610755651143,0.4681145172912459,0.31191562565363995,0.19977112615781503,0.31574693156266753
Apul,OG_01450,163.97315794540617,-2.040728856438242,-1.7589018528118874,9.25648042935592e-5,6.000408629151857e-4
Apul,OG_01451,122.47221547417334,0.2636300419592423,0.1881308579776502,0.42490511916835905,0.5562670747986026
Apul,OG_01449,2731.5357756708813,-1.295425328934657,-1.1796898845989878,1.560012313782057e-5,1.3790814738600792e-4
Apul,OG_01455,539.8676823547374,-0.12459870352549654,-0.11356437104229476,0.44621164066731905,0.5757713743413303
Apul,OG_01454,349.97257762277303,0.172797116113373,0.1433864515915668,0.4582489729588771,0.5875204022707515
Apul,OG_01452,883.0334389491188,0.7528985728515812,0.6396683043084825,0.0050825684171341996,0.016892561524990444
Apul,OG_01453,276.12051917490106,-0.9306272017979091,-0.853659256532377,7.461473476816546e-5,5.051059034568679e-4
Apul,OG_01456,15598.705053900494,-0.4395973761829167,-0.3578821738962101,0.09587544328870513,0.1789502943767862
Apul,OG_01458,290.85056635302533,0.07425642972480852,0.06148893501622843,0.7401871130281467,0.8243657080741482
Apul,OG_01459,776.5626171210589,-0.22451088000610908,-0.17288861306782383,0.33698417163585564,0.46794183978352766
Apul,OG_01460,257.11126885192505,0.6196870891961442,0.5159014042342553,0.02187741099422828,0.05581425527059076
Apul,OG_01461,1001.5935286879698,0.09059880672991799,0.08568326540733541,0.6704784392000316,0.7700552905702057
Apul,OG_01463,43.253289920880114,0.48448124365287626,0.18317986746649323,0.4261243579323559,0.5572680689595436
Apul,OG_01462,547.3173288549012,1.235577052840424,1.1259337997430283,1.4803259721286678e-5,1.318982143348241e-4
Apul,OG_01464,221.64632347789774,1.6874706519597327,1.6343534543109268,1.6702179718518522e-14,3.2043309472740744e-12
Apul,OG_01465,1383.7868337959046,-0.815692766833844,-0.7024439339912245,0.0037063261946600015,0.01294343272550319
Apul,OG_01466,1207.1842381706374,-0.7362485613803085,-0.648357034738528,0.0024904669030904147,0.009329680126782829
Apul,OG_01467,477.4459650343891,0.603915929659485,0.5612793203425858,7.482049698052896e-4,0.003445640558086975
Apul,OG_01468,214.50091045111512,-0.22038415916762538,-0.17299096496397845,0.4095185788379616,0.5412824722049105
Apul,OG_01469,822.3149445792615,-0.07482030658046754,-0.06299032658194886,0.676824594897577,0.7748979317396069
Apul,OG_01472,166.49022393332723,-1.3880970835727486,-1.0653828948475546,0.0029876627017670094,0.01083767784296854
Apul,OG_01473,90.33047984211885,0.1519549666231631,0.11146946940846952,0.6267251184828629,0.7340185665610136
Apul,OG_01475,509.08143126817794,1.5363002047471108,1.3277428580688493,7.504405615667925e-5,5.072505654908372e-4
Apul,OG_01482,123.18502848388471,0.5108106834219323,0.3112373524754949,0.23600804796423405,0.35989930128420405
Apul,OG_01483,217.31767532776433,0.008377390199827688,0.027649286512895627,0.9848539459834208,0.9900142732366227
Apul,OG_01480,16.053570270952207,-2.69395205697904,-0.33594286110675403,0.026831231089417824,0.06561898853628438
Apul,OG_01481,85.42800408106874,0.4801444539596249,0.29563889291052475,0.25524259357779433,0.38136246334564566
Apul,OG_01476,79.44844928019872,-0.928102819090387,-0.7580593010548873,0.006379691850238046,0.020377499615159923
Apul,OG_01477,1080.9805659164485,-0.16512330496763866,-0.14217444548426858,0.43647877320313533,0.5670819078815144
Apul,OG_01478,134.4526387479232,0.006151491983618026,0.005109799454479875,0.9809671664807855,0.9879795532399468
Apul,OG_01479,1232.3047831034246,0.3898480429578247,0.3762563905620996,0.0013440074278307727,0.005628850430445925
Apul,OG_01484,384.25659351291097,-0.6962860386029502,-0.5953758841592712,0.010031220315802872,0.02930822600542628
Apul,OG_01487,4690.352710972565,-1.4385904051719705,-1.3151524309666278,5.0498984808314316e-6,5.3951344314759496e-5
Apul,OG_01488,121.32373525471935,0.9797635767660946,0.8654987784096602,5.783593857181348e-4,0.0027932868671775154
Apul,OG_01485,89.41275498682246,-1.9911629784764804,-1.6851782708019745,8.875731473109195e-5,5.795254937945374e-4
Apul,OG_01486,2115.284318208827,-1.755517897787826,-1.5637134788344607,1.7553551179452963e-5,1.514957883097048e-4
Apul,OG_01494,151.1955742495466,0.9399408629574151,0.8387694124522678,4.565259101306954e-4,0.0022997173919823916
Apul,OG_01489,818.2293618557424,0.5062412666808193,0.4102436274271673,0.07038541088604593,0.14041266592023807
Apul,OG_01490,576.6257517109268,2.0981261735571968,2.055777476135879,1.9156401797364418e-21,4.307073472899408e-18
Apul,OG_01491,82.564160326284,-0.22721429388108763,-0.16031116387227154,0.4887830401319546,0.6126374821994864
Apul,OG_01492,88.31582382190524,0.05796938370321032,0.03638516051776162,0.8840850485160745,0.9273842348149655
Apul,OG_01493,990.9104841466993,-0.6247426278605648,-0.5734765345020659,0.0015583971001492856,0.006355028030321542
Apul,OG_01495,526.1426474686895,-1.0120679524486265,-0.9391030204522803,1.0468391272101543e-5,9.946626354113764e-5
Apul,OG_01496,402.61724517256016,1.6590966483568146,1.467363324229426,2.8820623111635957e-5,2.2836844066571408e-4
Apul,OG_01497,1834.8211847020605,0.3921376276546052,0.35102600269039413,0.04293882541339458,0.09496673749143462
Apul,OG_01498,173.52765143442136,0.8318901975387124,0.7290223141790373,0.002015928243044293,0.007811613651710524
Apul,OG_01499,763.4730661417902,-0.02385258965936153,-0.020028674431248554,0.9158812240512731,0.9475104402558893
Apul,OG_01501,657.1132626465243,0.30937752395599444,0.2700231801658123,0.134441514806933,0.23434354127471774
Apul,OG_01502,268.90147355820517,0.3124553997469951,0.27023404113082344,0.14747333676899005,0.2513719078242617
Apul,OG_01503,380.12173896982466,0.684659306471793,0.6360011385989791,1.956973352017919e-4,0.0011304310515788325
Apul,OG_01511,1394.9808922431596,-0.5616677032989568,-0.4797517646588267,0.02338594734978747,0.05880398417541372
Apul,OG_01512,35.80087265598162,-0.07391095741858505,-0.03662294307001789,0.865653990537935,0.9153983854439498
Apul,OG_01514,40.187016286856505,-1.0690605675905602,-0.9090791509200028,0.0013919347985172803,0.005788591723638546
Apul,OG_01504,2129.437793611232,0.31980196080682816,0.25642702554772456,0.2229524971775395,0.3435930041103869
Apul,OG_01505,6983.3640700571905,-1.4158294686666368,-1.2299441909241722,1.421139475469319e-4,8.520222506852958e-4
Apul,OG_01506,197.31474775292466,1.2660570214202633,1.0116558706941847,0.0022074844237972573,0.008416442727010516
Apul,OG_01507,657.4304853996009,1.1813973540282237,1.1059469154948005,9.583691423711875e-7,1.3782479356875594e-5
Apul,OG_01508,200.63853566515746,-0.22197161196333023,-0.15814430940067206,0.5130823181739375,0.6348927216926574
Apul,OG_01515,1693.4441608286456,0.23113836591475326,0.1942648755214697,0.2835480997034985,0.41032791125444484
Apul,OG_01516,201.1034224941394,-0.16364332211776508,-0.1422093130019445,0.37317539811496664,0.5053953987387585
Apul,OG_01520,550.2118349688685,-0.26179955990914333,-0.23660286355425356,0.12452063942289068,0.22085023715110255
Apul,OG_01518,29.679904711591735,1.4069604870427161,0.3788760696784644,0.09232455434191396,0.17390651901003512
Apul,OG_01521,745.9289723850198,0.49665860151514707,0.45048128934327186,0.006317669879469811,0.020200861455028116
Apul,OG_01522,1059.995152175787,0.30135696868466333,0.26352565625378005,0.15232009626890833,0.2570597619421199
Apul,OG_01523,302.15883215478107,-0.396353187753886,-0.32088475231945396,0.1404704164511101,0.24199880495599158
Apul,OG_01532,1333.0677994044668,-1.384269280631838,-1.260740336118964,8.917464448288444e-6,8.655411940819904e-5
Apul,OG_01533,392.22919658771957,0.6957012729335903,0.623183543727941,0.0016339257995815022,0.006609739315758818
Apul,OG_01534,104.37478679276,0.973008595938735,0.5149281379912494,0.07770361988847099,0.1518867419324394
Apul,OG_01524,171.36675350603875,0.39574264005753784,0.2559927072777902,0.3097439910804965,0.4384555051134752
Apul,OG_01525,96.86622747686518,0.07787621793066193,0.05997636297903735,0.8094568137285936,0.8736978799845257
Apul,OG_01527,27.826083802441197,-1.2787506565116642,-0.4855008416784267,0.07321189143707182,0.1449290066055053
Apul,OG_01529,527.4835456152822,-0.03226713656618507,-0.026364988249915972,0.8750982800075301,0.9216025684218523
Apul,OG_01530,1870.670730988004,0.7364100323682563,0.685101717264335,1.621035371077515e-4,9.559761897322402e-4
Apul,OG_01531,492.69269669163884,0.3808371963070397,0.31425771547251397,0.13442782383789945,0.23434354127471774
Apul,OG_01535,23.2225599156718,-0.030372451830229127,-0.009300419590552821,0.9649492753816603,0.9789258199405172
Apul,OG_01536,319.0702459566827,1.9629174148238593,1.799178722124544,5.788390544511516e-7,9.045739608294687e-6
Apul,OG_01538,264.65012414777055,-0.30354101039483533,-0.27125628066411656,0.06798570784779585,0.13689752739249114
Apul,OG_01537,83.20255837969711,0.06390220176832273,0.03683331818158626,0.8822104560406325,0.9263257549215362
Apul,OG_01542,57.66119001567406,0.7533823464688632,0.6308507042183433,0.010906823731631123,0.031440802297991635
Apul,OG_01541,89.75049767774549,0.20755095014679914,0.15243280357364447,0.4907517460376424,0.614086663061535
Apul,OG_01544,41.35055139839163,-2.415260940316031,-2.212436783923875,8.225254397521711e-7,1.2109546580347013e-5
Apul,OG_01546,54.119129267710925,0.4505948255109701,0.21462954939472975,0.3916761391768396,0.5241531236208908
Apul,OG_01548,22.8487548004233,-0.2763458269030669,-0.10450279617618806,0.6589287791680197,0.7607632268576228
Apul,OG_01547,48.81682993562901,0.9977173017183298,0.3489385975221328,0.13964782251976432,0.2408117069536651
Apul,OG_01543,1050.8261870716158,-0.252873034856657,-0.19824765528390945,0.33607479020962683,0.4670036035321629
Apul,OG_01549,499.41562457075827,-0.6926626036806878,-0.6352869831368338,7.298164143191236e-4,0.0033730162008793123
Apul,OG_01564,81.59048297097252,4.606674438009484,3.8592984295644044,1.3640803970728563e-5,1.233734689906414e-4
Apul,OG_01565,290.62328271321053,-1.7971327222664273,-1.5875175623349655,2.598126199860398e-5,2.087858031830796e-4
Apul,OG_01566,109.41719231903016,1.1584123217783704,1.0189265932160585,2.2634268322835457e-4,0.0012819924464007998
Apul,OG_01567,186.60454403562363,0.04033436281559263,0.0336262435301941,0.8659693998676571,0.9155171859076873
Apul,OG_01550,891.801684098477,0.9340623653026829,0.8335874565148566,3.424611285519883e-4,0.0018132542549343972
Apul,OG_01551,256.0020418188464,-0.32975530581346735,-0.25004903913337695,0.2543948605514422,0.3802218560570785
Apul,OG_01552,316.0716187961445,1.2515504901653864,1.216207579975075,7.475381014577525e-13,8.532343114993107e-11
Apul,OG_01553,714.6858922259686,0.034933324566880315,0.03601728750755273,0.8061953378614011,0.8714550906935902
Apul,OG_01554,416.0409568245307,0.09224473721105142,0.07586700921438633,0.6976780695183016,0.791814116154377
Apul,OG_01555,173.68771570146765,0.23802085106998516,0.17235708948838183,0.4510073517126664,0.5806292414375446
Apul,OG_01556,299.78418248629555,-0.24670848962042316,-0.198683222852856,0.3286489895922371,0.4588059977013782
Apul,OG_01557,170.7491466017537,0.4512185367591638,0.2779877326439135,0.2678003147276103,0.39463236442210525
Apul,OG_01558,210.91716049641258,1.537770363484849,1.4251679411983296,4.815707603076392e-7,7.844213951931643e-6
Apul,OG_01559,193.39225571516647,-0.3944163364120751,-0.3176765808966543,0.13814843335632568,0.2389317077166605
Apul,OG_01560,984.9698577275456,-1.826951633154408,-1.683064525749853,4.798585062352704e-7,7.844213951931643e-6
Apul,OG_01561,313.8311613519096,0.16522027995995642,0.1444947379510421,0.4022754367510794,0.5346529400618556
Apul,OG_01562,118.39739976961081,-1.160060092962845,-0.9896242378530313,6.526618907365739e-4,0.003086026360131981
Apul,OG_01571,70.88513347930908,0.012384833602406116,0.006559876965327027,0.9772027780244149,0.9863018086979859
Apul,OG_01572,297.7595532052413,0.8259691895133755,0.7690239594621194,4.064976272756904e-5,3.041816684767552e-4
Apul,OG_01570,987.3294678282837,-1.1965987021993891,-1.0579441901496731,1.7351565499923967e-4,0.0010146502341946459
Apul,OG_01573,80.44171913528132,0.14479190947900572,0.10585175961474322,0.6352988253996898,0.740210558034501
Apul,OG_01574,306.6857198921385,0.0444055247611578,0.03919952717801614,0.8115336759730598,0.8754156186444647
Apul,OG_01575,232.368314391762,-0.5072842317362439,-0.36020363295801217,0.15697659185782026,0.26307400789381863
Apul,OG_01578,250.82517368052558,0.7815738669409941,0.6503585361911716,0.01127826808115484,0.03235639302824473
Apul,OG_01576,678.8940105165655,0.3983388635405934,0.16328313157052268,0.4761510150400519,0.6022003220035435
Apul,OG_01579,14.380391482799618,1.101366125572326,0.19143323394411843,0.25394885901565517,0.37970317033609985
Apul,OG_01586,46.42590407187608,-1.8731338054762443,-1.4060155824187748,0.0012906478181707176,0.005438210923572598
Apul,OG_01587,49.52167159464334,-2.827696774833725,-2.5419940852851983,1.1722064416632212e-6,1.628626422877853e-5
Apul,OG_01588,424.52398482944716,-1.702442320956077,-1.2901385807387293,6.568797497615018e-4,0.0031027159264533587
Apul,OG_01580,228.51410167616308,-0.5083427637688677,-0.4652083792005824,0.0063274274653308165,0.02022488956217227
Apul,OG_01581,56.825270265163304,0.4987297406491128,0.2685969462769819,0.3031693917765256,0.4315880021548676
Apul,OG_01583,4386.267617681797,-1.8529801030039212,-1.751574615761592,5.414454325951463e-9,1.89321717860104e-7
Apul,OG_01584,3171.190146102205,-1.6770464204300206,-1.5872973007158908,4.861080969451235e-9,1.7462600801801308e-7
Apul,OG_01585,200.5879986943047,-2.2133905765319035,-1.9900175033148844,1.4460453129616618e-6,1.9317023091815266e-5
Apul,OG_01607,64.88243997802374,0.4480351924126824,0.27215415278135857,0.30032336461471393,0.42834795614218213
Apul,OG_01608,515.6661419561975,0.644010126267601,0.5784784725227303,0.0018725874519376687,0.0073477463246831845
Apul,OG_01610,40.11554308840672,-0.2625200600433937,-0.09457379472089784,0.6862391187055719,0.7818825035845516
Apul,OG_01609,216.29976694791472,0.017781263876322208,0.011665678990035481,0.9516161828146744,0.9703407350944158
Apul,OG_01611,285.4412547498745,0.8375805329377797,0.6911041641480594,0.008171768642813099,0.024927211722681232
Apul,OG_01589,186.11978382923328,-0.14254401962066326,-0.06459991474138436,0.7872160831443211,0.8586340173838567
Apul,OG_01591,259.1679430548577,-0.28736900188105013,-0.25996463247000123,0.13128585382098476,0.2300373536598353
Apul,OG_01592,827.9678893351095,-1.2994166650480252,-1.2462787141717842,4.626440628865838e-10,2.1956113237096454e-8
Apul,OG_01593,537.7413082399864,0.38170327905275553,0.23524442135560197,0.3443897998173792,0.4761365876959994
Apul,OG_01594,1232.236302791575,-1.1900706548731148,-1.1465815031367348,1.0534820986905293e-10,6.418410867494935e-9
Apul,OG_01595,287.3270890573867,0.14669735516061358,0.11600526676682683,0.571734327843509,0.6864618420991905
Apul,OG_01596,1029.8760434539288,0.21248494549801833,0.18094752830914132,0.3164078773191851,0.44556888239880543
Apul,OG_01597,1464.480211965651,-0.9029299031239856,-0.8760012429627676,2.051155039122443e-10,1.1209251507737618e-8
Apul,OG_01598,194.2875480287719,1.3686119078869912,1.2827414972180793,2.0466239847726765e-7,4.047019401468251e-6
Apul,OG_01599,1098.8265552566154,0.24256015673939457,0.21329270948666412,0.21947533185663817,0.33887141564234696
Apul,OG_01600,406.3853825607946,1.5835496754968545,1.5117143892855418,6.233209496861529e-10,2.8530380727512893e-8
Apul,OG_01602,190.6141097193672,0.9149522890710595,0.8272065662680134,2.3729907815290437e-4,0.0013348258189050147
Apul,OG_01603,267.8674630966262,-0.6965640698338749,-0.6349828210978593,8.030510413075858e-4,0.0036424100802165496
Apul,OG_01604,208.1970552226773,-0.4184375734075818,-0.3647805214083571,0.05694178656694167,0.11904569660888314
Apul,OG_01605,708.2319932556768,-0.1638638301691298,-0.1465936398224586,0.3515074431123781,0.48391908711139187
Apul,OG_01606,129.4469725231001,-0.1510347367075942,-0.08600440314759644,0.712276625724859,0.8024235799801416
Apul,OG_01613,286.39722970940295,0.07041830750031432,0.04018266512435964,0.8507203009649602,0.9037399804195388
Apul,OG_01615,114.30700758996674,0.12504065061995587,0.10478854401453197,0.5954813588218102,0.7060427892828748
Apul,OG_01612,621.5416962104723,0.744689349161232,0.6113111438961621,0.015779679506425278,0.042741174559758704
Apul,OG_01619,359.26213320082377,0.3817228457089611,0.32189286736122974,0.10369282563553885,0.1901175698974489
Apul,OG_01616,81.93484933778944,0.011119047457780492,0.006857801060470722,0.9706622718440127,0.9816578852868396
Apul,OG_01617,86.54497239513174,-0.6855621775803515,-0.3634929301283693,0.1782596197275405,0.2897200777006548
Apul,OG_01618,367.6497348668114,-0.49993992347656774,-0.4349130660569734,0.028575695773741763,0.0689686961434233
Apul,OG_01620,539.0286769154734,-1.1230229557638247,-0.43114191774828764,0.08623744409377213,0.16513124514621857
Apul,OG_01626,243.7361568942832,-1.687571663815472,-1.578037996774143,5.0929331508860054e-8,1.2547261809163693e-6
Apul,OG_01621,134.23932939182708,-0.5864667032742176,-0.5292790894924092,0.007730286621487388,0.02378975920339651
Apul,OG_01622,854.069105424199,0.1464022194717345,0.13758439744390005,0.37944224320935577,0.5114548149938724
Apul,OG_01623,240.80658813271125,-0.6671544869475969,-0.578820029328924,0.007750473581425587,0.02382749826100093
Apul,OG_01624,79.79093236110063,0.41932285410561887,0.27566175027934414,0.2687860720493766,0.39556781649571227
Apul,OG_01627,897.7903586386267,-0.2765817691784007,-0.2503270692223061,0.1151000897552047,0.20699192447600334
Apul,OG_01628,567.7764636853599,-0.6932495114744783,-0.6064181247632942,0.00407140372733968,0.013996129397415895
Apul,OG_01629,342.0108873328335,0.14384023515503802,0.1224902952829343,0.5008871319342052,0.6234814009733197
Apul,OG_01630,1026.4434584271526,0.8559241293416833,0.6967793216030443,0.009617143133634798,0.02846005239119953
Apul,OG_01631,3448.228237076838,-0.35258007934806407,-0.25181959977814533,0.27449417489910616,0.4016086281137823
Apul,OG_01632,444.5581825409366,0.38627411520158206,0.2947891654596498,0.20625762720323426,0.3236710656958842
Apul,OG_01633,65.18327434773205,1.1288167727422407,0.7813316022622506,0.019835595933561354,0.051410626195148815
Apul,OG_01636,931.4500521402176,-0.9448872373382711,-0.6770058136348378,0.025736341361998386,0.06354452082725615
Apul,OG_01637,179.54710804729632,0.2803623730844682,0.1611201939004511,0.5201911587718081,0.6410501132493363
Apul,OG_01638,268.95467977064266,0.7536995481161675,0.6711335459881258,0.0013243282838408263,0.005559342707352296
Apul,OG_01639,2284.318735818703,-2.3589444357144806,-2.1869511773267027,3.1509591641920055e-8,8.405975971455419e-7
Apul,OG_01640,192.11329789576098,0.46649110425512763,0.3989067797273712,0.04813836999464304,0.10406393444484884
Apul,OG_01641,288.90247531142415,1.5647854552480251,1.4414254908529216,1.0895983316651505e-6,1.5375443124608236e-5
Apul,OG_01642,564.326903642856,-0.33700099160195607,-0.1804639530775328,0.4655119324793251,0.5937927705709541
Apul,OG_01645,462.8639956684966,-0.3378111247643226,-0.12842567065269056,0.562725589614995,0.6786273427254794
Apul,OG_01646,796.8502002153015,-0.6652849079185061,-0.633222714651088,6.690383454196065e-6,6.824342489421484e-5
Apul,OG_01647,1111.8674165774025,0.15885484976133524,0.14042231357798646,0.40081338134539546,0.5331468784806085
Apul,OG_01649,135.74930814982486,0.9546210746975946,0.720192496877194,0.013070155016108208,0.03650978555769756
Apul,OG_01650,111.63527091587753,0.4130174912083927,0.28329160003768894,0.2569382705477332,0.38311190740574824
Apul,OG_01651,34.93788912925915,-0.9755722326946542,-0.8024236817444055,0.004844645238935721,0.01622740197603395
Apul,OG_01652,218.43369124334444,-0.10466938055057001,-0.07352814363958869,0.7440571150919365,0.827308812894885
Apul,OG_01653,286.9124346958465,0.9341469533992466,0.8023771389968476,0.00187591347620352,0.00735759539579258
Apul,OG_01654,251.1492185226069,-1.0323205069740218,-0.9149433476948962,2.4299237128981306e-4,0.001360063446257135
Apul,OG_01656,129.73134543221715,-0.5463772384401623,-0.35741952165056146,0.16647968894822968,0.2745833830704567
Apul,OG_01658,35.15254457096562,-2.298351056275596,-2.0364381736887416,7.559306746105817e-6,7.588838656587602e-5
Apul,OG_01659,137.82331477091296,1.0787838156763456,0.59414357872973,0.05704268246933764,0.11920135986697973
Apul,OG_01667,20.654895203429398,2.0399869863964564,1.5924050753850572,0.0010398018870975644,0.0045243266175205585
Apul,OG_01668,312.06930312474765,-1.244752872648045,-1.0128302183108717,0.0015931408448215429,0.006476713705029689
Apul,OG_01669,88.10495204504141,-0.14854508772833278,-0.10255321185139453,0.6654831000219481,0.7657811527434796
Apul,OG_01670,264.48600299096876,0.372034054908605,0.3263603751880751,0.07878799414940185,0.15354124059681146
Apul,OG_01660,1939.5503821834354,-0.6475840883707462,-0.5641690329063181,0.007750477143120299,0.02382749826100093
Apul,OG_01661,112.13920668381165,1.185887423117771,1.008995344689913,5.511198809198826e-4,0.002680392646307757
Apul,OG_01662,85.0732208635589,-0.23421534161718047,-0.15077221113367914,0.5354832832495013,0.654616698083074
Apul,OG_01663,388.39116394390487,0.49428551260503695,0.41305745913145897,0.052428096732564496,0.11118159648107576
Apul,OG_01664,1956.5602728799481,-0.8079458276850391,-0.7588188480098458,8.0966166592415e-6,8.013961845925423e-5
Apul,OG_01671,972.0263893896674,-0.31247710354636776,-0.2995845896925505,0.006333677148884227,0.02023769200974099
Apul,OG_01673,3540.9918783900516,0.05923074169719797,0.052278481359550245,0.7587164504056896,0.8375791176919813
Apul,OG_01674,392.6361771347666,-1.5225633204383684,-1.306411409907526,1.3719045465162145e-4,8.28564185930121e-4
Apul,OG_01675,106.67288603852326,0.2270540655031166,0.15291276975139034,0.5094056455550138,0.6312093865562126
Apul,OG_01676,26.32459253829706,-0.4788690073131619,-0.19171985522920953,0.43500824506908226,0.565770445707467
Apul,OG_01679,240.56196722197032,-0.21371136781938052,-0.18554469388199024,0.28441912724837254,0.41139032248934476
Apul,OG_01680,140.8090383651364,0.1581299137857251,0.06963557002704786,0.7642191315879785,0.841313018495958
Apul,OG_01677,417.5288572642281,0.7732263755295469,0.7035768659639796,4.7043437619083e-4,0.002356614872284841
Apul,OG_01678,371.4928429086849,0.30500387254152317,0.27057957450553943,0.11734058698554416,0.21026631018454922
Apul,OG_01685,955.0075423674061,0.5683572295387523,0.47648475266058166,0.030409733762871642,0.07233040605112466
Apul,OG_01682,302.5714245149078,0.19172405588151684,0.15132986979819155,0.4721841129085699,0.5989337671628787
Apul,OG_01683,142.05437587469297,0.6664049843675433,0.5445668366457083,0.025827110966923805,0.06371629537311954
Apul,OG_01684,9.175001024228875,0.08232791107142096,0.01712624982572636,0.921368962285498,0.9513321805712053
Apul,OG_01686,115.95676966227168,0.13803403485728374,0.07543201214063909,0.7402560871993321,0.8243657080741482
Apul,OG_01687,181.57969474216884,0.6966620478113134,0.6093850176612109,0.005286760660668104,0.017417143177655935
Apul,OG_01691,34.900712895511575,0.15914685956891866,0.08362915993295342,0.74010318952407,0.8243657080741482
Apul,OG_01688,115.73774491290635,-0.14225205208382577,-0.11424895270783937,0.5755920855427725,0.6896244798484161
Apul,OG_01689,366.6565956157284,-0.38112875831767257,-0.3306543530864722,0.09678083922437813,0.1801578404163317
Apul,OG_01692,2003.5370565300268,0.43646332588615533,0.34988742291683905,0.11151334015832398,0.2017892410611293
Apul,OG_01693,72.607625938697,-1.102219574674573,-0.8453871849104667,0.006772374860759023,0.02138182917348183
Apul,OG_01694,631.9641298438546,0.35006148435862505,0.29987450286939327,0.1019379198567306,0.18738220370502331
Apul,OG_01695,377.8071042905413,0.45516607070722365,0.3979150170921219,0.04350612171630335,0.09593903142966674
Apul,OG_01699,310.3799574855035,0.2783715057268407,0.22384487922828616,0.28548977880688675,0.4124757788017462
Apul,OG_01696,234.07030918647288,-0.22932570245256848,-0.19223032624104255,0.30303232708462835,0.43146099689279865
Apul,OG_01697,650.7154937352054,-0.692550840958645,-0.662558156015118,2.2198404396655267e-6,2.7608691371674558e-5
Apul,OG_01698,664.747719706163,0.03161271100220997,0.03217796411572078,0.8674437474684518,0.9165385834219627
Apul,OG_01700,650.9218506179454,-0.28009924469152087,-0.2575056046233216,0.08171824182976502,0.15822490585763177
Apul,OG_01701,156.83022552003334,0.9043814557272964,0.7096582502067664,0.013024578286816137,0.03640502864606978
Apul,OG_01703,764.1375674375319,0.1019839744237094,0.0837210219203242,0.6416123863904689,0.7456397587424742
Apul,OG_01704,340.321287546783,0.739815020476185,0.6515810136249627,0.002578131293739342,0.009606202427953571
Apul,OG_01705,773.2687821074667,-0.5992552253308229,-0.5687841397254546,4.7496845463201165e-5,3.4933038788065654e-4
Apul,OG_01709,250.97134819297963,1.4496612387740224,1.3687636857817567,3.265285650650835e-8,8.659729621152524e-7
Apul,OG_01710,150.24245358910613,0.441614992442303,0.28305928438740546,0.2687699468308438,0.39556781649571227
Apul,OG_01706,251.18433044570855,-0.819313554599063,-0.7306706570519931,6.718003555926819e-4,0.00315830229738228
Apul,OG_01707,2864.716304535882,-1.2935270067100055,-1.1521461189395816,7.240457660948173e-5,4.938517906866086e-4
Apul,OG_01708,102.56246351492646,-0.23607456339735464,-0.17942032184008852,0.4224411677941613,0.5542197017314059
Apul,OG_01711,321.8203178226737,0.1740254275096941,0.1575079701594367,0.30969238895524315,0.4384512908163648
Apul,OG_01713,364.79386224827056,0.23548920255686806,0.21195603535241966,0.18016234860788705,0.29191804086205164
Apul,OG_01712,9326.003220627774,-2.790271590406759,-2.5405562981158054,1.1981177977522155e-7,2.53601600524219e-6
Apul,OG_01714,197.5711450211292,0.23262308563288134,0.20613053199191117,0.2120074368913557,0.33015733841149886
Apul,OG_01723,23.310909966095508,0.3725888238722256,0.07559843904785109,0.6503590645616084,0.7536676115090636
Apul,OG_01724,536.9341201378348,0.40132914358174854,0.33248851280035935,0.09934024522898728,0.18363078950999964
Apul,OG_01715,490.68193368670535,-0.5071464695058109,-0.41339051582784847,0.06483627316840972,0.1317324639836752
Apul,OG_01716,176.62353440286097,-0.8802055697630464,-0.7704727602860304,0.0014168805990045555,0.005876730616938398
Apul,OG_01719,126.65056299221715,-0.7890071264689258,-0.673099328248856,0.0048590051913769625,0.016263418637953258
Apul,OG_01720,56.39431967283873,0.957837388149177,0.6123254467627794,0.04801794938656889,0.1039063713987741
Apul,OG_01721,734.5447029829969,1.840626134201839,1.7332131355781557,6.971707417986248e-9,2.3369474270625278e-7
Apul,OG_01725,867.0659650025109,-0.34066179361460885,-0.30841040666143027,0.06072696506191147,0.12516001004874416
Apul,OG_01727,138.74963872036665,0.24718800126473134,0.1702789473492083,0.4663276697132491,0.5943438762464859
Apul,OG_01728,3985.0244103234386,-1.213524075353484,-1.1576158919312038,6.216271589309581e-9,2.0993303715657114e-7
Apul,OG_01729,129.01098385266917,0.4972729448263864,0.35912382806587784,0.14015920267039042,0.2415087961931799
Apul,OG_01730,12943.84839812102,0.6051436191903536,0.5543151487581102,2.7916125357988007e-4,0.0015259418580325405
Apul,OG_01731,1495.8121977060077,-0.5526939807549243,-0.4807056791456366,0.01824928432909322,0.04807434212436273
Apul,OG_01734,320.7204703084002,0.16782079774986763,0.1521980033309254,0.2934489773121925,0.42060553623017644
Apul,OG_01740,722.7156814908677,0.5170008701901768,0.44635460318199954,0.027888854545747327,0.06763684815465403
Apul,OG_01735,81.85943292078494,1.0304253615529815,0.8782866462865906,0.0017504805090837229,0.006949987520995972
Apul,OG_01736,1024.7349249978606,0.2055793389032248,0.18246544111376337,0.25650167116752703,0.38260968882011437
Apul,OG_01737,233.94395906917492,0.35569110615045,0.320131586035439,0.04976106054567784,0.10667985804573872
Apul,OG_01738,188.4050071038686,0.05070186748877072,0.0443388192230272,0.8252596978050694,0.8858769875128941
Apul,OG_01739,35.28268773072691,-1.2444340733918533,-0.9322305766186885,0.006277866470005128,0.02008783603975736
Apul,OG_01741,94.74287990491234,0.9334147245237719,0.7801002398243885,0.004186017471330216,0.014307521596151514
Apul,OG_01742,2305.414761126507,-1.6645893915976198,-1.4581264344370217,3.069088989706658e-5,2.4064561921232724e-4
Apul,OG_01743,41.62184621272141,0.4603927871890187,0.19826127017880057,0.43622984594157577,0.566866194099321
Apul,OG_01745,55.568518890218584,-0.5550391162956478,-0.3543456919681815,0.1786193212852776,0.29004329552122243
Apul,OG_01747,71.53581282891821,-1.3030895048146698,-1.1155370009890615,4.303145566617735e-4,0.0021884638225714674
Apul,OG_01748,19.499170893814217,1.1917718533420125,0.21237469672588224,0.23122310399964513,0.353979410656163
Apul,OG_01749,12.20726232958491,1.5770328749581064,0.4431529387009777,0.07200358664421938,0.14300800457509388
Apul,OG_01750,304.3292325434296,-0.44577466387938675,-0.3999348047461317,0.024778328249459195,0.061583843943046744
Apul,OG_01751,1164.9150093299938,-0.33488034030036423,-0.2638217393912789,0.22367216385103786,0.3444077700554659
Apul,OG_01754,7.213681739824764,-0.8346068514882303,-0.13239138738634681,0.4065581914355221,0.5387124166543985
Apul,OG_01752,452.87519735717785,-0.2789151481281243,-0.2500803195497885,0.13695446708990947,0.2373930084101718
Apul,OG_01758,133.43733546057348,-1.4544492190448164,-1.1492225108309926,0.0012800614177861057,0.005396126135660269
Apul,OG_01757,986.8853267184346,-0.08383995394731844,-0.07659998184622806,0.5809703318394946,0.6940394120557397
Apul,OG_01759,140.1576611625216,0.5181458581963643,0.3798081184530213,0.1288186492806759,0.2270885162392678
Apul,OG_01760,434.3486006377422,0.0729617213396776,0.05873531736432224,0.8029439217722822,0.8693115966518652
Apul,OG_01761,549.9197695620481,-0.6576167073072487,-0.6377659940494248,1.0119957510075499e-7,2.183053992065808e-6
Apul,OG_01762,187.0387065336482,-0.39574952972233235,-0.3048269196376752,0.17238426018225972,0.2815411834927433
Apul,OG_01763,874.95268402819,-0.4659624680141295,-0.3912899119859905,0.058166853311455075,0.12112944949408555
Apul,OG_01766,31.33806238246948,0.3486662023711917,0.1918835397615807,0.45480660723167116,0.584186777408544
Apul,OG_01764,35.58403760498403,0.6231546054074727,0.4463845085016645,0.09143746599922678,0.172559989726879
Apul,OG_01765,1394.8214531387446,0.25156558623523234,0.21887158423688194,0.21170333437392083,0.329942090965805
Apul,OG_01767,576.8513433272318,-0.3415167575990834,-0.2999815333789315,0.07365696724922333,0.14555216605630242
Apul,OG_01770,97.28823066137514,0.4535922836509208,0.3916222501101078,0.04840177117155769,0.10448617923244809
Apul,OG_01768,408.09931387656036,0.32710217158711286,0.3067401624481521,0.027243944846201882,0.06634044036678434
Apul,OG_01769,176.67099896745478,-0.46011556903516004,-0.41118557313810383,0.02704669406933313,0.0659848594218552
Apul,OG_01772,190.2092699895867,-0.11828176886352981,-0.09423467784247222,0.6554211905363867,0.7572953453442592
Apul,OG_01773,287.94086630319487,0.06525402319897132,0.057786928326938505,0.7265124138957104,0.8137841535524994
Apul,OG_01774,365.53239397080057,-0.1793353032251785,-0.16588731611580346,0.22135589773028244,0.341541089978432
Apul,OG_01775,293.20787837577427,-0.015872833853965478,-0.014730578388091694,0.9153381795200166,0.9471065586371937
Apul,OG_01783,1365.0309677438458,-0.37664945015418017,-0.26691873589487614,0.249819234714354,0.3748119865922346
Apul,OG_01784,1597.407822159566,0.15073948017634958,0.13127668805809262,0.4405356485956341,0.5703244714123235
Apul,OG_01776,1756.6020223318399,-0.2007068311258616,-0.2025607495495889,0.04693762374278015,0.10220636399146309
Apul,OG_01777,1011.0579933300232,-0.41143396000088245,-0.3838745848705054,0.011571045146024818,0.03298327864089946
Apul,OG_01778,783.9135799144627,0.1647543216395135,0.13347226012123725,0.5072302559337925,0.6294348150277478
Apul,OG_01779,2066.69029951374,-0.7766280799902437,-0.7309736643727553,1.4288491800206372e-5,1.2825216985280953e-4
Apul,OG_01780,24.73294852097762,0.9347020235614021,0.18523889435603189,0.3123201374181585,0.44113262517223295
Apul,OG_01781,249.70206737239218,0.21108469827265477,0.18559914569895164,0.26967340809324997,0.39635617290575953
Apul,OG_01782,388.7889598193715,0.6321852012521542,0.48005740812763614,0.05929803003073648,0.12277619673642959
Apul,OG_01785,664.4723294205162,-0.20261521203823732,-0.19275886578709178,0.09098025384914198,0.17194905658304616
Apul,OG_01789,409.29366176207566,0.030838104304791555,0.025166800604432184,0.8883666436641361,0.9301442203808076
Apul,OG_01790,726.5823805603425,-0.693237850926141,-0.6154912944484123,0.0019500833925271356,0.007598920462583051
Apul,OG_01791,221.30970600858763,-0.13763933014696775,-0.11431978699422046,0.538777579453104,0.6578489650568924
Apul,OG_01792,963.925974053049,-0.26769923573277976,-0.20761521717284684,0.3071575054512176,0.43595769347609464
Apul,OG_01793,575.388081450745,0.07892998203826992,0.06738675086483338,0.7120834554778043,0.8023485261892186
Apul,OG_01794,267.20896851555733,-0.1891345795553601,-0.16180320695031072,0.34894440923564446,0.48140020472426653
Apul,OG_01795,132.0163944566013,0.29827738941144266,0.21135892019241878,0.3720688546962717,0.5043932118967558
Apul,OG_01796,2335.8687843238995,-0.9482689256991866,-0.85298161125451,2.3808390041974456e-4,0.0013384055673845614
Apul,OG_01797,174.71058045323474,0.649116654028501,0.5590482631541314,0.010225094095840477,0.029789878339965617
Apul,OG_01800,53.98362277938446,-0.18335133883587226,-0.142338211886574,0.5137446213942429,0.6352763646615316
Apul,OG_01799,228.12653485204547,0.5796663020823526,0.516935686529659,0.005544211212479856,0.018119663828536012
Apul,OG_01801,126.56225114806742,-0.15041068155088433,-0.123276221240368,0.527488985141181,0.6477210417856887
Apul,OG_01802,3204.452891638851,-0.39290759407791426,-0.3043918614205212,0.1696537794186188,0.2784270341700327
Apul,OG_01803,548.469853476811,-0.26550765548419386,-0.23433584070699875,0.17390301157821583,0.28365031718048256
Apul,OG_01804,1099.8223755551658,-0.9435424484708819,-0.8285761651899676,8.803580516687478e-4,0.003937593527726735
Apul,OG_01807,17.91143449474072,-0.6384447496359557,-0.09358118584182482,0.5370645754610432,0.6561939399637164
Apul,OG_01805,780.5004113948908,1.0279116516085756,0.9765321467072181,1.2801114252292347e-7,2.6851325647998395e-6
Apul,OG_01808,276.5058880538078,0.8661631732464912,0.7816924410847652,2.975112007729822e-4,0.0016092732437732336
Apul,OG_01812,617.8993927508262,-0.04863855251484732,-0.040646095366920834,0.8368099307272179,0.8932775121779712
Apul,OG_01813,381.79445932507343,-0.9266481914636363,-0.8384210500327018,1.5606061710045024e-4,9.23358651177664e-4
Apul,OG_01810,4537.228345431306,1.6229040354834467,1.5214017827439679,6.157269419207852e-8,1.4496109230547573e-6
Apul,OG_01811,1156.1733351679002,-1.204597357063205,-1.084261735580459,6.944059018623827e-5,4.7651887496903385e-4
Apul,OG_01814,533.7985623631109,-0.30159449025160157,-0.27550501439719943,0.06004463005361047,0.12403721172815708
Apul,OG_01815,936.4092946102946,0.016272595857696585,0.014300467043974235,0.9268948860361763,0.9549601448112662
Apul,OG_01817,146.228187888214,1.2990532064532776,1.1880049336093104,8.279366837076625e-6,8.150114712873354e-5
Apul,OG_01816,424.69763114913167,0.12965281138175158,0.12336886814036006,0.33958279705383915,0.47100724212189937
Apul,OG_01820,29.465254438560425,0.7980847857653062,0.5040439457042537,0.0847398692139815,0.16278214757189416
Apul,OG_01821,604.0103046628776,0.403361364909488,0.3726390611824711,0.012351604755207544,0.03480450627428326
Apul,OG_01822,228.09153755336,-0.17131999658248664,-0.15210796882227434,0.3603273957920688,0.49286859329583727
Apul,OG_01823,518.9688390720931,0.09889303999587194,0.08505440605833371,0.6291279185698356,0.7357777486049557
Apul,OG_01824,217.44889990146459,-0.011113138810072901,-0.009641648257510817,0.9505614933008125,0.969767109610369
Apul,OG_01828,1020.9429366168218,0.2592299586604409,0.23896409229868543,0.098134428046978,0.1820736908846915
Apul,OG_01832,176.8666820440557,0.3731359087660455,0.253875863328824,0.31029302371949524,0.43898481563889963
Apul,OG_01833,61.15828700651572,0.5668440951301679,0.22924038829400925,0.35028040188607756,0.4826937823198052
Apul,OG_01835,1634.5542505441626,-0.25855630196493823,-0.2185883969286027,0.21120042060809163,0.32965106328945165
Apul,OG_01836,3315.1249646464194,0.6575411762290325,0.6118644096001536,4.798575745056986e-4,0.002395833748238031
Apul,OG_01837,89.44679390857355,0.14832534948211007,0.10514081237498889,0.6539586901391292,0.7562838923925264
Apul,OG_01838,486.0219270412971,0.6179011713146193,0.5248118949660001,0.016235083090626608,0.04371207650886238
Apul,OG_01865,824.3760577152465,0.16779248118486884,0.15552642218409649,0.2720028894554227,0.39890677493154564
Apul,OG_01866,246.71260638548137,1.1806205903635472,1.0951922857868646,3.862992526331857e-6,4.3163077583561774e-5
Apul,OG_01867,42.370342144557796,1.2960385911291887,0.5254651049746462,0.05745696156479822,0.11992810704393185
Apul,OG_01868,1269.2082081544863,0.45942372184660446,0.325440279543853,0.17034533883552105,0.2790197857002531
Apul,OG_01839,305.5001983057391,0.653367275916507,0.5749279968350358,0.005468227486262838,0.017923303251047622
Apul,OG_01840,544.5509475943506,0.7275231212234319,0.5795478373779065,0.020682516494489364,0.05319174146495333
Apul,OG_01841,314.97331842296046,-0.21709496161999106,-0.18178154251354253,0.36686257058630617,0.49901942962388335
Apul,OG_01842,222.91299344151838,1.3168440481523862,1.1750141028149343,6.315958773335e-5,4.4148062216404414e-4
Apul,OG_01843,219.61199187234837,0.8304611291774564,0.7673609372514514,8.37313930665168e-5,5.54743549802191e-4
Apul,OG_01844,335.1520491541088,0.09626787393246677,0.08741204257839413,0.5611333276992057,0.6774319474981574
Apul,OG_01845,85.58597671341342,0.7041737982482499,0.389032863050184,0.13969743984022082,0.24085120746448777
Apul,OG_01846,266.83957767663026,0.5818798291970206,0.4380800295207926,0.07017537452524732,0.14014869370856148
Apul,OG_01847,237.7781778581338,0.029196889398561097,0.026214982714410428,0.8265402803964782,0.8866183331352657
Apul,OG_01848,350.3285104008697,0.26821460014831994,0.2349007188921538,0.1938752098239854,0.30922536940374046
Apul,OG_01849,36.07032139043399,1.2664638506753416,0.5779902762714529,0.050942127153071504,0.10882377648406674
Apul,OG_01850,285.90097745140804,0.2003039808793542,0.17636100976377794,0.3150484588376527,0.44401249661442865
Apul,OG_01851,1255.055451154528,-0.12575458621967708,-0.1130454784267592,0.35957694374967586,0.49204938807628845
Apul,OG_01852,151.69075235102784,-0.7961706345935483,-0.6015547664264487,0.02870746927499964,0.06921263381087481
Apul,OG_01853,13.54144370852259,-0.10590811713544428,-0.02433840693645445,0.9000731270946959,0.9366369748428012
Apul,OG_01854,82.0581400062337,-0.3428361122529146,-0.2277017465689191,0.34730789094321296,0.4797296649256972
Apul,OG_01855,80.938412044323,0.8866756263410513,0.7192806927851273,0.00861722659697035,0.025952415572772763
Apul,OG_01856,184.3400305569664,-0.13887825836625378,-0.12177479376062111,0.5136987152133774,0.6352763646615316
Apul,OG_01858,11.301850107111974,1.1309109565713562,0.11431562744219322,0.3388610701325716,0.47022318703991967
Apul,OG_01859,40.03318202931102,0.26422409895608273,0.1343191672244419,0.5885707166217213,0.7001506796540977
Apul,OG_01860,138.47443950337828,-0.01980173809335605,-0.011475433224446697,0.9313056124139935,0.9570985533550237
Apul,OG_01861,75.98923787885289,0.5330959402481368,0.34647358568218983,0.1845867760476272,0.2972659508354719
Apul,OG_01862,337.2102584223242,-0.6359019516014841,-0.4913158223787043,0.05111707329088831,0.10914578495475727
Apul,OG_01863,517.1361933922102,-0.3752738410470388,-0.30424165182359053,0.14750014021272803,0.2513719078242617
Apul,OG_01864,561.3913363156639,-0.3535315526555485,-0.32847772196537917,0.018810058849286552,0.049190922460561726
Apul,OG_01869,483.60644241754443,0.9560108645102298,0.7617310862446984,0.0060895483855077275,0.019568587951576327
Apul,OG_01870,364.93407994638767,1.0037388967698508,0.9169814470882008,4.907773741978919e-5,3.5832709175242036e-4
Apul,OG_01872,627.8630838139371,0.36661019374291576,0.3032263200682519,0.12924298444330942,0.22756961349840285
Apul,OG_01873,226.39239792678532,0.6373492961894044,0.5877898692143285,8.270833512495446e-4,0.0037345070496830964
Apul,OG_01874,1042.8350863700307,0.48745530563009437,0.4269790825960309,0.022525736741762066,0.05716706113157009
Apul,OG_01875,292.6619152020181,-0.6439206680709392,-0.4792120399514831,0.06417060772960165,0.13076302144583457
Apul,OG_01877,26.198225639864084,1.1392847647444715,0.7397801300506437,0.028770267087902087,0.0692714281259314
Apul,OG_01876,777.6807597166696,-0.6832246031459345,-0.5711975955426698,0.014955723656633356,0.04092107727517771
Apul,OG_01878,53.913417649962504,0.09068426021863528,0.05881959901181249,0.8061130728134636,0.8714550906935902
Apul,OG_01879,136.78266936294068,-0.357550004955559,-0.3033041025103814,0.12169983051880687,0.21674015360766552
Apul,OG_01880,298.29747541706814,0.720949473137292,0.5253901403391413,0.056574882703349254,0.11842060279761077
Apul,OG_01881,847.6632106848677,0.5932683170674216,0.5443819396844055,0.0014506415231583484,0.005980994336679849
Apul,OG_01882,120.74268428580817,1.5447905994184556,1.4238444069746925,1.7372480349916158e-6,2.266970409771259e-5
Apul,OG_01883,275.84646706429,-0.03975626286479342,-0.0278312323924887,0.8997604723641475,0.9365277824434396
Apul,OG_01885,195.07467013720898,0.4633262698122461,0.40396711258998613,0.03724610886236458,0.08466048994503186
Apul,OG_01886,210.69642613481716,0.5137139617886718,0.4253853979043689,0.05408593376829043,0.11423871763493135
Apul,OG_01884,1859.5213223430176,-1.1940531737636702,-1.1090769873647888,2.0782341840129666e-6,2.6135896286255117e-5
Apul,OG_01888,193.81551967692218,1.1187975953572193,1.0045719514550087,8.841288621991846e-5,5.781138470232086e-4
Apul,OG_01887,4493.577612351907,0.028577934030649264,0.022998413607488142,0.9004809967416267,0.9369532826701187
Apul,OG_01890,42.0743285830093,0.7898226755322373,0.41176004910451414,0.13785086949217945,0.23862570363044386
Apul,OG_01889,175.3688625766838,0.1712352696955523,0.11028160605543746,0.6330463850362593,0.7385404649853732
Apul,OG_01891,50.24666435900682,-2.616586593418773,-0.29597296597983513,0.02531331870249565,0.06263726529648828
Apul,OG_01892,592.6391592590592,-1.628085684521501,-1.5775400999801654,1.0725802844024009e-13,1.611909404076075e-11
Apul,OG_01893,257.8718800735731,-0.6699941545579721,-0.5242910122097642,0.03837855789091715,0.08673169335899748
Apul,OG_01894,384.35287769947877,0.19929919585320457,0.17384865645820746,0.3169171893145169,0.4460095496204412
Apul,OG_01895,204.01621023916215,1.0460028808603845,0.31843727818316714,0.1482085464177635,0.2521978605489665
Apul,OG_01896,353.09736631136593,0.11972291292075225,0.10488485533350694,0.5506420442267546,0.6683455798617103
Apul,OG_01898,54.4742941664836,0.4338584691627488,0.26454373240339263,0.3157366550788018,0.44477385078043363
Apul,OG_01899,19.176428793968064,1.645357228083872,0.2777847218356019,0.09576720926823962,0.17886747145206303
Apul,OG_01897,3471.7167360416365,-0.43405804719365926,-0.20199636834892418,0.4051776372965256,0.537482794973784
Apul,OG_01900,115.07674246510092,-0.7382309367528086,-0.6450873510346278,0.003959143749640022,0.013688496622125798
Apul,OG_01901,846.2984542435864,-0.053372677404380856,-0.04222193499170738,0.8241748532213374,0.8851339508690805
Apul,OG_01902,45.701323491859725,0.5503879719337517,0.4030258255336806,0.11064816738569062,0.20050386021417224
Apul,OG_01904,38.54402889460262,0.14891783834962308,0.05479391688370597,0.8215676791866056,0.883386091488865
Apul,OG_01905,1135.966990053908,-0.7749774496569951,-0.6874938853528396,0.0015113261193649913,0.006197193096095555
Apul,OG_01906,1139.8429975304086,-1.1857887413807668,-1.0903918959325731,7.466523697920917e-6,7.522418344598091e-5
Apul,OG_01907,72.50378299541235,-1.5126267357312095,-1.3084543544765073,9.438989340451174e-5,6.105633493344542e-4
Apul,OG_01908,297.13767259895633,1.0953504297507226,1.0504956170318134,2.820769830565435e-9,1.066635591897039e-7
Apul,OG_01909,1842.9416541972084,0.009693249062971577,0.00926975625001764,0.9486814329544989,0.9686627200714206
Apul,OG_01910,93.21459800998832,0.5315527237359956,0.44186402843536604,0.044301217609811386,0.09738275943141621
Apul,OG_01911,63.75776729382443,0.39876455439860575,0.3202961253139033,0.1649443008779114,0.27259947965838105
Apul,OG_01912,121.53706149849702,0.7895352798783702,0.5657123103102946,0.04135451387120103,0.09207250656212833
Apul,OG_01913,72.90085580775111,0.42680690796215537,0.30801523965344496,0.211489193074688,0.3299304591616716
Apul,OG_01915,23.79638468578374,-0.29397235323357945,-0.0821007533845322,0.6834874040764161,0.7799298813663685
Apul,OG_01914,666.970020553513,-0.9824519462590614,-0.8645355279166894,5.609376576186666e-4,0.0027208041198211494
Apul,OG_01916,78.07836223982473,0.47569766927227614,0.3366339415633564,0.18035625344734765,0.29212723860871814
Apul,OG_01918,50.805368096670506,-0.23604108452027545,-0.15249977017015037,0.534132853938651,0.6535860963447979
Apul,OG_01919,161.91804891337028,0.8147619060279235,0.6149482400854979,0.02924247814333033,0.07009022472578672
Apul,OG_01920,751.4451500470897,0.13243387145904387,0.11887698361586806,0.4678347786635419,0.5954080732828733
Apul,OG_01921,4312.340224668057,1.6355927168066169,1.5865607770061108,1.3043284069725375e-14,2.661365484162513e-12
Apul,OG_01922,311.3253408357617,1.422987766202723,1.3666118013811248,1.6037482661821966e-10,9.171823718799267e-9
Apul,OG_01923,129.89591504751473,-0.3516609903595079,-0.26616599592165135,0.24421085426707642,0.3690997775605478
Apul,OG_01924,596.0354954838458,-0.08234997963159477,-0.06799236746161214,0.7204449114839431,0.8091992733994413
Apul,OG_01925,39.345268996757,0.2590799253435294,0.1242002190710012,0.6268924754878245,0.7340201858815366
Apul,OG_01930,219.6211385667726,-0.5402923500878395,-0.4768291581142848,0.012679883078140728,0.035596047856660935
Apul,OG_01926,400.44304565020826,0.13197701942964907,0.09697522734272526,0.6888746042201224,0.7842369495580074
Apul,OG_01927,610.9952728915148,0.12124752143067886,0.10793993050375808,0.5740908884388868,0.6885295017746216
Apul,OG_01928,168.40846882684608,0.5665654400338431,0.5149908820459407,0.0044057437790923915,0.014979861107117682
Apul,OG_01934,318.5151124811439,0.7292973723039317,0.5390072355168357,0.047024827803199803,0.1023468192858925
Apul,OG_01935,492.5704143640278,0.5362793864502495,0.4702793610257599,0.017248969243597544,0.04596157082432596
Apul,OG_01936,272.7556064843454,-0.13494940169366387,-0.11734597288919134,0.49061392385749253,0.6140846406750431
Apul,OG_01937,20.715474441617772,-0.40386034471857624,-0.1413793006784,0.542387090720003,0.6607357508501871
Apul,OG_01938,303.4572275263621,1.0401156874325275,0.9979502879977286,6.183254191512341e-9,2.0960301896566458e-7
Apul,OG_01939,86.52323238188613,1.1965739735783496,0.7342740202834779,0.02327057086455134,0.05859557036740001
Apul,OG_01940,387.1444631367016,0.06728740613475703,0.06211257929495966,0.687463532369748,0.7830796704621044
Apul,OG_01941,469.3381583077151,1.2492351970395585,0.8962175447854339,0.009757697908166763,0.028734540182214142
Apul,OG_01947,145.9003446746563,-0.6224781624080701,-0.5308263135940692,0.014010873591891978,0.03870589680701286
Apul,OG_01942,1352.529516834401,1.0928340670771004,0.989838639480916,4.304614526003003e-5,3.1998935845811276e-4
Apul,OG_01943,184.32539897015243,0.05013768816663427,0.04235213855126274,0.8074068168884165,0.8717967880715771
Apul,OG_01945,208.93324611585473,-0.9533066038595024,-0.8800442886139,2.7090900995546946e-5,2.1617580024499718e-4
Apul,OG_01946,135.6527116124443,0.12008824591807317,0.09806739994763157,0.6548621756841864,0.7570374664287576
Apul,OG_01948,246.82020801348858,0.3657771907872225,0.3269092840999616,0.05439800214224527,0.11471159619191432
Apul,OG_01949,212.67289741826934,0.13783238259686864,0.1137534505010429,0.5878664724502294,0.6994051962110724
Apul,OG_01952,179.18214811952402,-0.01871175200267408,-0.014971153062032045,0.9370460628024205,0.9609629801578271
Apul,OG_01953,106.78990073879554,0.001933024793816029,-9.907898269908547e-4,0.9937670475658376,0.9957548025226312
Apul,OG_01950,238.73787120817838,0.20661484424184523,0.1640005605265305,0.4020412033406657,0.5344545968631553
Apul,OG_01951,355.2156434887484,0.17194777158222918,0.1305460923765872,0.5281431639433685,0.6481038254324106
Apul,OG_01954,1064.3948508628184,0.10472616045074652,0.0974455794307182,0.5802582433275884,0.693549069331216
Apul,OG_01955,1011.4857942994101,-0.7811199315720446,-0.4694529850344804,0.09388771329315815,0.17611514682013876
Apul,OG_01956,2054.666296863993,-0.7509577855811628,-0.7087800119574269,1.1435799579283987e-5,1.0663557891044851e-4
Apul,OG_01957,638.8722958253753,1.1274351844036787,0.8643238351633458,0.0067589531365898105,0.021354408000220856
Apul,OG_01958,1561.372765245756,0.4425818309188456,0.3793210549632415,0.04656083828716174,0.10150848134316669
Apul,OG_01959,448.31746000682597,-0.2249637202710196,-0.18479738242936408,0.3330597151567941,0.4632422414883252
Apul,OG_01960,197.54161067240415,0.5242934363956908,0.4512898428905244,0.03485464764191509,0.08037963114760828
Apul,OG_01971,399.6156175403081,0.14559848833625733,0.1189447589337039,0.5626669864311877,0.6786273427254794
Apul,OG_01961,38.84693506066081,-0.3372723333004659,-0.19461491615998952,0.44607068339555994,0.5756718694973185
Apul,OG_01962,20.634076711995554,0.2723344733958509,0.08869830927699451,0.6946735798137889,0.7894973114672214
Apul,OG_01964,119.18979659972699,0.7215400662697544,0.6130910298256057,0.009476780912799375,0.028118503945611044
Apul,OG_01965,401.8479618980113,0.24059124751389252,0.18678658364717038,0.36780316417067704,0.5000725469431536
Apul,OG_01966,316.9295449542873,0.36370820336717297,0.2980571752343083,0.15373127420367547,0.25895664104138644
Apul,OG_01968,20.20643657075879,2.0497550603126515,0.2711596207511199,0.0763315278807464,0.14972403456617148
Apul,OG_01969,263.99758675147376,0.6695359935967703,0.5898782311953047,0.004961619586123106,0.0165515811350618
Apul,OG_01970,1169.5101721369417,1.348157790406859,1.2757972024939548,1.7410119616649865e-8,5.096982096861424e-7
Apul,OG_01974,1177.0538786255386,0.4770484416674471,0.43719936971503237,0.0068536560288810595,0.02158554537632571
Apul,OG_01975,398.0979374507121,0.3878632311842796,0.3449239139716193,0.08361111954076372,0.16102551578365368
Apul,OG_01977,388.9784738695435,1.2120095595065068,1.1587648884003532,2.9851659268572826e-9,1.1215517151030049e-7
Apul,OG_01978,139.8909591803373,-0.630052058287518,-0.45238534229960986,0.08052333790966132,0.15643175898113276
Apul,OG_01979,331.32551985909436,0.15877255327073622,0.1364990525600871,0.44270342895820636,0.5724733714206435
Apul,OG_01980,245.63418637093474,0.7800681129991299,0.7370911679160959,8.61381602813421e-6,8.405928476805862e-5
Apul,OG_01981,896.8717878646555,-0.4325448594625235,-0.3315773917157588,0.1511302147421846,0.25572173884974264
Apul,OG_01972,404.168295437128,0.2056967496139011,0.1784991366213037,0.3184111718028396,0.44756251537742864
Apul,OG_01998,174.9193260614323,0.9275012527819083,0.7079721292227037,0.014283815031901948,0.039351408537323516
Apul,OG_01999,107.97897072976339,0.7640343612219107,0.6319411119695897,0.01075987111221002,0.03108675354655487
Apul,OG_01997,554.0011558203342,-0.33004276372451175,-0.28765934288965966,0.11213702048604034,0.20271441734615592
Apul,OG_02009,345.01391381493255,0.16475629523257587,0.12640575985114494,0.5173664578345631,0.6386164750573929
Apul,OG_02001,11.412783349612173,-3.0140703357258043,-0.5569835085296443,0.008593493353739483,0.025889585556521523
Apul,OG_02000,117.90446301863719,-0.21405655176284938,-0.0684906143943767,0.7499181311449754,0.831633475406991
Apul,OG_02003,79.43058322257508,0.2994646993126018,0.24917339622231904,0.21437403795581497,0.3329332931876651
Apul,OG_02004,260.79743429294297,0.7827855725916075,0.4649389164408893,0.080589208762593,0.15647564500695543
Apul,OG_02005,164.05226463375044,-0.06236980727314176,-0.052506020449527985,0.7734848504043642,0.8481446318824617
Apul,OG_02006,399.40349266021707,0.2924932401734313,0.26166472571600086,0.11465722613530044,0.2062777749525148
Apul,OG_02007,745.6219953186394,0.2129199483117843,0.20082390732250086,0.10505761083752468,0.19230703957002843
Apul,OG_02008,621.7486793434651,0.06868291780960176,0.06529376547323842,0.5636984683945407,0.6794368089835576
Apul,OG_01982,566.3411017020223,-0.5154689946284386,-0.42974114273863323,0.041365815833795276,0.09207493492306393
Apul,OG_01983,59.19678011894761,1.5648841571292844,1.333003334807513,3.582870921121662e-4,0.0018750288505951262
Apul,OG_01984,150.58476750937066,1.1857037333182225,1.0218111208296774,8.463205017364755e-4,0.00381372911752014
Apul,OG_01985,553.9284108994416,0.016771889015072945,0.01608180327598866,0.9305982181837265,0.9570785503074019
Apul,OG_01986,177.01767330863225,0.053715575920846644,0.043010271671738015,0.8221834145713172,0.8839427505889552
Apul,OG_01987,222.08057663750233,0.475386191231028,0.39988529286151897,0.06059045563794642,0.12493577372224167
Apul,OG_01990,665.9155224973725,0.14726216657827954,0.12848947196365385,0.4254546861908327,0.5566508318577226
Apul,OG_01991,329.20611991323364,0.27857747194167026,0.2541099426170045,0.09246384717667566,0.1740961599482323
Apul,OG_01992,200.19919308967707,0.8359472600175214,0.6183500263826756,0.03172521007172329,0.07463246000958229
Apul,OG_01993,927.9497703145659,-0.8901541427758595,-0.8437516543335752,1.7963391192736863e-6,2.3302410571606954e-5
Apul,OG_01994,582.4453322716814,-1.0250909291258956,-0.8434319194125943,0.0029108377986262032,0.01061452482846329
Apul,OG_01995,60804.11315147854,-1.966167899686816,-1.8646460670978926,3.90272577308167e-10,1.912547733471599e-8
Apul,OG_01996,197.8571265477708,0.912016469451239,0.781323195703373,0.002079154539731966,0.007998181094182225
Apul,OG_02015,318.60908861697186,0.6329047157744163,0.5354907283074593,0.01905599303798217,0.049718717946610314
Apul,OG_02010,45.49310634537922,0.6267785745634654,0.31016743702728095,0.247741955094953,0.3723769310036992
Apul,OG_02011,191.5287608286927,-0.5271958695301402,-0.4695102142582615,0.00961127234914721,0.028452016668503086
Apul,OG_02012,171.7365819986244,1.787056322585952,1.341561170263253,0.0012279841852916081,0.005203352161078209
Apul,OG_02013,672.7979495463196,0.11716900090407217,0.10586915737916727,0.5136295608228802,0.6352763646615316
Apul,OG_02014,177.9241106025268,0.760944245051882,0.6370061311884183,0.008876189043293015,0.02661466375717537
Apul,OG_02038,21.825731258387783,0.006284359905525909,2.2087930393339638e-4,0.9948370056656197,0.9960898476422104
Apul,OG_02036,404.75052936188797,-0.34581398823282955,-0.2857224969097525,0.13611997956411123,0.23621898686096823
Apul,OG_02037,505.2424633015713,0.5881947860756237,0.5408975940779045,0.0019167783047029866,0.007501558148223451
Apul,OG_02039,58.01757433660089,-1.589131290832712,-1.0320056969339755,0.009992498886822965,0.02921991675712901
Apul,OG_02016,2993.791634493101,0.28058649834979615,0.22596239182085825,0.26986897762910717,0.39657897185163943
Apul,OG_02017,5946.089815766597,1.1987517372683094,1.1384931068356328,3.585697455211305e-8,9.426307275113801e-7
Apul,OG_02018,156.56700341073343,-0.39284451389612707,-0.351791112572606,0.04095199601255208,0.09140201684286686
Apul,OG_02024,127.16812352739393,0.9068740357506531,0.6962220725306483,0.015868429253815066,0.042955757004398215
Apul,OG_02025,70.62827900997765,0.7503458020633831,0.5003214396968334,0.08110065600546404,0.1572316953776111
Apul,OG_02031,470.73896483374494,-0.5813088042622591,-0.5170089213767259,0.007880144641320763,0.02417668058209912
Apul,OG_02033,188.32126415281118,0.23540322864604743,0.18775006416259607,0.38975745261500827,0.5222054903758587
Apul,OG_02034,104.17425091368757,0.4915763263267892,0.3735755788976567,0.11673443840433421,0.20930491769574103
Apul,OG_02035,925.9226230776312,-0.7854689167130929,-0.730185653968108,2.5638117344190474e-5,2.0659419489952235e-4
Apul,OG_02042,41.0338475863038,1.4449041066059385,1.00011039764954,0.008415330693413672,0.025489095351868017
Apul,OG_02041,171.6343598217102,-0.16618647801044914,-0.13547536580616207,0.48884625534271986,0.6126374821994864
Apul,OG_02040,10111.384286035795,1.000093846804293,0.7757788229819425,0.008554688088003942,0.025798535949676103
Apul,OG_02043,454.2528806222839,1.3233194519038287,1.1990178274636307,1.5680995900703138e-5,1.3843315604680775e-4
Apul,OG_02044,179.91269294454906,-0.3705585324120485,-0.274218214390887,0.23316206910014314,0.35634277577559165
Apul,OG_02045,867.1519184740713,0.15088657737633418,0.14048213613477814,0.37882860467798235,0.510750228525922
Apul,OG_02046,285.49683048997326,0.8005211379072229,0.7561775973453818,8.948678961454658e-6,8.673542159432434e-5
Apul,OG_02047,7.980699228042122,2.4232809569504554,0.53251299304430455,0.020342110918307288,0.05245814226684268
Apul,OG_02048,262.53161623893953,-0.07769857020163573,-0.061756123077738465,0.7636139922881159,0.8409266449025331
Apul,OG_02059,1034.9906719999399,-1.357052871518327,-1.302781605361946,8.684587225586119e-11,5.4006153802144855e-9
Apul,OG_02060,486.8644641184672,1.0334570370104492,0.9478911835970355,2.9373907592579604e-5,2.315249342327712e-4
Apul,OG_02049,198.72726232467298,0.8604644171238579,0.7367150836131319,0.002986479399118836,0.01083767784296854
Apul,OG_02050,3066.6927120311216,-0.025316770370220346,-0.022003282195878847,0.8872056408124974,0.9293602768594666
Apul,OG_02051,175.05232579248226,0.37488326637668246,0.29938224549599535,0.168999906378017,0.27762291051386034
Apul,OG_02052,98.40435097452598,0.28490222202080107,0.18495361089609724,0.4467670873961076,0.5763231512232764
Apul,OG_02053,75.49914438340303,-0.2229257759402733,-0.11511595032338093,0.6371640825241651,0.7418247478413792
Apul,OG_02054,32.78579264022017,0.5992077396580586,0.1938464946913955,0.36458902520786024,0.4968336822396672
Apul,OG_02055,116.06845436529917,1.3136418834010246,1.2031697608759955,7.789115702400734e-6,7.74360047282772e-5
Apul,OG_02056,77.20752297443946,0.17500166534459882,0.12567225576886587,0.5854696993529791,0.6974287190270952
Apul,OG_02057,236.5577085815838,0.444791055750732,0.37779431162343957,0.06574825031233347,0.1332551074547788
Apul,OG_02058,15.260127577805438,0.0022316275365896984,0.0014725410863387605,0.9947944238446588,0.9960898476422104
Apul,OG_02061,1137.7446629161025,0.13748035568404607,0.12502726763033273,0.421955171628904,0.5538719225333357
Apul,OG_02062,562.8112950676258,-0.053590410876702306,-0.04589956087311642,0.827304155153389,0.8869101851168836
Apul,OG_02063,215.5986265427917,-0.05841102117349956,-0.051663355690904335,0.7823478725644195,0.8546681326524559
Apul,OG_02064,267.6694424927647,-0.18940233450752,-0.17483545686453783,0.224007969481764,0.34486594857726927
Apul,OG_02065,312.28863655769953,-0.0678011840126552,-0.04851294503129021,0.8249004277446974,0.8855967563964682
Apul,OG_02066,981.7611766291362,-0.6027528935278093,-0.5067763896186719,0.024577072956062936,0.06118483347454983
Apul,OG_02067,288.0874472666741,1.2901669500150486,1.0990486423102008,4.7975742322722994e-4,0.002395833748238031
Apul,OG_02070,71.5777544970843,-0.2770202198098066,-0.11524116716910447,0.6324626232525943,0.7381369884497635
Apul,OG_02071,22.559485597883064,1.1592248626410173,0.32279056112985477,0.14311487900306086,0.2455226149106925
Apul,OG_02068,279.85579986006167,1.1317545115960315,1.0390919966744632,1.915015206139618e-5,1.62137954119821e-4
Apul,OG_02069,464.3647374444842,0.6172981281972839,0.5657779706142,0.002407098445912613,0.009066335291058493
Apul,OG_02072,501.84644786972166,0.05453736786390697,0.04641615488744822,0.8313454218675274,0.8895504531837539
Apul,OG_02073,147.35138989983017,-0.20260911538600418,-0.1697628164877508,0.371476972229561,0.5037761856811477
Apul,OG_02074,412.68056298793437,-0.5370857652512332,-0.3989680915789848,0.10805877746910784,0.196960985736597
Apul,OG_02075,261.5714096423983,0.6739268008743055,0.5820539524056909,0.008523341672171414,0.02572120878780778
Apul,OG_02076,2135.934026639689,-0.6235057083524099,-0.4537743157385385,0.06937421556668101,0.13894046093294637
Apul,OG_02077,424.0970714368749,0.8603481101650416,0.7632397543223476,7.348184836287762e-4,0.003392656562662916
Apul,OG_02078,539.5122875543708,-1.5576679120626968,-1.4155498504289012,8.113757358538287e-6,8.022121721703919e-5
Apul,OG_02079,513.6660513460612,0.3987397265651137,0.3607273705769402,0.03136723408557465,0.07404145281403839
Apul,OG_02080,239.99231492414418,0.056944142558031624,0.05542380039298538,0.7692395857108669,0.8448518080822032
Apul,OG_02082,68.00425876675519,0.03719526311193415,0.02594131568934845,0.9151852410119796,0.9471065586371937
Apul,OG_02083,259.8877028574913,0.5843546360688486,0.5003717763121128,0.019982904257585064,0.05165878660855634
Apul,OG_02084,491.4466204230589,0.1895011958162614,0.1617356623316388,0.4092452128092263,0.5410004521185741
Apul,OG_02087,45.75720621966494,0.22242854728375824,0.15016396052864892,0.5314934485738713,0.6512401720057885
Apul,OG_02085,3121.738199572674,1.3263929062715443,1.2729072564681674,3.0908168231124615e-10,1.6017181203451185e-8
Apul,OG_02088,20374.62928497867,-1.0418040313027421,-0.915926979656352,3.8679324977399047e-4,0.002004433754719582
Apul,OG_02092,183.40965520714138,0.35443521659676414,0.31369259667931265,0.08052798864107016,0.15643175898113276
Apul,OG_02090,557.7004633494728,0.4961612788013011,0.3880065902193384,0.09925517200754597,0.18357353038531915
Apul,OG_02091,282.2486180080153,0.4532846147297715,0.3370322228078064,0.1709613806253873,0.2797747312339596
Apul,OG_02093,240.8709253805892,0.5568146654939786,0.4801583372398681,0.021847851355889503,0.055760564867267375
Apul,OG_02094,218.29675345637298,-0.7994842476431943,-0.6188623989603104,0.022603620957337874,0.05728410628789084
Apul,OG_02100,145.19882072735896,-0.9212719998664897,-0.8295567962557194,3.303801455548306e-4,0.0017606606220259499
Apul,OG_02095,631.7838700472091,0.4438965850329608,0.4098857380395822,0.008923654520225562,0.026741307015245557
Apul,OG_02096,238.02627127162674,0.8493370084376746,0.7414286435604445,0.0016526132558567941,0.006667388692644615
Apul,OG_02097,1102.2984031621033,0.8501571546487146,0.8217781291973183,7.634509136604746e-9,2.494216263940761e-7
Apul,OG_02098,620.499846365036,0.5183971391992009,0.4826717952773395,0.0017030110003505203,0.006807309636894662
Apul,OG_02099,710.3988213019129,0.2068958611234005,0.1680773719221674,0.3981606580401818,0.5303907007753463
Apul,OG_02114,205.1905840670882,0.30755103505469233,0.26223787505921176,0.17112414300551188,0.2798886989807184
Apul,OG_02115,716.744078256353,-1.370671777388427,-1.271610882768957,8.834798411022442e-7,1.2890514121713488e-5
Apul,OG_02116,59.42012480740241,-0.4033777694847754,-0.2959734529788076,0.20060061680936156,0.3166694260801844
Apul,OG_02117,194.47954379618315,0.23369116201154233,0.1898497117710059,0.34026354151705296,0.4716612381028849
Apul,OG_02118,348.69986285076794,0.14519353027753962,0.12301959756725364,0.5036530095923702,0.6258874293680269
Apul,OG_02119,44.94941378248993,-2.120442589152645,-1.7032167710141144,3.7614290150405824e-4,0.001959376396800747
Apul,OG_02120,172.79459266498554,-1.3849124731576494,-1.2396536060456174,2.5762098855222336e-5,2.074078976585177e-4
Apul,OG_02121,329.08374840026596,1.5789776845936354,1.3806306926890084,7.441601199583972e-5,5.045685057730848e-4
Apul,OG_02122,324.41880359536054,-0.17422921633412763,-0.1557899229661521,0.30553703987674763,0.4342729332548287
Apul,OG_02123,284.3497646776512,-0.03253343094939198,-0.03001124566408206,0.8256383238692149,0.8859670077744509
Apul,OG_02102,130.9121550132178,-0.22707527063840552,-0.1972885751838309,0.26268647547850016,0.3894660280309876
Apul,OG_02103,68.39987458561579,0.25688832096988656,0.09941110668935862,0.6772567417813279,0.7751744149076204
Apul,OG_02104,1941.1759531468717,-0.38918737655003244,-0.36265642116351604,0.010843183316405446,0.03130739159911236
Apul,OG_02105,217.43157815515278,1.1933839525534116,1.1155835294785033,1.2431286021980956e-6,1.7160683518337533e-5
Apul,OG_02107,107.860321061128,0.7647447985817047,0.643115639835893,0.009382955936216962,0.02791359738596778
Apul,OG_02108,174.86160186690603,0.39874111092723147,0.3217291844846318,0.1406314907953611,0.24223001958009
Apul,OG_02109,1318.7020146043253,-0.32033397773526295,-0.2732307296320192,0.16048057750434316,0.2673292753291451
Apul,OG_02110,112.19375685895655,0.595391821863083,0.48793492212758527,0.03729941352167205,0.08476028521293268
Apul,OG_02111,1741.8137904745952,-1.258769164673788,-1.1735462098853855,5.934000047602508e-7,9.241257068951955e-6
Apul,OG_02112,11676.365070092352,-3.289109597859051,-3.1785514957736503,4.7269898808450996e-17,1.7759694898158442e-14
Apul,OG_02113,180.62851916070662,0.47094057036846554,0.3934931194737982,0.060127550207050504,0.12415161901006971
Apul,OG_02124,4903.815564475126,1.0689320851994524,1.0491610678811307,1.6055652666942918e-15,4.670123228962075e-13
Apul,OG_02125,188.06337199760154,0.1348376372370933,0.10934986014504307,0.5868648995959693,0.6986517810921457
Apul,OG_02133,344.0439357225339,0.5865596914540365,0.514922046469037,0.007406080080908413,0.02298816664012088
Apul,OG_02126,1006.0905587959114,0.8887530422604146,0.8435314335584526,5.482441192627766e-6,5.77909068176298e-5
Apul,OG_02127,288.6653908492111,-0.23619696620950126,-0.21004090631520503,0.20588533683436192,0.32320126779864927
Apul,OG_02128,523.4691121870817,1.3709440429021764,1.2936130831377564,4.5254319234912917e-8,1.1430201583787389e-6
Apul,OG_02129,254.92311718078287,0.18963187745829863,0.17405879293897517,0.22666878021412887,0.34836754579696605
Apul,OG_02130,1332.032117784878,-0.3938226291812092,-0.3722509040378392,0.0059202525068525426,0.01909943357935219
Apul,OG_02131,354.0935554621328,0.7053479566987653,0.6167591014504654,0.004978838743343438,0.0165833816812018
Apul,OG_02132,387.7700412591964,0.1125560955372356,0.08943323643045051,0.6444037656172886,0.7482086987601199
Apul,OG_02147,1600.3055388104117,-0.1019072910857972,-0.09304349580445041,0.5702025552739732,0.6850788062498889
Apul,OG_02148,212.78567195843033,0.0027724757783266878,8.969250526494289e-4,0.9943418995881439,0.9960898476422104
Apul,OG_02149,48.70428879915677,-1.1584415829848742,-0.9614386229297266,0.001634708662601205,0.0066099408119619125
Apul,OG_02150,354.1652242385574,0.15871742875149805,0.138640151122892,0.40507420323156357,0.5374564582900248
Apul,OG_02134,88.40878525316477,-0.25687665018621963,-0.16469042511566925,0.5177610330006902,0.6389285937549232
Apul,OG_02136,29.31859402401134,0.48555556608765194,0.23722510261477342,0.3571099906914635,0.48989385555500164
Apul,OG_02138,473.9074628024214,0.48570364453545073,0.43977839281452996,0.010436746105471175,0.030318343953941233
Apul,OG_02140,2270.4967981711734,0.05486037606952485,0.052147428767282,0.636422367550601,0.7413280568665248
Apul,OG_02141,1598.5249114620735,-0.476035972820862,-0.41635062700184056,0.04316672504770803,0.0953824898154735
Apul,OG_02142,165.43435634909832,0.9028844538942054,0.7894429224321722,0.0010619757401283468,0.004601554660613793
Apul,OG_02143,38.42202084652027,0.7373818068779106,0.5148715581919607,0.06598815986602931,0.13371128932853626
Apul,OG_02144,2882.472739833502,-0.4763706506381542,-0.38328622262641526,0.07057938211428681,0.14073734819206637
Apul,OG_02145,47.46664511236723,-1.4120936329276181,-0.7941735766021115,0.023484914764357216,0.05899799433472006
Apul,OG_02146,746.3393863756469,-0.32891235612151687,-0.2810224464260024,0.13470113328097533,0.2346169302708825
Apul,OG_02159,79.31411160055103,0.3696571520049995,0.13126432165521218,0.5741436535259377,0.6885295017746216
Apul,OG_02160,240.68681433162865,-0.023641607569697368,-0.01759843840727645,0.9326413406605716,0.9579253865743678
Apul,OG_02155,5.391011631164616,-0.8453427220966069,-0.08670336829756431,0.47803711200026,0.6041290313814077
Apul,OG_02152,525.9806542355643,0.7783116804811533,0.7119953917534957,3.3062487957196855e-4,0.00176092412232749
Apul,OG_02154,5315.5544827070025,-1.8881853339445405,-1.659621315528955,1.4353682811596743e-5,1.28619336807599e-4
Apul,OG_02156,220.14984173777748,-0.5111172867041457,-0.48149000364888006,6.131374229473256e-4,0.0029312192612572976
Apul,OG_02157,654.1661738263508,1.3104859372781454,1.2051259215780878,4.447364955528352e-6,4.8432234062800906e-5
Apul,OG_02158,3246.0720688180586,-1.9682623599966997,-1.811469849110414,3.972378472779973e-7,6.828905790939828e-6
Apul,OG_02163,579.1438555112015,-0.3161167323975491,-0.18688392050858998,0.432934119451345,0.5639651769853767
Apul,OG_02161,540.5225877576398,0.11288539835080036,0.09764301899224827,0.5740988462799168,0.6885295017746216
Apul,OG_02162,409.261083463135,0.7127433994808644,0.6352286706061728,0.002729007041633248,0.010072638761525582
Apul,OG_02178,304.40908333666226,-0.6935086983198461,-0.641750715329433,3.5742922493425556e-4,0.0018716256220860524
Apul,OG_02179,470.8672665518926,0.25535760181527634,0.2262479793508574,0.1774429840574455,0.28865296540609525
Apul,OG_02180,89.27828574735406,0.6168998488687982,0.44431792852188545,0.08852673429735312,0.16847193495758683
Apul,OG_02165,495.0027535287133,-0.5976702045075682,-0.5395325748762356,0.00441227453065229,0.014980747482303013
Apul,OG_02166,1952.1188399352498,0.47641525575518884,0.4302379718170307,0.012544219816642086,0.03525911162302422
Apul,OG_02167,6024.978365894254,-0.35958529430895664,-0.3052880796726628,0.11325083361444638,0.2043182806525536
Apul,OG_02168,941.4192336145245,0.25031761751655723,0.23995230939690876,0.03522527652748154,0.08102712205313801
Apul,OG_02169,90.87301858016804,0.8149715206386418,0.6218485315310404,0.02695676541518486,0.06580107031638384
Apul,OG_02170,645.7013145298845,0.9093896417451355,0.8477279990751633,2.0196102028694617e-5,1.6983103858608282e-4
Apul,OG_02171,180.89711365231412,0.9684853952115237,0.6651512532459787,0.03015170994915004,0.07183037479827897
Apul,OG_02172,535.4909068207205,1.3838958310810099,1.2802096196838133,8.163905827117396e-7,1.2048107830297473e-5
Apul,OG_02173,1437.640644984557,-0.4013370413402109,-0.3738127511060468,0.00911957063566424,0.027228349371002176
Apul,OG_02174,257.91613516961587,-0.0027534942859671506,-0.006761055198474234,0.9903904375237055,0.9936965144265331
Apul,OG_02175,470.96423358385266,1.4530417582655077,1.3376544442147251,1.4508435006486855e-6,1.9352449475368634e-5
Apul,OG_02176,176.19706870100174,0.5365253715747461,0.3962284283571873,0.10750213976971242,0.19609058072421628
Apul,OG_02187,24.232761000685947,-0.33921478976875385,-0.11810654709007931,0.5982405465703211,0.7086619821892518
Apul,OG_02184,1073.7556838743465,-0.10125512995470765,-0.09866585772256183,0.499870291511777,0.6225594500775818
Apul,OG_02185,155.97441654462747,1.038557900953862,0.9531913921384396,3.150910467550619e-5,2.4662985838458276e-4
Apul,OG_02181,260.23108366475554,-0.574850084957992,-0.48157294552356983,0.029488132399688196,0.07052508662203961
Apul,OG_02182,600.9484971474286,-0.5489522118699628,-0.4858280171937186,0.016030595707028077,0.04323897142993484
Apul,OG_02183,493.61254855768885,-0.3425036989699897,-0.3274092781016985,0.004711004606542368,0.015850117275179453
Apul,OG_02188,947.162400085401,-1.1936056188111557,-1.058421311402888,1.3046535046888803e-4,7.954063997146474e-4
Apul,OG_02189,726.6422284435241,-0.13304568339976025,-0.11096899782906157,0.518210257123055,0.639220504579834
Apul,OG_02190,2567.30615616886,1.5414692470077298,1.50883693025251,3.888888025315082e-17,1.5939137874666407e-14
Apul,OG_02191,1281.2090770053296,-0.10216798902000784,-0.09228459009016414,0.5209082143393817,0.6414078067319685
Apul,OG_02192,9.966525986701871,-0.33500837473609313,-0.0996577185323699,0.6340760615088299,0.7394547137383756
Apul,OG_02193,426.7973267723678,5.979567830386295e-4,0.001520852007632539,0.9982209559636653,0.9985531794901676
Apul,OG_02194,568.9678646096639,0.19809739125829956,0.18161999205164986,0.2459002506092384,0.37092563698516307
Apul,OG_02195,174.52213547809205,0.8982583658213943,0.7200154016729985,0.009847063569884039,0.028933827270263834
Apul,OG_02196,135.9614597417519,-0.06822361270150314,-0.05399051785245302,0.7221421667129082,0.810096531133403
Apul,OG_02197,175.03201791938773,0.999108850135255,0.836456922644662,0.0027755634301121473,0.010219377480327167
Apul,OG_02198,44.40348672519552,0.9057803496465066,0.6585903300191633,0.02660588944947615,0.06513184716475566
Apul,OG_02201,98.55258504018454,0.8015362498687372,0.20434466665002005,0.32020348719384784,0.44980134663139526
Apul,OG_02199,11.059268328322489,1.3245594351521857,0.2143030632326947,0.18924282731505448,0.30309104332146475
Apul,OG_02200,10.815207529069239,-0.5614016238973251,-0.10470898819333163,0.5559624074045031,0.6729914119434023
Apul,OG_02202,132.85463240189753,0.13566572625537182,0.11084252491141514,0.5833043031091834,0.6959056497930016
Apul,OG_02203,119.20616939981907,-0.26502918266581005,-0.20531893252698177,0.3482750650786715,0.4806238539660822
Apul,OG_02204,150.3064627507742,-0.34871815095107433,-0.2812409287952558,0.18878508651598874,0.302572898171822
Apul,OG_02205,462.5745401425264,1.0539439277520994,0.946866538495749,1.5790938512852287e-4,9.330726905005838e-4
Apul,OG_02206,134.76205478270114,0.27467108617782066,0.22776047527474003,0.24762519642582903,0.3723255621430216
Apul,OG_02208,173.1472158345762,0.39542689274943815,0.32937213004944565,0.11517807933126953,0.2070908756390942
Apul,OG_02207,1201.3270129465702,-0.3097707082053622,-0.277599342438652,0.0412874821130954,0.09196868236506453
Apul,OG_02209,37.43624875426567,0.5193731413555236,0.18498710141531802,0.4333597964307836,0.56435662686545
Apul,OG_02212,129.52993310983658,0.29657292956762005,0.17235643180497276,0.4483449012565887,0.577945100018679
Apul,OG_02214,69.74415598015409,0.786278569621731,0.6354311841065169,0.016028404456826774,0.04323897142993484
Apul,OG_02215,662.840184887297,0.2749851024361974,0.26382368181758004,0.01538859770361793,0.041895828953358354
Apul,OG_02216,336.43359467555285,0.2750339501704469,0.1952823517673321,0.38581176048521426,0.5179194051355035
Apul,OG_02217,1211.3022457079355,-0.29740172534186193,-0.2706290011960627,0.08251369642154467,0.15935603234481335
Apul,OG_02219,493.7813906230217,-0.3713861318529265,-0.33633764483986783,0.03072403308835675,0.07296249838233154
Apul,OG_02231,253.28125740044433,-0.05731447230333554,-0.05008588372632966,0.766563962550332,0.8432484140925148
Apul,OG_02233,143.32075500369746,0.4875954384149095,0.4360588022811295,0.016519789084724023,0.044359421732268166
Apul,OG_02235,148.27163499767298,0.16246901613876916,0.12702943050396243,0.5432731933166541,0.6616280907801553
Apul,OG_02236,126.54091312903043,0.33229095612739706,0.21599011174529312,0.381977655875706,0.5142308108966277
Apul,OG_02232,9769.670663114879,-1.860151609470129,-1.7309020849302508,5.873617265532456e-8,1.3974249837283948e-6
Apul,OG_02237,215.48147620728173,0.6342848165865669,0.5649054490714993,0.004387382761664973,0.014923059359461735
Apul,OG_02220,518.4607543183287,0.4283388982051326,0.3346629967809914,0.1421903042126688,0.24445808996501844
Apul,OG_02221,320.99570207061595,-0.10461922328338692,-0.08399736202746613,0.6740031988433468,0.7724309664426104
Apul,OG_02222,103.42380621029602,-0.10652455679024608,-0.08328455871202793,0.6898798841539184,0.7850387323846394
Apul,OG_02223,1333.8962434813307,1.0439766874336278,0.9791613658997759,2.422800501292298e-6,2.95221515137198e-5
Apul,OG_02224,235.2317720742314,0.027803601994233335,0.022566140397175853,0.8946947606581594,0.9340301105626937
Apul,OG_02225,773.4923705853266,-1.0445481509043426,-0.9927509956229879,7.914655553838341e-8,1.788632810249632e-6
Apul,OG_02226,87.84916273478784,-6.281444022224181,-5.507786585173512,9.071969493296927e-9,2.900778330533986e-7
Apul,OG_02227,858.3777652231696,2.634511357336355,2.486708661485611,3.753742086930657e-11,2.6863089204645824e-9
Apul,OG_02228,344.6873636237629,0.6757573602991894,0.630472094554755,3.58975695171645e-4,0.0018775428325769853
Apul,OG_02229,178.29336856819208,-1.505810729793832,-1.3526207673102,2.166770446595531e-5,1.795750837955138e-4
Apul,OG_02230,545.980150890216,-1.2722728814358941,-1.0963627899107888,2.987696071119862e-4,0.0016151112394057433
Apul,OG_02241,72.6109758390058,0.7578526977537241,0.49765935816001966,0.08192516195504418,0.15848941972723307
Apul,OG_02238,154.28897202437773,0.16633074936408257,0.13484973941423903,0.5048750148063079,0.6271467155956025
Apul,OG_02240,859.556074531925,1.0430665604212914,1.0194804632291594,7.842894009105166e-15,1.683794649526221e-12
Apul,OG_02248,332.4841532280984,-0.05242734103257607,-0.03722291675384686,0.8635540031326607,0.9137134999116642
Apul,OG_02242,307.3450948291596,-0.7190796040376259,-0.6298363000268462,0.004301041477258388,0.014668113086398973
Apul,OG_02243,2658.552784240973,-0.5781511215961852,-0.5558942933097133,1.3506473575463181e-5,1.2277003248987046e-4
Apul,OG_02244,900.1703562719067,0.4346028143916853,0.41269324487181325,0.003474382516836444,0.012261646635739419
Apul,OG_02245,309.1778132180213,-0.17017960817380606,-0.14076834553853315,0.50001472884034,0.6226533365492813
Apul,OG_02246,84.67626697333836,-0.04866255378668732,-0.02990441095924431,0.8903262721830634,0.9307909560898182
Apul,OG_02247,171.4466258832642,-0.6978779439810497,-0.5615237156777121,0.023831396049215706,0.05967445103465094
Apul,OG_02249,2196.4345273456174,0.47695964302800387,0.4526966894425634,4.982210908213858e-4,0.0024670288720134185
Apul,OG_02250,352.8947971326419,-0.7352214307403689,-0.6818370716192347,1.0238051356811393e-4,6.519527477709628e-4
Apul,OG_02253,335.01880706386913,-2.040806659530604,-1.8337170109215803,3.381129323499147e-6,3.888729988519363e-5
Apul,OG_02254,333.09268965048216,-1.5434492949014442,-1.4853715342244842,1.4501589522509951e-13,2.0755687734043213e-11
Apul,OG_02255,289.87514030179807,0.4688176456664987,0.3346761621808076,0.16401642827672447,0.2715684122479039
Apul,OG_02257,112.41994064508113,0.8659043746148622,0.6110953851071556,0.040800507544256445,0.09115415672114975
Apul,OG_02256,114.88187128646905,1.4158560675479774,1.3393547748502692,1.1153153746106449e-8,3.479660028502112e-7
Apul,OG_02258,180.890508497582,0.1335724890733896,0.10233170624730101,0.6508467023409604,0.7539420240247225
Apul,OG_02259,1021.824710661624,0.26726328714301606,0.2177088152824035,0.27657919914272994,0.4032214770738805
Apul,OG_02265,469.2398549708322,0.14469824626119718,0.13193228367922072,0.3566854326048377,0.4897567452105712
Apul,OG_02260,521.1829915592796,-1.3502610793965004,-1.172687635349188,2.537354432901529e-4,0.0014045012229265247
Apul,OG_02261,161.44927402216013,-0.2378879352265555,-0.1887391432207476,0.3704877494261178,0.5028127689005575
Apul,OG_02262,79.36924526076211,0.5105570155629514,0.36614740288536046,0.1484149294803409,0.25235855536945767
Apul,OG_02263,484.93754335788554,-0.06910675951849167,-0.061052681988358844,0.7038391760597899,0.7963433519507656
Apul,OG_02264,1293.5194743458767,-0.1732666221669047,-0.12659676654384663,0.560958760056637,0.677402589986701
Apul,OG_02267,2763.2589261482253,-0.8369385832093769,-0.7696263332518724,1.0357182056163583e-4,6.562171631806571e-4
Apul,OG_02268,455.05400058773967,-0.13254101431511606,-0.12373457579709947,0.3839469045795182,0.5163246219663118
Apul,OG_02271,43.247928387202045,2.497557068452424,1.898799248035965,2.765689137169675e-4,0.0015150801306111155
Apul,OG_02270,220.75956106869688,0.15466800936941102,0.13845113563438916,0.3837464119235511,0.5161457930063633
Apul,OG_02273,2056.350387726766,-0.015462809136994852,-0.01285225956379823,0.9062645020191563,0.9411835075421177
Apul,OG_02274,222.93846853056203,0.1332259578857739,0.11910468796265292,0.4749647283150425,0.6012574694955409
Apul,OG_02275,248.06034828375374,-0.10972843424496341,-0.0890461646382457,0.599087070270435,0.7092920315951302
Apul,OG_02276,178.91769071159257,1.1284430992989805,0.9300329150570733,0.002284086960133591,0.008675489519597552
Apul,OG_02277,149.6608537503086,0.377846364784185,0.2813942336642443,0.2221004919284007,0.3425015135908756
Apul,OG_02278,408.17527153787773,-0.513102508900166,-0.4257452155832146,0.051530562768649014,0.10987256667886218
Apul,OG_02280,16.414130302922242,-0.636711236111484,-0.18432954535215662,0.40740005436774984,0.5396088970653987
Apul,OG_02279,532.7775335216585,-0.2685267952454584,-0.24411336396244576,0.09771253448940732,0.18151502338092004
Apul,OG_02281,13.924820610573965,-0.4268535597688342,-0.12209864464394711,0.5461730114348756,0.6646210585841125
Apul,OG_02283,129.52815113984133,-0.6746605741317336,-0.5261971991843925,0.035966073665055984,0.082373910652225
Apul,OG_02285,60.50100681260235,0.6816054701866182,0.4989851839867306,0.06571713399713305,0.13322198679229963
Apul,OG_02284,14195.112364020635,0.9046876133924843,0.7804237542612714,0.0018713728576892476,0.007346177212792315
Apul,OG_02287,274.34469865298985,-0.3528709720409688,-0.29393348447306905,0.15207792278383242,0.2567920072729808
Apul,OG_02286,268.18047324304354,0.9551560660599524,0.8945171707471145,6.024478478316859e-6,6.251176345107377e-5
Apul,OG_02288,62.51524125711536,0.5155335888183975,0.16615795839286562,0.4839501980094386,0.609041023789408
Apul,OG_02289,178.94415249150833,-2.116189114941432,-1.892665193180731,4.397151504038038e-6,4.800135001442008e-5
Apul,OG_02290,594.90412240581,-0.8032960874680306,-0.6839900142892454,0.004970993119120035,0.01657671780884074
Apul,OG_02292,323.0954097022668,0.7341348667285331,0.6073124771013491,0.012645546360757152,0.03551071053719939
Apul,OG_02299,831.8757869908972,1.8062852969795935,1.7594476401294104,1.8189740020622963e-18,1.0934459051063816e-15
Apul,OG_02300,235.9206239347064,0.6197381592834403,0.564521434504272,0.0020615908825679773,0.007953929865436946
Apul,OG_02293,1236.019632722758,-0.6283560323013578,-0.5711765954820489,0.0025918389924988574,0.009653288804362743
Apul,OG_02294,504.30138767724577,1.267776675524854,0.7746156666568644,0.02404130146205734,0.06006661548444751
Apul,OG_02295,946.8518533046896,-0.2965819273003413,-0.24475901591523863,0.20371291316278242,0.3202369836103224
Apul,OG_02296,29.08807790517656,-0.3495370293269529,-0.12615714110452775,0.5989644476291551,0.7092399769234526
Apul,OG_02297,404.05049983604255,0.6643436404315936,0.5808353376121337,0.006858184162321974,0.0215922648713887
Apul,OG_02298,869.9275445632411,-0.0918810184231383,-0.08550806911227878,0.5995576270585821,0.7096627885517504
Apul,OG_02309,1480.3762000203508,-1.8562609432973083,-1.7601789769294713,1.3614475742737033e-9,5.7634613977586776e-8
Apul,OG_02310,1571.5240054882129,-0.21099396822112185,-0.1707173306965831,0.3970826423088112,0.5295805628898906
Apul,OG_02301,219.90894077465083,0.2630557544578876,0.22175611143659416,0.2536384920939312,0.37949839707422056
Apul,OG_02302,483.1375482770912,0.01588571577911001,0.01294537668511134,0.9353376027295937,0.9600386071499994
Apul,OG_02303,1005.5129826462453,-1.3128147693210166,-1.2217389176658087,7.83145139253574e-7,1.1672098711817318e-5
Apul,OG_02304,5033.012013984575,-0.059726617861084214,-0.04153438566740996,0.6614460192616614,0.7627904790487787
Apul,OG_02305,1361.4102226361292,-0.6450136212986628,-0.583639757404974,0.0013288184407459006,0.005575596035461044
Apul,OG_02306,587.3242262087244,0.10599757138634505,0.09069133891589382,0.6134898676402648,0.7224550263173916
Apul,OG_02307,112.54142173271359,1.2267158432221044,1.150606010062417,7.393850443110377e-7,1.1130275366531931e-5
Apul,OG_02308,3309.4586680572493,0.18410665193192186,0.16076425347924203,0.4127438698107486,0.5449065115788463
Apul,OG_02312,292.6944200878451,0.9325866071725715,0.8146735133955495,0.001007957459986891,0.004418450372728146
Apul,OG_02313,122.46114925429337,0.28092000843689596,0.2202041735775222,0.3125546301851544,0.4413061620269935
Apul,OG_02314,1861.782037040802,0.2647281963774239,0.23869674389588838,0.13531428809914386,0.23518290975134545
Apul,OG_02315,197.32426900430684,0.3778569740675982,0.33284865106705386,0.06972541639538772,0.1394353691810182
Apul,OG_02316,1358.3140382816594,-0.30982584175390093,-0.25013927969015237,0.22713842752355923,0.3489109371345713
Apul,OG_02317,5603.833356246517,-0.015738669709896826,-0.011151200579264586,0.9548249742174173,0.9727326621306578
Apul,OG_02318,495.98845598871384,0.20040970907081532,0.16448994917398013,0.3848514052951531,0.5170921057288624
Apul,OG_02319,108.07311959360243,-0.48268225599545944,-0.27634261640492075,0.2692901255406433,0.39592190803847715
Apul,OG_02320,199.57083038289358,-0.11876810680388103,-0.09429996479116678,0.6301990078852162,0.7366482310216482
Apul,OG_02321,14386.707228730487,-0.08750134214639906,-0.06537968450776145,0.7560724439935632,0.8355809814303173
Apul,OG_02322,126.96115490962532,1.6578837489486369,1.554017274237375,6.508001227420826e-8,1.508551338500092e-6
Apul,OG_02323,4436.113395448871,-1.4579324467661854,-1.322972301047794,6.143386327565586e-6,6.345351032721522e-5
Apul,OG_02324,1193.5663017122395,-0.3805852594170949,-0.2943304070659696,0.1890997545586105,0.30302336713257344
Apul,OG_02325,556.3413563486043,0.30925345263713205,0.22378986306006127,0.32435808647379105,0.45421893504315275
Apul,OG_02326,227.3177604967353,1.734280428062782,1.6585163378266807,1.5233485209515132e-10,8.861957169948255e-9
Apul,OG_02327,712.2493779726929,-0.35743096529729523,-0.29995434048901687,0.13165338925975395,0.23044813446584425
Apul,OG_02328,3722.4485313203127,0.18911958221677816,0.16656111271845309,0.32640596578823133,0.45645201512290356
Apul,OG_02333,12.219432721368218,1.755212695103752,0.591982698286528,0.030071630294300402,0.07167747564464888
Apul,OG_02332,953.765027990112,-0.317836064663721,-0.2861894862355143,0.08446571147991616,0.1623592667692185
Apul,OG_02335,23.486150441507665,0.7485560549961515,0.477663321003201,0.09429876298711891,0.17673912821759535
Apul,OG_02331,29167.82572447072,0.13738453959232338,0.1142119990925015,0.5547711663275854,0.672271416042983
Apul,OG_02336,385.3083758519792,0.808976466100733,0.7456057043387782,1.1420666221323361e-4,7.121725264016097e-4
Apul,OG_02337,319.6681155139939,0.8888304873730357,0.7853043327796968,0.001059324746005645,0.004592274632083125
Apul,OG_02346,50.39910476435685,1.0988849033743144,0.5744689915536905,0.06481811490716013,0.13172525177323935
Apul,OG_02347,9.789082707782441,0.29162685855006854,0.05060040937113772,0.7672464514562445,0.8434846687126258
Apul,OG_02344,7.63863810363249,-0.4350230221687619,-0.03380639272366837,0.7468587983899406,0.8293967825727898
Apul,OG_02338,979.7146877065667,0.25408207300740154,0.16394196671494393,0.49205844349739714,0.6152879604828005
Apul,OG_02339,350.56795746277874,0.19414325982665262,0.16301999953762566,0.3902173934938245,0.5227440554351234
Apul,OG_02340,194.2411588560834,0.509148370003638,0.45151713548353267,0.017102950958587864,0.04560399495283856
Apul,OG_02341,778.8982903326811,0.14134659418672713,0.08100626373760571,0.7258824752232806,0.8132906156953602
Apul,OG_02343,357.5800317363997,0.10536412669996913,0.08081257189318249,0.6956266718712543,0.7899830856754534
Apul,OG_02345,47.171006083661474,-0.19181061743903494,-0.07547803342283213,0.7490083315912771,0.830828899736566
Apul,OG_02348,340.62591844203234,-0.10901250156340332,-0.08017915330531458,0.7074011499316859,0.7992276868730751
Apul,OG_02349,1130.8722524332136,-0.8873668069975182,-0.8299176761619986,2.9359614926496967e-6,3.475675425800178e-5
Apul,OG_02350,807.1086610628562,0.9261907796212133,0.79850809000102,0.0015824807351282704,0.006442089746569578
Apul,OG_02351,1351.6303898632057,0.5819610482206229,0.5548105382330254,3.944036179593569e-5,2.9710421245944204e-4
Apul,OG_02352,2161.5233483919774,-0.25750577792117757,-0.2339229870894714,0.12454642190017234,0.22085252434097424
Apul,OG_02353,483.76349281084447,0.9637755967784426,0.830446836925982,0.0015844860409898367,0.006447342342782201
Apul,OG_02354,602.1023823962739,-0.10730011325042572,-0.0682090098800879,0.7674942152568025,0.8435513577487309
Apul,OG_02366,145.52634822769235,1.5114775049615006,1.3228778026258003,1.1478045321552848e-4,7.152559410120389e-4
Apul,OG_02355,24828.691785595416,0.2573326912049714,0.19701627767162533,0.37454296358438977,0.5066103167556621
Apul,OG_02356,490.6855736456876,-1.2325464622863909,-1.0737040719643858,2.0445187395245484e-4,0.001172736989458833
Apul,OG_02357,511.0120506318185,-1.707988468582419,-1.546678260147209,4.853103144472882e-6,5.222008478963243e-5
Apul,OG_02358,360.8410490168881,-1.5706414522813805,-1.4477209739265937,7.570333698765751e-7,1.1376949826961797e-5
Apul,OG_02367,1068.672723228409,0.11633047920656985,0.11192403851185469,0.48438692171428627,0.6093234143122795
Apul,OG_02359,493.67034061102976,-0.13233451403555088,-0.0966237302948045,0.6910598229357239,0.7861829956360613
Apul,OG_02360,184.84281878308963,0.4688088630290147,0.3810792509731937,0.0858792798404291,0.1646552129111523
Apul,OG_02361,144.07149653271398,1.6453093772405536,1.3799147202273834,2.9072807760874715e-4,0.001580165808196548
Apul,OG_02362,154.7823679429099,0.9671998956983476,0.8313241311529073,0.0017140766369896764,0.006838862405192881
Apul,OG_02363,179.8778011627418,0.04644512185418132,0.04065499701367948,0.8032068861288701,0.8694497589704709
Apul,OG_02364,400.8059943971064,-1.0244364499136445,-0.7706063163733087,0.009694006056141107,0.028612390379124178
Apul,OG_02365,395.89224764232273,0.8434818566599813,0.7840749389836655,3.477687656310748e-5,2.682490128054236e-4
Apul,OG_02369,270.4519624437744,1.5849399692431252,1.4237994670504457,9.642064338749433e-6,9.25905155937206e-5
Apul,OG_02370,1724.4298811535414,-0.7435567579872325,-0.6611410622801837,0.0015858493441373853,0.0064499790419877325
Apul,OG_02371,891.9222409494517,-0.020374677056643194,-0.017770459943184606,0.9100947083488863,0.9435756191165772
Apul,OG_02372,160.09713798357691,0.8234550840055247,0.6021944818451629,0.03197479657468424,0.07505613924806417
Apul,OG_02373,34.05948122565795,-0.02553401828930889,-0.017649178922312752,0.9381212604486616,0.961691610444018
Apul,OG_02374,403.2962389386186,0.010347894642840744,0.012048532584578886,0.9679152555523651,0.9805293629160405
Apul,OG_02375,711.7693178949261,0.3359068059752561,0.266398822672939,0.21160334003485132,0.329942090965805
Apul,OG_02377,1606.9737808664045,0.7379409590369459,0.6888484887533204,3.520971138225131e-5,2.711237980646969e-4
Apul,OG_02378,2031.1327303975224,-0.8368781530589114,-0.7558753049596167,4.259384705997423e-4,0.0021747945579829423
Apul,OG_02379,2659.553086015579,-0.5235646336542306,-0.46187453993530586,0.020876136952796557,0.05361439102915596
Apul,OG_02380,1277.9194694701168,-0.17121978610534047,-0.1457155572940783,0.4365341128927401,0.5670819078815144
Apul,OG_02381,93.94899025047262,1.6732635577882933,1.1380697508613287,0.005556229664066922,0.018139219001046862
Apul,OG_02383,27.74623109926501,-0.97860714064707,-0.45711885347260095,0.12382742524829933,0.21988024684204707
Apul,OG_02395,3257.3488497454873,-0.7769885985323498,-0.7017546112323654,7.066085969323814e-4,0.003287662393467122
Apul,OG_02399,31.035755677838438,-0.1397764061777138,-0.048521203714082445,0.8290620605262822,0.8880556664012219
Apul,OG_02400,27.461935761904464,-0.18754285760621997,-0.028569112127211405,0.8497784907450895,0.9029738912125906
Apul,OG_02384,87.17854382979827,0.4922007483222624,0.302110370654758,0.24666798033061274,0.3714132378960608
Apul,OG_02385,37.692246537301386,-1.4684466207328912,-0.794514659378675,0.023061519208399515,0.058172057695638636
Apul,OG_02386,35.482872034865736,1.3920813592773997,0.8178282167210957,0.017771881779198393,0.0470352386272474
Apul,OG_02387,382.04184419892584,-0.31148103863318366,-0.2663222940043644,0.16103350922370752,0.2678544830603525
Apul,OG_02388,391.50272061040533,1.0013620580473608,0.9239399946935575,2.1434158324078706e-5,1.778029490415986e-4
Apul,OG_02390,216.07995242095612,0.23522219114972168,0.19753777999686412,0.2934216303434625,0.42060553623017644
Apul,OG_02391,101.8398002309331,1.0852357790753078,1.0038508061761038,1.3435771539708516e-5,1.2237409290257747e-4
Apul,OG_02393,95.50287142703833,0.9415798051238532,0.5655946995830644,0.057111716374304955,0.11929032813229275
Apul,OG_02394,597.017531628937,-0.8107984277591229,-0.7430283289254306,1.6397339668183705e-4,9.657401161855811e-4
Apul,OG_02401,102.45771712698112,0.12608966249915685,0.0720248997735996,0.7774461357419049,0.8509229494763971
Apul,OG_02402,470.4815516692972,1.2446595308399973,1.1039720450906048,8.923974443191008e-5,5.817501016549915e-4
Apul,OG_02403,281.21054730757527,1.6464951400863912,1.4057114161601647,1.0535176511614476e-4,6.657020785229694e-4
Apul,OG_02405,55.117658810726724,0.6140825311703911,0.4367321185240569,0.09875659381039553,0.1829723852459945
Apul,OG_02404,159.16905557338788,1.6584346456022327,1.435190819095904,1.3756525400791784e-4,8.302716836609071e-4
Apul,OG_02406,2645.232775161712,-0.4579495203169252,-0.4091663803351406,0.019716944325699863,0.051176651406112744
Apul,OG_02409,21.52812053900613,0.37581593988767,0.13618485335422176,0.5523696195938705,0.6702619916401468
Apul,OG_02410,28.10719737608384,0.5698816512882731,0.2199526982637284,0.3565663416141767,0.4897045021774384
Apul,OG_02413,15.90863001063372,0.46069725056591765,0.14304171525708928,0.5208659725892115,0.6414078067319685
Apul,OG_02411,328.28818049946153,-0.1317399050011751,-0.11387863125396393,0.48689509628785776,0.6109542723807718
Apul,OG_02412,137.4390747367682,0.13593679167726955,0.091564969691663875,0.7015514226000953,0.7949094216618572
Apul,OG_02415,158.41990820568972,0.6246537771710574,0.5211475090692728,0.02318215098347351,0.058389233356977835
Apul,OG_02416,895.4940204348052,1.6943362043043098,1.5596172885023956,4.1558625397796883e-7,7.030659009604774e-6
Apul,OG_02408,174.68740097258004,0.03033600234169063,0.02754462410192091,0.9584423277434291,0.9748758566567964
Apul,OG_02407,397.88381301544825,-2.391562534702322,-2.174411727978768,8.52088929589315e-7,1.2472866685238398e-5
Apul,OG_02421,64.39484528891487,0.5472068825779756,0.35878823123967973,0.17451375530490393,0.28455524983441566
Apul,OG_02417,393.7923475248208,-0.30283587938363155,-0.25893477536750364,0.17055439196523522,0.27921004944635547
Apul,OG_02418,384.90216199611353,-0.61529889667531,-0.5664159344574647,9.24014941858623e-4,0.0041003163044976395
Apul,OG_02419,37.02610378848726,-0.15186351663609712,-0.0688562157960433,0.77850546806212,0.8518162550926137
Apul,OG_02420,4834.263223377234,0.3512557090969747,0.30790879727378173,0.08955334832999237,0.17002313548838036
Apul,OG_02422,916.7862796628626,-0.46099738051939754,-0.30886219132187637,0.19331025989673703,0.30861873468287493
Apul,OG_02423,370.31359432961216,-0.4347509394285871,-0.3936635713949353,0.01988650696445718,0.05149613025816055
Apul,OG_02424,212.8094914761736,-0.7710183966189869,-0.6070759701915328,0.022317332874222107,0.056749969127710305
Apul,OG_02427,234.0216690739136,-0.2523405632952006,-0.21836012085589843,0.2074455030828594,0.3249906137523901
Apul,OG_02428,215.23107881670376,0.6834016005517164,0.5981087326456355,0.004759682208514081,0.016002257447491227
Apul,OG_02429,425.7157325475608,-0.1405039295170306,-0.12482564457112405,0.4338126305250297,0.5646201630260094
Apul,OG_02430,122.63820218765775,0.6554656498764724,0.4621430905184162,0.08084881008848668,0.15691212237793467
Apul,OG_02432,262.4090897824876,0.3072919292064473,0.21498297257442517,0.3400147263367044,0.4714612928460808
Apul,OG_02433,115.0571966432951,-0.8542182176228256,-0.7048169590599183,0.008989491696900916,0.02690283658511635
Apul,OG_02434,489.6761026301218,-0.6594241582801972,-0.6132963684868025,9.858271702369754e-4,0.004334082688457731
Apul,OG_02435,5833.5417577038415,0.09367878859527062,0.076579874174524,0.700255965841291,0.793727762272472
Apul,OG_02436,289.7858032474934,0.36418902773761047,0.33218702347601836,0.04054488678730256,0.09071792659084545
Apul,OG_02441,131.98803279381906,0.34729376806054096,0.2985733593388716,0.11564647438862108,0.20776733603550435
Apul,OG_02437,130.17408314047958,0.713310258523233,0.5541088472610303,0.0351968429005699,0.08098237622721072
Apul,OG_02438,8.620742032078066,1.5926775752901343,0.17604336420558486,0.18693884152921245,0.3003612854720079
Apul,OG_02439,107.49370686957351,0.4553694603921685,0.11199030939620791,0.5851208824587961,0.6974287190270952
Apul,OG_02442,343.7307644625349,0.7726353645160665,0.6852727149794748,0.0017471045640817659,0.006942988917728199
Apul,OG_02443,22.438555579756557,-0.9641063473428929,-0.34589017088903773,0.16965484328433575,0.2784270341700327
Apul,OG_02444,237.62068243260327,0.3332368043302399,0.2853483292573855,0.13167004422402456,0.23044813446584425
Apul,OG_02447,150.09211803212503,0.08256635979015159,0.0626108661483344,0.7504166673518107,0.8320840001858432
Apul,OG_02448,1487.4538964002104,-0.018638109193873115,-0.015545472148552874,0.911705777750765,0.9445996780396011
Apul,OG_02450,10.46804075346966,-1.2511699496396753,-0.23940754823185253,0.20942039313674876,0.32742459736199764
Apul,OG_02451,541.5202071210348,-0.6376355907484126,-0.5756202523246816,0.002558782476492828,0.009557505381204822
Apul,OG_02453,692.93240900277,-0.6518962067502346,-0.5219629346750218,0.03193720005817179,0.07501373610954286
Apul,OG_02454,6947.809572016881,-0.1453556125405337,-0.12924628009037947,0.3723796321162096,0.5046399734424735
Apul,OG_02455,229.23690595707436,0.9740626334604421,0.8915625395717159,5.3019265163660955e-5,3.8093602707627955e-4
Apul,OG_02456,478.4053143008361,0.014473210859425892,0.014685217437366612,0.9321684702078638,0.9577556257810214
Apul,OG_02457,375.1087019400358,-0.3231848473181338,-0.29836553076828626,0.039374979677057914,0.08851762446971607
Apul,OG_02459,23.50508110831438,-0.05081490958416841,-0.019186866419618108,0.9308741027946563,0.9570985533550237
Apul,OG_02461,271.7994833762605,-0.4205600008664756,-0.38519605160381815,0.015465576537430338,0.042016602482075734
Apul,OG_02462,682.4146551558551,0.3959381849248005,0.377013076278269,0.0034203047409160016,0.012112652927347
Apul,OG_02463,1650.1045074667568,-1.416784332786843,-1.2552635748486263,6.200068707591144e-5,4.354051365759295e-4
Apul,OG_02466,265.0799555027352,-0.9277125115953987,-0.8102644396883739,0.0011551199595615002,0.004932787522384289
Apul,OG_02465,3669.397146422838,-0.7932080484759071,-0.7548054191157821,1.384348710041474e-6,1.8760220221493127e-5
Apul,OG_02467,1039.955850872114,-0.6552124097113156,-0.6116099344127186,1.7036908078801644e-4,9.988413533586113e-4
Apul,OG_02468,16.36266609731566,3.321829263517053,0.4672018006510888,0.002906246670443313,0.010609565274245893
Apul,OG_02469,68.61796723281064,0.16630577713640993,0.1329661164316032,0.5262475222909548,0.6464814589233705
Apul,OG_02470,140.10355817764312,-0.2010339633780113,-0.15161753100551842,0.49280021637416294,0.6159430501021453
Apul,OG_02471,134.82577385857314,0.06859458268288,0.05411602503911367,0.7933723927532133,0.862427831881341
Apul,OG_02472,876.0542076967968,-0.8666783329991287,-0.6988781028193924,0.008229462924929477,0.025035447771285118
Apul,OG_02473,108.25832602550854,0.35119769774512005,0.2278371258669228,0.3591308573559044,0.4918412729006971
Apul,OG_02474,12715.76901688857,-0.8135018896218262,-0.6735163931336048,0.007619195299701779,0.023512075296855214
Apul,OG_02475,206.9739417607932,1.2659253556735282,0.4503485946834609,0.09266822032879088,0.17439983219314892
Apul,OG_02476,180.56557143581932,-0.176521581972676,-0.13102732796478658,0.5663836034600223,0.6818413106150722
Apul,OG_02478,128.24917350604724,0.11517304422302285,0.09667111813242565,0.6064018632372266,0.7156970681688576
Apul,OG_02479,65.44592053572826,1.9074802267682571,1.5205984313730287,7.534997648317015e-4,0.0034639313020366973
Apul,OG_02480,40.659610073078724,1.5046515327840166,1.235012715488659,0.0010255111721478667,0.004473649849664883
Apul,OG_02481,1945.5717649471067,0.5319910692290852,0.46291920180419016,0.019781452669302254,0.05131454508604673
Apul,OG_02482,614.5857500891565,-0.4793402035360231,-0.41475631847062555,0.03448114271970426,0.07976307437238926
Apul,OG_02483,1439.6109255185258,-0.3958030842861031,-0.3560769074255977,0.045716539022406216,0.09998205975382898
Apul,OG_02484,576.0235444925117,0.39374178000490156,0.32156926476144876,0.12641347031351072,0.22359165590759633
Apul,OG_02486,2706.896234446292,0.5810216703879139,0.5081677208929262,0.013409646589298236,0.03731937756040191
Apul,OG_02487,213.4941847632273,0.5935319950607064,0.45074516701794143,0.07737664509946594,0.15134603229108123
Apul,OG_02491,11.734318406674005,-0.9979662025852629,-0.021236409335572304,0.6951193862103171,0.7897259641938595
Apul,OG_02492,172.2685449303913,-2.4984053702141686,-2.3110437808592477,2.2515764185978083e-8,6.227749867023448e-7
Apul,OG_02488,1281.729160376179,-0.7710933548228941,-0.6875828033173481,0.0016012467753614506,0.006501455291420584
Apul,OG_02489,201.77641263760972,-0.7950833087958263,-0.7491046429286297,8.876260097184128e-6,8.624702294860913e-5
Apul,OG_02490,1017.4619237245499,-0.774041208984307,-0.6772426371958378,0.0019182763751274517,0.0075030365373248906
Apul,OG_02493,129.89241742276056,0.21062258578352847,0.15725410723902034,0.46660637918098136,0.5945396308510688
Apul,OG_02494,16.225590709931563,1.3457229249522704,0.3927857866172389,0.10884274532545629,0.1980648347231548
Apul,OG_02495,49.275366502649014,-0.6905674083996042,-0.3513642458829398,0.19984053034886812,0.3158012727227031
Apul,OG_02496,416.14834986542894,-0.17313418907473052,-0.14438918429645975,0.45471336500475956,0.5841502225741441
Apul,OG_02497,118.58444816872552,-2.6472647788757033,-2.5381243142695866,8.79652999813355e-13,9.672964755264661e-11
Apul,OG_02498,135.12134906346836,0.7210370517619838,0.4450079573027322,0.09631267527197886,0.179469186387153
Apul,OG_02499,234.01435860513624,0.35175540927525084,0.2276278722141946,0.37746321083368756,0.5093663232695841
Apul,OG_02500,65.85061802846876,0.10736932722005628,0.07030403281320821,0.7644052240998176,0.841313018495958
Apul,OG_02501,675.2110658741921,1.4837983428556611,1.3962746797348737,3.2188387692937846e-8,8.561731322336889e-7
Apul,OG_02503,129.46838495811423,0.09780195137978241,0.07502589332494468,0.719323643547722,0.8082419057781695
Apul,OG_02502,38979.8281148658,-1.3843845872016527,-1.3263660458395266,1.3919506888237053e-10,8.150142442287891e-9
Apul,OG_02504,915.8549096324925,-1.341784476104345,-1.1228993385777852,6.949752965982972e-4,0.0032368761618940317
Apul,OG_02505,364.78273624431864,1.4001159112434012,1.2408088977100291,6.572027159206438e-5,4.547963844555982e-4
Apul,OG_02506,138.44931350056027,-0.22458987822541723,-0.17580115611555694,0.39319333427282105,0.5255775216036505
Apul,OG_02507,501.66669473689007,0.2849258113931384,0.2651409251375385,0.0540299100403295,0.11414894536870925
Apul,OG_02508,447.9912699148598,-0.6699484174428948,-0.6149462903456334,7.706416269411927e-4,0.003520200380004425
Apul,OG_02512,255.6295899953223,0.4618638285829946,0.39619383662333,0.0516389091151798,0.11002553012560874
Apul,OG_02513,1238.2961337087231,-0.45353440365714903,-0.41803785397145166,0.0029674204404549903,0.010780511729082454
Apul,OG_02514,107.78566376125957,0.9883444763371635,0.4475175947055438,0.10986928212685507,0.1994885110017386
Apul,OG_02511,551.6593062007861,-0.03088291564199384,-0.025661520517337465,0.8882486893857972,0.9301287228186892
Apul,OG_02517,673.2863607395659,-0.5243058104665561,-0.4685707255114845,0.013005709946739434,0.03637484075364438
Apul,OG_02516,789.2277983199302,-0.45638173324135306,-0.34694521201928974,0.148883074347038,0.25291610425532063
Apul,OG_02519,92.22633870615654,0.701030470411351,0.42677371453951257,0.11469811453492185,0.20631017330169366
Apul,OG_02520,151.4196126068282,0.45284510098534486,0.34397360064807714,0.1426514556089216,0.24514735567479437
Apul,OG_02521,119.39314894915174,1.067483778380885,0.8651174372311289,0.003470018532822927,0.012251040372147349
Apul,OG_02522,463.5024781901055,0.27988393594882977,0.24620946505004518,0.14777886219947212,0.2516566573092805
Apul,OG_02524,95.28540541762875,-0.8373296467062262,-0.7180404882618328,0.004090970815711617,0.014058035002009014
Apul,OG_02525,123.78609836524693,-1.1834117054413207,-0.9020633854807901,0.0060979286271624,0.01958853666944188
Apul,OG_02530,210.0157204756262,-0.06784631970273064,-0.05377356433686466,0.8072757194265421,0.8717967880715771
Apul,OG_02526,16.374622884535484,-1.5536302650398892,-0.5738463297617294,0.03905934642322115,0.08796916048182625
Apul,OG_02527,82.43347534770557,-1.1390965952307206,-0.9474390755454141,0.0020567261345123306,0.007938998097130858
Apul,OG_02528,108.78110390548856,0.38701372035972714,0.31389759344585366,0.1448548502696582,0.24794156888411312
Apul,OG_02529,73.73223885184659,-0.16263537282142804,-0.11931348080416765,0.6010004241317684,0.7106242885387037
Apul,OG_02531,457.5280337951023,-1.8380328694267054,-1.7795892800509499,2.111583285520532e-14,3.966697184487216e-12
Apul,OG_02532,681.725713567243,-2.4515208174434826,-2.214531862157782,5.756836734751093e-7,9.012048062022674e-6
Apul,OG_02537,346.0583119981293,0.05197476698348977,0.032416567115309484,0.8695351314570553,0.9175012679952694
Apul,OG_02533,361.8648065076286,-0.4915785191325065,-0.43695221629023323,0.0171097166380673,0.04560399495283856
Apul,OG_02534,96.1246377275662,-0.016318298894593984,-0.012270671791945964,0.9485737975466965,0.9686625065094634
Apul,OG_02535,1395.409253242854,-0.8896935043687022,-0.8050606406428429,2.2009574678129637e-4,0.0012505377118632323
Apul,OG_02536,70.26416093105895,-0.291605009305911,-0.21949979115831852,0.3291140030837934,0.45931294935870065
Apul,OG_02539,127.7714928643696,0.7266457700401562,0.35740802195129706,0.18621680057632792,0.29934206608085645
Apul,OG_02538,656.7037170045844,-0.905103735111877,-0.8180448396965563,2.586370168060359e-4,0.0014281261362768067
Apul,OG_02540,1177.978798200517,0.23899664474998283,0.158701498143462,0.4948067466248777,0.6176180003206703
Apul,OG_02543,14.81227870619316,0.7004476602105018,0.13943735507046526,0.4347302307131438,0.5656511530072753
Apul,OG_02541,1672.9574540810274,-1.0611928004987605,-1.0260890013835677,3.751907585539424e-10,1.8486858305360102e-8
Apul,OG_02544,94.25852472691406,0.8111969731378837,0.6406613711455422,0.01783492015313495,0.047156668382128245
Apul,OG_02555,74.82571069134909,0.3659866240147432,0.2582007846222672,0.2832138627552616,0.4101074996730679
Apul,OG_02545,82.22946990174613,0.5303393196540351,0.2889121059593861,0.27286494924978005,0.39980878248054386
Apul,OG_02546,79.55899062698464,1.2112788908488794,0.9118511085306023,0.00821514488863297,0.02500790564416426
Apul,OG_02547,181.17481469435728,0.7373202251810727,0.6496614550182217,0.0031319586263367804,0.01127009437524381
Apul,OG_02548,357.2328697386694,-0.27727687012894536,-0.22308404193537423,0.29534470885825986,0.42258382097348923
Apul,OG_02549,2136.1489098114007,0.22889421445417887,0.17953856536055934,0.4003890261931855,0.5327295040849865
Apul,OG_02550,2659.3007825075156,0.8159929635086862,0.7662561274438477,1.4859275256499532e-5,1.322666189416153e-4
Apul,OG_02551,752.2538451672656,-0.31507162442833003,-0.28836359554420343,0.0568845778416178,0.11897688672795419
Apul,OG_02552,1138.384975236346,0.14956411044435877,0.1424756864366446,0.23550484071892785,0.35937504632976347
Apul,OG_02553,1757.4290933805212,-1.5979515297741287,-1.457917432585917,4.493662813967053e-6,4.881850312474809e-5
Apul,OG_02554,96.00272903267212,0.13181531847293124,0.10979136496134746,0.5694229676335956,0.6846895451596389
Apul,OG_02563,240.86520730005637,0.3412405038690142,0.2804178371363725,0.17976394829091857,0.2915868900412327
Apul,OG_02564,609.1438018304019,-0.23320128296185247,-0.20840482748224146,0.2282930021159512,0.3503264125390626
Apul,OG_02565,1920.8975571090436,-0.4428391992014594,-0.38756091364674417,0.040430450351649556,0.0904843313032574
Apul,OG_02566,323.509939221317,0.7541068060390681,0.6889321023998252,4.2970233501280923e-4,0.0021873311261539634
Apul,OG_02557,60.68686681608348,0.61533229417007,0.31278625110720537,0.22307376280405922,0.3437127865109542
Apul,OG_02559,131.07083906096733,0.5392574200489963,0.38326315563689267,0.12974721545612664,0.22814560096877803
Apul,OG_02560,55601.1627438853,0.4240448821629792,0.33742088458284897,0.13072088939718748,0.22945498534055667
Apul,OG_02561,354.7317397962433,0.03237891101397512,0.026701165298230637,0.8721911597398719,0.9200141790883232
Apul,OG_02562,2030.9728740591086,-1.2606125040951486,-1.1642890849070255,2.727452988377557e-6,3.253101004788417e-5
Apul,OG_02568,43.7825067414569,2.758244113706229,2.2243951385320493,1.3812269892603355e-4,8.325216418556447e-4
Apul,OG_02567,4601.919206846402,0.03975171870796089,0.032948937510324273,0.8429876702730551,0.8983831489010918
Apul,OG_02569,8.919780535821829,0.6097940578612772,0.09741099190845799,0.5477645693557469,0.6661083104357074
Apul,OG_02570,50.146905543466815,0.5623178539610775,0.279257059678266,0.28345296946572135,0.4102560875878667
Apul,OG_02573,303.2857876605701,0.18875529721184853,0.16587591873435117,0.35068938178911474,0.4831370175999587
Apul,OG_02574,91.59530837137454,0.8034692706802334,0.6827055673188211,0.006732023719993474,0.021284241894523544
Apul,OG_02575,4435.85287528704,-2.204958551597015,-2.0739925724628105,1.984387948024406e-9,7.8824784701921e-8
Apul,OG_02571,853.4635010946607,-0.2758934044717592,-0.23635038667454436,0.17739634058061932,0.2886291596924295
Apul,OG_02572,690.9204758994213,-0.4050751285313389,-0.36985127225270337,0.02880757228614886,0.06934273339674434
Apul,OG_02576,1872.5862447645547,0.1611757876800141,0.13670502328154513,0.4849196749718079,0.6096654641969871
Apul,OG_02577,228.6548929595208,0.364024383202806,0.3305060231956674,0.05499464524756904,0.11572618814406771
Apul,OG_02578,23.606987885388712,-0.8030966026748984,-0.29387300815189304,0.2397360841472059,0.36382810267084836
Apul,OG_02579,7.10275303984063,0.26250040124434765,0.04369060746880282,0.7907739276720336,0.8605368701205318
Apul,OG_02580,207.35964439148728,0.5144673513668839,0.37974318133420765,0.1227757508696833,0.21835679400235392
Apul,OG_02581,275.3176643010148,0.9634000693503895,0.8787589980400662,8.959391481736178e-5,5.832984331466795e-4
Apul,OG_02582,1396.8862370860784,-0.6115251226655617,-0.5425022559418352,0.0031420148796763216,0.011278559606634849
Apul,OG_02583,804.9089174680473,-0.6800906550178734,-0.6236822654920575,8.762872520573957e-4,0.003925227099752378
Apul,OG_02584,195.14545395138555,1.8989356277955978,1.6053329114700794,1.5486997566714256e-4,9.16915673401592e-4
Apul,OG_02589,12.641743481562306,-0.4204592535305547,-0.12293211991404322,0.5725325130272867,0.6873286739404931
Apul,OG_02591,287.6362998751305,0.2404826344412035,0.20846424601301,0.24557378869297078,0.3708166821050965
Apul,OG_02592,174.06036068279508,0.5880165223444712,0.49208043946585095,0.028836294775001936,0.06936324913670136
Apul,OG_02593,175.55147935784822,-0.5106054357624449,-0.4272874394244096,0.046290920520558734,0.10109111899585327
Apul,OG_02594,60.13689126314682,0.6985531636775343,0.35963492755631465,0.18003371706502402,0.29185903599445034
Apul,OG_02595,424.105978084796,0.21711277693163195,0.1841541411907077,0.32282433734852495,0.452707161721874
Apul,OG_02596,935.5336533784546,0.896146827614344,0.8345636346795268,5.394750981758378e-5,3.8698862054507e-4
Apul,OG_02597,30.416085757342227,0.6567877072625442,0.416225193195979,0.13702408977487762,0.23746804103403257
Apul,OG_02598,4488.610368457188,-0.49167312896919463,-0.4377340081448131,0.010880344277472935,0.03140463007361506
Apul,OG_02609,103.28978930867785,0.483820260045341,0.3341439031051503,0.1903219381888294,0.3043868245208717
Apul,OG_02599,1097.6600301596868,0.5840527677118229,0.45433700817923844,0.04554326277779522,0.09965144393772858
Apul,OG_02600,164.03708339044425,0.4377702447708204,0.275329930116299,0.2849318259942925,0.4119997233788543
Apul,OG_02601,342.99219545436455,0.1355027605790067,0.11876152912609449,0.5011670603597649,0.6236780790052723
Apul,OG_02602,983.6968366372555,-0.3136916100916745,-0.23664648482374023,0.28630073970234954,0.4133825091907263
Apul,OG_02603,24.696536279334694,-0.12139300007926324,-0.03432067255438871,0.8730964758095839,0.9204329291132068
Apul,OG_02604,87.08733666876527,0.08978111369701067,0.06091660348067561,0.788819648752842,0.859399195163019
Apul,OG_02605,3440.035493619182,-0.25656358375948324,-0.21528676788920895,0.25796702596375093,0.38403313077681067
Apul,OG_02606,1058.7884840904496,-0.4066217666297076,-0.2998273342190173,0.19638760346493406,0.3120400036023454
Apul,OG_02607,2738.616120358288,0.8578384999047478,0.7824831415198601,2.7236690079096175e-4,0.0014947853587535618
Apul,OG_02615,78.86521596052,0.7315053931793174,0.47036664401285405,0.08954327598216733,0.17002313548838036
Apul,OG_02613,35.87143332562871,1.319768580272196,1.0858267171048623,0.0016641342637508693,0.006695894090246135
Apul,OG_02614,129.09026755929003,1.1047221156602969,1.0075063073720651,4.260587392919069e-5,3.16977859092007e-4
Apul,OG_02611,477.220266538965,1.0270090606543136,0.8814538873966188,0.001111438612255621,0.004783695449503071
Apul,OG_02612,642.814470900378,1.1059889102432736,1.0506190795550516,6.433481747082676e-8,1.4951212606557857e-6
Apul,OG_02618,11.920698515650507,2.0852995917625634,0.5756550355143449,0.026354404427358223,0.06464342123925881
Apul,OG_02617,107.8706767680322,0.5463383279271036,0.4364575062441854,0.06305770209611139,0.12902003626063907
Apul,OG_02619,10.678554925143503,0.3484412451323571,0.046951542188299354,0.7450976731570529,0.8282230915750919
Apul,OG_02616,541.247379364909,1.335953885874007,1.1882233487396967,6.952042227523469e-5,4.7670391456714156e-4
Apul,OG_02620,639.6596222603569,0.28987112592987146,0.24092753447644816,0.2164714598234474,0.3354396207643969
Apul,OG_02621,50.72001163139613,0.168581167587928,0.07390261704000774,0.759814389592887,0.838278031439993
Apul,OG_02622,120.95192931688601,-0.657659902773578,-0.534737081954068,0.02760993335473739,0.06701447350192921
Apul,OG_02623,53.201309394344285,1.8378406608265463,1.597296513587486,4.412908932819628e-5,3.272302619016002e-4
Apul,OG_02624,55.7570285542739,0.09707369957166756,0.07128257425063877,0.7562691224447379,0.8356959163093384
Apul,OG_02626,42.375427832047976,0.12057816033141329,0.08404865887816199,0.7149453570443186,0.8045604360103
Apul,OG_02625,1280.600805088156,0.8892515549018193,0.8535838851407014,2.942436419727217e-8,7.919466707891877e-7
Apul,OG_02634,109.41775723342028,-0.038194754985559964,-0.03098136848392522,0.88117616347319,0.925948661698841
Apul,OG_02635,421.19516403824207,-0.1351452977790953,-0.10470185126470447,0.6168510734742949,0.7252765848895185
Apul,OG_02636,251.67698307911178,-0.2171857146773475,-0.18643472024348862,0.2865926518411762,0.41360530436169746
Apul,OG_02637,845.9546627831775,-0.2750863590435893,-0.22998507447719638,0.23694910706666641,0.36066341971980603
Apul,OG_02638,99.46143347429587,0.9015939515315453,0.5808188927539751,0.06006912834257828,0.12405939767865973
Apul,OG_02627,277.2239548854854,-0.34577554493654794,-0.30734986177449086,0.07367196250204772,0.14555216605630242
Apul,OG_02628,163.70927529737796,0.07494986607197487,0.06520737648159594,0.6896050489111956,0.7848250316839896
Apul,OG_02629,97.81947156660075,0.7596382684218956,0.5838367361445428,0.03094059754192948,0.07326453992530937
Apul,OG_02630,284.50531964857004,-0.020410712746933762,-0.025022566795277274,0.8924490181125802,0.9322535676924393
Apul,OG_02631,230.7544146935833,0.9617145132548244,0.8079433611387008,0.0026501803478776263,0.009829977867878467
Apul,OG_02632,53.538375566689254,0.3442805148205964,0.12495439581690586,0.589518226485767,0.7005384618110386
Apul,OG_02633,809.7385015869014,-1.49255938132096,-1.3718401600593866,4.317724956270709e-6,4.7421347053219224e-5
Apul,OG_02639,1480.118305975958,0.7826622995530653,0.6897547172325014,0.001802139146169004,0.00712354614946524
Apul,OG_02640,1174.5315204196718,-1.5420752284362402,-1.411301860617808,2.3403027222699204e-6,2.886800225267835e-5
Apul,OG_02641,22.467173027297385,1.2368492013188193,0.3408914384199936,0.14135930532558205,0.24320489527204223
Apul,OG_02642,40.26483180387629,2.018770040547914,1.7568787547897213,4.482398711258663e-5,3.3183734958472383e-4
Apul,OG_02643,87.88616457128164,-0.7809899542248242,-0.5597803946016291,0.048133057884615554,0.10406393444484884
Apul,OG_02644,332.2813294209182,0.5445575923237852,0.492555898727786,0.006488857396675805,0.020653027584124864
Apul,OG_02645,1208.1244444178524,1.2995945166849658,1.256078295266084,2.6379975850026845e-11,1.998892791930185e-9
Apul,OG_02646,420.9183222174024,-0.4268232110920836,-0.37445163917234475,0.04112809021611025,0.09166909650889685
Apul,OG_02647,220.69363412760612,-1.0226893517582556,-0.9036810068970189,4.182049043816217e-4,0.0021389413629092926
Apul,OG_02648,697.9548186578028,0.5146130908464613,0.4691565986518894,0.005835821725579345,0.01890143839782649
Apul,OG_02649,608.191122751489,-0.406956894813832,-0.34168599567061975,0.10269677438664941,0.18863654810438332
Apul,OG_02650,2890.0381346709,0.34101220868662585,0.2924564349210622,0.12294411715297947,0.21852692772884208
Apul,OG_02651,23.804899157534848,-0.20020619337216733,-0.06906186576632768,0.7686333919383137,0.8444946137574966
Apul,OG_02658,44.011840552305515,0.42563193858486575,0.14964686794272689,0.5203416110938875,0.641060296110614
Apul,OG_02652,121.90663293021251,1.0585275051169356,0.6568305945376041,0.04408138667991059,0.09704147062811373
Apul,OG_02654,988.3447108448745,-0.3675083977284118,-0.3199733305538101,0.0817094642849362,0.15822490585763177
Apul,OG_02655,122.1863674217606,0.1556728492388711,0.12908383630493647,0.5019563184065996,0.6241615226368841
Apul,OG_02656,63.11211817442408,0.49954739604031306,0.418673833248147,0.0528059712223198,0.11187768856006994
Apul,OG_02657,294.18532469557147,0.5125214868257101,0.4346838332328721,0.03483154622201868,0.08034690516345419
Apul,OG_02660,178.74654766552692,0.3202107787160674,0.2755742231220772,0.14564555257441997,0.24910583223891217
Apul,OG_02661,1224.9050324651832,-1.6722977589195864,-1.5480865189792223,2.8700824130301455e-7,5.292338061000578e-6
Apul,OG_02662,237.73128156923138,0.5884757188291799,0.5262294806349378,0.005473698295737968,0.017928201065263077
Apul,OG_02663,732.6229259122044,0.48978039641013665,0.45632154999144736,0.0024240970561054866,0.009122739213231708
Apul,OG_02669,218.5537943553339,-0.5331985230346739,-0.4976672928871224,0.0011251253767911105,0.004840293665327024
Apul,OG_02664,3085.1628677126673,-0.829182662868386,-0.7620651116481699,2.0509223914212815e-4,0.0011756622506958483
Apul,OG_02666,1896.0067984006505,-1.9709164482210395,-1.8881220299375676,1.2111341439153516e-11,1.0157470394459364e-9
Apul,OG_02667,78.61085465609054,1.131523441241499,0.9385413844533267,0.0024019804341867367,0.00905462273204925
Apul,OG_02668,960.2493869385738,-0.737980873267064,-0.6982731898852775,1.0360018859664008e-5,9.87487209911103e-5
Apul,OG_02674,306.59999297328415,0.1545081847933502,0.1218817228490666,0.5733717312885915,0.6881529217395488
Apul,OG_02671,265.69272098503353,0.5778980996601086,0.5253255736273866,0.0030980456304504807,0.011169563154646936
Apul,OG_02672,137.91323000045418,0.4285728784975075,0.3324490594090751,0.15739631155892828,0.26350585616911554
Apul,OG_02673,780.5411184172998,-0.26046105895019456,-0.23390448907535896,0.15124115068690666,0.25586143634968805
Apul,OG_02676,239.90142811496906,-1.1841220560088133,-1.0620144456222578,8.098959069364426e-5,5.39352392381529e-4
Apul,OG_02678,62.33569817380883,0.44251949585476574,0.18304823973954013,0.43213814268804,0.5631723706631098
Apul,OG_02675,4863.377318342411,-0.03188761869010505,-0.026915706380502065,0.8917203388609303,0.9317082613567796
Apul,OG_02682,3569.2250269156225,-1.644754939557694,-1.498170206473566,2.3638262145430995e-6,2.911833466739772e-5
Apul,OG_02679,267.01249975701177,0.47920827570203034,0.43636403761049547,0.010615826740415136,0.03076917702292616
Apul,OG_02680,146.6981750325474,0.7873135653912248,0.7280141636337168,1.2940306521389773e-4,7.916061323159537e-4
Apul,OG_02681,1748.466794555417,-1.906631598319475,-1.750125135538823,4.0436029991211385e-7,6.866510026944502e-6
Apul,OG_02683,688.6070546728777,-0.46272362212816864,-0.32651180960010234,0.16797859629032097,0.2763983581660263
Apul,OG_02684,286.92204477961565,-0.44173396823956756,-0.35653205979047975,0.10820676197339883,0.19719085948143436
Apul,OG_02685,3402.1319441025817,0.34189361214881747,0.30626935094794,0.06839413512183246,0.13759703623238806
Apul,OG_02686,1750.3427012501386,1.140575831913666,1.0611211500890938,2.6897655862163648e-6,3.220931778341695e-5
Apul,OG_02687,277.0291740633316,-0.8582142971293935,-0.7721182302492356,8.70153300705991e-4,0.0039016272065966785
Apul,OG_02691,11.941469241597613,-1.8786644405518045,-1.220877692279904,0.007969298735401408,0.024433582691980447
Apul,OG_02688,816.8682287026672,-0.12347985733296357,-0.10708446318125558,0.5740609670216708,0.6885295017746216
Apul,OG_02689,50.89971884992375,-0.33887104400268775,-0.18387257372024388,0.4677070410776359,0.5954080732828733
Apul,OG_02690,232.8394074222887,0.38964733985194167,0.2970097304299674,0.19484276694664746,0.3105026608699612
Apul,OG_02692,78.50800618134292,-1.0857621187871231,-0.6436153870200432,0.039432181843661075,0.08862412355042172
Apul,OG_02694,2804.981324573609,0.6469788393706047,0.3436298718534286,0.1909762756070376,0.30527088763493315
Apul,OG_02695,657.6809321147532,-0.08579526993285415,-0.06681277168161791,0.739656556399173,0.8241051734896013
Apul,OG_02696,168.4080632792266,0.5230519780447875,0.38928981570183363,0.10908113268571479,0.19842335554308863
Apul,OG_02697,722.0761102923769,-0.7799479790502534,-0.6832717085837442,0.002177656369591976,0.00832383530504911
Apul,OG_02698,618.6523432763718,-1.6717031309633956,-1.4925494100071526,1.740876524016891e-5,1.5079234982766867e-4
Apul,OG_02699,1023.8114916708782,-1.2877137451619094,-1.1033092238809654,4.8758011000372856e-4,0.0024276697139169632
Apul,OG_02701,1473.606218686393,-0.5679114724128248,-0.4858283711436903,0.018065390053593578,0.047672116509585395
Apul,OG_02702,205.1870906699142,-0.7254089940606934,-0.5509847119482064,0.039072472854576254,0.08796916048182625
Apul,OG_02703,1717.6509937389674,-0.3537868259007212,-0.3307779375397591,0.01670799251066153,0.04475816056703357
Apul,OG_02704,151.0804262757733,0.21930877031169213,0.1860522892024562,0.3270307944267802,0.4571839803637639
Apul,OG_02705,42.09498412253598,-0.14246989064973092,-0.09138898772446716,0.70205372808604,0.7952787017778673
Apul,OG_02706,1186.0984734796198,0.590768941380764,0.5408358369130645,0.0022118328051156503,0.008429457482556137
Apul,OG_02707,158.34116914771494,0.1492386538717717,0.10773086325821739,0.6250621603554033,0.7324477582748111
Apul,OG_02708,399.15982344667685,-2.202680417034288,-2.0538292870854034,2.6612698473506202e-8,7.249749309232792e-7
Apul,OG_02709,113.34124851738855,0.08760624372629702,0.073229973919642255,0.7124853434773563,0.802458199117577
Apul,OG_02710,1105.4078949111215,-0.06297352254604559,-0.05472772769570624,0.7088057074768529,0.799512267240278
Apul,OG_02712,81.86108599716384,1.9851219663570856,1.4530837059647976,0.002042891656177701,0.00789912266884834
Apul,OG_02714,474.7216147575693,1.2589148113894821,1.1944116381242635,1.0586102127254297e-7,2.267336885545178e-6
Apul,OG_02716,196.65611811927633,0.11808913187657132,0.09570353955856317,0.6316026091927485,0.7376195735126295
Apul,OG_02717,652.7434235109793,-0.6050347013159086,-0.48279082984229327,0.041314026527508624,0.09200508204459008
Apul,OG_02718,63.34723608185978,0.587241179369684,0.30625469405888195,0.24077331839905228,0.3650055501015895
Apul,OG_02719,343.5516984265594,0.06485639921936347,0.05744427801085115,0.7268730631311203,0.8139247417480279
Apul,OG_02720,277.1757870662246,1.1514661435410376,1.0647804477809788,5.486194547620174e-6,5.77909068176298e-5
Apul,OG_02721,2352.6007788880274,0.6880506345981625,0.6551371859092641,7.695628120279994e-6,7.686327357129024e-5
Apul,OG_02722,1221.2558324556258,-0.8763784203577467,-0.7075360553755762,0.009548549830178872,0.028312816119277502
Apul,OG_02723,84.26685633862814,0.4362078804550614,0.3038944591777509,0.21558163503467362,0.33423308168976135
Apul,OG_02724,861.8005203666319,0.5064026522469487,0.4231598986101541,0.05200581094423423,0.11060589246159828
Apul,OG_02726,1153.9045013841865,-0.8644619018111264,-0.7931200652161376,1.8143687542237236e-4,0.0010575412447857346
Apul,OG_02727,13.794093200952148,-3.057177154604319,-0.3690729775744012,0.008343681450195232,0.025306079931520488
Apul,OG_02728,86.71240064393486,0.9085788445764312,0.5527646021305848,0.06401278670967706,0.1305004064574176
Apul,OG_02730,463.5137984671298,-0.4568493648413575,-0.3812149180241629,0.06108860985098478,0.12581909434132704
Apul,OG_02729,2991.034081766066,0.2263629343465203,0.2029953838878679,0.18801472587930376,0.3014989833280601
Apul,OG_02731,185.36903107802146,0.28984535100059045,0.2529600499274273,0.1570604076260905,0.26309004190311314
Apul,OG_02732,861.7720364739325,-0.33188836593434257,-0.3098180694995588,0.03379251001174358,0.07841149325164486
Apul,OG_02733,186.1120833485814,0.31390117322151107,0.25769166423347395,0.19846084121940027,0.31411762599309256
Apul,OG_02734,11715.311075098098,-0.7520938603303341,-0.5799142431772409,0.027008789874919094,0.06591021875565507
Apul,OG_02739,168.48879406391688,-0.7217390290064266,-0.6462715044621626,0.0018022224441097726,0.00712354614946524
Apul,OG_02738,672.7750642673591,0.10642601198426417,0.09784585041645431,0.4959403863185213,0.618690434896805
Apul,OG_02735,2242.786036771285,-0.11830582921326674,-0.1061307972301009,0.4862200758597612,0.6103642522661098
Apul,OG_02736,169.9577346365555,0.76438343115742,0.7088282597870224,1.2908210576420998e-4,7.901787832151265e-4
Apul,OG_02737,9469.432803041887,0.11401420970003433,0.10076794309539684,0.5424341909757459,0.6607357508501871
Apul,OG_02740,2299.796197788348,-1.615189491230713,-1.5133653011842174,4.811745913776107e-8,1.1952482893806932e-6
Apul,OG_02741,432.18924825214606,0.25474098567861425,0.21853083772592322,0.27731082220986647,0.4037753575322463
Apul,OG_02742,358.44805187343286,-0.21457424776530218,-0.19666332736154515,0.2038733260786771,0.32043328939366067
Apul,OG_02743,595.136493595099,0.7303342359858389,0.6693295194586261,4.4350028490100637e-4,0.002245391391887914
Apul,OG_02744,262.916041845063,0.7891345216909577,0.720024411803899,3.5675399642435705e-4,0.0018702620847432718
Apul,OG_02748,1497.631314080831,1.922848943547837,1.8393888776208678,3.384486034988919e-11,2.4414328461996064e-9
Apul,OG_02749,26.95308862153116,1.5527331026489102,0.47629131736109076,0.050837674151141723,0.10862637626086373
Apul,OG_02750,459.63271209403973,-0.9752294027534416,-0.9159787435861753,1.3856389783203308e-6,1.8760220221493127e-5
Apul,OG_02755,83.07109998619977,0.6081657097546191,0.4049992964266502,0.13484877669819867,0.23478111980839106
Apul,OG_02754,38.313457818263885,0.1163042014982433,0.04092942540351441,0.860319114988075,0.9114672141754755
Apul,OG_02751,486.5605319946682,-0.04563898014108078,-0.04075085457939565,0.7840202593099093,0.8559765925895934
Apul,OG_02752,610.9117350604564,0.4108279561349485,0.359994665324319,0.05184887953546894,0.1103685898893587
Apul,OG_02753,92.50986463596786,-0.486971993349352,-0.3206375171759863,0.2121484571672173,0.3301592402963063
Apul,OG_02756,1345.7703917888755,0.3030476147526111,0.2897972855713862,0.02395772551085153,0.05989099277276081
Apul,OG_02757,194.60997112198794,-0.0719208838211093,-0.05519914192405354,0.8056379473836369,0.8712445876179244
Apul,OG_02758,1458.4019049327958,-0.5164647628442901,-0.45812169963414756,0.01475252526681759,0.04045727503980967
Apul,OG_02763,1000.0519491820218,-0.3054451124545998,-0.22407507195675616,0.3167308332079255,0.4458956944630545
Apul,OG_02764,241.43577704611675,0.6959479928825901,0.6221185092110372,0.0019576078959557502,0.007618364435836426
Apul,OG_02765,219.5857382271885,0.8770620717604377,0.8091192983475987,4.5899192327512324e-5,3.3896234006320936e-4
Apul,OG_02766,309.37760851622755,0.5455680557624932,0.46897450944499913,0.02599971078979089,0.0640895003257366
Apul,OG_02759,550.2004678398806,-0.06655441285269685,-0.04863928011152547,0.8236874134347756,0.8848087256013228
Apul,OG_02760,256.01427041296523,0.13037857369511474,0.10424883754085502,0.6069810487849245,0.7160547990509663
Apul,OG_02761,694.0248720541222,-0.18490397924559987,-0.15432052597637516,0.4440518028602347,0.5739700553885804
Apul,OG_02762,17108.262328693356,-1.109468256354074,-0.9754383888154274,2.8366858158592405e-4,0.0015483290557870928
Apul,OG_02767,477.7653735543745,0.6105812498453238,0.5033259320055666,0.030125574977401516,0.07178707969641371
Apul,OG_02768,490.75169488437484,-0.44458434214943005,-0.38328276614244067,0.03746450694006295,0.08502830583401652
Apul,OG_02770,216.88284507219655,0.9990255291472067,0.8718302638237645,7.624781196919626e-4,0.0034908961666088967
Apul,OG_02771,1525.0098080952541,0.7530239935019581,0.6922210037338042,2.493106540206253e-4,0.0013842574921822527
Apul,OG_02775,489.26980529713666,-0.20597526444904884,-0.19023606858449021,0.15207785857246423,0.2567920072729808
Apul,OG_02776,46.731829183548456,1.9354819366713967,1.5255580908280117,9.667539220412468e-4,0.004266872303008283
Apul,OG_02777,151.7119902886302,-0.9405541930538363,-0.7477369525744004,0.008265451131791479,0.025127974664654
Apul,OG_02778,71.97953669408125,-0.1828553479345666,-0.13409629757044178,0.5398243718874396,0.6588738524527571
Apul,OG_02779,236.1162321827769,-0.36020006693499845,-0.3247763714828996,0.04346956276822692,0.09588186092981951
Apul,OG_02780,37.87626954716996,1.8916354346948858,1.6422203028830875,6.991245185166496e-5,4.786640686001997e-4
Apul,OG_02781,478.5777498966001,0.20274740660835064,0.1805286061127588,0.25089447107499824,0.375987276995722
Apul,OG_02782,500.6081373195041,-0.11687549154590061,-0.10347673476732881,0.40321607454262015,0.5353061460763849
Apul,OG_02783,326.6750751628998,-0.7061778082640213,-0.6129033144635073,0.0047840264732683215,0.016048797081318684
Apul,OG_02784,228.94447692333515,-0.23400393553090784,-0.20517013590538444,0.242510652677321,0.36696065702154784
Apul,OG_02788,25.592741911027396,-0.014842835647917729,-0.004526375122792527,0.9835254039410469,0.989140781181309
Apul,OG_02786,1005.0905553382452,-1.3627047411366269,-1.267275526387344,5.179007753756216e-7,8.324262551803886e-6
Apul,OG_02787,65.79902907018814,1.1026829573408738,0.628187513369855,0.04683457680267892,0.10202610244692956
Apul,OG_02785,1820.361390617281,0.41684963580397916,0.34404811705927124,0.10174983211877783,0.18712588949929018
Apul,OG_02789,206.47161935937044,0.8981068486939477,0.8190773673773664,1.365446376110568e-4,8.262143055700179e-4
Apul,OG_02790,569.3173550609021,-0.8507384188651658,-0.7878023585476933,5.106636579715304e-5,3.6925855685078507e-4
Apul,OG_02791,41.2156096727176,-0.2526722360802539,-0.1220511468883514,0.6227504044671097,0.7310689229371081
Apul,OG_02792,673.27177555344565,2.396645950412503,2.3448356955167826,2.3883073488407496e-21,4.307073472899408e-18
Apul,OG_02793,540.8616327201134,-0.32651210779607454,-0.3090062410766345,0.01186280437777811,0.03360568868188037
Apul,OG_02794,1240.0880291887056,-0.4462561643124578,-0.39487775104375705,0.04612529700921848,0.10077824161185439
Apul,OG_02796,299.81359125130257,-0.30929666332942907,-0.28262672559349966,0.08107908555795182,0.1572236805324842
Apul,OG_02795,2171.8869177026068,0.3551179873753486,0.31548212860520264,0.07211148015521754,0.1431277166100807
Apul,OG_02797,560.6417015793329,0.042587192437867114,0.03540746761948844,0.7837842936677274,0.8559322818610555
Apul,OG_02798,287.18306700033634,0.20596626166520438,0.17304110677757173,0.3405596903765379,0.4718541376959499
Apul,OG_02799,110.15282012945104,-0.7996547408667771,-0.7215439864963001,6.175259970430977e-4,0.0029461544525595826
Apul,OG_02811,156.3794388258959,0.6646056680621995,0.5848872698797639,0.0057839755490909405,0.018760591904117913
Apul,OG_02808,204.57992391240225,-0.44771366131058465,-0.3550663610705819,0.0927425776113666,0.17447424012661328
Apul,OG_02809,432.59559200082214,-1.4515191357319144,-1.2952826311632233,4.0339968514296494e-5,3.0211419941313247e-4
Apul,OG_02810,10.510377743637397,-1.5156253430793352,-0.2830558264688077,0.13387197231626993,0.23362174847606076
Apul,OG_02800,1345.0546498103172,-0.447080308265642,-0.4264662445321588,5.390728623367696e-4,0.0026375555402253317
Apul,OG_02801,98.9179017928248,-0.3024276921740845,-0.22848433737889443,0.29801797995875234,0.4256657888940393
Apul,OG_02803,269.8509559012185,-0.24494615908527742,-0.20688475743796236,0.255324024531043,0.38142092929032717
Apul,OG_02804,24.181004759383594,0.7539211510945243,0.16806424973162865,0.3731115690686168,0.5053848607919059
Apul,OG_02805,1879.0033682347962,-0.38687648572071553,-0.23692554986885941,0.35155152237285275,0.48391908711139187
Apul,OG_02806,427.9476671210522,-0.9385242620620383,-0.899749311299435,1.9062543789113453e-8,5.486163720221282e-7
Apul,OG_02807,553.3192848119783,-0.3575947570505179,-0.331653349720321,0.02034447416071297,0.05245814226684268
Apul,OG_02834,97.50970269470596,-0.029958453318383715,-0.017585162432883886,0.943876761926491,0.9653550407348959
Apul,OG_02835,243.2854757118108,1.1090325567283705,1.0263271355038275,7.040929053774813e-6,7.141513754543024e-5
Apul,OG_02836,28.640258157353422,-3.0625873749133796,-2.6089226228298767,1.3631893840810057e-5,1.233734689906414e-4
Apul,OG_02837,218.37968945255233,1.2689905392205056,1.1671106738176786,6.080455241958426e-6,6.287553316139807e-5
Apul,OG_02838,83.1598658245853,1.4140611283669733,1.1291060147886522,0.0012644479148064625,0.005340293605531556
Apul,OG_02814,190.76836318633417,-0.4817530745921492,-0.43846682709818413,0.010731713181166579,0.031015339023903542
Apul,OG_02815,121.66390213531369,-0.12739519076421457,-0.07122237858947232,0.7622289100520269,0.8400020207374395
Apul,OG_02816,1060.7425381166154,2.9393623689898356,2.833561013561001,3.026881370923848e-14,5.351644965023595e-12
Apul,OG_02817,130.9892080236922,0.5885647241402187,0.4682641060207582,0.04867980707229882,0.10493564914437448
Apul,OG_02818,377.05574460327017,0.8867444678569657,0.8554851621331923,7.61297523848548e-9,2.494216263940761e-7
Apul,OG_02819,324.88027240786573,0.11305346605749625,0.10574307829654869,0.4031096382095962,0.5352436471412059
Apul,OG_02820,144.8228903500172,0.10248503344667803,0.07645727597183508,0.7082803203291728,0.7994196580808801
Apul,OG_02821,199.00521402989975,0.16171888660547534,0.13463709006875096,0.47393099819395457,0.6004546593669929
Apul,OG_02822,2189.994511494308,0.2445259837629674,0.19390211063258983,0.3612741855477758,0.4935771713764082
Apul,OG_02823,365.17164997038924,-0.8925506759639077,-0.8180143136579922,1.0815746394297939e-4,6.796208030479757e-4
Apul,OG_02824,109.83464011246318,0.579418692553783,0.40063545928952876,0.12713165904943305,0.22459760377130444
Apul,OG_02825,292.39119259652864,-0.8083389193819353,-0.7010276101100337,0.003025714486533362,0.010943789620967237
Apul,OG_02826,1178.8325576713044,-0.9941908686173944,-0.7830388581674694,0.006946886276858926,0.02183341706463469
Apul,OG_02827,196.0746869893954,-0.06229693256608361,-0.050972141473586294,0.8028523425040525,0.8693115966518652
Apul,OG_02828,286.8761355358789,-0.6933726100460348,-0.5204163750865417,0.04990802221068663,0.10696948806126963
Apul,OG_02829,3195.401101458959,-1.3318462251953616,-1.0911141003555658,0.0012037403878676545,0.0051078245070130075
Apul,OG_02830,147.49488465929963,-0.33737936780015976,-0.2767934498500721,0.17888871025521336,0.29042843002723423
Apul,OG_02831,293.8391535959117,1.429852249990526,1.343100434181455,8.249801969482676e-8,1.8458676019559625e-6
Apul,OG_02832,450.4749977784907,0.039701837428883,0.0340983056550669,0.8497988733314898,0.9029738912125906
Apul,OG_02833,2255.152212439335,-2.618659257508682,-2.376138810197647,2.5747954649535037e-7,4.836860564059529e-6
Apul,OG_02839,6649.132485911154,0.2811022526188131,0.2350539911571001,0.22876759015169007,0.350875550331313
Apul,OG_02840,127.11158655979484,0.28800646259158513,0.21008782966247858,0.3747270682024515,0.5066103167556621
Apul,OG_02841,628.1825472758345,0.12791015606544076,0.11710500482420634,0.4052728760149448,0.537482794973784
Apul,OG_02842,811.9581480781044,1.1868695351413798,1.1170272210037482,2.1591636216108748e-7,4.232430081753318e-6
Apul,OG_02843,224.65387157244044,-0.10092501257242638,-0.08246037453909313,0.6704070370216917,0.7700552905702057
Apul,OG_02844,955.2463180562802,-0.1058997870176924,-0.09339022665317205,0.5552853564443494,0.6725329830837742
Apul,OG_02845,262.3358213739863,0.4828518400006717,0.2890911483234402,0.2817938834633376,0.40851052205609567
Apul,OG_02846,95.81294693996446,0.5999504778791118,0.5323248500554651,0.007873705422396769,0.024165146968601656
Apul,OG_02847,125.92812170044765,-0.2366895222418976,-0.20291765608976836,0.26680313572040903,0.3937420417006429
Apul,OG_02848,710.7130712452084,-0.3842822569112986,-0.3144201553883829,0.12941414896513279,0.22778203810630535
Apul,OG_02849,251.70884339970695,-0.015190321136588626,-0.010505771121560457,0.9729646541318765,0.9835050238606624
Apul,OG_02850,647.7664962638755,0.22727583050630848,0.18258531128180638,0.37285167859832025,0.5051534367758305
Apul,OG_02851,173.768064223925,-0.005000615491806662,-0.002951337348978791,0.9872665671848426,0.9918087158919482
Apul,OG_02852,368.7112509109971,0.016742198109074374,0.01582148530573239,0.9231568910739137,0.9524148383081786
Apul,OG_02853,274.83558507362704,0.6174927058486419,0.3750807049299011,0.16586401127501793,0.273718116703301
Apul,OG_02857,248.85009823885258,0.42472205694530046,0.3858212299547995,0.019937047629791538,0.05155502107193298
Apul,OG_02858,74.88450039850623,0.03539450449497956,0.023677131915598965,0.9131782518529971,0.94569062788084
Apul,OG_02854,316.5721209993231,0.6461382194543005,0.6020193458031838,2.932921104066674e-4,0.001590819585711421
Apul,OG_02855,3765.8768728695227,-2.615444085028776,-2.380988007745821,3.4936685301724626e-7,6.19655791174046e-6
Apul,OG_02863,39.626579132613024,-1.06749497385957,-0.8495868721826015,0.005998972064314448,0.019318832537115492
Apul,OG_02864,583.6798218780059,0.265374971389089,0.2522049777812057,0.052009424868268456,0.11060589246159828
Apul,OG_02865,230.67034808824286,0.5557517501102945,0.48179588940533363,0.016542478219702558,0.04440712298513187
Apul,OG_02859,130.61376249457163,0.059939734036221715,0.04640931574151731,0.8472980089630875,0.9015914735449799
Apul,OG_02861,539.6450914538418,0.03900194114532671,0.03520126413041381,0.8265079636471226,0.8866183331352657
Apul,OG_02862,557.338499769275,-2.718764957582211,-2.5612322323607977,3.6462290572620574e-10,1.816466707697899e-8
Apul,OG_02871,541.7623919924796,-0.3483038094467335,-0.30604105351810074,0.07801936231372342,0.15243783098219807
Apul,OG_02867,557.6878523984433,-0.10375659306704643,-0.0887913341173663,0.6310148615459616,0.7372196173309066
Apul,OG_02868,1548.5330543026307,-1.124356576775458,-1.053811249817785,5.61902681275618e-7,8.872084804636221e-6
Apul,OG_02869,266.2482329049466,0.32752376071756206,0.3001828065684485,0.05031100138888031,0.10765408151958562
Apul,OG_02870,228.46693524616302,0.9418623622373028,0.7369629265357525,0.012489619371476933,0.03513850167632059
Apul,OG_02874,841.2767460503461,-0.12778093007208632,-0.11610297844782363,0.4278495159954233,0.5588757186340333
Apul,OG_02875,708.947090984075,0.5125041969592773,0.467700624937514,0.003927203295095451,0.013593701386516577
Apul,OG_02876,54.39462571907451,1.2286386701332643,1.0193176088307767,0.0017496708662952185,0.006949987520995972
Apul,OG_02872,947.6860434580288,0.11168367107352066,0.09266489120599035,0.6058691202669558,0.7152555456202069
Apul,OG_02877,617.4761286019481,0.9472773169711999,0.857006309986593,1.0412509372210004e-4,6.584123212427602e-4
Apul,OG_02878,96.28655270643534,0.5795489220182836,0.475235668231867,0.03877201449020466,0.08744553643276023
Apul,OG_02879,96.83034973781072,-0.36546659150018224,-0.30761531152982385,0.12098679645615636,0.21579894785119927
Apul,OG_02880,85.8523094726834,-1.241876512585078,-0.9618120459003943,0.004042576341743251,0.013925452288587024
Apul,OG_02881,131.02252450444706,0.582879391451302,0.51582906561084,0.0095639032637952915,0.028349018977528645
Apul,OG_02882,622.8358551953264,-0.35541338420185953,-0.28927699713131655,0.18857624319460645,0.3022919084241362
Apul,OG_02883,412.31532961409374,-0.22575153091816103,-0.1906559493189842,0.25409308493802707,0.3798337776668087
Apul,OG_02884,1166.988530947439,-0.3266403989783532,-0.3012460433328502,0.03960235867647852,0.08891794526539015
Apul,OG_02885,29.824448191145223,-0.30911970852286613,-0.1923661176935523,0.4371550605725678,0.567698846169432
Apul,OG_02892,548.326442751803,0.14922210870348332,0.11158073771236765,0.6140040244606226,0.7226884664761313
Apul,OG_02887,423.53625164912035,0.20088488654871478,0.1521353037590068,0.4796803872041238,0.6056116005908128
Apul,OG_02889,976.575674234066,-1.2676507732280433,-1.1633228132889186,7.566115062961356e-6,7.588838656587602e-5
Apul,OG_02890,313.66589803998755,0.13365839363268714,0.10977837308466058,0.573701826390549,0.6884574618796354
Apul,OG_02891,1084.8800160449357,-2.2007875099538463,-1.9852208644114606,1.8885287667850974e-6,2.425764086909006e-5
Apul,OG_02893,274.0191402274355,-1.2016806788446135,-1.1194369605645205,1.7126067372453023e-6,2.244560312462339e-5
Apul,OG_02894,115.10764947715401,-0.099897304821903593,-0.07481011037578264,0.7170466086299346,0.8062862289582392
Apul,OG_02896,116.76081080294743,0.5636472993373626,0.4685611915893313,0.039798921003406054,0.08930295930432963
Apul,OG_02897,52.71353397790604,0.9427123209670398,0.6695987555430319,0.02695662902143998,0.06580107031638384
Apul,OG_02898,92.47853294918481,0.05042493404340056,0.03792580900807924,0.8611277673429508,0.9121096062646996
Apul,OG_02895,492.0466318268818,-0.22746720500474507,-0.20357449578740458,0.23203417991184808,0.3549688763912877
Apul,OG_02899,584.8385312375784,-0.4609661043706623,-0.42951281081452775,0.0034657548758942973,0.012240780147253771
Apul,OG_02900,333.07356082826385,0.10761054038785749,0.08613176635124091,0.6113675402627906,0.7203320411014743
Apul,OG_02901,309.947293711592,-0.306341010039467,-0.24043216322478306,0.27094401841703697,0.39782860434795125
Apul,OG_02902,1487.4114383634092,-0.14093109208243285,-0.11590891794297233,0.5696979711377761,0.6848375690906982
Apul,OG_02904,420.44149225580657,-0.27285957679915623,-0.2537342186326552,0.04325482819937989,0.09547828295564467
Apul,OG_02903,211.02128758067155,0.29057493580404675,0.2687815152096414,0.06218542344645637,0.12761173491504257
Apul,OG_02905,700.1090979672547,-0.9361108676432514,-0.7883606671333465,0.00255060769597622,0.009531218232332191
Apul,OG_02906,166.4739329469758,-0.8704505014893724,-0.6710496104477122,0.01832727748283357,0.048209959824581906
Apul,OG_02907,3949.4078212080276,-2.841844773762799,-2.7040653976307234,7.337402133931682e-12,6.75115867772061e-10
Apul,OG_02908,198.320940254425,-0.17519960944210652,-0.12757857859601848,0.5684324194993962,0.6837720286320778
Apul,OG_02909,248.79520265025445,0.857927523049048,0.7832714691329695,2.0361115614023407e-4,0.0011686580489602106
Apul,OG_02910,338.7261021076675,-0.8460753595029592,-0.7034150449787043,0.006782231571474095,0.021405454000693706
Apul,OG_02922,164.5129058930383,0.9783000356474892,0.8613003195740151,6.031890943213299e-4,0.0028915236913851314
Apul,OG_02923,81.3694059715768,0.48436441263980434,0.36698736502575996,0.12919018026602674,0.2275210655192897
Apul,OG_02911,227.74423492357155,0.3977616042356403,0.3361355651873782,0.09549039746716524,0.17860130967878635
Apul,OG_02912,238.36714275807054,0.7085029570078827,0.6157374684157809,0.005119104747317829,0.01700146132838485
Apul,OG_02913,463.00526185987866,0.6478349821536029,0.5953509473451772,0.001145782367153294,0.0048964547889200245
Apul,OG_02915,120.77746762035444,-0.0013904417179601283,-1.8888944969653863e-4,0.9948746997743979,0.9960898476422104
Apul,OG_02916,1216.4491182231013,-0.0691546295652713,-0.06889840371428252,0.6793117293051022,0.7766392624754795
Apul,OG_02917,228.20377629847013,-0.474685117347282,-0.4360149986274432,0.009626450988617734,0.028478250841327466
Apul,OG_02918,1610.9648659166157,-1.003202628752843,-0.9122950305724907,1.0547580192623652e-4,6.660191218269431e-4
Apul,OG_02920,145.22283451801727,-0.8742072166834565,-0.762263435768316,0.0014892400103915314,0.006120545658022078
Apul,OG_02921,93.99950500428346,0.6147005143687623,0.453162217600786,0.07860018616122977,0.15327376267642923
Apul,OG_02927,176.05804232701402,-0.7224551537695234,-0.42264416957021655,0.1353038270592713,0.23518290975134545
Apul,OG_02928,110.04366631464134,-0.14084042188295906,-0.08882174001575623,0.7123889495907673,0.8024498636427169
Apul,OG_02931,264.1872101394672,1.069195688900599,0.9770752437439817,3.942292624492723e-5,2.9710421245944204e-4
Apul,OG_02932,2690.772941243432,-1.8706007804340348,-1.6973722627357146,2.029290114290702e-6,2.566354692925562e-5
Apul,OG_02929,1071.3775101752292,-1.7247471599163195,-1.585413751303707,6.325122745966919e-7,9.81645986237241e-6
Apul,OG_02930,2251.4081689010104,-0.8725213743543336,-0.8040759225452976,6.529665398389535e-5,4.522119270144273e-4
Apul,OG_02935,27.517354362580345,1.3595777017054949,0.5970808303468017,0.04911239354768409,0.10564079121504473
Apul,OG_02936,487.17621269507856,-0.8969632614688644,-0.8200572427096814,3.0681835918775266e-4,0.0016536647607865906
Apul,OG_02937,427.9040242600855,-0.0902197727078766,-0.08873801475196962,0.4337226180482117,0.5645845022290639
Apul,OG_02934,691.173892257014,-0.42795835500852014,-0.35895037822728987,0.0857630757651447,0.1645023727237417
Apul,OG_02938,182.55083207378289,0.5767933945421825,0.5296391465419187,0.0022506752364783414,0.008563012070601353
Apul,OG_02939,496.5777597078797,0.17650192098880127,0.1554053528612398,0.3490338878996924,0.48144998733234307
Apul,OG_02942,255.66811318050387,-1.1068248464972161,-0.9463705854933563,8.006091582448433e-4,0.003633161942573605
Apul,OG_02940,591.2035410510098,0.08422651528085617,0.06851962856469777,0.7229479859422874,0.8107987548807967
Apul,OG_02941,103.94354586405586,0.5650951093161063,0.27192197141989305,0.2814762137796923,0.4082469068122061
Apul,OG_02943,26.870999934645823,-0.2511356406008057,-0.08425043858782752,0.7120936204297904,0.8023485261892186
Apul,OG_02944,34.765010634097564,-0.6599314327695266,-0.2237603677246208,0.3559046585743143,0.48905704150633833
Apul,OG_02945,270.1640478091557,-0.3984143737302544,-0.34804062964690985,0.05776115201148158,0.12048711271181757
Apul,OG_02947,29.623159490353924,-1.4725834654861008,-0.9582771023230555,0.009765805604116428,0.028749026814338174
Apul,OG_02958,155.42009112107286,-0.0625098698540048,-0.04918981622127938,0.7889677966683765,0.859399195163019
Apul,OG_02961,102.82783001284358,0.26179702189265636,0.19654559118910198,0.3667107448766867,0.49888816936528124
Apul,OG_02948,59.340016193865395,-1.2432112204970283,-1.0002554068914828,0.0026144384272419187,0.009725408951501808
Apul,OG_02949,251.39147166142098,-0.05981475209109932,-0.03504684829506842,0.8900421214732912,0.9307579117713588
Apul,OG_02950,66.56255816679915,-0.7482907896268576,-0.3904140383105053,0.16730328018722232,0.2756547734694828
Apul,OG_02951,20.904436359854955,-0.20856957433855852,-0.08452849167315331,0.7178695058345339,0.8070332967598631
Apul,OG_02952,181.5526596900029,-1.7639304673922844,-1.7072963470649223,9.994917004591657e-14,1.5538649419034994e-11
Apul,OG_02953,62.68029539658555,-0.1130864634426812,-0.07185430243471372,0.7597837690912075,0.838278031439993
Apul,OG_02954,163.08378408191902,0.2599165299136645,0.17900108301332623,0.48365868068542384,0.6088441049477128
Apul,OG_02955,271.8679166541475,-0.37586912509464054,-0.31866035098797646,0.10121674934609089,0.1863735815506844
Apul,OG_02956,245.26493609028677,0.02132571741301573,0.019966045447320068,0.909115498382532,0.9429994764655805
Apul,OG_02957,374.4810481992059,-1.8355333466961314,-1.7096055195322275,9.993144063059568e-8,2.1608676262975568e-6
Apul,OG_02959,3339.316986068234,1.1257343927679575,1.0496069633396496,2.7206518193170604e-6,3.249287080103567e-5
Apul,OG_02960,1412.9381463993209,-0.9782577396948086,-0.8405277782232125,0.0014008540658395924,0.005820968254228389
Apul,OG_02962,646.781900614341,-0.31415307556920186,-0.29334935612091617,0.029927615593602443,0.07139082270040031
Apul,OG_02963,87.74177684856848,0.18870481622256838,0.13470486860094164,0.5615334398152079,0.6777335064668356
Apul,OG_02964,286.8974510998945,-0.692170551649707,-0.6160983293418223,0.002382470689730752,0.009003662283865125
Apul,OG_02965,291.5180803877028,-1.1365879368342877,-1.0673058597909504,7.785470110708529e-7,1.1661392689079535e-5
Apul,OG_02966,528.388302404521,1.0414772682472169,0.8427388657025415,0.003532422083856725,0.012438745565335444
Apul,OG_02975,102.43478620140256,-0.8062590383588375,-0.5866094555257557,0.0392003101027347,0.08821292642784098
Apul,OG_02976,1477.609245405473,-2.1425690320649466,-1.9566301738790077,6.569212780853724e-7,1.0125571221360347e-5
Apul,OG_02977,242.87610217500765,1.0477225677522088,0.7913399385359724,0.01095896345532949,0.03157091804367604
Apul,OG_02969,266.34166653797763,1.4412639060585077,0.9407180927165288,0.009873861903245004,0.028972539141412366
Apul,OG_02971,291.11164472643975,-0.1565361665200712,-0.1319922107006393,0.48877472286216356,0.6126374821994864
Apul,OG_02972,7739.571270659183,-1.8926472357372395,-1.836326951722104,1.1002213293485775e-15,3.306898575578708e-13
Apul,OG_02973,750.6913397064312,-1.0482924921637304,-0.9817290922397293,1.8168410805620363e-6,2.343699001921013e-5
Apul,OG_02974,962.9081813638347,-1.146480407681179,-1.0783035342584655,4.0240236787611605e-7,6.846155002148941e-6
Apul,OG_02978,433.7483393793044,-0.30666342746863007,-0.23156527554049375,0.29377735917615366,0.4208755080539208
Apul,OG_02979,167.51899848894573,-1.1831944608776666,-1.0954814048704717,2.8727438522017013e-6,3.421866752351749e-5
Apul,OG_02980,237.58708969940486,0.12576650909830014,0.11098157284677955,0.5326845798295192,0.6524336941487061
Apul,OG_02981,29.115840485971006,0.8496526175384738,0.3963614168617336,0.13561064608843387,0.23556177919079335
Apul,OG_02982,321.65314172455584,0.8637947383856782,0.7258903932587413,0.003851576369616013,0.013378144886297221
Apul,OG_02983,191.6123846342063,0.7997710940821533,0.7321657222485134,1.9598542978014436e-4,0.001131370435549015
Apul,OG_02985,362.9411699242998,0.525788593808892,0.475641667822896,0.008518723147992046,0.025715877678421255
Apul,OG_02986,36.690213884475256,0.3277109994062815,0.14595827537292988,0.5565589442012763,0.673171294414877
Apul,OG_02987,953.5812281077466,0.7335879151086105,0.6747962262333645,4.1421739205229984e-4,0.0021245723686778087
Apul,OG_02988,589.6142774439165,-0.7668623904724923,-0.7179077229409936,5.663397988262182e-5,4.0400996566582355e-4
Apul,OG_02989,418.5136799511446,-0.16677165958993642,-0.14682367473466384,0.4195812181720778,0.5516716016706948
Apul,OG_02990,1645.777277226757,-0.2422087729183149,-0.21685327126586773,0.18149857374441095,0.2934247949794393
Apul,OG_02991,128.71273716008952,-0.1652030176694749,-0.13978615638629346,0.449168475655294,0.5788199657250693
Apul,OG_02992,91.14354382374894,1.2337103889036525,0.9795667470487502,0.0031883908379508803,0.011413148148393445
Apul,OG_02993,455.2965073001502,-0.6712698241866618,-0.5293965562241798,0.03631856756367127,0.08290747435990477
Apul,OG_02994,1635.6963263496357,-0.005601686247207848,-0.001287449770791468,0.9763382907462352,0.9858502091443229
Apul,OG_02995,1089.5688224259798,-0.6275606503714303,-0.5581595916259849,0.004712672109876468,0.015850117275179453
Apul,OG_02997,949.9512072896584,0.2002871569722276,0.14926462901624796,0.49842670044201637,0.6210379810971026
Apul,OG_03002,773.5439780291437,-0.7232284494171375,-0.6446284158323548,0.0019560648575583403,0.00761564629559739
Apul,OG_03003,59.890199180041876,-0.734890194778813,-0.4093738393841965,0.13312132484034886,0.232536804743399
Apul,OG_03004,1521.572573516834,0.48047222410914026,0.4054877280696846,0.039984040048715516,0.08965525244184591
Apul,OG_03005,164.16450328112336,-0.04864436050992643,-0.04146369306151618,0.8271919399196492,0.8868955883532531
Apul,OG_03006,298.29852189073904,0.562609503799572,0.48029415580417767,0.02194676226402923,0.05594966223770189
Apul,OG_03007,565.0345283444101,-0.23993871202660888,-0.19808920758070345,0.32189580650010946,0.45175634042202134
Apul,OG_02998,1605.3981331589744,-0.753065763560731,-0.4503078884424917,0.09580156891610253,0.17886747145206303
Apul,OG_02999,1396.1696577551018,-0.2999275897029921,-0.2652295809462702,0.07878843520477394,0.15354124059681146
Apul,OG_03000,218.2806418956543,0.18971984752439805,0.11660111817759636,0.627428097045764,0.7344565949710052
Apul,OG_03001,273.55198220188083,-0.04130125315746763,-0.039303572711404736,0.7841842945492417,0.8560520319552678
Apul,OG_03008,378.51733275029846,0.29573827544290415,0.24141447439513872,0.21206173589692423,0.33015733841149886
Apul,OG_03009,31.920521836764863,1.1086970066796211,0.4769610286589594,0.07402118801365039,0.1460820863031485
Apul,OG_03010,484.09396520423104,-0.656935471043585,-0.6164995366080044,1.446238293688397e-4,8.647699399329094e-4
Apul,OG_03018,977.4074895974034,-0.5853666878815447,-0.5430955901577729,0.0010090027628078062,0.004420883339279878
Apul,OG_03019,935.7193333245363,1.049086755845309,0.9988451381052139,5.233804934730046e-9,1.8516765391003488e-7
Apul,OG_03014,635.4569530099022,-0.6699506413601354,-0.6002454403652786,0.002623636630805762,0.009747561392655773
Apul,OG_03015,761.4934346058001,-0.45164784645660666,-0.4262822163474151,0.0019112682791553898,0.007483241890205884
Apul,OG_03016,218.38612835668488,0.26290129681058455,0.20647681374173904,0.33567662833085526,0.46652221912135045
Apul,OG_03017,1983.578705175339,1.3911474433708972,1.2907715470566696,7.599906998811764e-7,1.140238958540527e-5
Apul,OG_03020,773.4773943324032,0.07428679825932369,0.06898231240262137,0.6904736606831937,0.78561526793443
Apul,OG_03021,419.66838104854077,0.4870065485579398,0.4495086547975877,0.005908391052236129,0.019081648323070622
Apul,OG_03023,193.51826069617684,-0.11629590436843525,-0.09591599549916997,0.6139240436403861,0.7226884664761313
Apul,OG_03039,393.81672040749913,0.30190140674401467,0.2615351935329261,0.14850925858200428,0.25247133948603556
Apul,OG_03040,356.2695611872108,0.18274654774163707,0.16415715944026751,0.2972109474868423,0.42480235025556645
Apul,OG_03041,440.7704532846985,0.872675482860052,0.8009355856117764,9.171691426270347e-5,5.949722416595663e-4
Apul,OG_03042,253.8925767210522,-0.8860991588215205,-0.7421940191442794,0.0039504970032817055,0.013663840229609182
Apul,OG_03024,531.1913114563158,0.3615119164578655,0.3172292407753335,0.07816277413464805,0.15261882511306224
Apul,OG_03025,1936.639086400944,-1.9353221187806695,-1.7550506562752273,1.8119955684736794e-6,2.340797140533978e-5
Apul,OG_03026,867.0470068858173,-0.8439030869306535,-0.7754321805547351,1.0626178165543775e-4,6.70512585855201e-4
Apul,OG_03028,84.16613266784125,1.0303357068750592,0.9209642487960554,2.699752710118041e-4,0.0014829245934483686
Apul,OG_03029,440.20168427906844,0.6989145244465996,0.6055227108760217,0.008756065669776337,0.026311563613475655
Apul,OG_03030,481.4226516900183,-0.3001071264216991,-0.27474394337393077,0.06981025111485291,0.13954312442975586
Apul,OG_03031,728.4500376507887,1.5129893716737441,1.4550959540221282,1.5274599535173928e-11,1.2297416429344937e-9
Apul,OG_03032,812.6992749713673,0.3175176363343861,0.2928369852591678,0.04256574906969705,0.09425721005929721
Apul,OG_03033,2189.5268365900697,-0.1810546585477093,-0.1484271314661822,0.4441594220894457,0.5740268753017818
Apul,OG_03034,70.8084792944278,0.008369515394286887,0.006479195760640404,0.9757297192971394,0.9856177036572474
Apul,OG_03035,1515.2330889925056,-1.9458579955206834,-1.7703266067350334,1.7986556235819496e-6,2.3302410571606954e-5
Apul,OG_03036,472.11333254618046,-0.25181410044275876,-0.22729688014816704,0.15085685086305226,0.2554989151450305
Apul,OG_03037,560.9854481481868,-0.16005923400877822,-0.14060373535809642,0.3947130189925633,0.5271219330947783
Apul,OG_03038,402.2971789542022,1.3060342921303176,1.1310994229290416,2.3643913294113316e-4,0.0013308187651249674
Apul,OG_03043,1710.9276736788117,-0.3715466864450704,-0.2750788030094389,0.22711290748247,0.3489109371345713
Apul,OG_03045,88.10712522525749,0.4750353520399668,0.38392966385332483,0.08894174627750959,0.16905306201186845
Apul,OG_03046,30.104991542394618,-0.6859388083914777,-0.16271206901803115,0.4239454641934831,0.5556818947603506
Apul,OG_03047,989.5360495429197,0.26879892257226284,0.23671099848462507,0.17032673202416027,0.2790197857002531
Apul,OG_03052,10.784870893356437,1.1253535577439455,0.2998552876666346,0.14477715178082323,0.24785562513910822
Apul,OG_03048,202.23332216442304,0.9249636212711911,0.7855643930204783,0.002772372168273757,0.010211797320802478
Apul,OG_03049,674.9243875660133,0.38113553081535406,0.32661588431462313,0.08829571880558958,0.1681441386420277
Apul,OG_03050,209.0919598434059,-0.8672336021085362,-0.6657944489198685,0.016741863093370415,0.044822262325689144
Apul,OG_03051,1014.0149458999874,-1.942051531866179,-1.7814198409326005,3.8778405308860217e-7,6.7181546656145475e-6
Apul,OG_03053,43.46634807928165,-1.2810445559576096,-0.6120525888754437,0.036786182263755775,0.08371676581297559
Apul,OG_03054,956.3446124920862,-0.6627300099703838,-0.6358329828782935,1.908057981843653e-6,2.4404196911041443e-5
Apul,OG_03055,605.8195284066352,-1.7053218440982953,-1.60212844968935,2.243255114191252e-8,6.223825035280776e-7
Apul,OG_03056,202.45307632426793,-0.10623857674463548,-0.09127900396408908,0.5837388512341763,0.6961477610869684
Apul,OG_03059,89.54457862132031,0.5390342198984324,0.45069800234677154,0.03906976998621231,0.08796916048182625
Apul,OG_03060,82.23902746547685,1.7741576641320347,1.3926092541498512,0.0010423975943007464,0.004531966782936273
Apul,OG_03057,705.2969267307134,0.5171646176134244,0.4450835237679758,0.03355376194251645,0.07795781278940243
Apul,OG_03058,706.410994376871,0.5958981587427185,0.5281966486205535,0.00804232597668203,0.024607279718948716
Apul,OG_03061,155.49608490265865,1.432993654456615,1.1447658060773873,0.0015308276857773024,0.006251573026564282
Apul,OG_03062,62.60060800582778,-0.6946723528263837,-0.6463699040108429,2.2391559287411318e-4,0.0012714401139457673
Apul,OG_03063,24.735298917538817,-0.03503038355646842,-0.0108220758851835,0.9590678489200715,0.9752920710175126
Apul,OG_03064,602.2433696993038,0.4936088875396016,0.37523380624613234,0.11042965304750367,0.2001685414710874
Apul,OG_03066,1098.8473322679788,0.4899321430353774,0.4359110311489537,0.014000269595610224,0.03868845569831976
Apul,OG_03067,218.31418274376756,0.38836373023983595,0.3393730388958207,0.06716151338237662,0.13554059224908013
Apul,OG_03068,686.4468753825062,-1.4572348711510514,-1.208512699085207,7.246556032752819e-4,0.003354322163620748
Apul,OG_03069,164.85365743083315,0.022103762931565907,0.01903450793709185,0.9116629210647722,0.9445996780396011
Apul,OG_03070,1513.0699015951554,-1.644886130108678,-1.400147913158492,1.4711948127739914e-4,8.779459713291251e-4
Apul,OG_03071,354.6116253309423,-0.466692186097011,-0.37396400367738186,0.08958410964902906,0.17002313548838036
Apul,OG_03072,208.47295239703448,-2.044688269397672,-1.6942042963119048,6.19443112348779e-5,4.3534828870217773e-4
Apul,OG_03094,467.82454736040455,-0.28044656307406723,-0.24818099417967032,0.1411431740600135,0.24287938940823314
Apul,OG_03095,95.32355772405768,0.3041781639434482,0.2473545203109989,0.23649963347933448,0.3602833578447641
Apul,OG_03096,81.31457286557824,0.5869415030620627,0.3675314531652101,0.16687273880312614,0.2750426597821031
Apul,OG_03093,233.64659727378097,1.005506304256952,0.7395232546493401,0.011516172714624311,0.03287158257922362
Apul,OG_03097,539.9720045415537,-0.7867472541021291,-0.7291139242952234,8.929157598874441e-5,5.817501016549915e-4
Apul,OG_03099,451.9960944211026,-3.5938923954454154,-3.4534343358355133,3.57208495009423e-14,6.194132691346091e-12
Apul,OG_03098,219.3925539398549,0.20928970630293656,0.185545893217284,0.2687132591787991,0.39556781649571227
Apul,OG_03100,452.16579873014314,0.1515297582026852,0.12775668630573866,0.49053236697158226,0.6140846406750431
Apul,OG_03101,225.59875930928692,1.1419299836809542,1.0226422972237148,8.896920295941213e-5,5.804886418849632e-4
Apul,OG_03103,1081.6869187716638,-1.3271321879769225,-1.247972220718904,3.58221322741637e-7,6.321099152957614e-6
Apul,OG_03089,8.721207320486418,-0.6126531213040274,-0.05172137207736137,0.6558522588064823,0.7576963251323576
Apul,OG_03074,1036.9974460670398,0.20686869377017347,0.18828509230637394,0.2101465955626338,0.3283472278960785
Apul,OG_03075,100.89265033562955,0.6022614920743677,0.5174439799814339,0.01709318260169145,0.04560036317143544
Apul,OG_03076,252.63622159835055,0.11023085292432591,0.07302986636560026,0.7327301724422896,0.818309136105044
Apul,OG_03077,767.6624814025615,-0.03525019200457529,-0.03323718420544399,0.8214727025344812,0.883386091488865
Apul,OG_03078,586.364936438955,0.9863724145978157,0.94896983533662,2.341130564663098e-9,9.099126854123774e-8
Apul,OG_03079,578.4001674318187,-2.43267597650146,-2.2058628439675037,3.49125160919126e-7,6.19655791174046e-6
Apul,OG_03080,2194.9124191509927,-1.928216484489674,-1.7784787764194951,3.4164899176821117e-7,6.1002949678692285e-6
Apul,OG_03081,960.6518713008784,-0.04185099931687675,-0.03934481751853735,0.7510345067332812,0.83261737824122
Apul,OG_03082,793.322926116578,-0.10529895717257029,-0.09647552788274368,0.4694309908465935,0.5965974974578906
Apul,OG_03083,596.0108912515066,-0.3558667530930497,-0.2895262737982553,0.1846167599732331,0.2972659508354719
Apul,OG_03084,3368.4767905949657,0.4600527677584799,0.28762884062159294,0.27630847592906005,0.40308583197740405
Apul,OG_03085,6332.34377461409,0.11126487741623065,0.07384588221563376,0.7538138772676745,0.8341177678399905
Apul,OG_03086,2761.623957221836,-0.8990081148534822,-0.7818916709163954,0.0013673715895662214,0.005702862915411017
Apul,OG_03087,1227.624951306356,-1.2557937135307793,-1.1599666969663285,3.7676302974161683e-6,4.220213961714483e-5
Apul,OG_03088,999.5855889716092,-1.4048353646461997,-1.1628168651431618,8.477565372416762e-4,0.0038163857694998474
Apul,OG_03090,149.76623479104975,-0.6137766912252215,-0.5245300634563539,0.011334938614737567,0.0324776426720968
Apul,OG_03092,462.7487972470229,-0.25390201837880627,-0.23378639934731424,0.11350398973555564,0.2046112505888655
Apul,OG_03108,218.00857166372506,-1.7401921060807828,-0.24731660888060425,0.10694366701164522,0.19520466506963663
Apul,OG_03110,78.46787727795126,0.4051444985035983,0.2598708761882663,0.3184044069595708,0.44756251537742864
Apul,OG_03112,56.23215003964002,-0.3505705252086884,-0.1938574229153363,0.42492709451178606,0.5562670747986026
Apul,OG_03113,278.4496296223198,0.5305608458168953,0.3494064054369255,0.20074972883196135,0.3167873820859027
Apul,OG_03114,2306.9584664603262,0.1267513299765526,0.12128974628973502,0.43811088831036576,0.5682011070439237
Apul,OG_03116,61.31873860444847,-0.3764501830724056,-0.044857782912073124,0.7519426145254476,0.8332079353101886
Apul,OG_03115,3870.263630544171,-0.3421057597988298,-0.25069813238969346,0.2710996208330221,0.39786869808778647
Apul,OG_03117,361.1222879646784,1.18031134970042,1.090344682646674,3.4263883176566257e-6,3.9257615578538495e-5
Apul,OG_03118,257.50827618928963,1.671610014166122,1.4491927934885802,1.0064583749438166e-4,6.436336997779003e-4
Apul,OG_03119,151.97953174979588,0.0015573719604709644,0.002686241195960584,0.9952347508071538,0.996229101690509
Apul,OG_03120,118.18302378723081,0.8989914442093402,0.7319414200712652,0.008756903893095313,0.026311563613475655
Apul,OG_03121,235.9738677334396,-0.6239434372876171,-0.5636345665531364,0.003068949918787916,0.011082387432002658
Apul,OG_03122,109.80984505889812,-3.2804460619782607,-2.9426845921726894,4.065661176929556e-7,6.890990006085302e-6
Apul,OG_03123,750.5686759847238,-0.28691560844647407,-0.2564330083656327,0.1182771931579164,0.2116922291990735
Apul,OG_03124,524.5079432821615,0.6457557418666765,0.55694006443182,0.009742902094262327,0.028719106957817393
Apul,OG_03130,70.71351980399774,-0.9374330480979696,-0.745062383923669,0.009365639084486633,0.02787127644383365
Apul,OG_03132,209.7237686528399,-0.6886222005990065,-0.6080229795369864,0.004509283786805155,0.015257115161584272
Apul,OG_03125,413.7902876041342,0.17266215918275607,0.148269485733259,0.40785781545133404,0.5400372866262377
Apul,OG_03126,277.48178722970255,0.6379325990196743,0.5720996503092449,0.003135609164191178,0.011273440125004726
Apul,OG_03127,182.49154989873176,-0.24198668471399504,-0.19876157082159823,0.3201721614560974,0.44980134663139526
Apul,OG_03129,890.6902817001616,-0.8641424233676083,-0.7006715703644952,0.009634423927791175,0.028484490019276498
Apul,OG_03133,11.217529416903128,-1.6290685840572987,-0.6976594925577244,0.030767939499574227,0.07302829967561485
Apul,OG_03134,59.355902937954966,-0.31747424793153295,-0.16488536557528033,0.5070571295995739,0.6293371146041786
Apul,OG_03136,102.13919913740723,0.757332099434793,0.5328559806111791,0.056319145571938546,0.11799018020961197
Apul,OG_03135,114.0917930044285,0.9053975766834669,0.8259732247566733,1.2676949487069227e-4,7.770771823582815e-4
Apul,OG_03137,163.9424047125935,0.22173909900380115,0.19359013920344503,0.2750588330843643,0.4021085437616266
Apul,OG_03138,1857.4687587868023,-0.6011639457595908,-0.5736479048540221,8.070789797038949e-5,5.382715355022205e-4
Apul,OG_03139,14449.718003732216,0.20359630005118448,0.1744050189976051,0.3383079492095343,0.46952790180427434
Apul,OG_03140,127.63076811381049,0.20760629280742762,0.18006654287638824,0.33471696443133925,0.46540368053621994
Apul,OG_03142,701.4863622311009,-0.5810641052185336,-0.5140933368400207,0.008808367605078254,0.026448568330000206
Apul,OG_03143,1366.2403816846331,-1.6375525911750846,-1.4844987492030661,5.883318002386593e-6,6.111737146027639e-5
Apul,OG_03144,1624.2305871840583,-0.539168419397895,-0.5015834072557126,0.001513160500573463,0.006201657405232871
Apul,OG_03145,36049.44964673847,-2.836758479176372,-2.7169876147084584,3.111801595829722e-13,4.187927610387553e-11
Apul,OG_03146,33.5413335842642,0.1564809483482519,0.08025039168926025,0.7560044239613443,0.8355809814303173
Apul,OG_03147,88.16188153344486,0.11184055816841702,0.056142969264471085,0.8197279603432068,0.8819337809825434
Apul,OG_03148,2297.887194477163,-0.015409604928209874,-0.013910616190130967,0.9202481271078746,0.9509254666713902
Apul,OG_03149,359.78634400879224,-0.40464006954727916,-0.3471916137930445,0.06130747114342173,0.12624102929898007
Apul,OG_03152,227.81532842311225,0.8483880508136437,0.7822093686897574,5.621559198246823e-5,4.0152246608369776e-4
Apul,OG_03153,244.56836864930588,0.3834192916048004,0.3396113025185222,0.05904976380957323,0.1223970032469142
Apul,OG_03154,369.37787922122004,-0.3125257719183247,-0.28593303169458023,0.059458676223996074,0.12296763383297536
Apul,OG_03155,1018.0067522667747,-1.6035458443249375,-1.4247796904435366,2.2246175825364332e-5,1.8335810550028356e-4
Apul,OG_03156,606.5769855328022,0.5864894415787224,0.5495266554573713,5.39578267800681e-4,0.0026384909114743715
Apul,OG_03157,684.1791752441889,0.5265383063232167,0.42983041843402864,0.05431468271576893,0.11456827038023351
Apul,OG_03158,87.10929639773627,0.43215144162849845,0.30173658762316724,0.21815136535711097,0.3374049505017272
Apul,OG_03162,1238.5298386293587,0.5375246833586239,0.47761645650986306,0.014473357945404107,0.039800630861149384
Apul,OG_03159,1080.4818890298516,-0.4739096571824719,-0.4204317191988581,0.02356839487564696,0.0591472910085468
Apul,OG_03160,117.26984814916518,0.4420800549627203,0.38393054304925806,0.046398082968818144,0.10122789626461581
Apul,OG_03161,187.5596816568692,1.565568450036392,1.3049101343605949,3.5394974307782854e-4,0.0018588030479515319
Apul,OG_03163,1920.2916531750939,-1.152295583107078,-0.9582497803239939,0.0017087444275597232,0.006823626440790976
Apul,OG_03165,242.7432085487927,-0.01702082239984694,-0.015061734102962606,0.9210301289393126,0.9513091263053588
Apul,OG_03175,409.30733339594263,-1.1640187580295793,-1.0891179548970773,4.368635763346635e-6,4.774786506435952e-5
Apul,OG_03176,479.17356183743385,0.8542341084152154,0.8107777374541583,1.4840752832173757e-6,1.9766479806161118e-5
Apul,OG_03177,265.9525580100978,0.241256937086917,0.2055112701181826,0.2787223461317284,0.4050998380189869
Apul,OG_03178,308.0426454442337,0.1435266561815933,0.1197654914845218,0.4940840207917773,0.6169721112698319
Apul,OG_03180,95.76520887387076,1.448219649387741,1.2451665813291808,2.6777692347642993e-4,0.0014740809029224473
Apul,OG_03170,15.846206175854443,2.8236008893955082,0.5930031650254777,0.0066217167708600595,0.020994381196499705
Apul,OG_03166,91.95118468329106,0.4403102170925043,0.36754868108594696,0.0838914267827,0.16142744244549848
Apul,OG_03167,265.5653959037878,-0.5304828189000652,-0.4724507480945059,0.010349026309005091,0.030092605684714255
Apul,OG_03168,203.6706310057825,0.5660426798443522,0.5270730930598909,0.0012579458187589724,0.005315322140463755
Apul,OG_03169,47.88688465512033,0.012661426506061843,0.006360220064049417,0.980125018536016,0.987793371201437
Apul,OG_03171,178.10980709763163,-0.5527094469307028,-0.3606802332096243,0.17046379545677698,0.2791631027304319
Apul,OG_03172,532.8596587212326,-0.099312539021887,-0.09022041973788587,0.5350697198301808,0.6543073617779321
Apul,OG_03173,240.85703336295984,0.35516027772877545,0.28902347315713633,0.1642143261568571,0.2717872013126657
Apul,OG_03181,206.55760630965014,1.4854951510935208,1.341681756067872,1.717054195149391e-5,1.4930258126964375e-4
Apul,OG_03183,94.50331675370477,0.18632915413086834,0.14099953097025203,0.5191286205621443,0.6401781689837056
Apul,OG_03185,204.145437222608,-0.29896659722159713,-0.24035058747857518,0.24998292454215207,0.37499518060166115
Apul,OG_03184,708.576378430085,0.5059724542158505,0.46299240638743555,0.006299122536448889,0.020148700926271596
Apul,OG_03186,120.45995048770476,0.5835210551530614,0.383442716321979,0.1429356968451686,0.24535439817624677
Apul,OG_03190,118.14658385333226,0.5544848037674059,0.474991032206731,0.024224951426636953,0.06047519020320748
Apul,OG_03191,901.0925881669815,-1.4238453314766837,-1.3161221900563516,1.4000821565761965e-6,1.889535631925227e-5
Apul,OG_03187,1427.4581135350215,-1.0224025026832946,-0.9234135303686009,1.1054493156528387e-4,6.931736077358587e-4
Apul,OG_03188,496.6899772638009,0.32430882298631025,0.26260768928419276,0.1717458339073533,0.2807527527814729
Apul,OG_03189,208.11776224416926,1.4390584790484116,1.284330879071451,2.6066190369938747e-5,2.0892341205843348e-4
Apul,OG_03192,647.0921053930446,0.44322381132196925,0.3348451191639164,0.15885889765861744,0.2652649407755099
Apul,OG_03193,2342.8196184180097,-0.7454379555901818,-0.5966972270425545,0.022248002751527197,0.056637560929000776
Apul,OG_03194,836.9578388074385,-0.21854767381003512,-0.17968849686334476,0.3606826954073169,0.4930678994068794
Apul,OG_03195,567.0963604440458,-0.28771887003185315,-0.23216293892497628,0.26107761526584367,0.38784321152208906
Apul,OG_03196,20987.88860552857,0.8381173837249971,0.6936024951039687,0.006675507995786212,0.021129851808576523
Apul,OG_03197,6015.988105909699,-1.8691133668219015,-1.7390951015735003,9.320508073804303e-8,2.0598779730758188e-6
Apul,OG_03198,460.74068156935675,0.1445430392411801,0.1306294802624817,0.3932476377089067,0.5255775216036505
Apul,OG_03199,5003.862734594543,0.4253320999271322,0.3977629290709761,0.008767653386835663,0.02633508680516228
Apul,OG_03200,1033.3524748849143,0.11389929482506066,0.09651544691910406,0.5894858509842278,0.7005384618110386
Apul,OG_03201,163.97760318038488,0.28357867904135126,0.19168543628523932,0.422222211134263,0.5540130497377255
Apul,OG_03203,446.44106889252834,-0.21658066666982825,-0.19061710392700357,0.2516333037580687,0.3768439627946364
Apul,OG_03204,160.15598683832778,-0.8818312495013955,-0.8151088439191144,4.631380014440272e-5,3.417443010655314e-4
Apul,OG_03205,1869.7454755735148,-2.097640814443102,-1.916855857063152,4.396628083316119e-7,7.382568980868053e-6
Apul,OG_03208,56.17675206460493,1.5382805238789947,1.1858198729031901,0.002784743706414976,0.010244811913808176
Apul,OG_03206,732.220064117027,-1.1569675336841527,-0.9356279688630056,0.003487228802582984,0.01230216827577886
Apul,OG_03207,193.74584155496916,1.055006728217033,0.9039720040424473,9.542022113706669e-4,0.004215600852488634
Apul,OG_03209,298.0774249344377,0.30412348002969164,0.24268259818469767,0.2571889455088932,0.38324772917464156
Apul,OG_03210,760.3307060917608,-0.7784048909699899,-0.744527554223614,2.2359656105001363e-7,4.3545792461943255e-6
Apul,OG_03211,87.26289577574381,1.3717843669987908,1.27243212794924,1.7578194460454594e-6,2.2904997030335123e-5
Apul,OG_03212,17.849920509655412,-0.9053856022902358,-0.22770370658478112,0.2892081875398907,0.41624744246563355
Apul,OG_03213,62.31172424534361,7.199737316160438e-4,-0.0025585037525266666,0.9988268648672473,0.9990484570724314
Apul,OG_03216,90.272058006476,0.521583070337161,0.37023465998776867,0.1418885236862639,0.2440222807703684
Apul,OG_03217,260.2333082833642,-0.10239333648969265,-0.09210581896293703,0.5502237441967184,0.6681976432891326
Apul,OG_03220,110.36520134150598,-0.46445110494472697,-0.296003493804553,0.24708136198252542,0.3717129985368917
Apul,OG_03221,188.4898198340457,-0.6936847554209326,-0.5643256441517301,0.022271903453724047,0.056666408984827804
Apul,OG_03222,154.89341439457934,0.4302838772299918,0.3187599151804451,0.16988644949765427,0.2785211118400634
Apul,OG_03223,47.99055335183242,0.7945437010197772,0.5054017775072344,0.07590691874211382,0.14902083307155242
Apul,OG_03224,60.63686730913706,-0.03192323355829322,-0.024767142858014974,0.9034312430657325,0.9390477831381798
Apul,OG_03225,1429.6411520219997,-1.5203218952011606,-1.4544903672902072,2.0437649975365917e-10,1.1209251507737618e-8
Apul,OG_03226,127.04038596166913,-0.009553746393130717,-0.009528552453789491,0.9751003213651135,0.9854830304583309
Apul,OG_03227,297.80604764712814,0.6064082721204794,0.5125235424707291,0.01988989019864341,0.05149613025816055
Apul,OG_03228,788.0176771518001,-0.2569845639464084,-0.2256915900169473,0.21624247370484226,0.33514238318950884
Apul,OG_03229,727.5909584751179,-0.08875555095283802,-0.07996414413920479,0.6270783039106838,0.7341424391538088
Apul,OG_03232,51.58436000964542,0.17117344926208894,0.07623179086613145,0.7623085877447562,0.8400020207374395
Apul,OG_03230,15231.759885688303,-0.29164956763201394,-0.20695515748300664,0.36084250435421944,0.4932115903838103
Apul,OG_03231,310.4726820723419,0.22070215395506207,0.19124744526437482,0.2769696143511348,0.40352803564456013
Apul,OG_03233,208.20481995801077,0.16523918200260684,0.14896962325617347,0.3641021414332685,0.49661307053453063
Apul,OG_03234,540.7274205130282,0.5438757530018766,0.453688961070304,0.03585387030919346,0.0822004445914054
Apul,OG_03235,524.7464737538495,0.8013728977187693,0.703761229143145,0.0016665729561752105,0.006702715586900924
Apul,OG_03236,152.25492737270187,0.08318292554489745,0.05176992208770417,0.8171125206430571,0.8801700631511702
Apul,OG_03237,271.33709294154085,-0.13130854262636393,-0.11562240521973037,0.479205744573602,0.6050970730738229
Apul,OG_03238,53.99703933929108,0.13619787505690817,0.07687957269930214,0.7532505460259022,0.8336884955831055
Apul,OG_03239,52.35205320581493,0.46078622603230907,0.27805938107544187,0.2692452547022875,0.39592190803847715
Apul,OG_03240,549.5670686942854,0.6093481973648113,0.5777157946859741,6.26012664207095e-5,4.3928063759964014e-4
Apul,OG_03241,58.47703029257828,-0.3893615174511451,-0.21832474488151424,0.39461245138914575,0.5270656901460417
Apul,OG_03242,821.6967368656951,0.07654753720256392,0.07021931311897453,0.63785351555053,0.7423238448269398
Apul,OG_03243,8.369263821486978,0.23180523262537908,0.04421923404953912,0.805222882574413,0.8711091460316115
Apul,OG_03244,518.3086627871409,0.19109565682646518,0.1645219533201214,0.35457622681055057,0.48760314734645943
Apul,OG_03245,322.6983422969272,0.2658337128770114,0.21431573526884187,0.27223239934865834,0.39914138941900035
Apul,OG_03246,454.6053186340917,-0.30614637272289746,-0.2629172022064936,0.15686244174896039,0.262953827337865
Apul,OG_03247,61.99186894285324,0.9966514583675473,0.7273463470099765,0.019533949495549454,0.05081870242393809
Apul,OG_03248,100.02850362691694,0.5588167308219278,0.3186684202729554,0.2324393368228159,0.3554189418571021
Apul,OG_03249,514.7912166345874,-0.7466642063485964,-0.6838148709163139,3.262250552216787e-4,0.0017426370396527707
Apul,OG_03250,5446.437872452501,0.6821890241278992,0.3235929246873616,0.18093219524376028,0.2929022629287229
Apul,OG_03252,606.4624214232921,0.25156976212581017,0.11063862417790479,0.6664067859660339,0.76635505535719
Apul,OG_03251,1406.921964718357,-1.1217105666479419,-1.0641225678606152,7.90535893986235e-9,2.5733798397378633e-7
Apul,OG_03254,221.01226395739482,0.8724084406389625,0.7726891195700871,8.913159710366393e-4,0.003976742261671141
Apul,OG_03255,583.922611659496,-0.13607186532434032,-0.09340068657594569,0.6854627139613771,0.7814916287507572
Apul,OG_03256,116.83780615514968,-0.051615436422995334,-0.04441981949344864,0.7979181168438179,0.8661162464885885
Apul,OG_03257,820.0515169524737,-0.007866408708266874,-0.0037371297825509638,0.9626610528241861,0.9774914101421879
Apul,OG_03258,114.33119834408242,0.03903943895381279,0.0335714258013825,0.8575553586063795,0.9090732034509434
Apul,OG_03262,993.247677323244,-0.7330696574575322,-0.7041759337097907,3.8821052070687153e-7,6.7181546656145475e-6
Apul,OG_03263,192.6610520859525,0.49699766313451976,0.3627870128630451,0.1472419567481211,0.2511692629583443
Apul,OG_03260,355.9217443003633,-0.04542748258334263,-0.03568195762582295,0.8679323022860869,0.9166147879375522
Apul,OG_03261,364.35908824431846,0.2390037233715481,0.20336073320401743,0.2755915935567563,0.4025610560669482
Apul,OG_03265,1328.5398655946765,-0.5162131457639564,-0.4892401020806683,3.545499608882628e-4,0.0018600561432590124
Apul,OG_03267,416.36397169342735,-1.5149534994168423,-1.3893398427637749,2.0164130611755977e-6,2.557242837218054e-5
Apul,OG_03268,269.9476493084886,-2.1929141532126426,-1.8817974456566227,2.9569813738806045e-5,2.328655113387023e-4
Apul,OG_03269,1617.6439537612473,-2.370042125659571,-2.1764388451980916,6.14728794423133e-8,1.4496109230547573e-6
Apul,OG_03270,188.77210014634716,0.17987312374882075,0.08442324152973382,0.7283807565441524,0.8152692752927783
Apul,OG_03275,106.94560667774695,0.5448377379576747,0.22715834133508084,0.3500459890869568,0.48255078483367825
Apul,OG_03276,299.61258103567724,1.2551606378295348,1.1989655640517878,4.570121686387982e-9,1.6549713753478083e-7
Apul,OG_03277,52.217333271274946,1.6313459269591,1.2861479810588932,0.0010047302453899563,0.004406445828152352
Apul,OG_03278,714.3520765181681,0.06499509775076714,0.0491143011324585,0.8029828422439155,0.8693115966518652
Apul,OG_03271,37.7403228467558,-0.2511590225000325,-0.14377362027980617,0.5647087963757412,0.6801094185815492
Apul,OG_03272,280.62347774431714,-0.2505982130470592,-0.22489152504415655,0.14897176005736293,0.25299533519446493
Apul,OG_03273,293.6343474279462,0.7737869607449378,0.6704044651337603,0.004056533630502859,0.013950329422671352
Apul,OG_03274,644.713626668429,-0.8101221395378578,-0.7217222550464418,0.00119403319332735,0.005073797033097415
Apul,OG_03281,32.90964617928183,-1.4082862788812138,-0.38275629007659595,0.09296240102482435,0.174779393252886
Apul,OG_03279,692.3014224938396,0.0676763554980197,0.06504770676623547,0.6428777835644499,0.7469177908002378
Apul,OG_03280,1430.9716602893373,-0.1694136388686897,-0.1649470563165474,0.24154377337702848,0.36602373422730206
Apul,OG_03282,254.06331904070947,0.8745452692895306,0.7227559558948797,0.005245716183351314,0.01734529623222545
Apul,OG_03284,193.7405882615135,-0.979720398592862,-0.14359105453538537,0.37141699335872935,0.5037761856811477
Apul,OG_03285,86.39719440730023,0.5588981849644443,0.42509373384378973,0.08070449215923986,0.15666574936487962
Apul,OG_03286,921.7714990897782,-0.831014929675284,-0.7852104376277712,2.3979002123055793e-6,2.9337674646349264e-5
Apul,OG_03287,778.8821536092263,0.3264416283394209,0.28850270604933514,0.10129762045962012,0.18640829462946829
Apul,OG_03288,291.74890961515496,-1.3031031720096795,-1.2166843744989244,8.743491579290043e-7,1.2777968163769581e-5
Apul,OG_03289,89.04144418944394,-0.08907208216497894,-0.0491684117100878,0.833473307769588,0.8910910575802794
Apul,OG_03291,366.33080101441266,0.4457807215262563,0.3142086376696783,0.2150285919922824,0.3335477058307948
Apul,OG_03307,261.0371216955147,-0.6574829839514837,-0.4850229582020061,0.06106480168391661,0.12579879295953303
Apul,OG_03302,431.9394094614589,-0.29100309375694505,-0.2686179571514287,0.05973037016739563,0.12347289037125318
Apul,OG_03304,784.8636910792369,0.40188844217498904,0.33386500616272735,0.10654122244772625,0.19461461006395447
Apul,OG_03305,657.0355738328709,-0.15754161480690296,-0.13385618098700158,0.45887054179833586,0.5879829011504326
Apul,OG_03292,829.488724145139,-0.018643706050466932,-0.01694774078513765,0.9077053270656237,0.9418617875892669
Apul,OG_03293,882.6535745847959,-0.6106015733622621,-0.5703255136064592,2.971421668371605e-4,0.0016082418477615104
Apul,OG_03294,360.6660585913443,-0.19024912285141457,-0.151526246540218,0.4593197230783489,0.588359777732638
Apul,OG_03295,338.9876291487243,0.9354805811890461,0.8491640478252828,9.65820459304123e-5,6.225020072584186e-4
Apul,OG_03296,41.54961734637702,0.7253809816710792,0.4199677556888958,0.1278138692603315,0.22567018976315042
Apul,OG_03297,143.13828654131004,-0.6374037662283606,-0.5381856387379895,0.01763895026319485,0.04673829401211518
Apul,OG_03298,1145.4422570270574,0.6807537053005766,0.6110739568971255,0.0019432633002891254,0.007578894973489205
Apul,OG_03299,3242.8934507345775,2.5581369786200296,2.502141686837774,1.3346296129526427e-21,4.011451739997993e-18
Apul,OG_03300,1862.6905245125822,0.23633929819070038,0.22148489313845307,0.08771441505798185,0.16736237007620405
Apul,OG_03301,265.9215817058071,0.3899111981627011,0.34001646531631485,0.06865450635255715,0.13793620405102672
Apul,OG_03311,193.59407141810513,0.9726347467646709,0.8599403725728891,5.247552005584604e-4,0.0025799987150685044
Apul,OG_03310,572.4307300814746,-0.69734668429473,-0.6679108180036736,1.1171892704394092e-8,3.479660028502112e-7
Apul,OG_03308,926.2311070893195,-0.8223603595395262,-0.6777669614275706,0.007586228628618049,0.02345047087564242
Apul,OG_03309,1181.008351368892,-3.811697459753816,-3.644371322475679,5.591932067690502e-13,6.548370318748734e-11
Apul,OG_03316,55.42698708490711,-1.3957136331718147,-1.1543457133070665,7.612992610917077e-4,0.003489901086560208
Apul,OG_03312,283.7694872647929,0.1333841465035832,0.10895493368437273,0.591766583464342,0.7023771598128171
Apul,OG_03313,87.93073180529825,0.7153478594680697,0.5081856098145624,0.05814448270510825,0.12111083403833703
Apul,OG_03314,961.1557714749752,1.6943224816790918,1.5820187770891958,6.693215283213165e-8,1.531794979917084e-6
Apul,OG_03315,314.1666745434309,1.4676412640766243,1.1842123904639343,0.0011313322689979384,0.004862356086536897
Apul,OG_03319,1398.396346778384,0.1343909487081211,0.11183108324798084,0.558723051650649,0.6754264320597804
Apul,OG_03320,356.98647848515753,0.6964711651282437,0.6098625885036539,0.004662277152393388,0.01572755446432143
Apul,OG_03321,6686.118685430818,-0.5845627391059038,-0.525788965505055,0.0045827532048317325,0.015482459965518072
Apul,OG_03323,115.08655578474122,0.022500061503189155,0.012867683682047572,0.9440411681202432,0.9653550407348959
Apul,OG_03324,102.48305946271503,0.5460033854381148,0.4154121882721972,0.08889536008106465,0.16900051904932742
Apul,OG_03325,324.3765014436601,0.6388488287153659,0.5703957516458241,0.004222742243003799,0.014422904092865627
Apul,OG_03338,17.179462722494733,-1.197224830875116,-0.6012218374833739,0.059433272975472524,0.12294329488869826
Apul,OG_03357,50.65943299964121,0.9727437443878488,0.698071428367177,0.018759585467838076,0.04910164939433844
Apul,OG_03359,444.3812805892238,-0.05139629913568242,-0.04201881565077356,0.82367538293944,0.8848087256013228
Apul,OG_03360,423.01047060668407,-0.6334345774902378,-0.5155046825857551,0.031702851155102324,0.07459932381669042
Apul,OG_03363,87.13451806775696,0.6222512055701009,0.43847370514216727,0.10241702897846541,0.18816103306821977
Apul,OG_03364,103.01097382939815,-0.6185383181015109,-0.5323704956360275,0.013635208928441507,0.03783036274084833
Apul,OG_03340,241.9796154890858,1.3012146222462468,1.1749909885637022,3.227378716662149e-5,2.519590812826199e-4
Apul,OG_03341,137.72984971639352,-0.20296919306000522,-0.1471397173699981,0.5170109703417495,0.6383524468809468
Apul,OG_03343,65.21840758717042,0.17821270357007207,0.1263706796295552,0.5819255946819977,0.694843808851521
Apul,OG_03344,319.7210496358532,-0.9743187912153003,-0.8630383362767144,3.9490223431311663e-4,0.0020394235090500415
Apul,OG_03345,281.51749042903305,0.716583911653096,0.6337598762190795,0.0030923476066624994,0.011153479347710302
Apul,OG_03346,251.71987381880385,0.6531783540789322,0.5553107524457825,0.014263650476277057,0.03930786563098723
Apul,OG_03347,424.5267260493051,0.16230485498624533,0.13383561322901477,0.46686102077320885,0.5947564035478983
Apul,OG_03348,53.45063444280066,2.2067436557364832,1.4359306488126558,0.0027895779943792783,0.010258411409183503
Apul,OG_03349,197.82191548469564,1.8312553573795023,1.0956781843128949,0.00783353381810984,0.024058233800373443
Apul,OG_03350,79.52123813723729,1.6358714676800437,1.2598083438993128,0.0021910087522165208,0.008364236206069589
Apul,OG_03351,734.4730328590182,0.25498251412631,0.23934343478600525,0.09132690640837525,0.17249186449566295
Apul,OG_03352,89.17676225516426,0.3990157599210987,0.3054179372555487,0.18746584336947003,0.30093991626535715
Apul,OG_03353,246.33815477683612,-0.6157229450962619,-0.514123067622496,0.023347994171150015,0.05874131234410147
Apul,OG_03354,202.32260427135907,-0.05559116813609948,-0.04430213629595613,0.8271921812189041,0.8868955883532531
Apul,OG_03355,1366.7203785555464,0.9127821140945116,0.839839438765223,1.4702003642602497e-4,8.779335552671967e-4
Apul,OG_03356,84.13225241750625,0.5075476652432649,0.45317904919311847,0.0149482460070433,0.04091934858697918
Apul,OG_03365,54.18433511912025,-2.022431098918146,-1.748009530683935,5.689754169796115e-5,4.052489206086222e-4
Apul,OG_03366,244.3945687074658,-0.3419634895844042,-0.31142991276270154,0.04767284705159244,0.10340776085258818
Apul,OG_03367,133.10319372891314,0.14651716374017823,0.1053265842687915,0.6333178339475583,0.7387615664560326
Apul,OG_03327,93.59804523260914,-1.2663149106331542,-0.7731017614612307,0.025544350545730815,0.06312233731730742
Apul,OG_03328,769.8501736789638,-0.3440596302612562,-0.3104687924369458,0.06920161821269308,0.1387263209034801
Apul,OG_03329,65.3530057289923,0.5745748785810985,0.395031392596267,0.13569628544867504,0.23561975850003905
Apul,OG_03330,1494.8078150664278,0.07762055332320207,0.07651033209189277,0.6643632430105914,0.764867404784696
Apul,OG_03331,5.024159338947088,2.1634241062406603,0.058867196440230904,0.22494265637672933,0.3461276335407796
Apul,OG_03332,55.61624519137051,1.5297865311530392,0.580394697214287,0.03340952594924382,0.0776627211869893
Apul,OG_03333,280.38760467772374,0.45320235904314105,0.3961920116522281,0.033983632227412235,0.0787738847800967
Apul,OG_03334,9124.557154872822,1.0883357392695503,1.034991859225267,7.067068303022781e-8,1.60918572950395e-6
Apul,OG_03335,2775.072619966147,-2.7397124724514237,-2.6258028130093756,4.637838350935322e-13,5.651268704105919e-11
Apul,OG_03336,284.21298909670264,0.5371611834152596,0.4428818637326456,0.045323318685079994,0.09931479090725792
Apul,OG_03337,8229.76308882247,1.5141830885428345,1.4690696786431137,4.862392672161775e-14,8.119295319422728e-12
Apul,OG_03368,2212.6031586748745,1.2147560627013365,1.1272256375832563,2.8928458308515524e-6,3.436731338180296e-5
Apul,OG_03373,42.807386687819545,-0.3484563531332257,-0.10515238034585497,0.6384122774291039,0.7425907514935797
Apul,OG_03370,87.0755644998382,0.30061772520878255,0.186320428552354,0.4530211232592303,0.5826403463740522
Apul,OG_03371,505.5960441187637,-1.7217334867679996,-1.611819182663207,5.681608138054277e-8,1.362528206937112e-6
Apul,OG_03372,17.73062660023249,-0.6027288012159994,-0.25792538040369595,0.29525505519348033,0.4225225889032871
Apul,OG_03369,2852.1758745717866,-1.465570928353782,-1.335531499115157,5.770380598437513e-6,6.0361394264629984e-5
Apul,OG_03379,18.92792202833982,1.6009794153528243,0.3834828505255765,0.0688926618866223,0.13824742187479042
Apul,OG_03380,124.87652341021594,0.22591427040224324,0.18922987435903008,0.3255515068114191,0.45539837681020257
Apul,OG_03378,147.82890910801206,0.30734918049581283,0.2370987962251774,0.2742005547829228,0.40124414191457564
Apul,OG_03381,72.13722307035533,-0.2695461474771898,-0.2261249694483267,0.24404892055900163,0.36891686784250083
Apul,OG_03374,3263.778900669222,0.3435359899400788,0.30289581525865095,0.0961441512670342,0.17924988230578368
Apul,OG_03375,1404.4579570564895,-1.0823381833338817,-1.0376538444577625,2.267610816621216e-9,8.890020318901523e-8
Apul,OG_03376,203.2565681392997,0.006975677147871862,0.005622153676232548,0.9678194897995037,0.9805293629160405
Apul,OG_03377,469.4657985310193,0.48546078034514745,0.44150444093669516,0.008011186006702697,0.024536978336426027
Apul,OG_03385,257.9971726806724,0.6183764839589532,0.5034656059216779,0.0308897615615227,0.07320801169956825
Apul,OG_03387,21.667575381404927,1.7474471319883955,1.1757429557439978,0.008041615553509577,0.024607279718948716
Apul,OG_03386,171.99370554456567,-0.05006233373999665,-0.04310963959439226,0.8059555876316684,0.8714550906935902
Apul,OG_03388,59.44060628639305,0.5816152203625521,0.3867032208431885,0.14828413554874462,0.25227075135569504
Apul,OG_03389,322.6906344971968,-0.21453778671435927,-0.17971863782649342,0.3414712882732324,0.4729718289339073
Apul,OG_03390,528.3550711805391,-0.6334868017717872,-0.5814924675815112,0.0013423298706636557,0.005624437009188747
Apul,OG_03391,429.1044110885499,-0.004744094136968267,-0.003886590308283838,0.9781034082880924,0.9866381510833124
Apul,OG_03393,466.54091303306785,-0.21995332626689273,-0.20166952738585298,0.15401193203373076,0.25938094716999444
Apul,OG_03394,25.309330147143804,0.4291398425457143,0.22361778452978737,0.3846639681000347,0.5169458605585971
Apul,OG_03395,924.7266393525122,-0.24636003981144386,-0.23241466812913508,0.058052081982080006,0.12097426004909068
Apul,OG_03397,174.81676579862176,-0.04068852273873786,-0.034186831722003486,0.8278873851759622,0.8873244445657494
Apul,OG_03398,234.87807188459504,0.8553856106005644,0.6223759811751444,0.030422867723000083,0.072342562831828
Apul,OG_03403,681.3283564935683,-1.1969878736698487,-1.1175498511152395,1.24074266064511e-6,1.7159166519995332e-5
Apul,OG_03399,625.9192445236929,-0.5400286621692402,-0.5041756582367706,0.0014407165376526118,0.005952248884075409
Apul,OG_03400,88.31733357635201,0.515388788153506,0.33791601050264525,0.19743026363951324,0.31308981485006876
Apul,OG_03401,123.95560716574398,0.6731091010670132,0.5007285792103933,0.06065599065481122,0.1250423108674972
Apul,OG_03402,178.00127394006734,1.1306452817919719,0.8253970423822906,0.009984463095242948,0.02921991675712901
Apul,OG_03404,4670.297361208921,-0.025716505263049003,-0.02727621568959317,0.8826650644655473,0.9263257549215362
Apul,OG_03406,354.0079822661927,1.1182332205140688,1.0329440563081262,7.346891437109068e-6,7.418468095006997e-5
Apul,OG_03415,379.26661441769227,0.9702716952493686,0.8744637068942261,2.727986237678904e-4,0.001496244033160017
Apul,OG_03417,119.95438359608072,0.9640541480525239,0.64855512794082,0.03133028723160116,0.0739736056473809
Apul,OG_03418,50.06565110196497,1.3827508209031754,0.8530108645915435,0.013454435645433784,0.037432473377006
Apul,OG_03419,180.43765333577022,2.0858331618553723,1.9309476990942462,2.70119327458203e-8,7.336343300272942e-7
Apul,OG_03407,150.3736289943009,0.3470975381955332,0.22126441107777384,0.3534740409715336,0.4863841641141948
Apul,OG_03408,378.52095377859206,-0.026025464894438584,-0.023400729812334292,0.8968473591355524,0.9348985707890493
Apul,OG_03409,493.25712366934704,0.7764561830214194,0.6989412825582493,6.13420289008819e-4,0.0029312192612572976
Apul,OG_03411,429.3907136886449,-0.18966608782620784,-0.17344302750614587,0.2102418703206277,0.3283822873170102
Apul,OG_03412,195.48726706680847,0.46771124146197535,0.35909454846395145,0.13056159715724447,0.2292646390587874
Apul,OG_03413,489.4449905874235,0.034312443931445114,0.031922186216400916,0.800548968336953,0.8679373105057439
Apul,OG_03414,2990.6670465647708,-1.8169925486966108,-1.67791788144918,2.633115235764473e-7,4.925892132964367e-6
Apul,OG_03429,263.85133058828626,-2.052473887828842,-1.8272864033007499,3.238618375700129e-6,3.763224470836091e-5
Apul,OG_03430,1756.9345595203583,-0.94637940897198,-0.8681036206692321,5.6240753539282496e-5,4.0152246608369776e-4
Apul,OG_03431,1056.5935952533364,2.1555506858093096,2.1049545551362483,7.514805627824491e-19,5.646750195507787e-16
Apul,OG_03420,1122.2471184151977,0.23814261411520504,0.2065319897384598,0.2465658537461337,0.3714132378960608
Apul,OG_03421,1281.9165885152925,-0.20494743444815464,-0.18176903706187844,0.3008718719064552,0.42906241799470296
Apul,OG_03423,206.30357480375113,0.5854975635679883,0.5173722836048722,0.00902443319289481,0.02698949058054146
Apul,OG_03424,466.4566494019846,-0.3710757323077983,-0.2488915723755759,0.3119077838775865,0.4408081886042997
Apul,OG_03425,23212.857850343098,0.5009624969115559,0.39355008187456847,0.08802821225511143,0.16770555459631095
Apul,OG_03426,310.343625429276,-0.7163732004002851,-0.6408467009221294,0.0016212494955547211,0.006567298608004007
Apul,OG_03427,225.15453623278617,0.34054867191019156,0.292573518550671,0.12750394918185082,0.22521118702698312
Apul,OG_03428,37.0257168407323,-0.08465243065258633,-0.03820888682647137,0.879171645627685,0.924380915184799
Apul,OG_03432,217.4787404861366,0.6688961938313176,0.6191024187781955,4.343212686167103e-4,0.0022038688121085405
Apul,OG_03433,157.9741637895956,0.6526180061804752,0.599918223651678,5.426643927471103e-4,0.0026492716997296665
Apul,OG_03434,218.51666647195898,0.51944837497758245,0.47538281794278303,0.005233431450189456,0.01731102398619161
Apul,OG_03435,234.24337556765536,0.20534724805709134,0.18161964645702358,0.26914556446564697,0.39590302688201284
Apul,OG_03436,419.5197349405086,-0.7873995880208442,-0.6669359956842514,0.0063901730116276674,0.02039652744985723
Apul,OG_03437,813.6004045824154,-0.24335054869668277,-0.22991612690146904,0.050978761656816245,0.10887624203209664
Apul,OG_03438,950.3760286927754,-0.0395099011708654,-0.03522122540812091,0.8189867315088859,0.8814518212002416
Apul,OG_03439,269.8741810410093,-0.1247460784539806,-0.1058053215653748,0.5935937087166008,0.7042676936181038
Apul,OG_03440,86.51222380557914,1.4540411984251005,1.1772396322958176,0.0010675656397938344,0.004621334313020165
Apul,OG_03441,97.6545804366489,-0.31628749901688896,-0.20942304357384464,0.3852146620433401,0.5175030702688912
Apul,OG_03442,117.10648384822214,0.37184948241586635,0.29987904629077006,0.16821235307841884,0.27668201162132483
Apul,OG_03443,9689.30837517625,-0.28073892494551195,-0.24688552598004654,0.14917550576161553,0.2532220511017484
Apul,OG_03444,142.89146570691332,-0.3295292550043101,-0.23638729747450832,0.3164492761319674,0.44556888239880543
Apul,OG_03445,1041.1686423568422,1.526020714276906,1.454252696538804,7.961225036892086e-11,5.055377898426475e-9
Apul,OG_03446,463.08133463998166,-0.049817597638705094,-0.04441458880626036,0.776882497948417,0.8505531243238457
Apul,OG_03447,2145.009160866608,-0.3857461751035782,-0.32487346884755347,0.10173797862176967,0.18712588949929018
Apul,OG_03460,1014.5859058402935,-0.1752963777147133,-0.15866985935292763,0.2883151990911918,0.4152936342180953
Apul,OG_03448,1179.1232907948538,-0.08353402507861489,-0.07391546350597349,0.585093975900755,0.6974287190270952
Apul,OG_03449,78.92011210778992,-0.02093347804386835,-0.010673754570183347,0.9567228808342574,0.9735595134289386
Apul,OG_03450,166.74751216014562,0.4538579428686363,0.3849349195255025,0.06617958099917119,0.13394866035230676
Apul,OG_03451,629.1759633963184,0.40849909859465305,0.32430841376507513,0.14622968911825804,0.24996267427096353
Apul,OG_03452,497.3198561625175,0.5007043627620993,0.40714474574799203,0.06369906539043153,0.1300372362747388
Apul,OG_03453,198.92688635713188,-0.2654074214886931,-0.19118296339963892,0.4089045779559347,0.5407818400665786
Apul,OG_03454,303.3626737051938,0.5553975172826245,0.5032079662672917,0.00449252866410632,0.015211840392131689
Apul,OG_03455,9117.512674841691,0.5860760730506129,0.54351303842954,0.0017407003531974938,0.006926851523103707
Apul,OG_03456,498.3570035152046,-0.45077452344209024,-0.40882009806715647,0.03164174178697734,0.07449440879717355
Apul,OG_03457,160.28284900600792,-0.2355194334229431,-0.199942482267214,0.2815773481502282,0.40832791062570084
Apul,OG_03458,20.921413937117684,-0.42290100755852605,-0.09728594868311742,0.6098110536874974,0.7187799047189757
Apul,OG_03459,52.7671301398115,1.9490241980236362,1.089336202533704,0.006573274305710999,0.02087749715202398
Apul,OG_03461,9387.592111697708,0.8742607594500637,0.7690014115238825,0.0010345216660471509,0.004506416358815052
Apul,OG_03462,676.4647734595625,0.6196273384525709,0.5675271104851534,8.05773683117583e-4,0.0036529217197944926
Apul,OG_03463,99.77783657872281,0.47035912300464783,0.40789927232851253,0.03785966336770754,0.08573093535575563
Apul,OG_03464,154.05087434320518,0.4502798696767929,0.34721824076594865,0.13088649185585802,0.22961572228144425
Apul,OG_03465,79.20083663989831,0.012672881743386146,0.010849742641993999,0.9642383273709113,0.9787838565691217
Apul,OG_03467,807.1946594372769,-1.251673256974636,-1.0750837523963084,4.0258504264893187e-4,0.002073163523452552
Apul,OG_03482,937.2903774777739,1.5414197078253127,1.452986033900085,1.792809612499615e-8,5.231638924242404e-7
Apul,OG_03483,34.926001627686475,1.0730711603510736,0.5311411658870298,0.06881707313913177,0.13817046281352732
Apul,OG_03468,253.19763752043391,0.21710102613946988,0.17756968552372104,0.37658434473644925,0.5085608860998296
Apul,OG_03469,51.555907459779405,-0.28708725288460707,-0.17186284775783028,0.478888032734788,0.6048653020268362
Apul,OG_03470,559.9847678268663,-0.48471303925074427,-0.3740791731040566,0.10880161831773082,0.19803475825009664
Apul,OG_03471,348.8117586992859,0.10478134365373354,0.0865950411117446,0.6145181479211392,0.7231937013579891
Apul,OG_03472,832.1439128751829,0.5738579287486393,0.5464910515460627,4.867840952552351e-5,3.5685627535906136e-4
Apul,OG_03473,405.2928253677239,0.31543225498440625,0.28631780473756246,0.0713198945381314,0.1419314696646062
Apul,OG_03475,300.31558897869195,0.505888928142112,0.4648027253837226,0.005283945273472441,0.017417143177655935
Apul,OG_03476,502.28378145358977,-0.4157595651020092,-0.3746684743487498,0.02385455391809779,0.059699281898275815
Apul,OG_03477,1836.0602342993595,-1.429546994419958,-1.3548943781055633,5.510247162988684e-9,1.9036742784930637e-7
Apul,OG_03478,159.15885579262317,-0.044295055862437455,-0.022946561379193237,0.923334761754872,0.9524345603780058
Apul,OG_03479,443.46358010552996,-0.7414806761966287,-0.6226546156426335,0.010047562329270988,0.02933901215124239
Apul,OG_03480,128.44311581201902,-0.4165031906254977,-0.2987539459174896,0.21660689342520953,0.33553416217404475
Apul,OG_03481,257.00712342124064,0.4975056058673307,0.45548663907071174,0.00666431332578854,0.02110717009435731
Apul,OG_03491,374.74018146846754,-0.8938201776781619,-0.8220807781658174,1.0034238363682615e-4,6.421485260846425e-4
Apul,OG_03492,212.65038700862706,0.928985915375686,0.8329616449986106,3.451565176082381e-4,0.0018264532390102602
Apul,OG_03493,165.87262426536603,0.8513322684469596,0.6844327124847409,0.011254129907961374,0.0322974186442036
Apul,OG_03494,230.97926900621457,1.2133708629420499,1.1037162287828453,2.8629487228259332e-5,2.2724655487430843e-4
Apul,OG_03495,59.55882125384932,0.4243256014090176,0.13323433992075148,0.5310144375605084,0.6508232939008574
Apul,OG_03484,245.6597903710114,0.49650401502494396,0.3958107000614882,0.0813236429079361,0.1575962364282957
Apul,OG_03485,361.169881235548,0.8012967979811655,0.7115406205466364,0.0011056993207444793,0.0047612658907129745
Apul,OG_03486,502.8109240909847,0.4491470045725586,0.410657586208031,0.01361187483731756,0.037788503184341966
Apul,OG_03488,363.6871735592441,-0.21015162258221384,-0.19588181784219386,0.1396380322745427,0.2408117069536651
Apul,OG_03489,889.9718494625731,0.26673142323464494,0.2311106258747689,0.20250407432527945,0.3187812915836321
Apul,OG_03490,95.66053316938681,-0.20682028198207178,-0.1521765160869001,0.4898334653375419,0.6133631935770887
Apul,OG_03496,2310.5462102375027,0.6184830188190172,0.5373776827394495,0.005408248818391394,0.01774606244375371
Apul,OG_03497,59.546025774082025,0.3593035457727699,0.28879332793698165,0.1842860683086968,0.2968394923078812
Apul,OG_03498,283.20837872432264,0.20469509577569972,0.19068745973545476,0.16732124485082137,0.2756547734694828
Apul,OG_03499,436.76086954181267,1.2445153803674691,1.1721037098676175,1.678645985801465e-7,3.401427158195912e-6
Apul,OG_03500,1129.9436575649202,1.8051630456320515,1.7134776069247715,4.773279906584307e-10,2.2534379538047485e-8
Apul,OG_03501,318.10291194792126,0.038790835111951416,0.034208902720022506,0.8400083951475279,0.8960553293558806
Apul,OG_03502,506.19436659063297,0.24139043807839208,0.20843292488479281,0.24178991350848983,0.3662388123813292
Apul,OG_03517,209.39742629376133,0.762703000606864,0.6628520683111175,0.0036631605622417006,0.01281253638081203
Apul,OG_03518,32.027560666286526,-0.6060917899583134,-0.30477585522038253,0.23543673639189694,0.35933193162588606
Apul,OG_03519,437.65178912340104,0.30945953660869163,0.27436142666190455,0.14225322744802135,0.24450959815074505
Apul,OG_03520,233.54792340294034,1.1081936408366566,1.0769568204854363,5.744222115848867e-11,3.726305814288435e-9
Apul,OG_03503,814.3618948742876,-0.8735501050214846,-0.7986057252732847,1.479244252489273e-4,8.821657026915194e-4
Apul,OG_03504,625.276267526327,0.29395582986036833,0.2743730138292756,0.042508918073080666,0.09417762021252293
Apul,OG_03505,2097.5365501868896,0.4858390426129154,0.45752973289309185,0.0016310082951782325,0.006600898472900414
Apul,OG_03506,324.56398791382645,0.4686815527405162,0.4242003557166145,0.012374593532257238,0.034858391090397844
Apul,OG_03507,106.00304978999775,0.7919525578395465,0.5216889038981467,0.0639578780783981,0.13041795265330525
Apul,OG_03508,764.6118016382694,0.14726198843961583,0.12282296172443953,0.522104827269824,0.6423549225667899
Apul,OG_03509,101.75682433104672,-0.23654943960683805,-0.11486320450331212,0.647250486816354,0.7511271093465978
Apul,OG_03510,162.15778289321696,0.7102836443855202,0.6400106922897607,0.0013906971589764756,0.005786763397550014
Apul,OG_03511,416.55554848968234,-1.3365767495834568,-1.206413794146722,2.5284826353073023e-5,2.042950530695873e-4
Apul,OG_03512,881.722654666972,0.4073302408985354,0.37794973800479514,0.014411507630383008,0.03965473430062972
Apul,OG_03513,1227.1109384969036,-0.044078006840927934,-0.03215722583338389,0.8633530542305048,0.9136753064557611
Apul,OG_03514,654.8217307495287,0.39274141777835303,0.363353544195864,0.01560840244151204,0.042315383287767315
Apul,OG_03515,11263.809934384564,1.1011787756836875,1.0345361987912591,7.260387499943061e-7,1.0947644496151602e-5
Apul,OG_03516,2417.438008774643,-0.40501467704241234,-0.38279159160920584,0.004520648033966172,0.015289828703028122
Apul,OG_03521,436.97218992285633,-0.9419173753008572,-0.8974502850445557,4.52172104674952e-7,7.50872167192273e-6
Apul,OG_03522,1245.3221515485325,1.7012662388084259,1.6362039494892198,1.035726470335137e-11,9.067131633992166e-10
Apul,OG_03523,102.45113160886032,0.8604664473673713,0.7020246929984906,0.009802712095678009,0.028820037485076166
Apul,OG_03524,479.856926705139,0.7919178736751483,0.7393930235120931,6.40868232183505e-5,4.451089266733529e-4
Apul,OG_03525,425.6375102281202,-1.0665540815688683,-0.9429538850648292,2.921702787126696e-4,0.0015860923559013497
Apul,OG_03526,343.614886065249,0.08951867062618549,0.07317562275693625,0.7185346667174777,0.8075566608240679
Apul,OG_03528,232.52301312214135,0.3931485774253982,0.34265932795366016,0.06463183837192639,0.13149487513530242
Apul,OG_03529,281.27395062975046,-0.2665798589670039,-0.22100307096850685,0.2638031926850565,0.39085004739420875
Apul,OG_03530,381.8222673656468,0.4868568299136257,0.40683286016912207,0.04610008553309099,0.10074756937757669
Apul,OG_03531,2045.586504077281,-0.24576648308626112,-0.1874149597365723,0.3783897767214589,0.5102348761324054
Apul,OG_03532,485.81657347334914,-0.03473247944551032,-0.03478379131358592,0.8549787713629875,0.9071108186751744
Apul,OG_03533,260.6710022483869,0.3212072778343615,0.27168286629240357,0.15871914873208068,0.2651789075629371
Apul,OG_03534,143.36169136613867,-0.12232459994430514,-0.09759663019665103,0.6600687474735023,0.7615917973088382
Apul,OG_03536,108.15849600547367,-1.881597308907459,-1.7243592950453994,8.090534457618833e-7,1.2004788284714707e-5
Apul,OG_03537,606.5541488477731,-1.2722948969379033,-1.1803041712102134,1.413008967887694e-6,1.8959529659011064e-5
Apul,OG_03538,339.45796103995116,0.8250981975505761,0.706252231908759,0.004674951081205579,0.015764410583107968
Apul,OG_03539,96.39371983770506,-0.00569146077323661,-0.0034531645068653877,0.9875634825278884,0.99185341077678435
Apul,OG_03540,2859.735926137833,0.6897522049486463,0.612230880366863,0.003702955522671767,0.012936671812449176
Apul,OG_03541,216.2285478136555,0.8119892212015071,0.740697097075681,2.5848806397104815e-4,0.0014281261362768067
Apul,OG_03542,3540.871778600142,-1.9166032531164028,-1.790086967745957,2.0889909091159642e-8,5.923405983490141e-7
Apul,OG_03546,456.09780055203527,0.785933342598862,0.695863659867764,0.0018109686099927625,0.0071432650727492305
Apul,OG_03543,606.6873898598595,0.2628241927410712,0.24750751111419939,0.06954237781095754,0.13918627008290388
Apul,OG_03544,289.33429173937697,-0.11555846187971648,-0.10563765817284186,0.4698968916907644,0.5969372037722771
Apul,OG_03545,273.781215800883,0.10526166913114317,0.08873503213565195,0.6390411021773028,0.7431323860030098
Apul,OG_03548,38.766790634231334,-0.27542078712415874,-0.20113337443508691,0.38527893391535956,0.5175123115022787
Apul,OG_03547,1664.639933324333,0.3123502471425646,0.293215713361924,0.03783090288977184,0.08568732764558469
Apul,OG_03549,197.50936410556153,0.27722530084882885,0.22514825177944453,0.2865387297754365,0.41359368118858825
Apul,OG_03550,217.56444896492818,0.268420906540574,0.21769187149291955,0.29214600567600985,0.4194714224809842
Apul,OG_03551,466.8879260800256,0.5481329960154359,0.42051323253258294,0.08526502922840405,0.16372120284338146
Apul,OG_03553,538.7861647538717,-0.44154490564989457,-0.38606825925093297,0.028754360478001312,0.06927012247665985
Apul,OG_03554,711.2816187393021,0.5638970994425648,0.4396944276053656,0.07199348188776598,0.14300800457509388
Apul,OG_03555,373.96291521757007,-0.6059662681558488,-0.5542669531316576,0.0019378688325701519,0.00757095462014084
Apul,OG_03556,481.66225881942944,-0.9651428176853825,-0.7821129844603717,0.0053102145739795615,0.017481637390862982
Apul,OG_03557,9.29891412308918,-0.32621150986459285,-0.03182753396097167,0.7740504300299214,0.8484819751495016
Apul,OG_03567,475.09779738571376,0.4204197224361828,0.35153650087876737,0.09190844288660249,0.17333997688945715
Apul,OG_03568,58.00685766309128,1.55456515700661,1.1894045286957962,0.0032748364388997084,0.01166078436217848
Apul,OG_03569,37.22292435266736,0.8269927190130658,0.3917247570885753,0.1622817658162027,0.26948336691799263
Apul,OG_03570,672.3683687150135,-0.8626150876533225,-0.7880266331344695,1.3589418641978522e-4,8.240469932395449e-4
Apul,OG_03572,31.649634517445254,0.04090500531026041,0.022778318639027118,0.929759859899554,0.9570330454520182
Apul,OG_03571,259.57300525570463,0.48203890840375146,0.42885520495069285,0.01180109694855666,0.0334729446949152
Apul,OG_03573,265.0948760548134,0.5760154480222619,0.5389072695111325,5.506038743966599e-4,0.0026799332533938504
Apul,OG_03574,216.13354018748038,1.014177196494088,0.9209284465275743,1.0270339490542694e-4,6.527220574859058e-4
Apul,OG_03558,699.7350238690781,-0.9322203935270695,-0.53357963845936,0.05422528752636408,0.11442766618891292
Apul,OG_03559,375.49381590700267,0.9219056439940291,0.8747434796310403,5.739565316891025e-7,9.00063660215763e-6
Apul,OG_03560,4450.689695043309,0.7079625059756609,0.6353916282197378,0.0013478695453882717,0.005634557112084398
Apul,OG_03561,457.82823278850975,-0.02719884195195824,-0.021774165979699257,0.8585875815892241,0.9099534818041882
Apul,OG_03562,1428.3601208188454,-1.5241707073673068,-1.3996005709265364,1.2521721635439304e-6,1.723791816591698e-5
Apul,OG_03563,103.69759811031372,1.021987723978133,0.9221114680222628,1.0666581575046452e-4,6.72121356129936e-4
Apul,OG_03564,299.9641030553963,0.414981273540524,0.36651256221989076,0.04254695567936867,0.09423873725395907
Apul,OG_03565,534.8431577517381,0.2357929451617986,0.20777590006817254,0.20220421522914694,0.3184760539251036
Apul,OG_03566,294.39471031832136,0.3660828071901487,0.3028158064495297,0.14441417108929824,0.2474221129987084
Apul,OG_03577,150.31233786299373,0.97227377184655694,0.8202042784371262,0.0027215397927527994,0.010049190954648646
Apul,OG_03575,3311.085161399994,-1.2835123533655657,-1.214759422189804,4.124945085495051e-8,1.0506957580765218e-6
Apul,OG_03576,467.5266275312239,0.22271944461525667,0.20637512040927564,0.13401625694702818,0.23382828732417824
Apul,OG_03578,193.4974223270126,1.3155638836081491,1.1115524918961437,6.233648022802281e-4,0.002969297634527637
Apul,OG_03579,967.3207030156179,-1.1776879082426392,-1.0206601867811786,5.422147902628285e-4,0.0026485107062838168
Apul,OG_03580,619.0160697268464,-0.44315281156178443,-0.4136395172767675,0.004410621051834592,0.014980747482303013
Apul,OG_03582,298.13851088941794,1.2277115962108953,1.1765516293566185,1.337408707791186e-9,5.6884029802609074e-8
Apul,OG_03583,1111.5695286914004,-0.10116251087485394,-0.08868961762498744,0.5908904372958106,0.7017067131695409
Apul,OG_03587,142.39621484182464,-0.11448721978348914,-0.0870393287189118,0.6799773589604485,0.7770282003675233
Apul,OG_03585,67.53326344098228,-0.5743125685732609,-0.4871715939286949,0.025465131228180816,0.06296108809555975
Apul,OG_03586,222.42953475187355,1.048187171094227,0.7745809962611933,0.009102182911705685,0.02718595008772778
Apul,OG_03590,2997.870621628382,-1.4029609598098303,-1.2866872021189222,3.2520885943289284e-6,3.774013237459967e-5
Apul,OG_03591,148.34630836189424,0.2438985704950871,0.14078707262547116,0.5791198716957462,0.6927034755289403
Apul,OG_03592,25.818856345895938,0.60072725994746,0.31743439001766166,0.2130535449246167,0.3312819131893893
Apul,OG_03593,247.40897766343255,0.08815220858045335,0.08285445247570554,0.6053010544733836,0.7146784873885687
Apul,OG_03594,1174.8709723009183,-2.214858234779182,-2.0053215052332547,8.925492613930269e-7,1.2959930257618233e-5
Apul,OG_03595,1301.5250795364313,1.1376783517718367,1.081020147194165,3.8376641996191275e-8,9.915248735806782e-7
Apul,OG_03596,527.4354820056109,0.8139839263854539,0.7688860532645037,5.804554727780156e-6,6.0508288994674766e-5
Apul,OG_03597,297.1160280282842,0.5511568377569961,0.5050828849690808,0.0031321788293624253,0.01127009437524381
Apul,OG_03598,766.7244952058074,0.3937678953537143,0.341397568584832,0.07188941282145496,0.14287565250409068
Apul,OG_03607,105.76135465762763,-1.5410576462347576,-1.310190012439628,2.671986611378065e-4,0.0014717961682832019
Apul,OG_03608,9.04704683546824,0.063676073884465,0.012858140268921627,0.9523499153338073,0.9708254253008451
Apul,OG_03599,46.69499774646924,-0.16856889414123735,-0.06014718196039561,0.7883549014447765,0.8592525258464341
Apul,OG_03600,471.6387072032752,0.7481172627689023,0.7078117966996139,6.672665366741057e-8,1.5309777000484507e-6
Apul,OG_03602,184.45745998164634,0.36078646585276336,0.3040024639291447,0.12577941958719105,0.22264488151113107
Apul,OG_03603,288.2183843467076,0.5442142283738703,0.40093847472451916,0.10516718704691241,0.19246854589040172
Apul,OG_03604,466.1308524035856,0.04633424077823843,0.04292323862952327,0.7545702544395498,0.8345345252399633
Apul,OG_03606,222.21930692686473,0.8223831396391624,0.7433498799444546,3.4127881294445907e-4,0.0018080558497768435
Apul,OG_03609,1351.7871283184368,-0.23834250773116,-0.2213382784547637,0.099098147796899,0.18333360662384865
Apul,OG_03612,474.7001822732661,-0.08879288286272662,-0.07994543599747225,0.610805300525525,0.7198577172707696
Apul,OG_03613,319.8842149306093,0.42660057861840345,0.35171218343024,0.08785818200867987,0.16748778587151508
Apul,OG_03614,170.02936086790004,0.8723582942772632,0.6573316158887603,0.023625307359925515,0.05925713392613306
Apul,OG_03618,276.40554497790947,-0.5092624615190259,-0.43786356868263737,0.02963650451829032,0.07080878676243345
Apul,OG_03617,969.0694666635476,-0.44458534209591555,-0.39974646067292896,0.0216721326441837,0.055374786073279794
Apul,OG_03619,48.164210719928256,0.4475144928447299,0.195979426155875,0.4432457181919069,0.5730924348919451
Apul,OG_03620,231.4455661446409,1.0606280227318858,0.9367633280856431,3.794914254948818e-4,0.001974537901723802
Apul,OG_03615,154.36420997673167,0.3777621468287797,0.2828301178910329,0.21895031356490882,0.33852451601762396
Apul,OG_03616,6066.799813932027,-0.17689509209442317,-0.16502141374630408,0.20120160272794294,0.3171739251394863
Apul,OG_03621,920.4794001216836,-0.1999058494737808,-0.18582017425511063,0.16202818863336219,0.26920709992450653
Apul,OG_03622,112.48341817804067,0.25162662361518495,0.21282613938985637,0.26489695620828596,0.3920196707910905
Apul,OG_03624,1863.3093333034303,-1.3001189524330083,-1.1570402336400294,6.41229339856588e-5,4.451089266733529e-4
Apul,OG_03623,486.4734382922849,0.3320322133056644,0.2732927011002685,0.1792036140729689,0.29083495106118795
Apul,OG_03625,875.0373908562649,0.12724970925643728,0.11569406381844771,0.43820233984511986,0.5682011070439237
Apul,OG_03626,239.86642320198544,-0.026766320224352554,-0.022838209344221677,0.9241056217842252,0.9527827238931859
Apul,OG_03627,712.9259164246298,-1.8636572131325577,-1.3436219936362548,0.0023015462432763915,0.008727099443071162
Apul,OG_03630,261.0360803101604,0.0788412090960941,0.06901163287259872,0.6639704305039078,0.7645283325059042
Apul,OG_03631,391.5902270096988,2.060325465297435,1.9033535632530365,3.221662153797167e-7,5.7983488304968165e-6
Apul,OG_03632,58.506353563143556,0.5169005298374485,0.39320703341643426,0.10197232711329149,0.18738220370502331
Apul,OG_03628,339.38431731809334,-0.06814894706296704,-0.0574312909414457,0.7584424843594942,0.8373791944985379
Apul,OG_03629,294.89728852168406,-0.39040054932043733,-0.32009441667208594,0.13360293451931066,0.23328769569338192
Apul,OG_03633,362.94286847813447,0.4483974511275208,0.4016676570047611,0.023563861658992942,0.0591472910085468
Apul,OG_03634,329.77895644210173,-0.41296281518214045,-0.3797316727174292,0.01276311784536483,0.03577402350377826
Apul,OG_03635,2208.7184237625434,-0.4776662590230599,-0.4533554774842982,5.404191631588592e-4,0.0026411705117633786
Apul,OG_03636,1780.991922048996,1.0482744145734255,0.9418600280168024,1.691312423069403e-4,9.928752681521357e-4
Apul,OG_03637,607.5378441138595,-0.3461756661651732,-0.2976860381564886,0.09484634671129022,0.17754401251727298
Apul,OG_03638,567.4553495365664,-0.028851262629761003,-0.019268972007183843,0.9099800334803037,0.9435706027934565
Apul,OG_03639,276.4023381309855,0.051009454953720584,0.04274171192649511,0.8460931594933351,0.9008409516060222
Apul,OG_03640,2601.2512150460325,0.9669132500508153,0.8517772838573568,6.692530188656897e-4,0.0031495716226596633
Apul,OG_03641,656.5214662765305,-0.6070748710207523,-0.5803674346181187,1.7503118719946446e-5,1.513609528203217e-4
Apul,OG_03642,77.316354996866,0.26643692220996235,0.1326670227380272,0.5853323683868281,0.6974287190270952
Apul,OG_03643,803.032586465217,1.2771597061180444,1.1500476495040026,2.2270320390594526e-5,1.8338947850410123e-4
Apul,OG_03644,1628.2024776154908,-0.6111288995745783,-0.5424057550489826,0.005905810877069336,0.01908014929363461
Apul,OG_03645,209.84001634837568,0.4329123320646886,0.37606625403689414,0.06521302450669941,0.13243825269750192
Apul,OG_03646,129.5078446286177,1.0198034293745113,0.8740288354344123,0.0013630288878759599,0.005687381527985901
Apul,OG_03647,681.4925590447095,0.5306646473056316,0.47647778620225645,0.009638036935656272,0.028484490019276498
Apul,OG_03648,2503.2136316315673,1.247265163868573,1.2060555664617088,1.0779498602865769e-11,9.346032586734677e-10
Apul,OG_03649,140.94171401710025,-0.4675098266844599,-0.30455595539614316,0.23955017965198186,0.36376287806027624
Apul,OG_03650,267.05422024080906,-0.8014224354201168,-0.7655587557455837,2.3828700251541119e-7,4.541595886300485e-6
Apul,OG_03651,520.5163097374668,0.7925644344226482,0.6898325885078145,0.0032672143514564326,0.011639854526701956
Apul,OG_03653,300.90453945338476,0.7738419320907624,0.5896719924055754,0.03027270867153163,0.0720424951415151
Apul,OG_03654,954.7098075606475,-1.5122806613879434,-1.3699980683501733,7.634324426855557e-6,7.648744817439617e-5
Apul,OG_03655,135.80352278048866,-1.5107077529232418,-1.417170275811459,1.0433483319882659e-7,2.2399695022709983e-6
Apul,OG_03656,237.73617406375803,-0.1932319682516277,-0.16004476025421596,0.3975459062690435,0.5299632520443474
Apul,OG_03657,458.49229414094054,0.8997145934840707,0.8209996156296,1.1805157569019869e-4,7.32602242256381e-4
Apul,OG_03658,1257.1108571282389,0.7203748705276856,0.5735587442634551,0.01753573766846122,0.046533180269721836
Apul,OG_03659,1395.0468870878362,0.18217953138833393,0.1519321633364034,0.3958523041023074,0.5283244653632921
Apul,OG_03660,714.0693724299134,-0.5453761689287974,-0.523769258269292,1.5479173073823608e-4,9.16915673401592e-4
Apul,OG_03661,434.92133277078193,-0.7878276215970788,-0.7506463128276104,4.406739153900202e-6,4.804784395491913e-5
Apul,OG_03662,134.24566509973778,-0.4127117032141819,-0.3441045303540017,0.09616122954534075,0.17924988230578368
Apul,OG_03663,293.04914941243084,0.5837309589950084,0.5079228776202429,0.014770274135506167,0.04049363389475801
Apul,OG_03664,159.7288840969643,-0.04170471557049868,-0.03191330513910258,0.85734296727377,0.9089549130990693
Apul,OG_03666,86.90219835294991,0.5632440375705762,0.34543721806349675,0.19376431411479506,0.3091247028260982
Apul,OG_03667,156.44756683281787,0.08220503940444915,0.06760155008270911,0.7296434608963729,0.8158268325962673
Apul,OG_03668,274.9168514209823,-0.16592876174881063,-0.1358799943378455,0.47829965685315523,0.6042914397989213
Apul,OG_03669,393.2240502975672,0.10611554997579638,0.09605368193730292,0.5259708599579636,0.6462296285925817
Apul,OG_03672,84.36873878733653,0.8680146273155789,0.7169848000573449,0.006594713289966666,0.02091819477852797
Apul,OG_03670,63.5411525879436,1.6889220594379757,1.536006190333443,3.7188567436046943e-6,4.1759565699979486e-5
Apul,OG_03671,9774.748294643454,0.5886926096058763,0.4600661237371647,0.063030612294428,0.12899387904195578
Apul,OG_03673,182.37391060732136,0.4452235320200974,0.29668200072694273,0.2259420088495378,0.3474282219980018
Apul,OG_03674,1226.927143245668,-0.18541652339125958,-0.16115537115205486,0.37288469282243847,0.5051534367758305
Apul,OG_03675,184.01433652389338,0.16988253537920533,0.12760413023395423,0.5601749436656334,0.6766373030184885
Apul,OG_03676,214.17664457838026,0.14192820708378598,0.11954104316171366,0.4879743671563679,0.6118849768667736
Apul,OG_03677,11.244838560661439,-0.42062174824909604,-0.05998622597990312,0.6783890079368526,0.7761557991727288
Apul,OG_03678,417.2270359357709,0.2508503796674908,0.2093748507493538,0.26554782083044776,0.39272506157588116
Apul,OG_03679,94.79093947487735,-1.3317425103654204,-1.155883145377765,2.490982103650995e-4,0.0013842574921822527
Apul,OG_03680,512.049749735935,0.25628415211692185,0.1808816697747043,0.41193386443708174,0.5439964346264157
Apul,OG_03681,253.72954768966082,0.6722583711396642,0.6032111819106628,0.002392023959609653,0.009020861582517876
Apul,OG_03682,57.144406092654414,-1.1088231572180502,-0.6811824276842858,0.040276619748103405,0.0901848225151846
Apul,OG_03683,96.00335449131256,-0.1854845683753998,-0.11369579306292212,0.6347154104866548,0.7397219667000345
Apul,OG_03684,21.068523078289754,0.513230953374622,0.2347246928641785,0.36163919124862237,0.49385136869435525
Apul,OG_03685,132.8064176046271,-0.12346962954082435,-0.10490576429190347,0.559197116753985,0.6757826896406605
Apul,OG_03687,309.3120104901286,-0.31012174353164246,-0.2827501441453736,0.06700984417304832,0.1353826691875894
Apul,OG_03688,93.0292220293944,2.218875678236428,2.0026205248066122,1.2650773361253733e-6,1.7365788572922212e-5
Apul,OG_03689,382.13036538179216,0.7575014290813908,0.7127500789745469,2.09482888768455e-5,1.7506090899213706e-4
Apul,OG_03690,792.9687651838178,-0.3277823836539136,-0.28701220511874354,0.10086756942618762,0.18584447762891984
Apul,OG_03693,38.446942385791225,-0.481047745682136,-0.2617425393023627,0.3067785401714726,0.43569414029393105
Apul,OG_03691,259.01399047291807,1.921774592848257,1.7594921394493284,6.566608555512169e-7,1.0125571221360347e-5
Apul,OG_03692,878.862382310773,0.9228265066665835,0.8572563679742459,4.0268422814101366e-5,3.0182906775956113e-4
Apul,OG_03694,196.78706233585655,0.1853814193668754,0.14728008914850843,0.4265239131739636,0.5576288422632492
Apul,OG_03695,1337.424606055778,0.4125444766774237,0.39241893299510716,0.0010361078896949304,0.004511146712399415
Apul,OG_03696,527.2275995984047,0.09174330956709104,0.0715494526362987,0.7380882558658937,0.8231715279088142
Apul,OG_03697,711.4099020058158,-1.3472944873479382,-1.2598594744619656,2.746202079445746e-7,5.095165463037508e-6
Apul,OG_03699,55.11413304398526,-0.006788999909183396,-0.00187435766383024,0.9884785082562189,0.992219827334557
Apul,OG_03698,314.85198594866705,0.8377176976193083,0.6412881311927668,0.022834284261011195,0.057690316946354146
Apul,OG_03701,9.24295509380782,-2.0710293306596927,-1.236916355675804,0.008272012866348875,0.02513283368570789
Apul,OG_03702,934.0641787553652,0.42121251674473575,0.3626212097981106,0.058383424198340916,0.1214402159161338
Apul,OG_03703,150.6988318652184,0.9742045946449996,0.8927604437625726,4.949873972953627e-5,3.601693657964168e-4
Apul,OG_03705,130.8507445328552,-0.8244256514585273,-0.6893625985278847,0.006740790457804825,0.021304489154583287
Apul,OG_03704,110.81267470410496,1.130147171002233,0.9535928970596573,0.0015190772289965706,0.006214845450935606
Apul,OG_03707,359.56596923657327,1.5590169341401594,1.3415510830543038,1.5107583711878998e-4,8.985823372692146e-4
Apul,OG_03708,353.4427173687643,0.17247643177753055,0.14149596946112444,0.4012449192173133,0.5336320702924062
Apul,OG_03711,447.36061023018266,0.6990663779335167,0.6405980535438207,5.616906752174625e-4,0.002722991837868741
Apul,OG_03709,3202.179695980257,1.4656083530343906,1.4089809590607112,4.063082878268786e-11,2.7967036880419574e-9
Apul,OG_03710,412.75701678793456,0.4700131515071946,0.38997135050040893,0.072037153102444,0.14304316439655088
Apul,OG_03712,717.0982927159711,0.7175992201622103,0.6763909000050728,3.352487968491156e-5,2.5992591583735814e-4
Apul,OG_03713,1319.1457951237567,0.6658219948400795,0.6113944984716447,6.87852149417377e-4,0.0032169931697595892
Apul,OG_03714,247.0779572345818,0.25296200900238863,0.20944634870953416,0.2803742251893388,0.4069759157328184
Apul,OG_03715,234.0801031818824,-0.9170270128108952,-0.8616988956117867,6.220128847068626e-6,6.41726565377778e-5
Apul,OG_03716,174.33264879559144,0.21535778008798112,0.1649894992232215,0.4601443871635766,0.5889456265513087
Apul,OG_03717,329.09128905266124,-0.1529281286783686,-0.1368575488710134,0.4041599719983474,0.5364013051971002
Apul,OG_03718,212.38927571107348,0.2909002603374167,0.23110608813656797,0.28080029102588033,0.4074631838075898
Apul,OG_03719,1270.8635059135265,0.41824536098546355,0.3770209088953682,0.027167864551237667,0.06622671929129767
Apul,OG_03720,129.28716772764466,0.5946522442810441,0.46206754148366924,0.06132798453925901,0.12625443757773938
Apul,OG_03721,130.1341672908647,0.923978224358879,0.7366412113082794,0.009415635016483183,0.028001576828373637
Apul,OG_03722,2824.672552185917,-0.7679949302470233,-0.6616820544702597,0.004682560576140361,0.015778269325507337
Apul,OG_03723,455.0245397288566,-0.09673424454351973,-0.08398071220991699,0.542259741452676,0.6607357508501871
Apul,OG_03724,1383.8848048725292,1.0366107405295177,0.947480008872671,3.557996444900927e-5,2.730421612227375e-4
Apul,OG_03725,243.24795325926462,0.5138276503938889,0.4648643580133143,0.009799685656532659,0.028820037485076166
Apul,OG_03729,167.73184699002113,-1.8662685951656204,-1.7669744754674692,1.9131247466774367e-9,7.666953707017976e-8
Apul,OG_03730,125.31156728692352,1.8411595470491287,1.660973445701861,9.197981841474678e-6,8.879893176078926e-5
Apul,OG_03728,1223.5028965333263,-0.11631304597333347,-0.10323633227247044,0.46774101157912457,0.5954080732828733
Apul,OG_03731,620.9839952217164,-0.5638594067367452,-0.505556887859337,0.003389626102553878,0.012023705179672824
Apul,OG_03732,658.2080584015924,0.1474328816441284,0.12265271989581615,0.5173476663091046,0.6386164750573929
Apul,OG_03733,413.7044297851103,-0.32035687603411317,-0.2790035968667535,0.12057659655069236,0.21520965381979276
Apul,OG_03736,304.4706511803089,0.32200944758310135,0.2598057427144156,0.21490656177956544,0.33344972415599794
Apul,OG_03737,332.1152530454823,1.2900995363592969,1.21139455286952,2.273493036230892e-7,4.380360407626913e-6
Apul,OG_03740,245.90950099340048,-0.4732292034323756,-0.3840343706849108,0.08378725378504218,0.1612958299273538
Apul,OG_03738,758.0927978020846,0.0575846291293485,0.054687561902123885,0.6307385137012607,0.7371255131472042
Apul,OG_03739,88.3266264730394,0.2521389903942197,0.1796106727296217,0.43513045113015375,0.565770445707467
Apul,OG_03741,446.1104022315968,-0.16660846384004882,-0.12744180780165057,0.5024563612585182,0.6245725130228921
Apul,OG_03752,233.45217518498004,1.0384115560912877,0.8788920659036844,0.0017511779580462292,0.006949987520995972
Apul,OG_03753,154.05503033408374,0.9942318623438139,0.8820531570526619,3.8376438731982203e-4,0.0019921724124714077
Apul,OG_03754,1318.7871644364263,-0.3677528001199059,-0.3144404847035513,0.10098008004150436,0.1860137654206833
Apul,OG_03743,1112.929636580904,-1.7515135196766105,-1.542678386432521,2.55706421163075e-5,2.0623477635308118e-4
Apul,OG_03744,355.5447821227555,-0.9305793646542738,-0.8581363879839784,3.057497532420191e-5,2.4015204921457197e-4
Apul,OG_03745,626.2265913626226,-1.4363674212251243,-1.2777139539815512,4.918674130374827e-5,3.5883239994813766e-4
Apul,OG_03746,357.19326500602654,0.3486336460936367,0.29944631640173275,0.10112417496211355,0.18624115311139255
Apul,OG_03747,289.4314969304582,-0.6552558789022146,-0.601759457383842,7.927096084325241e-4,0.003605994112716118
Apul,OG_03748,1841.5648449029911,0.9873849242176567,0.9545396002254322,1.8725365617910488e-10,1.0358688452558214e-8
Apul,OG_03749,360.05470964472363,1.4499704324380365,1.3566908303097533,1.2804779892025407e-7,2.6851325647998395e-6
Apul,OG_03750,304.6147862272675,0.7867422019729028,0.7404192972502822,2.3718312013846677e-5,1.9372103209135458e-4
Apul,OG_03751,102.10803090091473,1.0592296830085357,0.8582980646421529,0.0036845369429810205,0.01287731380420925
Apul,OG_03760,303.5445190750605,-0.14440665478210643,-0.13246393680596566,0.42060064927528157,0.5526896028148082
Apul,OG_03755,654.109319480907,0.5516968233743191,0.5031036629670196,0.005256765894895066,0.01736273189533656
Apul,OG_03756,3902.886891997007,0.6583752572557944,0.6294941788816127,5.778238494477978e-6,6.037355330788868e-5
Apul,OG_03757,75.41110991401425,0.8351382442891332,0.5504699396477912,0.06756343271409589,0.13619930086809806
Apul,OG_03758,77.70534597778283,-0.5476492161624221,-0.4040825192788607,0.09781659675914904,0.18163349525890587
Apul,OG_03759,1312.6357165161874,-0.3302446965161622,-0.2992871838703528,0.07036177141050129,0.14039656844622486
Apul,OG_03761,713.3257039946914,-0.6588584072735684,-0.6018769089895287,8.605895121896312e-4,0.0038645097766005503
Apul,OG_03763,55.80640109405897,-0.03892863312153041,-0.015105944552110027,0.9459390788755357,0.9669575642467642
Apul,OG_03764,312.18061664560304,0.03876822963937638,0.026805533337949515,0.9000296015073065,0.9366369748428012
Apul,OG_03765,48.563769657586555,0.7352149399159122,0.5856510284251526,0.026762299692400515,0.0654859311604818
Apul,OG_03766,199.19691247427335,0.9622977656297558,0.7591267888982829,0.009896542490196322,0.029029643342257723
Apul,OG_03767,445.96236205450816,0.1908272135822788,0.1786169355355813,0.21938564691316573,0.3387909536249384
Apul,OG_03768,989.8428953326035,0.5561540323753362,0.39646802238801815,0.13013843591155283,0.2286997225910099
Apul,OG_03769,37.29787430995928,-0.3999314056458554,-0.14457107121279913,0.5215291928523567,0.6419094638205979
Apul,OG_03770,152.6650349356293,1.5620046752044314,1.4312245402718067,2.1975324603263463e-6,2.7368991981716387e-5
Apul,OG_03771,726.3595926166231,1.3879698112602414,1.308254126406968,3.5739121673425804e-8,9.422797079803523e-7
Apul,OG_03772,605.0474947694698,0.10120093455147774,0.09613142979440625,0.525437545340389,0.645788601053825
Apul,OG_03773,90.13614063154421,0.10279530922296776,0.06939543783631724,0.7610458356238977,0.8393285591757198
Apul,OG_03774,680.8256881217501,-0.5896438390779376,-0.5647320649266377,1.2628376578242356e-5,1.160755062242725e-4
Apul,OG_03775,275.9444709430333,0.5515075372811464,0.4630026242258656,0.033851156510645644,0.07850717033345982
Apul,OG_03777,251.36910126706493,1.4609824862517742,1.3372057859297133,3.3600877746683024e-6,3.874413230714077e-5
Apul,OG_03778,162.15463810396093,0.8653809853206382,0.6592013329406553,0.02141172951539056,0.054802601487447256
Apul,OG_03781,261.92099321513376,0.6535021814357448,0.5169445513089231,0.03433886964919469,0.0795155592261912
Apul,OG_03782,108.27787318672513,0.6836473485385429,0.5931581239602699,0.006828910541532418,0.02151512451187904
Apul,OG_03783,372.3490600075785,-0.5988390325786305,-0.5401675807745302,0.0039667041543249215,0.01370937959354075
Apul,OG_03784,75.6396091569882,0.9669444007702944,0.48318979892706143,0.08858432197034566,0.16851578717438961
Apul,OG_03779,11363.352640022695,-0.0946432699549118,-0.0844944750891131,0.5855090831801165,0.6974287190270952
Apul,OG_03780,485.63061215003046,1.3577405369360631,1.0567479384728202,0.0023894739021372057,0.009018289410039735
Apul,OG_03785,739.6995598767382,-1.8343458728487092,-1.7062414598945268,6.210269809641716e-8,1.4544935811308923e-6
Apul,OG_03786,100.47530728717655,-0.08776495973725157,-0.06885240665759985,0.7388271328261651,0.8235881143149376
Apul,OG_03788,101.30439152042015,0.9520625207462187,0.8157040530209595,0.0021454316888801696,0.008227550463522288
Apul,OG_03794,44.609800288482965,0.1323048653115884,0.07344800652905702,0.7690781109853478,0.8447773573827362
Apul,OG_03789,687.6440889091787,-0.6443188489408532,-0.6150647525703407,3.1858055412064136e-6,3.711422295227162e-5
Apul,OG_03790,42.213951464872004,2.159271170777682,1.5975413245852363,0.001676312243586479,0.006726705853701813
Apul,OG_03791,303.05493258352374,0.2090904224973773,0.181303561594179,0.29074423513765657,0.41792456053503096
Apul,OG_03792,385.7482025478034,-0.2070060977445841,-0.13867499774567374,0.548338392997499,0.6667161933196398
Apul,OG_03795,717.6808821865503,1.0810782308665685,1.0308315975308302,4.6262552610792664e-8,1.1587484358097705e-6
Apul,OG_03793,558.5635163140372,1.1534531452940004,1.0105235232560494,3.594667352002251e-4,0.0018790211891596695
Apul,OG_03799,47.4000428090498,1.0780143533482947,0.49455366025808073,0.08990758002281171,0.17042183078950876
Apul,OG_03800,807.7700534743303,-1.0433263809216131,-0.9054258007381393,6.306560072304735e-4,0.0029961144453093677
Apul,OG_03801,409.7723497874812,0.8051278577212315,0.6983758374491231,0.0026984531600237984,0.009976200141014592
Apul,OG_03802,109.56983734922946,0.9373245797493095,0.748396368553583,0.00992673095255097,0.029089805979574945
Apul,OG_03803,98.47211345603525,0.8505237816332591,0.6203246508967579,0.03455993750789927,0.07983093854106522
Apul,OG_03804,15.616171955498753,0.14710820941915806,0.04623828785825893,0.8276293568982787,0.8871533417916997
Apul,OG_03805,261.54577125720465,0.1707571041630656,0.14593909491990859,0.4097443049836405,0.5415014506870125
Apul,OG_03806,564.2639954925231,-0.2158782165771483,-0.20413710703200263,0.08780367953639853,0.16741928068930123
Apul,OG_03812,59.12464972036255,-0.39906568929878145,-0.24614646798416687,0.33036593930336133,0.460347654875353
Apul,OG_03813,127.73183729529669,-0.5269045152741733,-0.39012650367901375,0.11552714439639084,0.2076356908555424
Apul,OG_03807,764.8917178091508,-0.1514649056946992,-0.1394707157821306,0.311771397894369,0.44070272688721196
Apul,OG_03808,106.19482504852431,0.3775214993576219,0.33047791906240803,0.07210468397745388,0.1431277166100807
Apul,OG_03809,98.7146227063599,0.3942109336748303,0.2565818823923682,0.3028929136814098,0.43133060686438285
Apul,OG_03810,300.32044666052116,0.45569604637364464,0.41320220977829675,0.015136222775723388,0.04130851112854049
Apul,OG_03811,390.2150213270684,-0.3602128958866445,-0.29500173298995824,0.15819227290920948,0.2644456293701042
Apul,OG_03816,33.507782043232396,1.3399357382108041,0.7018847626332133,0.033196667699714646,0.07726751488082782
Apul,OG_03814,294.95331908733675,-1.2888851603838833,-1.1850321873571044,8.489244751728692e-6,8.311348526203867e-5
Apul,OG_03815,83.60399026207133,0.5311087504348703,0.380141866378686,0.1338319891085051,0.23362174847606076
Apul,OG_03821,40.64026307723394,0.5144872397187026,0.24434508045425427,0.3496654908090079,0.4821736856743882
Apul,OG_03817,138.0401783780221,0.3569766544239159,0.271209727261599,0.2537424682222996,0.37949839707422056
Apul,OG_03818,27.566809344608526,0.22840165331742704,0.09299843899928821,0.6986612472174062,0.7926806884474039
Apul,OG_03819,121.2419457593123,0.8318357727436266,0.6093086152016833,0.0363784962072855,0.08300225210047907
Apul,OG_03820,75.02277598774207,-0.12254869433344964,-0.06304441945755919,0.794772591517935,0.8636375581727188
Apul,OG_03822,32.616139834781954,0.334231781845884,0.1465717926681895,0.55360516554111,0.6710388194225283
Apul,OG_03824,320.18180573659885,0.531067009712664,0.4759063761863316,0.004977057534471624,0.0165833816812018
Apul,OG_03825,613.0497761635346,-0.050691342070382873,-0.04550156109653182,0.8080889983725745,0.8723259306028378
Apul,OG_03826,19076.082896442425,-0.9957118484098708,-0.8501002608673779,0.0013229831387576649,0.0055562827024582505
Apul,OG_03827,1133.5676419097854,-1.1988835698665792,-1.1474442546807266,2.2865205436314796e-9,8.925348806028161e-8
Apul,OG_03828,127.95312033222528,0.2569645783018024,0.20044410251824218,0.3568888760951399,0.4898254096454303
Apul,OG_03829,318.3067326724135,0.6919417460079144,0.6580842395863238,1.616858767817613e-5,1.4209761705079354e-4
Apul,OG_03830,2249.4719375396194,0.7844893433967394,0.731048805083615,4.652016627884388e-5,3.4298637721695444e-4
Apul,OG_03831,215.09457804852414,0.3262338577465461,0.27753195617302445,0.14807016360637495,0.25205751656384423
Apul,OG_03832,399.99034500984146,0.12862916800187166,0.11052806761746133,0.5291888263633169,0.6491219762369784
Apul,OG_03833,272.520329841324,0.8530200027755349,0.6567215474362053,0.017088544921884552,0.04560036317143544
Apul,OG_03837,517.2791051609827,-0.57994795105337,-0.5177903516799424,0.007649293169804517,0.023588808656678294
Apul,OG_03834,332.57581569178416,0.23240970369888572,0.20300209611430914,0.20313441893497786,0.3195289903895714
Apul,OG_03835,926.3963428093318,0.7529956385981009,0.7209425641571663,2.5925394256142514e-7,4.860068191426965e-6
Apul,OG_03836,772.6336801607466,0.2076272407583206,0.19161478561498435,0.2116894368655681,0.329942090965805
Apul,OG_03838,21.92291920754476,0.3120111668186648,0.09166647698101665,0.6722003046022784,0.7711488736130718
Apul,OG_03839,832.8065507809031,-0.6355820186849058,-0.48041011450905274,0.05207606953242646,0.1106954075846038
Apul,OG_03840,547.859402125536,-0.2547231714817907,-0.23544176156011193,0.09856887403709741,0.18272934563990692
Apul,OG_03841,581.7513980633022,0.35090385659930434,0.3302284946387589,0.016700000335474547,0.0447513422486777
Apul,OG_03842,577.959075124071,-2.0373723994835395,-1.875949034176703,3.123851888128068e-7,5.676460115712328e-6
Apul,OG_03843,1053.8834087500181,-0.614256568805453,-0.5879021820599905,1.0148697970504054e-5,9.704221590671798e-5
Apul,OG_03844,7.532626129950124,-1.431525725199702,-0.2617823856145078,0.16812593791560218,0.27659032698138747
Apul,OG_03845,1077.6713676181791,-0.5316818599980526,-0.3054324607060014,0.23639371964427716,0.36020094277575776
Apul,OG_03846,391.7918747426692,-0.7316385196959522,-0.6614638980857008,7.882153463165069e-4,0.0035895645342100724
Apul,OG_03856,8.18527453587553,-0.594457254978329,-0.05173117940359128,0.6268081343968579,0.7340185665610136
Apul,OG_03857,40.717425880762036,0.4373692758331422,0.16772283976727098,0.47473864940864824,0.6010556587640805
Apul,OG_03858,80.79886443683725,0.4754692592179867,0.19524971755404386,0.42916127761760775,0.5601023650713517
Apul,OG_03860,199.03061192372374,0.4665624495344392,0.41357279740194813,0.02657699549218414,0.06510316988672218
Apul,OG_03861,171.3726566861588,-0.4750969723781751,-0.28195709779187444,0.2664194250488398,0.39353636799162844
Apul,OG_03862,272.1319319027799,-1.5887618275804651,-1.3495751696786766,2.4559515670013327e-4,0.001369530938753928
Apul,OG_03847,444.5083830791897,-0.8542365224333761,-0.7796723237588763,1.985140454696437e-4,0.0011423108793872222
Apul,OG_03848,1034.1057502410279,0.6042887867455157,0.5254141586430715,0.011023747956102368,0.03172979697094784
Apul,OG_03849,3439.1338170029508,-0.457771520542738,-0.43283987333440366,0.0038170409350117493,0.013263297923314429
Apul,OG_03852,386.1664768063509,-1.3072447031013827,-1.233994925760071,2.1436349492817162e-8,6.040361355522886e-7
Apul,OG_03853,126.28828543464358,-0.8312401836153669,-0.6906057970061131,0.0062580135952007895,0.020038532879234915
Apul,OG_03854,647.3936723469294,-0.029302777986838453,-0.02277807710130807,0.9057499965166588,0.94080724785056
Apul,OG_03855,91.05110596173049,0.5045650874178136,0.4080885531252349,0.07019505535317787,0.14015695618237486
Apul,OG_03863,827.4438445309008,0.6691710117380799,0.619098410307126,7.177134731434824e-4,0.003332452310677024
Apul,OG_03864,300.6867553314379,-1.330808808524989,-1.2023945185314688,2.099336607868767e-5,1.7511302676366948e-4
Apul,OG_03867,89.63911730605449,-0.35601617324848467,-0.22269487376192437,0.37170156082256633,0.5040049584867791
Apul,OG_03865,1281.7917216384226,-0.43920713513437226,-0.39745945856124076,0.018389074594828456,0.04831418578717022
Apul,OG_03869,129.300804679744,-1.4511903655167175,-0.966066729306496,0.008551007922458111,0.02579606505078782
Apul,OG_03870,140.21912486381925,-0.028426087376060796,-0.02272178479920955,0.9072488095699959,0.9416048015530217
Apul,OG_03871,370.5536217272749,-2.7388212249968875,-2.589652456261421,3.1125365416900353e-10,1.60375668550966e-8
Apul,OG_03872,344.6946017481826,-1.7225638835446149,-1.585777944322977,9.996878074813176e-7,1.426295088616937e-5
Apul,OG_03873,22.295795236402235,-0.9468452442188219,-0.15612983075951609,0.3153162654513835,0.44432048219645653
Apul,OG_03874,327.1978912378969,-0.15026333914060494,-0.1277437250328448,0.48614489920332804,0.61035485326043
Apul,OG_03876,231.19769648200412,-2.6298020880322874,-2.353751225995123,2.2863199146087554e-6,2.8279487887554387e-5
Apul,OG_03877,157.88242426167176,-0.2615618441352292,-0.2217492289597648,0.2466889078140743,0.3714132378960608
Apul,OG_03878,886.217538274637,0.4819002955847223,0.45645982206520386,0.0020035547425228395,0.007770345425087503
Apul,OG_03880,19.929505375794495,1.1681211886285092,0.173436132388618,0.24685827058604767,0.3714863234114023
Apul,OG_03883,62.759837170854794,0.9584783492195631,0.4507871462659316,0.1134595645441949,0.20457206428614386
Apul,OG_03884,215.90348649647504,0.40006628664876254,0.3490538348985837,0.06256080940100214,0.12829447768224614
Apul,OG_03881,204.55879831772415,-0.48316498760115345,-0.4173963741316941,0.032661089228066875,0.07631641398535347
Apul,OG_03882,196.5772865320665,0.21738561290044578,0.19551304935201716,0.2135854475719121,0.3319944803923343
Apul,OG_03889,680.1636427650767,-0.23053961134832732,-0.21239206714246872,0.13442937365485672,0.23434354127471774
Apul,OG_03890,520.4646776443503,2.0684912856642006,1.9718652726046322,9.519091762442743e-11,5.839023838227634e-9
Apul,OG_03891,230.34570356138707,0.30381684012396803,0.25793505755323265,0.16977295175951554,0.2784869394243318
Apul,OG_03886,9146.380021631881,-0.5271446226932053,-0.49633003112401064,5.014372378352252e-4,0.002480230155545927
Apul,OG_03887,518.532527544539,-0.11230134214606931,-0.10212130526617934,0.49212119008561134,0.6152879604828005
Apul,OG_03888,24.436827833212966,-0.8259103150103514,-0.4450759754595954,0.12332229426552882,0.2191127344615317
Apul,OG_03892,77.68013774191054,-0.027151256466420023,-0.01682952665034081,0.9311807928351052,0.9570985533550237
Apul,OG_03893,1219.3702094115695,-0.6536991472295874,-0.6226423427677131,1.8042581508731895e-5,1.5451365299395663e-4
Apul,OG_03894,23.047860923992506,0.21259853486512853,0.09010460525709335,0.7072486001010618,0.7991554670565506
Apul,OG_03895,1015.7458489780742,-0.3937142282896192,-0.3337724710427359,0.09577993120484578,0.17886747145206303
Apul,OG_03896,140.5809435528503,0.7951102599850736,0.707254402392248,0.001513790390253693,0.006201657405232871
Apul,OG_03897,54.43718325533712,-1.1163121695594935,-0.6994778193946516,0.0315631137425027,0.07432870112722562
Apul,OG_03899,60.70281957039158,0.15671998992725403,0.10700761450794566,0.6518278449772874,0.754787681797894
Apul,OG_03902,46.6989627134479,-0.2569462606886231,-0.1724126117648209,0.4755826340622239,0.601691914223008
Apul,OG_03905,301.44643491071815,0.5545890306980545,0.4960720180344738,0.007426590235593692,0.02303596978133757
Apul,OG_03903,1959.2432386149383,0.12851191595971934,0.10686795043611545,0.5760240938070064,0.6898670811339854
Apul,OG_03904,4966.730631063007,0.6839024549473368,0.631119584525711,9.468572205460042e-4,0.004189308909550206
Apul,OG_03910,190.68524764053637,-3.4049990154007834,-3.0166053099995382,5.661802217980154e-7,8.909680732901753e-6
Apul,OG_03909,1039.7758602329052,-2.113076016293065,-1.9764252910307032,1.937194247340972e-8,5.545295405801125e-7
Apul,OG_03906,121.3572340075538,-0.30383875230489926,-0.18736837921559293,0.4424966955282312,0.5722881100943862
Apul,OG_03907,83.99103830897059,0.31910830846392296,0.24621116364110623,0.2687329939011062,0.39556781649571227
Apul,OG_03908,821.762022842194,0.11793747450445084,0.11180642439891018,0.35370740718427524,0.4866310177877036
Apul,OG_03914,571.787376010891,0.15165548803416565,0.12919252623395608,0.47999204249782174,0.6058354209410497
Apul,OG_03911,91.89667499974522,1.0384695276159275,0.7416107599132549,0.017360204704518597,0.04616247886188268
Apul,OG_03912,31.60277435209422,-0.9952166619252136,-0.853164277159065,0.001940648755875318,0.0075766512948189455
Apul,OG_03913,829.92692169319,1.266766877637371,1.2321936775395155,4.8990290889268025e-15,1.227070702634805e-12
Apul,OG_03918,1462.9185203414677,-1.6518746429078222,-1.5233713594555098,5.120242070153589e-7,8.244504061888377e-6
Apul,OG_03915,579.6789257324675,-0.8707954966642906,-0.8290697802085453,3.7771557376627207e-7,6.5877395138307065e-6
Apul,OG_03916,271.1180076677412,0.8131798321542755,0.7485954462861567,1.2387239996205173e-4,7.639927704909853e-4
Apul,OG_03917,165.86036330913205,-0.48089919065376857,-0.385902083855777,0.08513296070229354,0.16350242953196611
Apul,OG_03920,7.654734992408848,-1.4513764477508087,-0.07228969125274506,0.2947592113124593,0.4219681367754018
Apul,OG_03919,688.6138573661126,-1.460003856608217,-1.4203479109894894,1.4990936235615148e-14,2.9385493920987343e-12
Apul,OG_03924,192.80895847114368,0.022303730739675474,0.01755329720369888,0.9360436169298519,0.9602167569802589
Apul,OG_03923,82.11743573843185,2.01793847851348,1.3452426868663068,0.003586995409402271,0.01259499127982098
Apul,OG_03922,1223.520265512725,-0.6392046291444394,-0.516678130209547,0.030243158937402613,0.07199117321503679
Apul,OG_03926,493.1792669588108,1.1321661950201294,1.0659018557536797,2.431103994240861e-7,4.605307713460051e-6
Apul,OG_03925,3502.8128157269143,-1.4585696468459146,-1.362927541925778,2.2565309858168802e-7,4.36633903414395e-6
Apul,OG_03927,88.58186505797505,0.07048937916473316,0.05215829555236522,0.8176793436688148,0.8806754230604041
Apul,OG_03928,45.09517037405932,-2.6763772791328866,-2.453706783342482,1.674182333148204e-7,3.40002299504445e-6
Apul,OG_03930,95.61525605318283,-0.7544650238770779,-0.5055219618023744,0.07526044099295548,0.1480094648709879
Apul,OG_03932,1850.8333870132963,8.866074859378786,8.52722100889767,7.266656792328722e-19,5.646750195507787e-16
Apul,OG_03931,423.7470450880718,2.49385326816351,2.4520062929363804,1.6422408871009577e-26,1.4808086078989337e-22
Apul,OG_03933,3469.7817754440503,4.692441336412232,4.368828028611005,6.959926441696197e-10,3.169578622463364e-8
Apul,OG_03935,16.385442680491177,-1.5380501033899556,-1.0478577902172717,0.010766546006898008,0.031096074741896008
Apul,OG_03938,437.03382883358864,-0.2221988285122998,-0.17734402181027512,0.4168763808503701,0.5489156434181932
Apul,OG_03939,465.6139120016038,-0.38156095565215437,-0.31272922841949224,0.13203805099216342,0.23086816090679418
Apul,OG_03948,12.973763553822554,0.7455352927340784,0.1127222753278446,0.4581749112865504,0.5875089839406747
Apul,OG_03949,322.00872892935405,1.8110122967250986,1.684474986477519,9.382138337509438e-8,2.0664890241167656e-6
Apul,OG_03950,214.68516517153165,-0.4548035687968885,-0.37649675375358693,0.07511164140460533,0.14781354660526544
Apul,OG_03951,143.1239390472036,-0.4145077795023217,-0.37885673180754564,0.026248482541301788,0.06447653658316986
Apul,OG_03953,61.96295363020763,-1.0226639713956625,-0.8383909733305643,0.004109771834252049,0.014111885997505989
Apul,OG_03952,670.9648132985524,0.20009573468417316,0.17227828939736292,0.30815622210318283,0.4368251304361578
Apul,OG_03954,135.26363492407785,-0.2358411853095651,-0.13188552839205298,0.5892126719149546,0.7005384618110386
Apul,OG_03955,501.6749600374924,-0.4917713712292399,-0.4474258989444635,0.008501029208384117,0.025679658416080265
Apul,OG_03956,558.4302366873303,1.157731294919476,1.1026119997799166,2.3072758368270935e-7,4.426533238440405e-6
Apul,OG_03957,468.03266457100347,-0.04845547563955952,-0.04359850731683346,0.7932876752067131,0.862427831881341
Apul,OG_03958,1008.9655849837391,-0.6859008068603472,-0.6276867127979039,3.9136538174472125e-4,0.0020234757151331145
Apul,OG_03959,1351.174815267184,-1.118544871127682,-1.036034754740896,7.729922522479928e-6,7.70173606466315e-5
Apul,OG_03960,172.83402802706135,0.03631633769419984,0.01722941993521128,0.9355602291144139,0.9601313314166192
Apul,OG_03940,4391.685611581629,-0.3872670247931913,-0.3515407586454743,0.04633588638732144,0.10116481538849333
Apul,OG_03941,31989.02973953673,-0.1715429498360077,-0.13807530241973123,0.4856471495992791,0.6099847259975902
Apul,OG_03942,204.74268116646866,0.06580776194406011,0.05746544091737892,0.7321728424132463,0.8178003536957639
Apul,OG_03943,48.736465516431466,0.43424355595672726,0.24174605651895106,0.35141202544797345,0.4839160405412915
Apul,OG_03944,33.88867435568842,1.1346452763479287,0.45960136701261817,0.07730875763983705,0.15124605503111535
Apul,OG_03945,397.5747241809994,0.19342951798506997,0.18235595329393395,0.1497611064018962,0.2540106237562572
Apul,OG_03946,2039.107272717937,0.1988835065974476,0.1612779084471275,0.40769776203393937,0.5399046438919124
Apul,OG_03947,405.90033671170295,0.3834172859208908,0.3218133973478998,0.11340982567115379,0.20452327961535874
Apul,OG_03962,396.6860631529001,0.6561118203172397,0.5799007265251293,0.004934895894825614,0.016468525641614568
Apul,OG_03963,363.20357233242095,-0.532951523989495,-0.3917585266995572,0.10993061618650764,0.1994885110017386
Apul,OG_03964,971.8428477382324,-0.9085940811690064,-0.7464007957538701,0.0071387062055112485,0.022350595088574628
Apul,OG_03961,547.8284375992737,0.2072322884441529,0.17489542734016686,0.3395174390395345,0.4709890381260743
Apul,OG_03967,20.26730561069505,0.06447444809067975,0.014970039140052814,0.9336537062294358,0.9585284605568509
Apul,OG_03965,79.48880972873103,-0.09082557237151881,-0.06021565649534082,0.787574197137478,0.8589207227368939
Apul,OG_03966,120.17899263759716,0.7325383393495559,0.5660132832992353,0.029494299839382433,0.07052508662203961
Apul,OG_03970,21.28887568622741,0.9341221699822025,0.4324097719269662,0.13100838297342438,0.22973601502749272
Apul,OG_03969,72.74049326532676,-0.7553099429034033,-0.6470725411273328,0.007241637644892306,0.022612470143072633
Apul,OG_03968,669.7810218810718,-0.9492615593947895,-0.8551590091258987,2.4548553242329896e-4,0.001369530938753928
Apul,OG_03971,946.5034628313427,-0.8648334435749748,-0.6483692031157233,0.01963639753977823,0.051026339082472706
Apul,OG_03972,49.9122089705226,0.5863368654227761,0.35304638379990677,0.18618518774103052,0.29934206608085645
Apul,OG_03973,1589.2693744586506,0.15855025467244666,0.1292148527572886,0.5331525659779244,0.6527408944226671
Apul,OG_03975,640.5767432903972,0.6708243283633976,0.6312693695809071,1.2408079738039418e-4,7.647549897327508e-4
Apul,OG_03976,1198.3515418443517,1.4833736319471276,1.4061689024236101,1.6394829342971824e-9,6.659107035386349e-8
Apul,OG_03977,5694.808024509116,1.2854949198638512,1.2317449237612805,8.285710720827875e-10,3.717027540781341e-8
Apul,OG_03978,62.66413200972778,-0.3521889307554391,-0.25111740066961186,0.28709869119983705,0.41407052120104454
Apul,OG_03979,145.31715044243612,0.6576316642045398,0.5633139541874523,0.013663235779501128,0.037896461711400084
Apul,OG_03980,19.882149378498685,1.4664855694183467,0.3434466853893649,0.08958333500895409,0.17002313548838036
Apul,OG_03981,2249.041301103845,-0.6821362788822443,-0.6460091941171419,3.273778512635249e-5,2.5536038796221487e-4
Apul,OG_03982,347.5488669732262,0.05407321098723622,0.04881236122584378,0.7478173139395448,0.8300183062275819
Apul,OG_03983,174.98947043307555,0.06310886267123586,0.05425761485589329,0.7662973356667848,0.8430579643371644
Apul,OG_03984,34.682072073643404,-0.6772916388950185,-0.2757306461845401,0.27629823149808885,0.40308583197740405
Apul,OG_03985,234.0968320556696,0.9815511839325424,0.8280091798990263,0.0026072669368268323,0.009702734613853714
Apul,OG_03986,911.4272402035853,0.1920925814435806,0.17032642837240325,0.3240500882210526,0.45393190080615675
Apul,OG_03987,202.94497147401606,0.26834604300550957,0.22525161836783156,0.24624726567717595,0.3712528657432591
Apul,OG_03988,128.4169662225482,1.0030136983608129,0.7396918353752786,0.0180860330587247,0.047701615481970217
Apul,OG_03989,106.3135367615427,0.05207844639491011,0.03596069685906808,0.8781930006644605,0.9236750597213857
Apul,OG_03990,1350.9543191639395,-1.6166698763126528,-1.4961682142957877,4.871850345829506e-7,7.915220642944983e-6
Apul,OG_03991,425.7559453684481,0.537891559371696,0.4599438633581009,0.023296189187348697,0.05864370125692998
Apul,OG_03992,758.2885179749674,-0.1246937415772232,-0.11532980685930598,0.4058938401313781,0.5380761696101396
Apul,OG_03993,261.12964319964146,0.774667475013047,0.7072447955270164,3.8854047513022395e-4,0.0020123316853815215
Apul,OG_03997,499.41405542075734,0.09510412899589238,0.08560954525884416,0.5808672929118781,0.6940082655606737
Apul,OG_03995,913.4492634825417,-1.8722349103784834,-1.8248529771703177,6.1245129898500124e-18,3.4515458518423478e-15
Apul,OG_03996,112.3785021150806,0.854129517778496,0.5880224787568642,0.0507028557298566,0.10841537825850532
Apul,OG_03998,348.21087427010104,0.21486627505110606,0.18080240604074374,0.32838608365910105,0.4586607482035632
Apul,OG_03999,4730.748845755292,-2.058801150984433,-1.8781021097092423,5.700064931464786e-7,8.954265764288844e-6
Apul,OG_04000,66.71589786678574,0.4646193312307105,0.33875865334381056,0.1646461731855125,0.27220655365122226
Apul,OG_04005,247.24895446876894,-1.2986061079510494,-1.1330566707997194,2.0597492159280691e-4,0.0011799719618820457
Apul,OG_04006,437.9214290142357,-0.9607579728471308,-0.8717093652758207,3.831893075514098e-5,2.910882886428864e-4
Apul,OG_04008,595.068794344398,-0.3809834027292476,-0.3214512971915871,0.10990617886232067,0.1994885110017386
Apul,OG_04001,2924.7719124611062,1.3926496004111961,1.3093147436548327,4.0012031903665334e-7,6.846081435964901e-6
Apul,OG_04002,1722.2745626276726,-0.6421009927528071,-0.5739093450751955,0.004974361800905648,0.01658181898660489
Apul,OG_04003,3410.2332464458063,-1.519359341934633,-1.3688759404653799,1.2020937737410827e-5,1.1140061210507034e-4
Apul,OG_04004,101.15450167730866,-0.8550214804292684,-0.6771200022014967,0.014430456192221894,0.03969476006261892
Apul,OG_04011,100.5618233086287,0.04523402764310104,0.03090422588726167,0.8942781156298095,0.9339478536754682
Apul,OG_04009,122.13611772596573,0.2087041366989902,0.14677357365333657,0.5277459689758633,0.6477714586557557
Apul,OG_04010,403.1486280962585,-0.9199014535107032,-0.7375446391927524,0.0074137057437478945,0.023003917650163377
Apul,OG_04012,1391.3689301295449,0.18533303007422647,0.16763397195070928,0.2973191133056581,0.42480235025556645
Apul,OG_04013,799.6383007086476,0.11924178683481845,0.1089060413982322,0.4830705680611461,0.6085007196185425
Apul,OG_04014,330.9928516235815,0.4907084982948881,0.4501069169829756,0.008065357466595549,0.024669378655458638
Apul,OG_04016,170.13221306967748,0.562364053737926,0.5138555176007301,0.005524987928411623,0.018063385116202903
Apul,OG_04017,142.21289610880254,0.4467631129828819,0.3239251285857424,0.17558022618081326,0.2860872604756764
Apul,OG_04018,326.06225555850483,-0.24328263438545786,-0.20707826925063058,0.24904363177702354,0.3740840292742664
Apul,OG_04019,175.40461071843512,-0.723940828995248,-0.6253528549703025,0.006038087939373985,0.019410138662864607
Apul,OG_04020,105.36983718393549,0.2938495709733264,0.23034771341643573,0.2929523480083651,0.42009403975690657
Apul,OG_04021,743.0612320250032,-0.033741191697976194,-0.029564870990935018,0.8497392572963844,0.9029738912125906
Apul,OG_04022,128.9227435796136,-1.0775115934722808,-1.0154859074207612,2.8538307236332584e-7,5.273154023565797e-6
Apul,OG_04024,49.28198714691683,-0.7754820158887065,-0.4779225274002631,0.09187982473531663,0.17332225515446653
Apul,OG_04023,464.0739384655734,-0.016552885984395853,-0.015712528949229858,0.8891650526099371,0.9304399767185567
Apul,OG_04025,218.5102142088342,-0.2804380354553546,-0.2480410650215845,0.15202089731592755,0.2567920072729808
Apul,OG_04026,1066.7829121727368,0.40989479104119286,0.36356983533615944,0.041555445970854026,0.09242857827311068
Apul,OG_04027,4315.911023419715,-0.7820805778815555,-0.7072331694839388,5.71652429581678e-4,0.00276533796005257
Apul,OG_04029,525.0157059123807,-0.8463177463253683,-0.7845360782190773,1.190709504255883e-4,7.37405741749677e-4
Apul,OG_04036,190.41518975527157,0.7924604186723025,0.7259782494228662,2.881978515848252e-4,0.001569251224480899
Apul,OG_04037,181.76355394276766,0.1998884859801522,0.13486566942230255,0.5698510780999166,0.6848390205553709
Apul,OG_04033,825.5694593219081,-0.5977064855908537,-0.48213971645434317,0.04240722519616909,0.09399851268285561
Apul,OG_04034,280.0972880135126,1.272989530218496,1.1103109580759094,2.534385487024592e-4,0.0014037195292690876
Apul,OG_04035,183.95944556287103,0.7572776004660671,0.7155758268146893,1.225808105086993e-5,1.133652480366094e-4
Apul,OG_04030,863.6171439922633,0.022136358059538497,0.019753352191400446,0.9143111287010915,0.9466463942470712
Apul,OG_04031,10240.347187115767,0.45137282074454427,0.38529246529336236,0.05549619013430063,0.11661830492682096
Apul,OG_04032,719.0471986950549,0.5072180677094973,0.4622548996730453,0.008448677444447533,0.025547191320115157
Apul,OG_04043,358.9251850548393,-0.9193017494174472,-0.7638278605837581,0.004992698055919995,0.0166122355609707
Apul,OG_04044,555.3371210316271,-0.8478090853244112,-0.80253524039161,2.1147528796302276e-6,2.6558115202821396e-5
Apul,OG_04038,85.53869014350798,0.20239692076736285,0.11911071363184368,0.6244330552989461,0.7321374787865071
Apul,OG_04039,206.96229687908726,-0.0330650995054851,-0.018121217239922074,0.9418277665706297,0.9641758595784932
Apul,OG_04040,832.4350564052359,0.49942311439789694,0.47219998056895485,5.886369699793168e-4,0.002836846370017905
Apul,OG_04041,334.4445013024514,-0.2509925407079456,-0.20777153366368917,0.299085483831973,0.4269876199672103
Apul,OG_04042,579.9742497054373,-0.3577848759979141,-0.33289914621334044,0.02821396237406518,0.06829672449045524
Apul,OG_04045,260.53250918853223,1.5377331623639803,1.4186454891847469,1.4142492771641241e-6,1.8959529659011064e-5
Apul,OG_04046,418.49663225781353,-1.375953105181915,-1.2814082707275019,4.3190064560106523e-7,7.26576142049404e-6
Apul,OG_04049,10.92735869534178,-0.8961600657423567,-0.1569805926852077,0.367128056711329,0.499245540179698
Apul,OG_04047,236.61285202653113,0.226045582742064,0.1901382225771953,0.29257003116242586,0.41973997580303934
Apul,OG_04048,1621.9184173283672,0.611795090762836,0.5569171659034675,0.0034586607602589705,0.012230095715786328
Apul,OG_04052,200.46304661096158,-0.2718969484215226,-0.20826673670597856,0.34743539007663854,0.4797587920859188
Apul,OG_04053,16.469583846054288,-0.7032789633143042,-0.19867348387358827,0.3748028638213399,0.5066103167556621
Apul,OG_04054,152.99688432332172,-1.3441390825617328,-1.0023430795016957,0.004111810186571719,0.014113510640394818
Apul,OG_04055,31.95192434264261,-0.6306481635976872,-0.3747501180872874,0.16688015877430257,0.2750426597821031
Apul,OG_04056,94.20246251618306,-0.8081558025348488,-0.37454002631708827,0.1557476720654759,0.26157138368679383
Apul,OG_04050,343.7378058462249,-0.5988749609178775,-0.5688454189370191,8.059104330371242e-5,5.37890035136621e-4
Apul,OG_04051,91.21026429006463,1.3686770144692861,1.1261379619719842,0.0013618911849875546,0.005685265192144806
Apul,OG_04060,140.13326659226004,-1.4230163052613656,-1.2281673234130843,1.9643861014220432e-4,0.0011325364115423633
Apul,OG_04071,1265.3601307218019,-0.2993940271288083,-0.269173150179673,0.09412212459710322,0.1764814301293574
Apul,OG_04061,153.2490285300477,0.2179707540587345,0.1678521955927185,0.4351356372386918,0.565770445707467
Apul,OG_04062,558.2762542017952,0.3681516598206199,0.31873072269455033,0.0860767489903177,0.16495728495925954
Apul,OG_04063,173.89933147216956,-0.9243554791153966,-0.842970701722667,1.1088451445187755e-4,6.948197823575954e-4
Apul,OG_04064,888.0271344050964,-0.49590552612900446,-0.43583083489422414,0.02188126786975029,0.05581425527059076
Apul,OG_04065,299.59806420284934,0.24779412763505912,0.2278769048919987,0.11757584592366903,0.2105205327032811
Apul,OG_04066,201.59034876974647,0.8992558078285936,0.8311830215380384,5.839456035845524e-5,4.1394948958505575e-4
Apul,OG_04067,957.6745977703752,-0.3382872508937377,-0.29793357498805095,0.0989518582661869,0.18316996668950436
Apul,OG_04072,13389.491977306263,0.3426839471444028,0.26747919698895933,0.21937677073265263,0.3387909536249384
Apul,OG_04076,117.7508629722749,-0.029856455212932013,-0.022584176473679742,0.9120505430663204,0.9447075070965112
Apul,OG_04073,2228.6552572090227,-2.0036364847812327,-1.845455064603268,1.9697312229240958e-7,3.929439477235967e-6
Apul,OG_04074,410.03060909806317,-0.13569407541884843,-0.12754911354417267,0.2942104431302467,0.42136206570924944
Apul,OG_04075,584.558909410812,0.4449147579816621,0.4073333656276178,0.00958807598859709,0.02840199776254269
Apul,OG_04077,489.98181894579636,0.6161890009990201,0.5179206719326439,0.020101605572042908,0.0519209903875998
Apul,OG_04100,261.06847711687146,-0.44403907774660833,-0.41452203517939445,0.009122418038127711,0.027228349371002176
Apul,OG_04098,590.1672030130604,-0.15488331009115847,-0.14307485525427396,0.24232352929135187,0.36680061501093164
Apul,OG_04099,244.9897117611913,0.82659609005454,0.7493950511995157,2.761847862959931e-4,0.0015138955732711063
Apul,OG_04078,1697.1813276047924,0.944865033268307,0.9041425976506743,5.603499926248383e-8,1.347380235599511e-6
Apul,OG_04079,350.55739217766495,1.344462996964813,1.2725256727234806,9.06065140312289e-9,2.900778330533986e-7
Apul,OG_04081,250.07900998241252,0.09508829857732357,0.08430215195030619,0.6799966207275288,0.7770282003675233
Apul,OG_04083,1370.5653437743092,-1.143482132225192,-1.0350293908327226,4.7906054582727015e-5,3.517662004661641e-4
Apul,OG_04084,541.5132338039218,0.3034840445012511,0.248180174717462,0.23009868871348588,0.352377696353516
Apul,OG_04085,388.6552960498594,0.7637511935538105,0.6786133674284643,0.001607949836227006,0.006522214877759295
Apul,OG_04086,354.19421474411547,1.1384993206367653,1.0847296446861912,1.721912793358936e-8,5.057487836390074e-7
Apul,OG_04087,1336.5378677305619,-1.7831764963606962,-1.5794637899542545,1.6515760116921896e-5,1.4458505725658714e-4
Apul,OG_04088,3090.925682628049,0.03728134410781308,0.029239406231044544,0.7457710447630231,0.8286651276189992
Apul,OG_04089,325.26771820613476,-0.4583725015179324,-0.34224093070620076,0.1485588108636055,0.2525079731493178
Apul,OG_04090,413.4497615906688,0.8484815583775789,0.7846684820771768,5.942976949521251e-5,4.1996726609587086e-4
Apul,OG_04091,130.24531102099135,-1.4201141398113883,-1.2215865536593595,3.397884406514766e-4,0.0018022778643260967
Apul,OG_04092,1405.1080388060525,-1.9337545940331267,-1.7766573256766858,5.602350705938126e-7,8.872084804636221e-6
Apul,OG_04093,202.19571556586104,-0.006730048342125532,-0.0061891207071753905,0.9656047227860898,0.9791787882773472
Apul,OG_04094,554.0930182514292,0.0927373983341038,0.08567754147581977,0.5565111361645565,0.673171294414877
Apul,OG_04096,476.49668696016215,-1.7579859792875656,-1.6695725035181503,5.808389828317319e-10,2.6721556674457786e-8
Apul,OG_04097,294.5400401071262,-0.017011799135598922,-0.014757872722655354,0.9239310375980118,0.952777466379377
Apul,OG_04101,143.2340138090904,0.3384614403028472,0.24275727372137687,0.28786338744747775,0.414775353885252
Apul,OG_04102,1002.9293746333913,-1.3939168251130365,-1.2178040510085175,1.223536710684657e-4,7.556596246742159e-4
Apul,OG_04103,287.40801049373556,-0.11539813263308703,-0.0890623632340734,0.6635932265981982,0.764289197117889
Apul,OG_04108,22.146354165748924,-1.5373523292653473,-0.2884004904207417,0.13232846736467008,0.23133109542986238
Apul,OG_04104,189.7793968103618,0.3544766451038669,0.3218367841425434,0.046398457941849526,0.10122789626461581
Apul,OG_04105,840.9142190158005,1.287696970947579,1.2213541321358938,1.4451488781647951e-8,4.314870011394688e-7
Apul,OG_04106,52.29416654347411,0.3157882672454932,0.14639491795635154,0.5612189941087633,0.6774446679891191
Apul,OG_04107,244.64676356945432,-0.11548511985489777,-0.09593111542128337,0.6080646236943545,0.7170963525833108
Apul,OG_04109,252.84547510674975,0.786357291575777,0.5764039602955813,0.03668210357607563,0.08354698861972064
Apul,OG_04110,1873.739411059963,-0.8745362833474603,-0.8146850527256129,1.7386093580986167e-5,1.5074077482668487e-4
Apul,OG_04111,6488.940299891498,-0.10153158824574958,-0.08775715791214383,0.6070226110619481,0.7160547990509663
Apul,OG_04114,281.9711251318777,0.8068155720808472,0.7074977878674125,0.0018878472355473939,0.007401181966491675
Apul,OG_04115,1102.3927961620295,1.0222963220072305,0.9756628384792424,4.35826051906693e-8,1.106998171843e-6
Apul,OG_04113,754.3745672707428,-0.2926715530887833,-0.2756422389997521,0.03505079032668458,0.08072872959788376
Apul,OG_04117,1231.9956178307407,0.6573135739947316,0.5971392562813642,9.692719523917052e-4,0.0042758929524050904
Apul,OG_04118,211.22433429054166,0.04842604050638922,0.025316145354023267,0.9203388340228751,0.9509254666713902
Apul,OG_04119,318.63092373050415,-1.382523682617757,-1.2162804430762744,1.0300903509799502e-4,6.531873906319417e-4
Apul,OG_04120,191.8027001187166,-0.33040900228065173,-0.2588318240195857,0.2226403138450121,0.3431705487077733
Apul,OG_04121,11.578227262367673,1.1603132138550472,0.24869650610461072,0.18937647144663372,0.30325122412258854
Apul,OG_04124,53.91326052971384,0.31716141263407194,0.12547799123057285,0.6019246901601405,0.7113440276768004
Apul,OG_04123,583.3598784560434,-1.3936092339239627,-1.2356336442665743,7.838863603327732e-5,5.259154249345697e-4
Apul,OG_04127,2222.598518231936,-1.3369476090766925,-1.249240762153964,3.4978906255693623e-7,6.19655791174046e-6
Apul,OG_04128,278.8522680719062,-0.09377497679264436,-0.07957933126009252,0.6231277059147056,0.7313630980259368
Apul,OG_04129,359.4276465906194,0.07794195707881194,0.05585845345957656,0.799328536506956,0.8674383696814566
Apul,OG_04130,120.03136694997836,0.5600489130616734,0.40852332820887727,0.11258626805088962,0.20332272762164463
Apul,OG_04131,79.35951572508031,-0.004983061529760284,-0.0016954789891751158,0.9922642908657788,0.9950230327776611
Apul,OG_04134,453.1442112159948,1.0149928099580883,0.9632164383587828,1.3883650702023556e-7,2.8978907032441302e-6
Apul,OG_04135,215.22096808662096,0.18021481185719998,0.15995837443951186,0.32846548321999464,0.45869184794714135
Apul,OG_04132,233.3237726634858,-0.4838311224934163,-0.4176126133953862,0.03744089871592231,0.08499611876169977
Apul,OG_04133,157.62028477632418,0.6681543259366964,0.5373256563317377,0.030784473306503895,0.07304831468545937
Apul,OG_04136,1012.6699200737452,0.5781115062013897,0.43156454343517153,0.07672299620835062,0.15026308792586826
Apul,OG_04137,538.772851930756,0.6533179096271575,0.6094799672921802,3.025735969890466e-4,0.0016337553330124902
Apul,OG_04138,322.33796637418254,0.06448862975848803,0.050366272011448866,0.8024996208068073,0.8691014990169327
Apul,OG_04141,2341.6455920122403,-3.4854107758065265,-3.3723432423617874,2.665181443578052e-17,1.2648390040391208e-14
Apul,OG_04142,420.4237247298423,-0.21498304264510787,-0.1975864390420752,0.18145361888974235,0.2934247949794393
Apul,OG_04143,250.6316915983919,-1.0352880600694678,-0.9676169803845442,2.9738435378151664e-6,3.5052479974482816e-5
Apul,OG_04144,263.0012054121788,0.5775068359061172,0.5225647927667278,0.004778953617831081,0.016048797081318684
Apul,OG_04145,1436.5722216748122,-0.16014182924684878,-0.138248037766226,0.4206911600404556,0.5527279892298977
Apul,OG_04146,598.0702876594762,0.5874585927440178,0.473420152381131,0.04212430882694147,0.09346992626238447
Apul,OG_04147,65.67665257990537,-1.4072555398237976,-0.9249438525424123,0.011644504923990698,0.03313300754169268
Apul,OG_04156,11.287154660103157,0.10845009632131206,0.026109292559890626,0.8956953314830015,0.9342376869846414
Apul,OG_04158,301.349392093062,-0.27190212524596147,-0.2365131617345949,0.16580818902492978,0.27367608281855976
Apul,OG_04159,138.31342485054572,0.5517851735076609,0.20294138255028782,0.3629832419290884,0.4954616852065683
Apul,OG_04160,104.89558479982304,-0.05614716902963396,-0.02403320884405156,0.9056979851303333,0.94080724785056
Apul,OG_04161,186.3522145479887,0.556937835396031,0.4783002421192444,0.022573588877584518,0.057248315349313406
Apul,OG_04148,202.15947612137046,0.3397679530373273,0.30330408369025547,0.08385959381529766,0.16140063125561133
Apul,OG_04150,122.63513166247787,-1.0294801533613724,-0.9094498456629938,4.268479803749372e-4,0.0021769729858828104
Apul,OG_04151,50.156842697214245,-0.09493869393162524,-0.04457325175305069,0.8551576520770572,0.9071713586798618
Apul,OG_04152,780.3044071485126,-0.3967634561516372,-0.36474882237082107,0.017905992408775957,0.047306865968336595
Apul,OG_04153,4.380645645383408,0.8270111341447323,0.06756022926601138,0.6068143550905671,0.715996472108302
Apul,OG_04154,652.8049250969582,-1.4188674240834382,-1.296029751993004,4.544551469754582e-6,4.931193815015291e-5
Apul,OG_04155,714.9084229374635,0.1802742803916481,0.1677062944996135,0.2416114311232843,0.3660299520226234
Apul,OG_04162,109.22164457995548,0.017271213292480235,0.009686954724033121,0.9603235598602691,0.9760186586181295
Apul,OG_04168,60.78597071603535,0.2385184515278165,0.16511740399318758,0.4935612177116837,0.6165754364236979
Apul,OG_04163,38.961983775445105,-0.5932048033907328,-0.12027511975557535,0.5310810465257301,0.6508232939008574
Apul,OG_04164,183.4079837026243,-0.05177686849868182,-0.043562691720897835,0.7880837993176348,0.8592152497004919
Apul,OG_04165,534.1969428214205,-0.40230322288619347,-0.362207455795365,0.03208831948027878,0.07525107327793856
Apul,OG_04166,181.83079184501025,-0.09901165390107929,-0.062494671378932824,0.7833487451964783,0.8556578601376916
Apul,OG_04167,142.39024052339184,0.5570080471415906,0.4495797016967815,0.04931587632490278,0.1058764897194401
Apul,OG_04170,366.0871872220119,1.0739838704303653,0.9160286943906212,0.001177383423091553,0.005012495904634813
Apul,OG_04171,221.59028414609892,0.763575506371686,0.6975175616774766,3.905976005124079e-4,0.002020664695249789
Apul,OG_04172,120.78551921433385,-0.09097957361727248,-0.0689375619609244,0.7543830103656629,0.8344297846500469
Apul,OG_04174,279.68003033219696,-0.47478807067034473,-0.3434518253839981,0.1628029940845032,0.2702195864921111
Apul,OG_04173,100.125462456169,1.0556495552624416,0.9509797977892738,1.1128292981542124e-4,6.961442027813482e-4
Apul,OG_04177,41.69726912001508,-1.2709679154153872,-0.5246352506513212,0.07087930846176067,0.14121050030925675
Apul,OG_04175,1184.2500199721949,0.2778680268373725,0.24978739764676647,0.18098498220381648,0.2929351255666511
Apul,OG_04178,282.7732756007423,-0.48607609028051696,-0.4146208740083701,0.03075372074936885,0.0730137704047022
Apul,OG_04179,798.3284693263715,0.8631684370573529,0.8165792864544335,2.4469914077177366e-6,2.973655191831648e-5
Apul,OG_04180,21.769106071789178,1.1011145344005089,0.18640812004933072,0.2704111870172412,0.39720998713225075
Apul,OG_04193,45.55827181569852,1.502314916034415,0.8336743519905329,0.017587067204409862,0.04662822257634923
Apul,OG_04195,133.4152053040659,2.1011642110648605,1.881227196772048,7.093123929380255e-6,7.186370614744018e-5
Apul,OG_04181,36.98132906890858,-0.18294449298287108,-0.09713771370805042,0.6911577433444359,0.7861952026916587
Apul,OG_04182,181.32017740980365,-0.26019206035362824,-0.1978610215310117,0.35870488470553763,0.4914071627757266
Apul,OG_04183,26.41691295021484,-0.022601865506150908,-0.005231751468407554,0.9784112739903198,0.9868383062159636
Apul,OG_04185,56.44164800189749,0.886985141387247,0.38162337951934444,0.16604171113022395,0.27396122767817555
Apul,OG_04186,3628.30963065201,0.1788385235242628,0.1575105158377684,0.33225705953838014,0.4623398002866626
Apul,OG_04187,1836.0278924451377,-1.8671417889287985,-1.6885038690969179,2.163868731693081e-6,2.7024382761324803e-5
Apul,OG_04188,216.5504487498723,-0.36388362547075787,-0.20667142893135296,0.42377641651865117,0.5556472285588184
Apul,OG_04189,281.4435849153893,-1.0725333632542913,-1.0071185969483216,1.123891777734517e-6,1.5721737201224905e-5
Apul,OG_04190,8118.164714961032,0.8373201812874328,0.7692009565756334,1.9265604609168316e-4,0.0011157222656446417
Apul,OG_04191,278.8062294972868,-0.5406467729037306,-0.47933854090313927,0.012260802726353475,0.03461354357655895
Apul,OG_04192,27.502549648619983,-1.1588256746318861,-0.46041776918704475,0.0747321194014178,0.14719517707352212
Apul,OG_04196,22.32617841246649,1.182744962466923,0.7789935750604965,0.02145900050056338,0.05487685975994895
Apul,OG_04197,142.92147977915164,0.8990125256802399,0.7071311240079109,0.011549422610814935,0.03294563229412157
Apul,OG_04198,410.7159375127668,-0.8000905520566932,-0.7090808468351031,0.0018707736320700554,0.007346177212792315
Apul,OG_04199,533.1838019358061,0.460361872016052,0.3392339136530636,0.15044357232165537,0.25499054353841477
Apul,OG_04201,49.521781713911956,-0.2950982100342429,-0.16674374324170663,0.5097358530278702,0.6314450043621795
Apul,OG_04202,253.94193444263004,0.4600430281018169,0.33360134645851225,0.16988253087034563,0.2785211118400634
Apul,OG_04204,14.277334656917546,1.3266133345753932,0.15162251588339956,0.246242230020642,0.3712528657432591
Apul,OG_04205,273.3504836168073,1.8956146742605915,1.6707346648684076,1.3572465408375494e-5,1.2318844237015829e-4
Apul,OG_04206,553.5195245226528,-1.7574084275569144,-1.6047600362375836,1.8857775171421799e-6,2.425685573761917e-5
Apul,OG_04207,497.1748862463057,0.009570920651201483,-5.782294085163475e-4,0.9651300303529834,0.9789258199405172
Apul,OG_04208,102.00663340522671,0.28851592639903056,0.23449245480934536,0.2590699212703069,0.38548407262283124
Apul,OG_04211,488.056459171151,0.4333351972330792,0.33909627707575396,0.1285548541357331,0.22666779815054855
Apul,OG_04213,80.92970111062266,1.5403528559742068,1.0522659031580113,0.008341215480034372,0.025306079931520488
Apul,OG_04214,523.3199663296989,-0.4142856295750499,-0.39017419242953844,0.0026766159484783994,0.00991579540157343
Apul,OG_04215,444.260028953535,-0.8742440075981176,-0.7625986941910766,0.0014846363238628032,0.006109979795650797
Apul,OG_04216,1782.7818751995553,-0.07527963636544979,-0.052289783661728095,0.7881790217324409,0.8592152497004919
Apul,OG_04218,249.05533968531327,-0.24602387821107952,-0.21101564845237583,0.21197798640924187,0.33015733841149886
Apul,OG_04219,157.4614407425978,-1.7556659660640281,-1.5626997240932197,2.4469410765403326e-5,1.9841787488456998e-4
Apul,OG_04220,286.2674812709311,0.17597662022862012,0.1351290848306048,0.5091008582360935,0.6310690474339816
Apul,OG_04221,76.46930534626979,-0.15920404209358055,-0.08476986924093129,0.726037957630508,0.8133537413286483
Apul,OG_04222,246.0609107819899,0.22336508233959365,0.19564982674384473,0.27585670115674293,0.4027525703255102
Apul,OG_04223,324.73473590395866,-1.5776698183777855,-1.4221233185341784,1.364127188462565e-5,1.233734689906414e-4
Apul,OG_04224,333.73952807070333,-0.25008999532825377,-0.2063777658952892,0.2957055672294431,0.4229659104866574
Apul,OG_04225,29.784737538493836,-1.5668025647640937,-1.2669672679878539,6.877990550957036e-4,0.0032169931697595892
Apul,OG_04227,614.9347058905728,-0.5057532326561056,-0.38921956586757744,0.09074833600718908,0.17158266843716166
Apul,OG_04230,171.84130373726,0.7229777299842506,0.14156486593490342,0.4711922725112276,0.5981614418180683
Apul,OG_04231,101.76302514328816,-0.646383138572827,-0.4094353575758387,0.12088124138024908,0.21566801613092718
Apul,OG_04232,568.8814474943541,0.48787207132805455,0.4325463965130516,0.018694651585170145,0.048945898183356325
Apul,OG_04233,103.48555491091483,-0.12021495736103872,-0.07613685647138613,0.74801486735338,0.8301353918677449
Apul,OG_04234,948.189765909043,0.4080453430893798,0.35771533315349185,0.06214763548901113,0.12759226530155132
Apul,OG_04235,2652.462372741822,1.3754169492004455,1.3183749757373697,1.0976956457463329e-10,6.59861442512979e-9
Apul,OG_04236,1457.4911020713157,-1.630372291581961,-1.4951385695719828,1.2653125310424635e-6,1.7365788572922212e-5
Apul,OG_04237,731.5015287752847,-0.32194534685556303,-0.2934091008634606,0.055967961105717494,0.11741812594003131
Apul,OG_04238,789.3772224653507,-1.128710440191854,-1.0173334335061208,7.454575289264882e-5,5.050180720007621e-4
Apul,OG_04239,4964.971516407627,-0.5528562846947533,-0.5191273524313668,4.531337779664259e-4,0.0022877420357913006
Apul,OG_04240,412.09146779198136,0.9389833170982144,0.8983772548601098,1.154324297717293e-7,2.460648272462608e-6
Apul,OG_04241,1068.7760032723438,-0.2989659953150584,-0.28567476672629305,0.01106301424001758,0.031799553523187286
Apul,OG_04242,81.94220794519276,0.10849505329076965,0.06554668756495655,0.7785893288990196,0.8518162550926137
Apul,OG_04243,387.1185141912921,0.8131000548495372,0.7626120009817791,1.5285751253473936e-5,1.356610423745812e-4
Apul,OG_04244,407.9626193928498,0.2724294455954043,0.20712999452044828,0.34710021603111957,0.4795162629006596
Apul,OG_04245,192.10786707149992,0.28433523279259953,0.23251404422541463,0.2539636043359231,0.37970317033609985
Apul,OG_04246,1564.448173330732,-0.25429360352594327,-0.22336349312997256,0.18523667341420783,0.29815763730380435
Apul,OG_04247,1186.446953534566,0.5193010154430732,0.41968649371735456,0.0690589642716626,0.13850193079127707
Apul,OG_04248,320.83488699578265,-0.6035258751934197,-0.5142659059837159,0.018087149088705352,0.047701615481970217
Apul,OG_04250,134.07226993819174,-1.3284863387787436,-1.0410448121918294,0.002824426569347113,0.010373871436172268
Apul,OG_04249,740.7787601204302,1.0437869314097248,1.006141864599352,1.2007160704280716e-9,5.1556460985952005e-8
Apul,OG_04255,51.85316896002168,1.2008122710238136,0.6347134712140003,0.04535651288269801,0.0993392462140607
Apul,OG_04251,717.6539324776221,0.4735325849886219,0.42655628496071774,0.015206320788207635,0.041462169503256194
Apul,OG_04252,68.60794872784648,0.2917176384951677,0.13933339611423312,0.5771175226570925,0.6907179057338735
Apul,OG_04253,522.8689060012287,-0.27456824199806845,-0.24083482869688508,0.17328685004626554,0.2828104121026564
Apul,OG_04254,1399.7009074336972,1.3521847157943951,1.2943084017250022,5.578566984557136e-10,2.5928834278222523e-8
Apul,OG_04256,119.22007401735007,-0.5712242106104346,-0.24960300742694033,0.28879366787416294,0.4158499685757469
Apul,OG_04257,509.67976089314817,-1.0674788493908114,-1.0100490453610846,9.691690663603888e-8,2.117884517287101e-6
Apul,OG_04258,55.331002801988305,0.06410128833985669,0.034395732404336764,0.8919492274850841,0.9318394374038933
Apul,OG_04259,326.9834941767072,-0.29291343082995314,-0.2710613428935722,0.056979403126060896,0.11909672646909855
Apul,OG_04260,466.71556827321655,0.31812674785762585,0.272021312427555,0.1577633992514991,0.2638754537285786
Apul,OG_04262,306.04717738820545,-0.2845896928821725,-0.23506052385325257,0.2366099210126146,0.36034943202888625
Apul,OG_04265,18.92005648053268,-0.4273001347054862,-0.09084700561073959,0.6167100913034916,0.7252053851439206
Apul,OG_04261,1444.6657387805171,0.08249788883436239,0.06263004028090934,0.779716344928957,0.8526197286228967
Apul,OG_04266,134.7858260732205,-0.173900403464172,-0.13609487102865533,0.5127906201089731,0.6346188610379647
Apul,OG_04272,214.45240641294532,-1.9414560003087042,-1.7700610522723579,2.383999314871578e-6,2.9246968465574176e-5
Apul,OG_04268,329.0445101555316,-0.5743174194422757,-0.5127092565551415,0.009586909716107653,0.02840199776254269
Apul,OG_04269,539.1207371413959,0.8025384601692794,0.743971824778471,1.0761734568175248e-4,6.766984700225677e-4
Apul,OG_04270,558.4835827617206,0.036031323133856326,0.02660269808523852,0.8664445512165977,0.9158047729832448
Apul,OG_04271,153.6817346377573,0.3181765639386472,0.26670997959478854,0.17392731548085708,0.28365031718048256
Apul,OG_04294,92.40060407164735,0.6866660549221989,0.5457101900860043,0.030683270432618724,0.07290409736256206
Apul,OG_04295,434.81496100917485,-0.4201226876843295,-0.38308016314837484,0.01644069458740902,0.04419968488213093
Apul,OG_04296,138.22172906478696,0.5551322293770478,0.46389961558631604,0.034558750598178194,0.07983093854106522
Apul,OG_04297,362.2328325933166,-0.5304153276377614,-0.37179356535474417,0.14093297359604146,0.24265660166421726
Apul,OG_04273,1193.1504114535078,-0.6946207299729341,-0.6189330275096093,0.0026010664743153712,0.009683656646945376
Apul,OG_04274,853.805552452631,0.5386937201353716,0.49836252411976584,0.0052305500283408,0.0173078420570822
Apul,OG_04275,891.483336981245,0.9156111840758138,0.8504031911484288,2.103368269549697e-5,1.7528716900674324e-4
Apul,OG_04276,286.3395076763427,1.0538146988099242,0.9502326540870351,1.246794894781858e-4,7.672083890135966e-4
Apul,OG_04278,641.4307934452869,-1.1629960627760745,-1.0657910961288066,1.1245351871696209e-5,1.0540471707597164e-4
Apul,OG_04279,261.4538407053597,0.5638971368211226,0.43005459817079345,0.06706519960423374,0.13540683045933177
Apul,OG_04280,3059.628804710476,-2.35160105545732,-2.1874535676467524,1.2283182956334643e-8,3.7166933126600493e-7
Apul,OG_04281,332.6862604386655,0.41043787191757825,0.3634873363012933,0.041793612313061994,0.09286668364388369
Apul,OG_04282,1283.1368800408013,-1.8585701909148957,-1.7563236661532309,1.5560374026044558e-9,6.406753086431222e-8
Apul,OG_04283,225.81962483459893,2.0780498533463274,1.9970181547919288,1.2165984280820797e-11,1.0157470394459364e-9
Apul,OG_04285,726.4980066433379,1.2331333716137343,1.0898350257574638,9.948386012241423e-5,6.384668802304692e-4
Apul,OG_04286,81.27359132494044,0.5316036366155605,0.33953172515545615,0.19917272138175918,0.31502200117511353
Apul,OG_04287,142.3180597959128,0.27730948668822136,0.22770304180704268,0.2806594896092026,0.4073244194119073
Apul,OG_04288,1295.5977964256804,1.5468724110065684,1.4614201531185305,1.2390140225708114e-8,3.7365182078665575e-7
Apul,OG_04289,3371.9129894236403,0.28849081789177244,0.24233976740220317,0.211923915219188,0.33015168340211093
Apul,OG_04291,94.85937130475874,0.06713032425519903,0.04358367407492051,0.8738469402283405,0.9208224681592785
Apul,OG_04292,100.02478456599769,-0.5640311040894516,-0.2879810503816861,0.26644555024829675,0.39353636799162844
Apul,OG_04293,344.76000898156235,-0.18790560622922867,-0.1219268872614692,0.6031818364257886,0.7127362886975934
Apul,OG_04298,276.1168719625236,-1.3343060054094038,-1.2153661535265599,1.4457168941255802e-5,1.291975147109054e-4
Apul,OG_04299,255.65889802965376,-0.22685348011992537,-0.10250763128121829,0.6538557581095901,0.7562838923925264
Apul,OG_04300,131.49455807461067,-0.6919177724344117,-0.5620473861914784,0.02068797131169916,0.05319174146495333
Apul,OG_04302,198.56680954024065,0.33363549709313606,0.255403902641357,0.233917257189855,0.35725472697847604
Apul,OG_04303,951.1128100744951,0.17444341314575992,0.16297325388011574,0.2089226329749257,0.3269447034944299
Apul,OG_04304,584.9939171013632,0.1539471679228697,0.09964814153961983,0.6915243914265732,0.7864138526287565
Apul,OG_04305,210.10675991077875,0.675228364013867,0.598718497900954,0.0038819408805662323,0.013468049603719013
Apul,OG_04307,76.48537269809974,0.6344313413850683,0.48978275154919404,0.05410013794293652,0.11423871763493135
Apul,OG_04306,90.82067252759921,0.4670290292936782,0.3846068059585207,0.07439912877906353,0.14660335319073772
Apul,OG_04309,307.06750239867534,-0.41948199446297535,-0.3532156959072844,0.08718426038192358,0.16669608262033303
Apul,OG_04310,98.76681430017292,-0.04049029978791121,-0.03208047350543132,0.8781801804646509,0.9236750597213857
Apul,OG_04311,1271.6829091609911,-1.2272020567370712,-1.1613261731814257,2.5721903028459955e-8,7.028315139624952e-7
Apul,OG_04312,704.8994007107797,-0.5662271581986023,-0.5248725802274183,0.0012301650090515378,0.005210144615602497
Apul,OG_04313,213.59294566102818,-0.004790011422327951,-0.003916235657551518,0.9794386029210856,0.987432679174802
Apul,OG_04314,20.03175558968025,0.7920028470288168,0.13343416663208268,0.4043564934365563,0.536583149568422
Apul,OG_04315,4287.642542528988,-1.1002449506942045,-0.9532555134825533,5.260441505616094e-4,0.002584926488073042
Apul,OG_04316,49.550530002347855,0.21564072312741833,0.10386219134648143,0.6784244568131728,0.7761557991727288
Apul,OG_04320,346.2994560846763,0.34601499297528265,0.2985627770146167,0.11220506057351037,0.20275611847521904
Apul,OG_04318,144.07836367357328,0.5341621725335515,0.41696320174299945,0.082052841799315,0.15863432129168598
Apul,OG_04319,361.67851296285454,1.297119114470606,0.8821972304709927,0.010905628748277465,0.031440802297991635
Apul,OG_04321,524.7164106318963,-0.7468261651598936,-0.7075376170073338,1.6793470004015955e-5,1.4658927301666201e-4
Apul,OG_04322,98.62989602111652,0.39503750152619005,0.2706857693227761,0.26858879164472943,0.39555711446532826
Apul,OG_04323,163.93097651580337,-0.717486724519513,-0.6442713136837396,0.0016767473944712778,0.006726705853701813
Apul,OG_04324,134.07252855593325,-0.7429304849033467,-0.6227727254263037,0.01072437390070504,0.031004065233298288
Apul,OG_04325,213.4699042406768,0.7895437716361019,0.7066468476031631,0.001096011468083432,0.004728581534788664
Apul,OG_04326,176.18276369809362,-0.042435887034390746,-0.02186127969919335,0.9207330601654956,0.9511241892042728
Apul,OG_04327,2488.8652412783663,0.0799859665244556,0.076800866784537,0.45296024641634897,0.5826403463740522
Apul,OG_04328,104.48558903074915,0.6472858087594078,0.4937715614946149,0.051934396237811827,0.11050271550594513
Apul,OG_04329,157.4654511246818,-0.42602739549156005,-0.34197197695305676,0.13090116101495622,0.22961572228144425
Apul,OG_04334,807.3692326987286,-0.550721834149222,-0.49857777503222733,0.0053223166705032455,0.017515083729170718
Apul,OG_04335,330.9141143641593,-0.003654456843700195,-0.005631981842531265,0.9820231021689272,0.9887117365182243
Apul,OG_04336,78.64109871115126,-0.3396666729091561,-0.24093488227814144,0.30701034044259917,0.4358343009018818
Apul,OG_04330,95.68682709768242,0.1531479162502713,0.07907945060363844,0.7291288488340655,0.8157015918035693
Apul,OG_04331,127.36194808718673,-1.7476165378139559,-1.6241461004893643,3.039432980517338e-7,5.547888094195311e-6
Apul,OG_04332,293.68496209713277,-1.0995807140926792,-1.0144992746352088,1.0382244136633617e-5,9.882685084065819e-5
Apul,OG_04333,59.79999493229777,0.5020297673021471,0.2512515812502517,0.32102524216280853,0.45074503403644417
Apul,OG_04337,577.6470122971156,0.1267909788007883,0.11098172239793243,0.5017311526595495,0.6241615226368841
Apul,OG_04338,337.13625437979687,-1.2306930825822178,-0.9940886415298595,0.002070886325635213,0.007973177625214652
Apul,OG_04339,30.02217135329546,-1.2166266436793882,-0.4413448802268996,0.09143488800232745,0.172559989726879
Apul,OG_04340,46.823928056063856,0.6897597184833227,0.17872755861986558,0.37589041319876243,0.5077758585488001
Apul,OG_04342,1027.8795762849957,0.0868009706258155,0.08452431170548713,0.4984420393922293,0.6210379810971026
Apul,OG_04343,235.22492700305574,-0.1440216770465066,-0.10807775792240934,0.5917647449152974,0.7023771598128171
Apul,OG_04344,270.20394258665715,-0.6520337994581377,-0.5929004912647112,0.001650171435498779,0.006660517383121079
Apul,OG_04345,151.98620760607858,-0.37059359806960857,-0.2291154299991415,0.35647951147338114,0.4896977079456852
Apul,OG_04346,485.15676397676464,-0.18548899292667614,-0.15822617088757931,0.3836187955986249,0.5160511233645831
Apul,OG_04348,41.04987121622534,-0.0548173865872074,-0.02170956179683945,0.9301232276898675,0.9570330454520182
Apul,OG_04350,925.5750381349587,-0.8725858617543042,-0.7584810024386176,0.0014918885442785665,0.006128637359343888
Apul,OG_04352,23.429193988603437,0.8841673972473838,0.44771064832004487,0.12143857310918063,0.21640545725800034
Apul,OG_04353,718.8606046869282,-0.08860996778880877,-0.06545802265359968,0.7573105723738595,0.8365391928329158
Apul,OG_04354,389.9397073730347,1.7423655227056791,1.5789610696493133,3.623984884815239e-6,4.0849087613555064e-5
Apul,OG_04362,384.2282734913002,-0.3585093367190305,-0.32877595921093955,0.03178065316944897,0.07472389820832369
Apul,OG_04363,483.6113327442237,-1.123207481052339,-1.0368734705889828,1.5535217975896088e-5,1.376041851558497e-4
Apul,OG_04355,465.3925070462533,-0.3023634628403275,-0.25384434954197327,0.18059846284316924,0.2924670149886597
Apul,OG_04356,149.6922948903811,0.41299195595643506,0.37206116608401196,0.029649056366813156,0.07082001092968324
Apul,OG_04357,731.5832993460025,0.6003721563963066,0.5673231329594018,9.985358470359002e-5,6.394742707899654e-4
Apul,OG_04358,684.3953912609943,-0.2247192118380606,-0.20619657541479985,0.16132534672798973,0.2682409462375592
Apul,OG_04359,1735.5665245620683,-0.595516812780904,-0.5330485835439632,0.00584421879933231,0.018921838748143426
Apul,OG_04360,232.62377158527633,0.015617874030135823,0.009950975578664962,0.9666047146651868,0.9797035203988832
Apul,OG_04361,179.45664660647176,-0.6729291339472905,-0.5582133609471176,0.018819686431623895,0.04920183025629245
Apul,OG_04365,231.10308065992302,0.0075790179639411105,0.010327571570498574,0.97040162367232,0.9815043679925192
Apul,OG_04364,937.9331196703542,0.15374385357267484,0.13790461045276808,0.3846852306031038,0.5169458605585971
Apul,OG_04366,750.2410489162958,0.7228284895518308,0.6317051642944074,0.004012924225477233,0.013842592861946524
Apul,OG_04371,1077.9399507489861,0.33719281355259695,0.28895127314616864,0.14281915221725128,0.2452668187141216
Apul,OG_04367,1670.0111967341654,-0.5840881071443736,-0.5500163129930097,7.399383136624066e-5,5.031692137476561e-4
Apul,OG_04368,209.06933614936148,0.33716602360182973,0.293487491166855,0.11663506958602404,0.20916834177748186
Apul,OG_04369,226.1406090202713,-0.7850745933169898,-0.6671093748560224,0.005697161603286536,0.018514303710050424
Apul,OG_04370,1211.9489364986955,-1.2275473759550444,-1.143173551150547,8.94972416494845e-7,1.2974222314363372e-5
Apul,OG_04372,69.2801782186086,-0.3977147992319963,-0.23137709488513283,0.3709070269098774,0.5033060438895959
Apul,OG_04374,80.13743823627361,-0.7644828319449134,-0.5840189168886315,0.02826867401465235,0.06839244260534484
Apul,OG_04375,85.30956697611167,-0.6090618407196461,-0.4682078190298392,0.05891959711651316,0.1222452846754715
Apul,OG_04373,293.52344227468996,0.21819585719627307,0.150215804159481,0.5200565688662637,0.6409992180710602
Apul,OG_04376,39.88619844687396,0.5113502236356714,0.15436853080573518,0.4640551441232978,0.5923352283883361
Apul,OG_04378,224.3927933977799,1.2409921220777813,1.1639419368478765,5.033652217077908e-7,8.134129398098833e-6
Apul,OG_04380,100.40474303068422,-1.0564661743115555,-0.942887428555435,2.1855012718722034e-4,0.001243322710944584
Apul,OG_04382,259.05625997433697,-0.4697100977218818,-0.387630871149373,0.06787638141960808,0.136707914063124
Apul,OG_04383,301.0257253313433,1.4185680846489839,1.351539288357523,2.162691885439168e-9,8.553066987282886e-8
Apul,OG_04384,477.8879451847326,0.12649337980047426,0.11724510473405947,0.4467624272784197,0.5763231512232764
Apul,OG_04385,104.18210383145538,0.43423321808978155,0.17957981952548144,0.4460091518469335,0.5756718694973185
Apul,OG_04386,55.157035977527165,0.4083315632857407,0.21416659242094244,0.4165303545342808,0.5488607638222431
Apul,OG_04381,202.47028566283433,0.9231139095677051,0.8256172486313845,4.1638435372158436e-4,0.00213326006676564
Apul,OG_04387,223.07277521429188,-0.3349880637724918,-0.2957490869940253,0.08360493108369778,0.16102551578365368
Apul,OG_04388,628.9588198683102,-0.828391288692039,-0.7051390894214637,0.004847508576581479,0.016230963548100705
Apul,OG_04390,21.532203495306153,0.19060654096083327,0.041115134749617206,0.8301973570145481,0.888743864205174
Apul,OG_04391,173.75116457955033,0.81271000081919,0.7223274986168915,0.0014146128830237125,0.0058700250189713836
Apul,OG_04393,185.64947775148912,0.6129930226827152,0.5268735365095418,0.013921003696491121,0.038504812985049215
Apul,OG_04394,234.8455303443005,-0.3535342818602885,-0.2908966764507365,0.15963315636195516,0.2664098039821858
Apul,OG_04392,313.4612139674652,-0.8379930885975524,-0.7529343838790084,5.914549151484037e-4,0.002847383326157585
Apul,OG_04395,514.856833027098,0.14134064436750493,0.13032030946476253,0.297089538848552,0.42474336004398183
Apul,OG_04396,87.6790009471971,0.051866193096119124,0.03652455072696063,0.8781424323369952,0.9236750597213857
Apul,OG_04398,355.77420812737876,2.858838669772798,2.573580501083576,1.830011656312094e-6,2.357316443566593e-5
Apul,OG_04399,217.48947286271041,-0.09772584230787808,-0.07937513390639776,0.7081482652022097,0.7994196580808801
Apul,OG_04400,411.35647389449844,0.33590838050312544,0.2765772519592,0.16449576852074269,0.2720077654046464
Apul,OG_04404,36.301948791200616,0.3811107333611212,0.20950091430884302,0.41533971501650485,0.547852283543567
Apul,OG_04401,1618.7824220794744,0.9171357674486552,0.8413232343814396,1.1246934900448449e-4,7.023103323915765e-4
Apul,OG_04402,778.0192240557881,0.6230749207245605,0.5767988284086696,4.0257984181985435e-4,0.002073163523452552
Apul,OG_04403,49.45357225382624,0.6791023040406619,0.45358265840267176,0.09563979925965198,0.17876950039889758
Apul,OG_04406,2492.025329664364,0.09796482490509119,0.07699838843701769,0.7133398941298981,0.8033008271205285
Apul,OG_04407,14156.899563048126,-0.75534263060922,-0.6007933332973585,0.019234127862697827,0.05012547136934864
Apul,OG_04409,948.9842807882887,1.0559430013896989,0.9569949634837897,6.340501957742478e-5,4.421678743462021e-4
Apul,OG_04410,329.28626316534917,0.7012331950848756,0.6009410223728172,0.006767855635291934,0.021375045276156697
Apul,OG_04422,118.49627364207568,1.830614430269894,1.6011501550379368,4.6971851347720234e-5,3.460336467339815e-4
Apul,OG_04423,292.459498935925,0.9920309995747907,0.9161584121962626,2.3017872444083208e-5,1.8885546481191835e-4
Apul,OG_04424,70.11636674233975,0.31511562887450933,0.20665523242805678,0.4025004615076246,0.5347786595803617
Apul,OG_04425,353.72521547865597,0.1197457983196957,0.10840726800888423,0.4632646844850975,0.5916795552410941
Apul,OG_04426,109.21117045901767,0.4568901038693251,0.2657354772370148,0.3082873081564807,0.4368735907035968
Apul,OG_04430,129.93367513728867,0.7202699632825154,0.6213897616654289,0.007446901147929572,0.023091027390261674
Apul,OG_04431,199.83846750550487,0.49044090711085664,0.43626249506136433,0.018858468609980337,0.049288930856867454
Apul,OG_04412,364.68749055639745,1.2723064350089537,1.187469260417706,8.095350960796956e-7,1.2004788284714707e-5
Apul,OG_04413,367.09152127424073,-0.6258188639314186,-0.46582283259391044,0.06473151019901746,0.13163825608131266
Apul,OG_04414,313.21540889656274,-0.30949210985268694,-0.28435578455265376,0.05420133272710866,0.11440388979408679
Apul,OG_04415,573.9733568596041,-0.40903366166562016,-0.327242784608588,0.13497945912410728,0.23487259415709674
Apul,OG_04416,783.9363565818056,0.7032180816794309,0.6189908557891024,0.0028193619324403557,0.010359489219565888
Apul,OG_04417,73.26056906127477,0.28821859276743306,0.1926228360313953,0.42481580597919244,0.5562670747986026
Apul,OG_04418,134.0241482917645,1.3203993670406418,0.9582312906581222,0.00943154885825765,0.028039655804454083
Apul,OG_04419,318.47016252671284,-0.13178454512782642,-0.11365643644823566,0.5774676681255717,0.691045250628836
Apul,OG_04420,276.9426484814507,-0.525689401542262,-0.4457685570933,0.03497296345379106,0.08061125037393509
Apul,OG_04421,12936.05069155454,-1.2435032633673042,-1.193130767528339,3.164526520748711e-10,1.6212804339540414e-8
Apul,OG_04432,432.6956292668894,0.07721164531765683,0.06787993269449727,0.6840877043917512,0.7802199380850519
Apul,OG_04427,23.598793646278597,1.0862065756017363,0.3236732352020317,0.15704191163121017,0.26309004190311314
Apul,OG_04428,44.78667255926683,0.30503057303806935,0.13841419087072018,0.5759239467162847,0.6898603953245562
Apul,OG_04433,99.43641340380458,0.9617904136816073,0.7829837676615922,0.0061263703527374355,0.019658890203072404
Apul,OG_04435,31.084492772472863,0.5418418960657692,0.24024331278037456,0.3469478520913733,0.479379218864222
Apul,OG_04437,99.25267444954292,-0.4577595352924612,-0.15366240972313938,0.5074958540788578,0.6296216450507789
Apul,OG_04436,282.767888230225,-0.15235223308463422,-0.12730980412234313,0.4932688636617468,0.6162955997835626
Apul,OG_04439,148.15905014569134,0.7565515183220223,0.5668753133196348,0.032856984154636414,0.07665496148055796
Apul,OG_04438,466.9162539987404,-0.3176100145995829,-0.28474434761818324,0.08979352323540511,0.17024142115509838
Apul,OG_04440,1957.55595043937,-1.1650711830798148,-1.065185667655765,1.7125224758194464e-5,1.4905226992725817e-4
Apul,OG_04441,576.9040280066849,-0.42437338237509364,-0.39079953061879014,0.007326709881773141,0.022812480319042962
Apul,OG_04446,8.346395279262923,-0.08105026234876926,-0.025824990892727835,0.9200944528747971,0.9509254666713902
Apul,OG_04443,584.7190989421367,0.8319552344688591,0.7003369275473976,0.005201556392469332,0.01722454424931912
Apul,OG_04444,27.949129948418772,1.0867157043829998,0.5485030614944311,0.07648971108964943,0.14996906390418982
Apul,OG_04445,104.34761823465503,0.22030877599123125,0.15846059843559557,0.4844448882338618,0.6093234143122795
Apul,OG_04449,202.98059384563828,-0.4221000587154112,-0.3588307518515322,0.07438211467418039,0.14660186404745018
Apul,OG_04450,29.761260644819707,-3.4516687277030895,-2.768587892414916,4.878590322670915e-5,3.570637089247049e-4
Apul,OG_04453,25.60275330152674,0.11420044658919598,0.04668552250950953,0.8443859404952382,0.8997669611729571
Apul,OG_04455,39.997316061208856,-1.7245305538017923,-0.9311668338201468,0.010601699819829292,0.03074838612645843
Apul,OG_04454,4541.3560908145555,-0.2501468924750536,-0.23523790957853227,0.10557407923872533,0.1930564738380828
Apul,OG_04456,317.4752663585938,0.3671115739393411,0.3383268770263066,0.024805537133417654,0.06161134853930787
Apul,OG_04457,291.1720691284578,0.286760174217298,0.2588017741596457,0.0846259412081329,0.16263258991341312
Apul,OG_04458,45.1062676355442,0.9555835498689821,0.4968617225801869,0.08563182360130615,0.16435550306789648
Apul,OG_04459,741.1089142028676,0.8188964841303579,0.7800697749741577,4.4680222205516987e-7,7.460769696799013e-6
Apul,OG_04460,356.6804619279871,0.6913459790138371,0.600579604414492,0.008712696080343566,0.026196192249569168
Apul,OG_04461,1854.772181451862,-1.014124871249963,-0.9442546612398931,6.98120191801876e-6,7.088907398060265e-5
Apul,OG_04462,225.0970887566882,-0.6570706287898591,-0.62472376498083515,1.7507982010823505e-5,1.513609528203217e-4
Apul,OG_04464,5867.2655698988,-2.0932825880189196,-1.9671103754280093,4.392655260763299e-9,1.597119858318656e-7
Apul,OG_04465,117.54707961084664,1.4849978239758557,1.2224798380026962,8.857361985635876e-4,0.00395576191304996
Apul,OG_04466,25.580335856923814,-0.5049897485111715,-0.1826291526142536,0.4454147950608943,0.5751082088250307
Apul,OG_04468,1153.5195464651256,-1.6648909136008248,-1.525562826266088,1.7318988018806278e-6,2.2632654342837133e-5
Apul,OG_04469,138.97731211812547,0.2603823179503486,0.1982909092920965,0.34179003219135473,0.4733406113146131
Apul,OG_04471,2010.561179403241,0.15805479033800424,0.13493322226799612,0.46292168619512,0.5914421178940109
Apul,OG_04474,47.74705820920208,-0.6438989776242908,-0.5001299047588327,0.04684141267860985,0.10202610244692956
Apul,OG_04473,175.55737904828453,0.5080272689632678,0.3811308541457974,0.12127765404764329,0.2161614165937141
Apul,OG_04472,3597.355554097618,-0.6796202650837502,-0.6222343746152624,7.081518459274704e-4,0.003291445976663918
Apul,OG_04476,28.11834869176453,0.007395000956517852,0.003913643546472408,0.9915246157658734,0.9945024983716219
Apul,OG_04477,779.928182111057,0.07895610525580869,0.07745006859129407,0.5634442865809,0.6792215417245956
Apul,OG_04478,1195.1711136373456,-0.9558749933474249,-0.8839328819256371,5.1920295464676465e-5,3.745322433639901e-4
Apul,OG_04479,380.029385268922,0.26853838332134583,0.23339388791712085,0.202482863041852,0.3187812915836321
Apul,OG_04480,425.5133986244988,-0.6729455800412465,-0.626159148776577,2.513481880073979e-4,0.001393854004466609
Apul,OG_04482,521.8330695116047,0.836547793739192,0.7814047916759319,2.6005910477632147e-5,2.087858031830796e-4
Apul,OG_04484,960.765713870051,-0.5701676122450526,-0.5007348269483248,0.01163508284412347,0.0331271051485511
Apul,OG_04485,60.663912329044436,1.9368378825488148,1.6505202088376405,1.369999261723393e-4,8.279680524772006e-4
Apul,OG_04486,278.40155559524214,0.2433064985866885,0.2254091090023803,0.11607960600292755,0.2082964790703279
Apul,OG_04487,102.48873566810816,1.2165094450848604,0.9760529680231445,0.0031515297177866068,0.011303637018807412
Apul,OG_04488,152.5120450092357,0.5082975386188179,0.43071746523874227,0.047760802867866894,0.10352383640854707
Apul,OG_04489,187.14797471026043,0.38745846235547327,0.3467828636976574,0.04455707115856027,0.0978259339266467
Apul,OG_04491,1185.1397041001348,-1.2112352034339582,-1.079400840521827,7.823181457658026e-5,5.25254111717814e-4
Apul,OG_04492,26.419737982030096,0.40826040403014235,0.1757786201283808,0.4699953291235685,0.5969781494164272
Apul,OG_04493,203.38646745178514,0.06627108637483115,0.05596430197796467,0.7632451236056246,0.8406507691205949
Apul,OG_04494,92.29405693148885,0.9725064424998912,0.8422678410024687,0.0014454539449231983,0.005965060970879853
Apul,OG_04495,342.17901386339884,0.14351731357397837,0.12567978284132753,0.4658130788987264,0.594008843505843
Apul,OG_04496,237.3001939074386,1.1391263351019287,1.017601022661974,1.439425534318961e-4,8.612674215629776e-4
Apul,OG_04497,675.4102129173846,-0.23900207116987227,-0.22364744320531926,0.08010189133616738,0.1557642342415832
Apul,OG_04498,117.59250424071017,0.6295790880368312,0.39491289307207766,0.14754965809142628,0.251382745243712
Apul,OG_04499,105.78489184650998,-1.28283811488333,-1.1083237464521567,3.318916746423097e-4,0.0017666276447755056
Apul,OG_04500,505.3686159711977,-0.047687193869111875,-0.0384080298817758,0.8346096503140495,0.8914564341248264
Apul,OG_04501,236.6499346412184,0.5595140052472892,0.49431386768924446,0.010601833477560082,0.03074838612645843
Apul,OG_04503,478.4800174554992,1.553042073593789,1.4889570335815379,1.6071289204505758e-10,9.171823718799267e-9
Apul,OG_04504,1453.3990766035595,0.7801579503643516,0.7246150596947241,8.299669489750994e-5,5.510335866233763e-4
Apul,OG_04505,235.84268367791714,0.05222805658469145,0.046659796717790414,0.7795152973383898,0.8525032669618265
Apul,OG_04506,1585.5939655885018,0.5733290145394513,0.5096751739711388,0.007722783089456195,0.02377478153555019
Apul,OG_04509,89.05702531414006,0.04290742003546223,0.03700825417648948,0.8364634540644936,0.8930133750058654
Apul,OG_04507,298.6388170963543,0.12032348839909494,0.06730186449988727,0.7727488164011138,0.8477766245880087
Apul,OG_04510,1481.093189960337,-1.0866602258497349,-1.0245339040736097,3.9503535807368267e-7,6.810772129541868e-6
Apul,OG_04511,1261.2756016371711,-1.1569859376066567,-1.0303177666305332,1.0654991037736845e-4,6.718605187921198e-4
Apul,OG_04512,362.68764983820563,1.081973810910221,0.9517018527828823,4.971175554364994e-4,0.002464271026592037
Apul,OG_04513,226.02301997028445,0.747276060148816,0.5627195161128361,0.0324994515516604,0.07603724822037411
Apul,OG_04514,2180.7510877706923,-1.7628071859706125,-1.6373962785447869,3.0862206506062034e-7,5.6219094154578055e-6
Apul,OG_04524,220.07469314197223,0.28407004572901123,0.22726777152462996,0.2884399217533467,0.41540692771920257
Apul,OG_04525,2242.599750745982,-0.43709783700575106,-0.37380692096432605,0.05888793911985599,0.12220772083860564
Apul,OG_04526,754.3387314987675,-2.424612269858659,-2.1518162928198694,4.8256641821888554e-06,5.198687446929141e-5
Apul,OG_04529,58.72814022888267,0.6172021313984086,0.5241104013946467,0.018599992298495585,0.04872998047203385
Apul,OG_04527,167.53239399018062,-0.8766714693405411,-0.802006291434045,8.304920086738033e-5,5.510335866233763e-4
Apul,OG_04528,286.44283133232767,0.502823855869842,0.46145753268203443,0.0052534488324552766,0.01736273189533656
Apul,OG_04515,65.69615619438913,0.177159589056156,0.08688810871820755,0.7241449987241713,0.8119392506212202
Apul,OG_04516,775.5174004008039,-1.2956741131606713,-1.126032277491862,2.79228575552145e-4,0.0015259418580325405
Apul,OG_04517,122.03205979627725,0.9558187284683125,0.8905796213723487,1.4431528050416692e-5,1.2909631788750726e-4
Apul,OG_04519,77.4236921817304,-0.20487638115436602,-0.1342948241624976,0.5731889857466765,0.6880251709901202
Apul,OG_04520,2318.4219385258484,-0.1179084126120152,-0.08816436948900024,0.6784584683463954,0.7761557991727288
Apul,OG_04521,1146.5261452440743,-0.7015307566192326,-0.5977750652899172,0.009439553722255765,0.028054204322208384
Apul,OG_04522,2638.1579039652247,-0.6645030568813831,-0.6133049594646903,5.736398079772986e-4,0.0027734638866119578
Apul,OG_04523,67.26679044863846,0.5301283387649031,0.3274312460496506,0.21391616236967842,0.3324512299357791
Apul,OG_04531,367.87527023514883,1.322654038909167,1.238150043775575,3.128757544093409e-7,5.676460115712328e-6
Apul,OG_04532,1848.000316011689,-0.6848733054364617,-0.6214327779924175,0.0010552426492414745,0.004578981216655618
Apul,OG_04533,446.4542560425648,1.5966158168423656,1.4893530925986094,9.396257068735431e-8,2.0664890241167656e-6
Apul,OG_04541,85.044699195054,-0.5858582430470028,-0.4217489735557395,0.09709970220730105,0.18056259327763116
Apul,OG_04537,189.41997656735435,0.921426278547759,0.7072298220383143,0.01701988345044804,0.0454720856511674
Apul,OG_04538,1295.8123775296353,-1.3645867854765903,-1.1171931386694576,9.911219086000663e-4,0.004350996226799804
Apul,OG_04539,56.834110931846524,0.6446640475798223,0.5327767080493636,0.027571561430104547,0.0669573847065049
Apul,OG_04540,376.8980608598496,-0.3536753280271895,-0.31634736579725403,0.048994284820349975,0.10546227410482113
Apul,OG_04542,211.40748908023215,0.06622585228658909,0.04864227425434061,0.8112976309825182,0.8752657021499601
Apul,OG_04543,419.72033757554664,-0.8050751321327031,-0.7423819588897768,9.770445732802984e-5,6.288373245730514e-4
Apul,OG_04544,409.53156217861294,-0.7288591604615209,-0.5477570211577711,0.0357067908692695,0.08192573365603133
Apul,OG_04545,499.4950753130094,-0.008834284281788368,-0.006301612269959528,0.9753406425260503,0.9856154402843659
Apul,OG_04546,245.49559458138498,-0.01091093830614186,-0.008826867871581719,0.9604760680279061,0.9760636431204361
Apul,OG_04550,15.411781145783902,-1.7781366418318982,-0.7155484911734965,0.03309784765532153,0.07709720803617522
Apul,OG_04547,429.3749978015844,0.756111956497017,0.5904304054709254,0.017735877808410277,0.04695373170828992
Apul,OG_04548,31.804898353520947,-0.2880883035426685,-0.11769734634230541,0.6188011972949573,0.7271901988803114
Apul,OG_04549,40.959249144682595,0.33884175268720873,0.1747301253894121,0.48342886016585745,0.6086649247728867
Apul,OG_04551,21.85905529452331,-1.8640508242271467,-1.4853032116414602,0.0010877733855959,0.004697534778696471
Apul,OG_04553,298.415514510648,0.681931894555376,0.575755940815029,0.01294943873543954,0.03625119188992808
Apul,OG_04554,732.5623633267776,0.8812332335448639,0.8343936127067128,8.083682779657031e-7,1.2004788284714707e-5
Apul,OG_04555,446.45000399204565,0.5694620604780828,0.5038307868361991,0.009993814270709313,0.02921991675712901
Apul,OG_04556,958.2754304013364,0.1532156661729738,0.13689122848418642,0.3695992517672303,0.5020603273855251
Apul,OG_04561,3751.031996168721,-0.6488959921654385,-0.5423199161493015,0.018249802937972008,0.04807434212436273
Apul,OG_04564,75.20441212310178,0.1469111826199111,0.06840150147465066,0.7695877211411885,0.8451312241541951
Apul,OG_04565,147.71687138466194,0.8954485785485344,0.8085549774902653,3.0616787755979803e-4,0.0016511457846630972
Apul,OG_04566,248.9591320897051,-1.4686945026227227,-1.3356278435691742,4.283118222875016e-6,4.721378608271885e-5
Apul,OG_04567,397.2570062822266,0.14764859670419408,0.13137323747002952,0.40895989435665964,0.5407818400665786
Apul,OG_04563,44.364032557560094,1.3629445818554327,0.510958322680533,0.05230709754661314,0.11107230997794722
Apul,OG_04569,66.03349232052834,0.08412936514167232,0.05609385435221615,0.8131182457463562,0.8767053954196932
Apul,OG_04570,60.61048183320382,-1.3976501776080308,-1.2271508649157363,8.978629559645698e-5,5.841291683934001e-4
Apul,OG_04568,226.16834986185705,-0.009741630243356222,-0.006499960565750288,0.957203732290214,0.9738227158518455
Apul,OG_04557,3147.2908496203872,0.5725797261901446,0.5489903545604632,8.955381779340797e-6,8.673542159432434e-5
Apul,OG_04558,1148.759336733106,-0.42098795343297246,-0.3800833008963836,0.019905764308189175,0.05150366621719994
Apul,OG_04559,105.89667875222395,1.7709242871754303,1.1374154693265397,0.004045527858412732,0.013926455927567593
Apul,OG_04560,14834.760464243407,-0.8282670359898915,-0.7286016878957629,0.001663303363228508,0.006695538583139043
Apul,OG_04574,162.8556792679319,-1.0051794668557712,-0.7987669724016868,0.005573940577991154,0.01818387199411948
Apul,OG_04571,5658.702928306237,0.03352358309337342,0.024374940989299675,0.8868488591710881,0.9293104198890996
Apul,OG_04572,54.48083485582539,-0.28462378829437623,-0.18363477319500957,0.43774454811744085,0.5680159145740342
Apul,OG_04575,64.52067411638481,1.0613880590729534,0.7472396356867357,0.022797475895154157,0.05766010776926976
Apul,OG_04581,287.37821621111726,1.3421926063038665,1.2976906855537946,3.3442644242003436e-12,3.174234980317316e-10
Apul,OG_04582,197.96509101354445,0.2541841000698613,0.2271046102150581,0.14303416119420853,0.2454308337751053
Apul,OG_04583,180.12267979043662,-0.1518463508993742,-0.13507638389725354,0.4375852135700465,0.5678908852563485
Apul,OG_04584,448.79200644866353,0.44620349758343575,0.41584326988719256,0.0061605320025905855,0.019754451304181832
Apul,OG_04585,12.073710124419422,0.05952894856290145,0.009156335999018815,0.956115933072035,0.9732895658811473
Apul,OG_04577,362.2928085036934,0.725932237857956,0.6862621350399452,3.606693843407631e-5,2.7627360234831565e-4
Apul,OG_04578,217.94924377298327,0.26284080361923584,0.2252725440455952,0.221894098667601,0.342254376956168
Apul,OG_04579,660.9624389771191,-0.07029902175603106,-0.06248682605824354,0.6551451203533589,0.7571704114619632
Apul,OG_04580,194.6640421238179,0.03660988257835715,0.029079119840465226,0.8731710408821528,0.9204329291132068
Apul,OG_04592,7.586810252104063,1.0369416439147185,0.07493921393062729,0.4819485673982858,0.6077094437463771
Apul,OG_04593,525.3030934046712,-0.3133331854190589,-0.2931156371611251,0.03130066604768637,0.0739485096879222
Apul,OG_04587,135.282394864803,0.4307698581860243,0.35057963458392283,0.10453713328702738,0.1914709183118273
Apul,OG_04588,4194.946007022454,0.33797705108677034,0.3132535389104181,0.03143758067486406,0.07409951715164047
Apul,OG_04589,424.4101859605695,1.4059507133050206,1.1889746192472745,5.051453612099853e-4,0.0024954739059361874
Apul,OG_04590,952.7611929037579,-1.4738071859878825,-1.300901844533029,6.770201274131343e-5,4.660069075484146e-4
Apul,OG_04591,122.3026801491446,-0.12106129579404551,-0.07220446369429916,0.746896018496011,0.8293967825727898
Apul,OG_04594,666.5207798403461,-0.19021743134157004,-0.1657223451844981,0.35031031512707167,0.4826937823198052
Apul,OG_04598,19.59915743150498,0.3350005258064558,0.09059587652888432,0.6587709037109915,0.7606783504625445
Apul,OG_04600,262.1282852706212,-0.15795446430943574,-0.10206726329092349,0.6620733284730088,0.7630572503183122
Apul,OG_04595,272.16382396889446,0.7181801753970514,0.6320358320021502,0.0036393023288608353,0.012743918096830351
Apul,OG_04596,128.7442094196011,0.9090800488197037,0.6734868478499264,0.020915870771208073,0.05370114087243258
Apul,OG_04597,653.5949524710021,0.2751805677909907,0.24704517442168167,0.12789289968258102,0.22576552005439174
Apul,OG_04601,946.4480168441618,-0.5524247269571999,-0.4058997804273803,0.09928891068971958,0.18357353038531915
Apul,OG_04603,361.2734817046792,-0.5632189149714787,-0.4195072604500091,0.09482343339672707,0.17753797735429566
Apul,OG_04604,150.61862986019236,0.08063280935066637,0.03616287440972705,0.8846197209907574,0.9276213541311384
Apul,OG_04602,1527.0712175010055,0.18740340296239155,0.15503384717476662,0.33676557906420646,0.46774726223381846
Apul,OG_04607,66.89801574628798,0.16528138905768236,0.11426339313663181,0.6345072731216743,0.7396410373816737
Apul,OG_04605,1105.7197620395311,-1.2334490252107064,-1.1276069164245353,1.2663244228125088e-5,1.1627746762220359e-4
Apul,OG_04608,620.160924143833,-0.3351240715709662,-0.3013058191793597,0.06381170627778854,0.13023769929986853
Apul,OG_04612,1500.2814293963438,-0.802000075261847,-0.7437720118838267,1.2771840148377826e-5,1.1715532311080658e-4
Apul,OG_04613,323.3358055332652,0.47654468555241475,0.3848623706511451,0.0669445300672003,0.13531468899707355
Apul,OG_04610,290.87163908558324,0.23434493782455634,0.21692381998043653,0.12673149879544454,0.22403913133893288
Apul,OG_04611,4283.801282490427,0.4023954387040577,0.3709296729103019,0.01624509945561242,0.04372598859440513
Apul,OG_04618,948.980782950314,-2.4101534724894504,-2.124238594336945,3.1536699930619574e-6,3.684915088906797e-5
Apul,OG_04619,123.32165615864263,-0.8525083545836902,-0.6066584848401338,0.035164278372824063,0.08094259253330183
Apul,OG_04614,485.5367924866744,-0.004675401717820601,-0.004822668408023971,0.9872989945487552,0.9918087158919482
Apul,OG_04615,166.189811838453,0.41452784080873456,0.354083550537775,0.07570797845956587,0.1487922497318887
Apul,OG_04616,936.7571457634291,0.6939152633700549,0.6368806652158941,4.0628354805859125e-4,0.0020880049548589346
Apul,OG_04617,134.88426500156743,-1.0623560792848792,-0.7000838278990527,0.028643622975771124,0.06909565232009851
Apul,OG_04620,363.05548684170634,-0.5951810289417157,-0.42483097804570713,0.09644329956378223,0.17963834583074248
Apul,OG_04621,594.5526809362308,-1.1633522050469576,-0.8943680331146434,0.005614672053163824,0.018303506111127334
Apul,OG_04622,369.63793888009684,-1.0607086955827278,-0.9708028902749778,2.7258040529758954e-5,2.1731719845874138e-4
Apul,OG_04623,104.66269501674685,-1.2326049966308537,-0.949500468249233,0.0041377827706611655,0.014191855170426674
Apul,OG_04626,26.612987630147547,1.399071569137626,0.41557504345566576,0.06314715910076117,0.12914446214823397
Apul,OG_04624,169.0012792475538,0.4297739022223077,0.266595891276586,0.31160516046820164,0.4406058855169788
Apul,OG_04625,209.21769883738526,-0.07765867503303456,-0.06255133227215427,0.764595764782849,0.8413912632471259
Apul,OG_04628,34.547598279859606,0.2119260326695706,0.05059066241223141,0.7937777560717094,0.8627644679964566
Apul,OG_04629,445.19828755892047,-0.6661290095858247,-0.6029575585211446,0.0016884045455701029,0.00676336907481369
Apul,OG_04630,165.18250098519798,-2.1329468811706667,-1.996755522680001,2.0164398684223132e-8,5.735721859168454e-7
Apul,OG_04627,620.3384517911154,1.1526125023459417,0.967567143396967,0.0012485243468253065,0.005280461555029919
Apul,OG_04631,256.83869255700307,0.02484505649992163,0.017253056957102254,0.9282323100479829,0.9561195727327692
Apul,OG_04632,263.78474525541503,-0.6159716862634841,-0.5166438302445324,0.02852934645822161,0.06893063156853813
Apul,OG_04633,17912.493842826643,-0.996595488123039,-0.8585594678772509,0.001043355822078153,0.004533946721772871
Apul,OG_04636,407.8955026037719,-0.5708521733925038,-0.49899035721754753,0.014502238083379594,0.03986789048714445
Apul,OG_04637,136.2623194134717,0.3248172622753345,0.27197321623649545,0.16377118947245328,0.27125731364311373
Apul,OG_04634,640.1611799029281,0.05651479259084573,0.052878385067408,0.7383108214705416,0.8233179170417851
Apul,OG_04635,187.3725292774846,0.5359025745834257,0.2537916766880657,0.33700946074683696,0.46794183978352766
Apul,OG_04638,218.71014643957955,0.12975033640587888,0.08576633237634204,0.702730967212561,0.795845909489533
Apul,OG_04639,352.3763613706707,0.5163939393573374,0.3684890455648546,0.1479954728035358,0.25197794151614095
Apul,OG_04641,101.29768779395593,0.4141049491034215,0.33365863345568947,0.13241655894238943,0.23144022329589564
Apul,OG_04642,89.39164165648921,0.6383338623746309,0.5009094282721802,0.04358827262392613,0.0960497200024296
Apul,OG_04643,104.04620039346432,-0.3160692433327867,-0.2596713166403429,0.21867354174875706,0.33815457484968997
Apul,OG_04644,209.75140841068824,0.36489289811980014,0.28910408098765816,0.18989620134113047,0.3038676215604212
Apul,OG_04645,1660.2083410948865,-1.552230883267742,-1.4870046105699792,2.3354653527096702e-11,1.7846517868968726e-9
Apul,OG_04649,11.055781078737063,-2.4405368732269777,-0.23926715954109523,0.07177459124072184,0.14267889973932735
Apul,OG_04646,321.4272982276289,-0.356307814708636,-0.2849641872238153,0.19618800518527832,0.31187369835240697
Apul,OG_04647,3528.995870263304,-2.4708240573640756,-2.3351130850500015,2.4052618969598825e-10,1.2833281967388913e-8
Apul,OG_04650,302.9824546594311,0.12305307766393489,0.09125147238683974,0.6650673241843063,0.7654003908321493
Apul,OG_04651,918.0888640988236,-1.3833967801639286,-1.1378211018298745,6.968118321216318e-4,0.003243754409004003
Apul,OG_04653,197.40146738300953,-0.8024555168856766,-0.66483261975037,0.008878441674790231,0.02661466375717537
Apul,OG_04652,173.5588676697808,0.49219875657336043,0.31556357451567846,0.20182539346572867,0.3180460630689401
Apul,OG_04655,967.21726286189255,-0.6422533337385069,-0.5634168423929583,0.005395896225063176,0.017711975340879017
Apul,OG_04656,270.0769184422407,0.22876690346893214,0.20951950650910345,0.14663370162688047,0.2504633619188447
Apul,OG_04657,562.3278433971184,0.7126864412490649,0.6230286355868957,0.005620085909618623,0.01831453366354576
Apul,OG_04658,111.3869927462537,1.2287240413238154,0.9947696797341602,0.0023864084646367228,0.00901099042111781
Apul,OG_04660,431.713816440348,-1.307239894512008,-1.2709816639233096,2.372901417380127e-13,3.241886678866152e-11
Apul,OG_04661,548.905009137137,0.6830821476420202,0.6159720779376491,0.00203420217238937,0.007873048656740655
Apul,OG_04662,333.61387942260137,0.6306777038196077,0.540017484361203,0.011353188169924726,0.032509272063579314
Apul,OG_04663,229.46513095141876,-0.5227097582150803,-0.4815852886658443,0.0032660827599160095,0.011639854526701956
Apul,OG_04664,659.8575436608442,0.37617653911408494,0.29893341255210015,0.14329082856784772,0.24573096257061294
Apul,OG_04665,242.3103690894508,0.37774948698718575,0.3060517182513335,0.15204470853978455,0.2567920072729808
Apul,OG_04666,106.25472007343197,0.21673552984376568,0.16291420314198293,0.4697626524337457,0.5968507590524285
Apul,OG_04672,185.2189092826085,0.09628083878211646,0.07670440543031729,0.6987127590859797,0.7926806884474039
Apul,OG_04668,665.1755649720862,-0.29670944675413224,-0.26266933011956445,0.13593595645080264,0.23594504702923721
Apul,OG_04669,90.95683930713975,-0.21450836933674133,-0.13433781889874097,0.5819519179823318,0.694843808851521
Apul,OG_04670,375.7970810905449,-1.1814549881863956,-1.1169933730599129,1.521640860003445e-7,3.1112552459526227e-6
Apul,OG_04671,6572.588094845928,-0.22925321212688532,-0.19681746737035005,0.26669524128821614,0.3937101001050496
Apul,OG_04673,335.1467361624374,0.7838725375591465,0.7405210800730156,1.057572813524668e-5,1.0027480609413177e-4
Apul,OG_04674,886.0437954200264,1.0539203574284826,0.9854803673667164,1.8067413934021574e-6,2.3373582703453738e-5
Apul,OG_04675,96.90468420128767,0.3068026758716386,0.15799278265700856,0.5275438982892423,0.6477210417856887
Apul,OG_04676,45.36971120541866,0.14507748083744945,0.06458143289825605,0.7890754504007165,0.859399195163019
Apul,OG_04677,714.7718603561883,-0.5633344236033282,-0.33707565484193525,0.20519161460871094,0.32228057636766183
Apul,OG_04678,67.22711012747007,1.0984788219512036,0.807435973832645,0.014940374805402973,0.040910221567056974
Apul,OG_04681,89.13198379254253,-0.4067429375155,-0.25908290886398827,0.30265851883520234,0.43113299594581667
Apul,OG_04682,156.1691187795313,-1.0732309529333248,-0.7244163594454197,0.019233210088820448,0.05012547136934864
Apul,OG_04683,122.59263554412182,-1.3018877779966653,-1.016007380078311,0.0022333847911578495,0.008504404840316861
Apul,OG_04684,149.34697308176737,-1.4661074790672488,-1.2761254771987027,1.3578636745477165e-4,8.23947291614856e-4
Apul,OG_04685,237.8997554541047,-2.309083126915275,-2.0307621869802586,2.937190500676206e-6,3.475675425800178e-5
Apul,OG_04686,262.5936191513976,0.5988054785014818,0.46094285256621487,0.06291853928397095,0.12885225271941086
Apul,OG_04687,300.1174986291204,-0.32025920710092276,-0.27849458641089764,0.1310692234506962,0.22977505995356234
Apul,OG_04688,166.20922488120843,1.0985697004850317,0.9874065850505799,1.201841792447281e-4,7.437891175358361e-4
Apul,OG_04689,808.1227793892044,0.07469834256716644,0.06866952563424587,0.634563942018923,0.7396410373816737
Apul,OG_04690,533.7074877149081,0.41714544714321694,0.36641301918038266,0.046973388509437976,0.10225954712448147
Apul,OG_04691,662.9451012873421,0.7535679716283091,0.6858896865583272,5.825004279374829e-4,0.00281027627539448
Apul,OG_04697,110.81745855954443,0.9778938801438688,0.8437022901482255,0.001447166046024355,0.00596939443595682
Apul,OG_04692,159.69955598481107,-0.06678552680220615,-0.04320469144905878,0.8531974275154567,0.9056246267106384
Apul,OG_04693,7476.113627231876,-1.0985051572080895,-0.8581272266253861,0.005912447034714169,0.01908464746756736
Apul,OG_04694,386.3995252668095,0.9906299561679058,0.9270154333853462,3.4744768859574096e-6,3.953491866436835e-5
Apul,OG_04695,245.81577263251748,-0.49498507907934924,-0.36082449192449323,0.1546154703623374,0.2601059134808202
Apul,OG_04706,26.873768049227397,1.2666390600046211,0.7324271058865761,0.031449357007799494,0.07409951715164047
Apul,OG_04707,198.43811265593357,-0.03260059893277944,-0.028443874217503204,0.8677983115800925,0.9166147879375522
Apul,OG_04698,32.969570114564235,0.29689292818612356,0.05829953525591523,0.7295889943356901,0.8158268325962673
Apul,OG_04699,224.2584270036231,-0.3033265561329877,-0.2400237600732155,0.26845058399392924,0.39546134877851
Apul,OG_04700,112.12850448382906,0.23206232644811917,0.18484700214983024,0.36400922758892906,0.49661307053453063
Apul,OG_04701,64.73260700078042,0.3166473807793102,0.18464642578623067,0.46367609287118194,0.5920372882213888
Apul,OG_04702,442.2791134304266,-0.32703733553424974,-0.25393609471899703,0.24730957157813394,0.3719130098265567
Apul,OG_04703,803.7080743429317,0.3475799289638511,0.32461643627453685,0.0287358623010956,0.06924405942516809
Apul,OG_04704,40.92085983186414,-0.013384207985743551,-0.003864590090997828,0.9821333568144738,0.9887123454723804
Apul,OG_04705,227.4229018717493,-0.4819870648501708,-0.42082338630580557,0.025428948847480926,0.062888873219346
Apul,OG_04708,658.0009386817972,1.6361688657893365,1.56097053925564,3.5219556565588167e-10,1.7643041197328247e-8
Apul,OG_04709,66.25004387847147,-0.6640665786517199,-0.5389591974484489,0.030900487138577886,0.07320801169956825
Apul,OG_04710,348.6732242252518,-0.39840495668299114,-0.32558037346742796,0.12002371179010558,0.2143076849923529
Apul,OG_04711,7870.599862056906,-1.830123991733299,-1.6855283125700993,5.817483175654229e-7,9.075475051016294e-6
Apul,OG_04712,1325.681757076411,-1.2083281574478897,-1.1169829025453746,2.93301516167245e-6,3.475675425800178e-5
Apul,OG_04713,1174.6964629489266,0.21790546642322633,0.1680166531172246,0.43815939706905527,0.5682011070439237
Apul,OG_04714,331.47658617863055,0.4943205165272196,0.4192728318117995,0.04504635482486454,0.09875589143102445
Apul,OG_04715,122.46103707354116,0.4417111021465314,0.3825105822413611,0.05172465151994691,0.11015616031066634
Apul,OG_04716,286.95035142949325,-0.2098510169827693,-0.14261083031219313,0.5350307531803081,0.6543073617779321
Apul,OG_04718,1166.9906204136641,-0.062470928737841755,-0.05885624284591558,0.6148609586031499,0.7234083068534191
Apul,OG_04719,100.38604854571896,0.9470939684051383,0.6925508413793552,0.022823925034776062,0.057690316946354146
Apul,OG_04720,89.00902616593729,0.6837174879283486,0.5970407212635619,0.0065253958724633306,0.020740040388439147
Apul,OG_04721,527.6758324792133,-0.5168407521773771,-0.48126848042242387,0.0018040630664585375,0.007125377428934136
Apul,OG_04722,540.972478273428,1.4233948989020508,1.357176924589954,1.6300869966575755e-9,6.650902465548126e-8
Apul,OG_04724,545.7215713950526,-0.16439299279695324,-0.14646392559053878,0.3568910494784749,0.4898254096454303
Apul,OG_04723,567.5688021775592,0.29049551883875785,0.23083780579590374,0.2626962828528853,0.3894660280309876
Apul,OG_04726,196.676171137295,0.5315422884232365,0.38074223081472475,0.1267658476312782,0.22403913133893288
Apul,OG_04727,171.39644330992786,1.1231351835504801,0.9871674871317636,3.5737984011596373e-4,0.0018716256220860524
Apul,OG_04736,221.8625316714872,-0.7095549052726456,-0.6222667340144473,0.003990904742370978,0.01377717766537485
Apul,OG_04737,434.54542032024835,1.2852422798295084,1.1294707456237356,1.4308956710352888e-4,8.567321557586453e-4
Apul,OG_04738,53.197181876068576,-0.06051886870718299,-0.04005562836559033,0.8667540221275085,0.9159171472546285
Apul,OG_04728,128.4999760204305,0.13382585754126883,0.10872464788215608,0.590618729062513,0.701534597983817
Apul,OG_04731,1002.7584118926922,1.0026887899703805,0.9461040906490781,4.62108718518825e-7,7.625792864953751e-6
Apul,OG_04732,84.23999519460747,1.034294880949952,0.6950793211276575,0.026427289427369417,0.06477164141521882
Apul,OG_04733,708.1687094868569,-0.43792354813929635,-0.39732946692129706,0.02246030487712452,0.05701705210502021
Apul,OG_04734,177.30172136461655,0.5257705672795372,0.439313830300964,0.047050826990090854,0.10237869376680724
Apul,OG_04735,1327.2267518962624,-1.906932605037135,-1.7479052041831304,7.030464162148407e-7,1.0688082599199319e-5
Apul,OG_04745,266.5593013034143,0.5832167621843752,0.5495753573508185,4.4461626901571953e-4,0.0022497782815458717
Apul,OG_04746,79.62612409731683,-1.8985371430907305,-1.4619804508304504,5.621002836578168e-4,0.0027235133034618666
Apul,OG_04739,228.08354748642023,-0.4031220819751861,-0.1968637134693655,0.44355196043933137,0.573406168785871
Apul,OG_04740,353.3450571573238,-0.6336812520434195,-0.5501862799218317,0.007451771025753845,0.023098184716130083
Apul,OG_04741,77.8725122787994,0.9766920975149209,0.5856901072010653,0.05473683446080521,0.11526437093252699
Apul,OG_04742,391.5979522196737,-0.05106778732983188,-0.045754767287600105,0.7496276782080589,0.831413625387708
Apul,OG_04743,405.7104717638618,0.3360818277200845,0.3150004526513561,0.0195512088373831,0.050848932819925995
Apul,OG_04744,1246.971472651941,0.015584267179074272,0.011292629265077738,0.9368063921750273,0.9608899144855216
Apul,OG_04748,76.24858261006808,-0.34348627937747384,-0.24183032676777613,0.3085596958894361,0.437190882752207
Apul,OG_04751,236.639117130485,-0.2413460751300206,-0.21541173951690745,0.17804900052323663,0.28948212003570584
Apul,OG_04747,515.6976418831982,1.1739520576570805,0.9674705895881063,0.0016964702101939452,0.006789645754690991
Apul,OG_04749,263.2934132829608,0.4973725958266789,0.4321158398441966,0.0245249525531437,0.06108881137339688
Apul,OG_04750,233.5848269073427,0.08732015688643674,0.06432816919246644,0.7178899937130823,0.8070332967598631
Apul,OG_04754,331.9378862660738,1.7641453330529488,1.4940401851790677,2.3065629001284497e-4,0.0013008657860054387
Apul,OG_04755,56.57960956726193,1.7495349070099526,1.402460425395177,7.632618707006344e-4,0.0034917972035046273
Apul,OG_04756,15.046969167711731,-0.6610828121261884,-0.14411242356097742,0.45190803727928286,0.5815405697370192
Apul,OG_04757,1307.0980856922763,-1.344341950895031,-1.211361723349136,2.538142764373997e-5,2.048919723040316e-4
Apul,OG_04758,461.04388904894995,0.28410486141279906,0.22542952966296279,0.2689306099669936,0.3957159448551536
Apul,OG_04759,731.464997628891,-0.22748549373730714,-0.2133050764678104,0.11311080729797764,0.20414320251789406
Apul,OG_04761,152.0885334017177,0.4970143582196717,0.35203710044741926,0.1597519483728169,0.2665094021235319
Apul,OG_04770,53.49432739045111,-0.2521840897536103,-0.11785287880267861,0.6327423642738551,0.7382813015860963
Apul,OG_04768,359.5957019317567,-0.37830659313566894,-0.3320595005074318,0.05888122410904691,0.12220772083860564
Apul,OG_04769,780.7015578064912,0.8434167451951284,0.8086573512536513,4.9253008172842804e-8,1.2167517114918454e-06
Apul,OG_04771,614.5003795882112,-0.47950594585860695,-0.41663356620966413,0.03348860094442092,0.0778264728649081
Apul,OG_04762,718.3487436871708,0.18834747038875813,0.18085754541654486,0.08773940039305947,0.16736237007620405
Apul,OG_04763,168.0752056321897,0.18194272356490393,0.15117826723310113,0.4396877353016631,0.569540434413685
Apul,OG_04764,197.52210598720993,0.02900449757702789,0.028154019386117977,0.8617525865855343,0.9124498676892628
Apul,OG_04765,292.938145327879,-2.4340781019567115,-2.290454369373531,5.380381959519401e-9,1.89321717860104e-7
Apul,OG_04767,99.86457545218714,0.04224298108724409,0.02983664864617897,0.8988188958197434,0.9362280320708595
Apul,OG_04774,15.470174850522103,-0.9042688536373162,-0.18531943549997584,0.3320698825102189,0.4623398002866626
Apul,OG_04773,127.3954497692076,0.905652443794093,0.8030102413238605,7.983111458911385e-4,0.0036245577051865034
Apul,OG_04775,783.5762265004888,-2.015526486095155,-1.8815070040501616,3.7350586269795394e-8,9.762035837528842e-7
Apul,OG_04772,1042.8201999881396,-0.19282079752900988,-0.18437608585333123,0.10364181618169901,0.1901175698974489
Apul,OG_04776,1782.1106594010362,0.9099178146852122,0.8695274065279925,3.964046567783177e-8,1.0183421054615644e-6
Apul,OG_04777,218.9573241637795,-0.48270822868482044,-0.43057731219215467,0.015792181028700957,0.042762191091830784
Apul,OG_04778,907.2436303160046,-2.4450008525234317,-2.2390259444422433,1.5136173047514443e-7,3.1018834629417666e-6
Apul,OG_04779,395.1216463717568,0.5865168839431368,0.5112967065029199,0.013933360274497179,0.0385271725222757
Apul,OG_04780,204.30968460661086,0.3171417717632421,0.27180001220100164,0.14830733646850833,0.25227075135569504
Apul,OG_04783,436.70017332300904,-0.3369087966170796,-0.24667107533838084,0.26445023811708085,0.39155136241407523
Apul,OG_04781,169.54967035395833,-0.5236755585929923,-0.27056990827065686,0.30440234416927064,0.4329425627997541
Apul,OG_04782,231.6500381135325,1.0271567921762152,0.938304249865305,5.719288918506443e-5,4.070310037740537e-4
Apul,OG_04784,889.526628422791,-0.15985428658893167,-0.12206166290158547,0.5592425895640022,0.6757826896406605
Apul,OG_04785,452.20996219317306,1.4165352181025423,1.2843303728067785,6.785104818477471e-6,6.913140129741396e-5
Apul,OG_04786,374.6495876723523,0.47144288386095967,0.4468935074469559,0.0014256715439126292,0.0059050437811025164
Apul,OG_04787,106.37468302998211,-0.1425072318180447,-0.11337088956177076,0.5806723714264974,0.6938673168768523
Apul,OG_04788,623.1870547999627,0.28467536332192284,0.26122271941964403,0.07258070615387231,0.1439323130392493
Apul,OG_04789,1505.1811247297587,0.14173609489058195,0.12469508762838942,0.32805616086476774,0.4584042154839006
Apul,OG_04790,183.40836720655992,0.10011053993122929,0.06321782688083022,0.7926942091944648,0.8620023738912794
Apul,OG_04791,62.41472319151094,0.9281882829675475,0.34778237505503606,0.17698680239730083,0.28806678650116635
Apul,OG_04792,62.488661623276165,-0.8503797888006538,-0.7068347437707311,0.00724145304749434,0.022612470143072633
Apul,OG_04794,1173.468158046097,0.6102898653054761,0.5560581418893256,0.001454144493179727,0.005992696935558318
Apul,OG_04795,229.17200269684173,1.928242034181083,1.729837255119447,3.2315427287285062e-6,3.759847843218702e-5
Apul,OG_04799,577.5234839532512,-0.010916722467084253,-0.00929716070627173,0.9524145183776507,0.9708254253008451
Apul,OG_04796,942.5653099531761,1.3288474102024586,1.1759771774400405,1.2616940930108232e-4,7.739248732434417e-4
Apul,OG_04797,890.6491184848613,0.4057651182828769,0.3895984160839656,7.185038801953102e-4,0.003333350133961688
Apul,OG_04800,1299.3770600497428,-0.9319708406114234,-0.8980438553672454,2.4196166771613387e-9,9.36256255113911e-8
Apul,OG_04804,56.46238779318046,-1.364807660708051,-1.1524226675145475,5.199720821567941e-4,0.0025606708163887558
Apul,OG_04805,14.40512772597645,-0.9280708863536511,-0.3758437962268683,0.1371698098011863,0.23762923630687735
Apul,OG_04801,734.5897130788985,-0.3357725030746116,-0.2880005634706069,0.12940125816643,0.22778203810630535
Apul,OG_04806,16.096177637529514,-2.6922518227164725,-2.4292773856308636,1.9920827510826494e-6,2.5299450938749645e-5
Apul,OG_04807,96.839812605178,1.094807344445698,0.8213879419838812,0.010905659392073587,0.031440802297991635
Apul,OG_04808,374.5634149071217,0.5642483786827927,0.48380714974538785,0.02352706502463551,0.05907645372518473
Apul,OG_04809,236.53327570870061,0.7732807169083572,0.7165249141854608,8.617252458899262e-5,5.663393981187656e-4
Apul,OG_04810,1010.3132560197591,0.2150526974698318,0.20308116790463004,0.1082509091973518,0.19723145044100246
Apul,OG_04811,1220.874586518707,-0.11385041631652403,-0.08119948440219858,0.7209171604417193,0.8096288498820504
Apul,OG_04812,314.3410111606252,-0.7153873737708298,-0.6131199955135687,0.007493656952145525,0.023196122463953382
Apul,OG_04813,588.0106832073307,0.7683169731551536,0.586713897183033,0.0337880919343786,0.07841149325164486
Apul,OG_04814,1025.0814969164805,0.35979992869056554,0.32315858008931647,0.044748250933224334,0.09822175722124729
Apul,OG_04815,109.55283354024576,-0.358217001171469,-0.2332401676532704,0.34923405639279487,0.48165241457537955
Apul,OG_04819,543.3655953516012,1.3828304831237175,1.277520370464169,2.4675636949879827e-6,2.990594333025086e-5
Apul,OG_04820,75.32570909822978,-0.3507344688653123,-0.2453906559719568,0.30702223348439095,0.4358343009018818
Apul,OG_04821,132.0005812526245,1.1729741917467837,1.010108761880779,6.445732781964093e-4,0.0030525825890215454
Apul,OG_04816,1488.1602037648604,-0.28305160431778836,-0.26668134889781164,0.018114212861336725,0.04775902262300387
Apul,OG_04817,526.7883665972695,-0.0586470660159438,-0.053302380201385266,0.7158859753685948,0.8054833840652134
Apul,OG_04818,845.8590569032846,0.23501008937407586,0.22434186970875414,0.04060776944671612,0.09079103821002708
Apul,OG_04826,1140.9395755748583,-1.7076226579176408,-1.581193915000609,3.841520021631587e-7,6.6870629411297324e-6
Apul,OG_04822,559.7729272993494,0.26962974956737973,0.22465507411771632,0.25610439265264123,0.3820802959213875
Apul,OG_04823,657.0921113002348,-0.01934043739794184,-0.017448466870563763,0.91019415937407,0.9435756191165772
Apul,OG_04824,779.0539270401755,-0.3842686301307532,-0.30614737306957107,0.163072645541633,0.2703728932995577
Apul,OG_04835,701.1162431764418,0.23726843841843748,0.21801697632732514,0.07730364445311794,0.15124605503111535
Apul,OG_04836,260.40101168480703,0.6986889445663763,0.6083094046654902,0.005510887025951296,0.018024281768308767
Apul,OG_04837,72.47326817477418,0.5241530278662712,0.36375792253228023,0.15639675835012007,0.26236829210102935
Apul,OG_04838,220.89391634028684,0.3675786371816453,0.31753834460046443,0.09596473968897216,0.17907989606280256
Apul,OG_04839,432.3693669794763,0.24998518090269028,0.19424515880067134,0.3544329254073352,0.4874804283706439
Apul,OG_04827,919.8696599927698,-1.2115870478969233,-1.121778007441132,8.852900806736817e-7,1.289605922041129e-5
Apul,OG_04828,52.852021910500206,-0.6865541215894341,-0.2939990090780919,0.26364690793655077,0.39068269003514844
Apul,OG_04829,409.6165698675007,-1.3965846441268654,-1.338653892313214,3.859555525152056e-11,2.718875950804382e-9
Apul,OG_04830,1241.3600910423916,-1.25373438666669,-1.2195615548514465,2.4682874994905036e-14,4.5421527312052795e-12
Apul,OG_04831,191.07983209558373,0.014603113170710183,0.011872858483919349,0.9562741670035871,0.9732895658811473
Apul,OG_04832,428.70984281742346,0.40954218103029794,0.37213888629004055,0.02438263297886888,0.060784683873503095
Apul,OG_04833,455.77404222322156,1.6206378440326363,1.4666411141549256,7.69740889817845e-6,7.686327357129024e-5
Apul,OG_04846,389.72345352464356,0.615784989501468,0.5600084286929644,0.0015657731510229913,0.006379835744588483
Apul,OG_04840,78.51810606678461,-0.21318530805259686,-0.11396201847326395,0.6485386447820419,0.7524283273288307
Apul,OG_04843,861.3045830714389,-1.1304024563865764,-1.0526212268823765,9.797405193430535e-7,1.4067388953688396e-5
Apul,OG_04844,24.8826282896627,-0.27814791749343654,-0.1385353441256797,0.5703287207675087,0.685139098742423
Apul,OG_04845,117.39876956355845,-0.11136157266385863,-0.0922590039615542,0.6248117170004606,0.732439840378725
Apul,OG_04852,186.33392270517888,0.497349078961491,0.4144525441987961,0.055754848457681506,0.1170527284151139
Apul,OG_04853,124.55232364710423,0.32489614015121,0.2653948862440343,0.21479461280145182,0.33344972415599794
Apul,OG_04847,47.70742951264079,-0.3879570649250669,-0.23596214909271507,0.34437944462396547,0.4761365876959994
Apul,OG_04848,182.36997450916002,0.3044407522694049,0.23861780761139642,0.2771316013224215,0.403640998296168
Apul,OG_04849,609.4418879105059,1.1629703736704073,1.0780586291472598,4.3005210660590235e-6,4.734773925843006e-5
Apul,OG_04850,161.22601901415553,0.39411855263252926,0.2837882451522646,0.24810388095157968,0.372858782423399
Apul,OG_04851,224.0499241059562,0.5294914800182405,0.43884492724568225,0.04792891689400887,0.1037884350704318
Apul,OG_04855,471.84347026485614,0.6262961998127997,0.5608900917219484,0.004430645944177339,0.015030524634554954
Apul,OG_04856,26.460124867517454,-1.2764626407767568,-0.2916989961373395,0.15657221487772666,0.26256493612655035
Apul,OG_04857,241.45525938921824,0.1373089044583607,0.10485052351965832,0.6250514159138618,0.7324477582748111
Apul,OG_04858,31.39088534674737,-0.0768806871949037,-0.031237126170658963,0.8956249354199496,0.9342376869846414
Apul,OG_04859,250.49069391254187,-0.1381129821151963,-0.11857551134178163,0.48547820682712206,0.6099310682468566
Apul,OG_04860,110.17759491459579,0.4477657763982671,0.3911102280980006,0.048375381855000336,0.10445421891440088
Apul,OG_04861,107.02866333585408,0.9524405154111597,0.7893458024253406,0.00416256673633199,0.014248044788503477
Apul,OG_04862,315.44689980219823,-1.6095052002499122,-1.3959906946372076,9.476126382603746e-5,6.120790228648852e-4
Apul,OG_04863,290.89019494818206,-0.17524071631418886,-0.15550460582155887,0.36123015340258513,0.4935771713764082
Apul,OG_04864,256.0424352004076,0.7424263087420421,0.6943512205972149,2.6482179312080705e-5,2.118809324374727e-4
Apul,OG_04865,146.2090890575176,0.21688105974429014,0.1735871125709419,0.39157094792333114,0.5240901346926936
Apul,OG_04868,121.06573207786923,-0.6847492685262353,-0.580756803213986,0.011819281659277961,0.03351398198795892
Apul,OG_04869,88.01613670444767,0.18757803254813682,0.12241496812508654,0.6123703690993081,0.721419338668469
Apul,OG_04870,732.2189039949246,1.527173711146069,1.4657928792050028,2.312935979492843e-11,1.7846517868968726e-9
Apul,OG_04871,363.1284582147407,0.8769120376131738,0.8200953125632361,1.9491735767907938e-5,1.6487521709120624e-4
Apul,OG_04872,40.20977306575536,0.2624619537560106,0.13656425323608276,0.6009465267719091,0.7106242885387037
Apul,OG_04873,491.7931987570628,0.5671372583698525,0.5278395258734961,0.0010302128181262082,0.004491986934740822
Apul,OG_04874,238.69974187072762,0.5564752003070853,0.42053419884851545,0.07954862484760505,0.15478850890178134
Apul,OG_04875,339.3290719406223,1.0186035546873085,0.9375650455607248,2.84633660460383e-5,2.261270234688347e-4
Apul,OG_04876,738.6596006313519,0.4251180779902674,0.4036505462986498,0.0051721508120041405,0.017139758865064806
Apul,OG_04877,275.9243387411713,-0.156015142517027,-0.13379694467930345,0.46812128154531346,0.5956886248509867
Apul,OG_04878,274.5551993747072,0.013424720566653909,0.012103235980438472,0.9420948063997185,0.96433975131187
Apul,OG_04886,11.000557551383675,0.9004812666642582,0.2429039404303061,0.25062609209360515,0.37577244303425966
Apul,OG_04880,3460.7585104742475,-1.0037058563528813,-0.9342057537328229,5.58565138169717e-6,5.87014201733839e-5
Apul,OG_04881,1253.0645795730018,-0.2796356409452714,-0.2455816165506183,0.15411870052490673,0.2594638391772002
Apul,OG_04882,283.62005110601325,0.6464546440441096,0.5852713927899311,0.0022810474190791256,0.008667595692303614
Apul,OG_04883,119.1878359986408,-1.7463601616732032,-1.6823219626659045,2.591842568824406e-12,2.51297252076233e-10
Apul,OG_04884,331.2981189595181,0.46790572347949305,0.4269653344620461,0.010718983294773525,0.030998419618015673
Apul,OG_04885,307.67550948013957,0.5672125388343667,0.3641234169639692,0.16056422236849385,0.26735178032862
Apul,OG_04898,113.77479316340555,-1.593908430595451,-1.4265994944588587,1.794557616930628e-5,1.544038743498423e-4
Apul,OG_04899,43.79119958349119,-0.625048483181732,-0.47944075227349814,0.062181259864599665,0.12761173491504257
Apul,OG_04900,208.2047707977048,-0.47811435149697684,-0.3535858140259787,0.13773156116814603,0.23851075226678947
Apul,OG_04905,38.63063234996848,1.6440675909901152,1.0952843299255643,0.004785983736460679,0.016048797081318684
Apul,OG_04901,1073.7044304958838,-0.7581261864541878,-0.7004683462071007,2.4384416106465508e-4,0.0013631387478735245
Apul,OG_04902,27.227607950482888,0.8683269086336406,0.5897331880398736,0.04822226476477223,0.10419845707739066
Apul,OG_04903,156.03598203031908,1.4472259450814418,1.2268025281684045,3.717651972669852e-4,0.0019399344813405127
Apul,OG_04906,977.8098155144187,-0.7957852090724786,-0.7526232260320558,1.2005584962241552e-6,1.6628933887024896e-5
Apul,OG_04887,369.0408328244322,-0.7750894692346572,-0.6738763679397616,0.002390341764444379,0.009018289410039735
Apul,OG_04889,19.910165475774,0.789051583806131,0.19069887434091762,0.36669858877016737,0.49888816936528124
Apul,OG_04892,205.27025275481137,-0.274451039173552,-0.22392191172648748,0.27735014881171344,0.4037753575322463
Apul,OG_04893,267.65390601771577,-0.42127911023236747,-0.3863449365349401,0.015130222731332377,0.04130463771372209
Apul,OG_04894,218.92697143809573,0.18127370939646834,0.15370265133735947,0.37946464592536383,0.5114548149938724
Apul,OG_04895,1475.9211951341094,0.939394338957059,0.6298694806765012,0.025776528863868112,0.0636089109922
Apul,OG_04896,241.01519709385425,0.1713287481258595,0.12896610599257297,0.5534989628843461,0.6710002888314263
Apul,OG_04897,483.8655490862191,-0.03185880672972669,-0.027852697924532946,0.8734359069640767,0.9205835293839704
Apul,OG_04910,13.498522033089097,0.17264781917957878,0.016801672766399975,0.8839100034198586,0.9273084934074305
Apul,OG_04907,114.16690864650741,-0.6434748526520734,-0.4141644801298888,0.11136852502965335,0.20165661685114133
Apul,OG_04911,19.766706908241893,-0.8380520000718397,-0.12995219966212956,0.436584518632968,0.5670819078815144
Apul,OG_04912,442.4494776010325,0.24829566890347596,0.22932104450692195,0.14903729791324416,0.2530350810174586
Apul,OG_04913,173.67684468754422,-0.5425248277576558,-0.462165364095777,0.03326814710273468,0.077393932514282407
Apul,OG_04915,212.4091562627205,-0.8662131007702256,-0.6718979606509157,0.017541326608546147,0.0465343165723038
Apul,OG_04916,554.7704031442784,-0.018895340861841498,-0.01551248286295831,0.931057186258404,0.9570985533550237
Apul,OG_04914,2151.0157395368306,0.01206201380236668,0.011162027496050535,0.941410338069633,0.9641180930442933
Apul,OG_04917,169.04399424859895,0.516853868694172,0.4360416332099417,0.04018667617790359,0.09002813890587744
Apul,OG_04920,155.12648659853588,1.0772152240476431,0.56365371073636406,0.06295769547636601,0.12887390240871563
Apul,OG_04918,1310.560355710724,0.01485018378396447,0.014635342638652394,0.9400053188582727,0.9631849954710278
Apul,OG_04919,261.59524069100496,1.498703525065439,1.3256819242699793,6.062802098941958e-5,4.270959884856222e-4
Apul,OG_04921,271.3936492246147,-0.40308564068125813,-0.36173336269195894,0.04356396602692996,0.09601962397086959
Apul,OG_04922,188.399929407382,-0.5879766679838768,-0.5344159224697879,0.0032893877786836093,0.011700358816721934
Apul,OG_04923,1282.354845884822,-0.6213979682847699,-0.5571232971049519,0.003806177534045905,0.013235751185689135
Apul,OG_04924,1124.7165775721937,-0.2865861443898912,-0.24850010241170722,0.1139797154744067,0.20530465330258196
Apul,OG_04925,113.99815227030199,0.2034007948103353,0.16583163526458836,0.41080263909817183,0.5427410105125591
Apul,OG_04926,928.2107947397133,0.04304043561089093,0.04595039381946704,0.7752619713110966,0.8496034510588428
Apul,OG_04927,259.14230985106997,0.2755702692937109,0.23719188202033614,0.2017707453478461,0.3180155236499787
Apul,OG_04928,22.421380328488432,-1.9950954395626155,-1.0857811702816196,0.00839663882236149,0.025441025625414497
Apul,OG_04929,399.91757654668106,0.17634229038596372,0.15539227337579226,0.3596031374047608,0.49204938807628845
Apul,OG_04930,962.1129755467097,-2.0750889063261106,-1.8986535119203685,4.410524970561963e-7,7.392138226683498e-6
Apul,OG_04931,381.183594143357,0.5127830828770967,0.4719557972121404,0.00441125431908526,0.014980747482303013
Apul,OG_04932,571.2285687322411,0.4602713233003868,0.38858521143903735,0.055691300652943324,0.11694654354624824
Apul,OG_04933,120.77682455612083,-0.5247843206925243,-0.46492938782561366,0.015563648710932404,0.04223214577986082
Apul,OG_04934,455.2809049361216,-0.34630122119701223,-0.305347267156133,0.0685608375261922,0.13784014982690637
Apul,OG_04935,455.8206720107105,1.1277067661769542,1.0569662196451242,4.620159818305644e-7,7.625792864953751e-6
Apul,OG_04936,242.89782368533844,0.7937161383896407,0.7336912708130365,1.2423604141059664e-4,7.651887878410861e-4
Apul,OG_04937,180.80915588114365,-0.32447736531348653,-0.2832105014187149,0.12501280212484808,0.22154882797951164
Apul,OG_04938,398.89655992347224,-1.1120354295645292,-1.0106120791877977,3.787413935424651e-5,2.8843844134902093e-4
Apul,OG_04939,905.1773947420792,-0.31961705422087244,-0.27012643479652176,0.16778740876848924,0.27623499449798566
Apul,OG_04940,952.2445225608811,0.06782366567870174,0.06571094999845058,0.5500991626178684,0.6681363347690354
Apul,OG_04942,11.0622093796615,0.45758913930405704,0.10058934027123542,0.6009216005038498,0.7106242885387037
Apul,OG_04943,235.3396958092298,-0.4176054202635602,-0.3493785625154959,0.08773070183102338,0.16736237007620405
Apul,OG_04944,36.152557835168665,0.07526464975703451,0.030670591214506146,0.894957768408868,0.9340301105626937
Apul,OG_04945,364.74836072374734,0.008271949264499671,0.007882493814859167,0.9689855075353937,0.9809969734221037
Apul,OG_04955,316.0443396987531,0.3885446499891031,0.35278428848327964,0.029409987629057638,0.07039767476833843
Apul,OG_04946,750.9288716610906,0.17031431287055332,0.14758903544391347,0.42762501395648805,0.5587443487676645
Apul,OG_04948,265.4526548011893,-0.20261107043191123,-0.18099450770746933,0.26212972381248223,0.3892019956557142
Apul,OG_04949,398.96697761715393,-0.4862362486962268,-0.45551495656671687,0.0013538950322078103,0.005657123033094452
Apul,OG_04950,1996.7328751002847,0.2910676299133423,0.26156887958322345,0.10719347510474961,0.1955814579157279
Apul,OG_04951,56.246191401679845,0.7756809230230176,0.588497170234741,0.033838994841942784,0.07849915525850222
Apul,OG_04952,20.840536431763887,1.2500770987251026,0.7069942480555399,0.034380721238662974,0.07959203168395997
Apul,OG_04953,382.5148098890792,-0.2850364225600262,-0.27115947626472486,0.05006997657327572,0.10719578212909414
Apul,OG_04954,2107.6236911437254,-0.6029678879001089,-0.5683864301246728,1.5348540956420885e-4,9.10628228700592e-4
Apul,OG_04956,63.49627946712637,0.7973370792791109,0.5824343576292574,0.03630618591710448,0.08290747435990477
Apul,OG_04957,61.10152507127951,0.864503351427833,0.662639107010717,0.02035326516936121,0.05246580675589767
Apul,OG_04958,225.74527646251767,0.0057874606518779235,0.005064860380136993,0.980948343876143,0.9879795532399468
Apul,OG_04959,329.60999678814864,0.2454876997890443,0.21411483655413766,0.22213029294437625,0.3425015135908756
Apul,OG_04961,62.966924457723266,-1.6693407654253019,-1.3973363779609984,3.72761147086071e-4,0.0019440065143291512
Apul,OG_04960,145.09727114773338,0.24324827666069465,0.19633132603971942,0.34321835294449765,0.47495394237270344
Apul,OG_04962,51.61253049410341,-0.9306691013319819,-0.5504733783118075,0.06723333792137176,0.1356551819281739
Apul,OG_04963,192.75217076478333,-0.28092455115969656,-0.24427925445770524,0.17931022715005632,0.29095560881987725
Apul,OG_04964,1178.4818036709378,-0.9497643565621123,-0.7111581386240049,0.017331660506789245,0.04610017191437127
Apul,OG_04965,687.1357299083813,-0.30770584456385597,-0.2788594736258881,0.08725835468358671,0.16672326140166494
Apul,OG_04972,215.08072941081073,1.15919229464169,1.098137730906123,6.525886032555554e-8,1.5088183168090624e-6
Apul,OG_04973,242.02986669460697,0.766640998408156,0.7107563851361659,1.7549875770773624e-4,0.0010255815283542824
Apul,OG_04974,124.12499657959634,0.5282816377602889,0.43630724244535857,0.048523138013020606,0.10467299891469063
Apul,OG_04975,35.51496310523991,-1.1201324250834888,-0.810352437768229,0.012689623692391301,0.03560122490177112
Apul,OG_04976,59.89929888125753,0.07424856309810185,0.03086927659523554,0.9035461193160873,0.9390589393583633
Apul,OG_04977,109.1393037498113,0.651272508455581,0.4335762432023562,0.11178517598078122,0.20224055614339972
Apul,OG_04979,60.27488939488239,-0.07830390734258888,-0.033123827156658375,0.8869615257529267,0.9293204831180735
Apul,OG_04980,93.2815298348115,0.3168827252212376,0.2393337494011361,0.27596600694243756,0.4028469296745928
Apul,OG_04966,337.2118854107956,0.33169593991976076,0.2637359459623577,0.21545731553823863,0.3340977840426995
Apul,OG_04967,20.29524135402946,0.0877369834506033,0.009735878872535091,0.9371973436295811,0.9609629801578271
Apul,OG_04968,10827.95618902848,-0.9339116463858674,-0.8833061573198046,7.206048518417475e-7,1.0883909462407097e-5
Apul,OG_04969,171.9950221410489,0.3154503463423387,0.21440274221497704,0.36624329044442777,0.49847784904715553
Apul,OG_04970,818.8830557091944,-1.3050534899340263,-1.2188357869242763,4.63450647664928e-7,7.625792864953751e-6
Apul,OG_04982,598.9198659345747,0.16196621461485877,0.13525345141927356,0.435075657286948,0.565770445707467
Apul,OG_04983,322.62903910645036,0.2393146111641105,0.16185556533967135,0.4744065471111459,0.6008476096392467
Apul,OG_04984,610.1676987164857,-0.3296788353297656,-0.3099806090288012,0.028721164264509828,0.06922714198692466
Apul,OG_04985,1180.894336809581,-0.0954740431823601,-0.08032026151844787,0.7081521699762707,0.7994196580808801
Apul,OG_04986,243.46394307589904,-0.1312006510940891,-0.10876792965623151,0.5782295427673888,0.6917733563929341
Apul,OG_04987,51.33083005854506,-0.46126255744036604,-0.33297804103201106,0.17822542342511166,0.28971671949238
Apul,OG_04988,67.95859504398763,-0.04453126787230827,-0.03315072725961195,0.8814687142733237,0.9261481468891354
Apul,OG_04989,338.49322688171577,0.1628515128030524,0.12495133300324676,0.5242783474249987,0.6446771933357716
Apul,OG_04990,226.1635404944131,0.3539139578524224,0.2748925057386089,0.21901506202446075,0.3385665719654659
Apul,OG_04991,67.00397217827675,0.4346944338061835,0.3299440977189305,0.16437154281965402,0.2719054042388038
Apul,OG_04992,90.10921282198082,1.3179843742075443,0.9091846392686211,0.013274229571754292,0.03699960681561312
Apul,OG_05001,20.20954283636284,-1.515472156320271,-0.7194997896837686,0.034642777273072654,0.07997284246576962
Apul,OG_05005,298.96948308154293,-0.028263217964064266,-0.024935590814735373,0.9177293420462761,0.9489868666549623
Apul,OG_05002,171.61698980589452,-0.050838451966674525,-0.04287191685300247,0.7886184980862762,0.859399195163019
Apul,OG_05003,165.60241013055014,0.10144588436105793,0.08267669399877786,0.6502104047462219,0.7535921876088282
Apul,OG_05004,1675.8136613386494,0.5972122073358404,0.5665192969873574,8.825684525421077e-5,5.775123176032065e-4
Apul,OG_05006,116.20254296610958,1.0426844115439058,0.7017269939607972,0.027080650317392263,0.06604983064969598
Apul,OG_05007,203.34890412333857,-0.3537630112614223,-0.2846225205144941,0.1800935650740958,0.29185903599445034
Apul,OG_04995,24.951002468309547,0.8311325033507452,0.30483877261181463,0.22361304511396937,0.344375547018388
Apul,OG_04996,155.56957523123447,0.20176756125456374,0.15347961415143394,0.4810126628699214,0.6068687814604843
Apul,OG_04997,541.1236585414191,-0.008363250453067121,-0.006393154128666323,0.9758413071488418,0.9856177036572474
Apul,OG_04998,121.00855429796721,1.1746290889753617,1.0462282758615828,1.3880396484239693e-4,8.360690387333956e-4
Apul,OG_04999,22869.083342997194,0.4028331327805438,0.2967659348832173,0.2046364415065013,0.32146459809479483
Apul,OG_05000,616.7873773123938,-0.2105642580386348,-0.17875012448899014,0.29594467598357455,0.4232407840355102
Apul,OG_05008,1729.8688456320378,1.0904824997090918,1.0351637712651796,7.33994940539922e-8,1.667111430440422e-6
Apul,OG_05009,327.92876067548156,0.10903874019352053,0.08478048179142042,0.6662750348763424,0.7663012741683647
Apul,OG_05010,150.3860045891703,-1.4850400214249109,-1.301724900945566,9.483129105797087e-5,6.120928786469028e-4
Apul,OG_05011,76.75837966070985,-0.4116812743332294,-0.16945820814593696,0.4597338545243,0.5886921643510993
Apul,OG_05013,73.444773177694,-0.7829380141401782,-0.6739597325771177,0.004308422805049867,0.014687730976610454
Apul,OG_05015,189.14530225777688,-0.33819456663902153,-0.29823923488777204,0.08962567796857993,0.17006623279517785
Apul,OG_05014,276.8300530099257,-0.5785204088224948,-0.5015652183324883,0.016664376945276973,0.04469443394276099
Apul,OG_05016,664.9459205742073,1.1098825171308977,0.999459688431488,9.73433444315362e-5,6.269606690994014e-4
Apul,OG_05017,197.27621258647437,0.9445286077248901,0.8785448463776538,1.5575438026501927e-5,1.3782504875855533e-4
Apul,OG_05018,349.28554893376787,1.533728203079553,1.4355011920058356,1.186437285937378e-7,2.5172011781876085e-6
Apul,OG_05020,775.7329827925589,1.0617682854374921,0.9951551465143351,9.275986624930643e-7,1.3361273386102173e-5
Apul,OG_05021,257.33424248274366,-0.20591317850669588,-0.16994061216158093,0.41045682704766484,0.5423636004526369
Apul,OG_05022,701.0771484195046,-0.8337634722645066,-0.7925493323319875,1.1217743789745036e-6,1.5721737201224905e-5
Apul,OG_05023,655.78446514118,0.1158549754589091,0.09907293093940912,0.5855970539822352,0.6974413731023399
Apul,OG_05024,153.91323142051183,0.08375435117812108,0.07288392412163039,0.6837213405867617,0.7800981055385082
Apul,OG_05025,7281.235154313661,-1.2897502568419483,-1.17803150875161,8.134037389074908e-6,8.033364199045832e-5
Apul,OG_05026,958.2411014397387,1.1632887038894062,0.9817230212094284,0.0010186182041906093,0.0044543551635241145
Apul,OG_05027,14.974891796192892,1.7219008662030355,0.3521324442771674,0.08918857219386649,0.16948648165902933
Apul,OG_05032,247.90628252765077,-0.8164492721764613,-0.7201106718426735,0.0016452898039837466,0.006646764409731829
Apul,OG_05034,28.423281538003597,-2.8591016610561084,-2.361322274012652,1.4000136661814787e-4,8.421563194101664e-4
Apul,OG_05033,556.1209963205326,0.029208369912139622,0.027234910586388508,0.8457080858227867,0.9005974033291475
Apul,OG_05035,671.0742521535083,1.0742893156419167,0.9746755906984246,6.302913142650875e-5,4.4110606519600693e-4
Apul,OG_05037,9.065520177290681,-1.329840637010598,-0.3100222881552923,0.13130778077932487,0.2300373536598353
Apul,OG_05036,1226.9108658845157,0.14058461781701803,0.11404998115973025,0.5597403686252316,0.6762935687918683
Apul,OG_05030,82.3800734862239,0.15505349882540964,0.10818726154083859,0.6521090194505784,0.7550163107840094
Apul,OG_05031,3452.0219414409794,-1.635108825941456,-1.2864907486522001,9.459831302427629e-4,0.004187496261855176
Apul,OG_05038,203.50481544314624,-1.0333295582281883,-0.9116744401830881,3.506154744073382e-4,0.001846670404632575
Apul,OG_05039,340.0790219620596,-0.4020439827335444,-0.2690166870554979,0.2731663169255279,0.40012031834267137
Apul,OG_05040,3131.40085876925,-0.5050968867873008,-0.43451436966805285,0.03228576626564562,0.07561578036813676
Apul,OG_05041,503.92322293769803,0.03844915207515012,0.03193360357088494,0.8495910768933728,0.9029738912125906
Apul,OG_05042,74.12249901329317,-0.32933535047420703,-0.2641603610509225,0.228003615278066,0.3500014639023359
Apul,OG_05043,611.775192101633,-1.180376028513385,-1.1174209207580919,5.824393704872985e-8,1.3893798422444367e-6
Apul,OG_05044,499.11876907982804,0.3235162325700926,0.2839629213542134,0.11137295685024774,0.20165661685114133
Apul,OG_05045,580.0931044799842,-0.3611764608487858,-0.31120651395233506,0.09394299197455488,0.17618218773597366
Apul,OG_05046,137.32762122943245,1.1491747423962144,1.0289891615521698,1.3661811351945179e-4,8.262143055700179e-4
Apul,OG_05047,2071.9540594475434,0.6490934494911205,0.5681148893646311,0.006565586909460805,0.020860428880411588
Apul,OG_05048,1969.956941012694,0.1722702038740168,0.14024885205542714,0.47909228231707524,0.6050385307637349
Apul,OG_05049,141.96829563935782,0.04938301117722703,0.03418081578825271,0.8881591205046413,0.9301287228186892
Apul,OG_05050,689.4006945900744,-0.02034101916094403,-0.020703151010510654,0.8678661373623937,0.9166147879375522
Apul,OG_05052,49.92438041455078,0.10374435828681172,0.04563885797005367,0.8482456563822676,0.9022481426754332
Apul,OG_05053,601.3987938078595,1.8903248983464938,1.7937137893482433,1.2167630766732977e-9,5.199787991641291e-8
Apul,OG_05054,774.8688102760132,0.1478049828189774,0.13165118060433748,0.4278488720275474,0.5588757186340333
Apul,OG_05055,1207.5778855507044,-0.3766470971446211,-0.36306541794238417,4.4836676093364374e-4,0.0022662124906606866
Apul,OG_05056,675.1006824895564,-0.04963752456119844,-0.04473386030992631,0.7615874077226,0.839720427419257
Apul,OG_05058,60.67144914361668,1.671415403668101,1.4506640573654064,1.0146469523646488e-4,6.465774960757625e-4
Apul,OG_05059,236.58020096091246,-0.5365121370862957,-0.497607544269349,0.001630121689854153,0.006600272688556307
Apul,OG_05060,1034.5922993680272,-2.0145594648929155,-1.8453650787419775,5.608653922591799e-7,8.872084804636221e-6
Apul,OG_05061,292.652344651942,0.6885094195309248,0.6481301540583119,4.9529778594605394e-5,3.601693657964168e-4
Apul,OG_05062,648.7471475685852,0.6362982974030931,0.5377308896323584,0.015926791284384564,0.04304053253223104
Apul,OG_05063,597.4514476752017,0.22823475123189227,0.2139374954004586,0.12893433354825515,0.22720361258640154
Apul,OG_05067,327.65907444114305,-0.18466037566077748,-0.13498918603737778,0.5406264310321842,0.6592951756312152
Apul,OG_05066,383.10169280544494,-0.22433776090911847,-0.1981308330956729,0.23821722410891183,0.3619825934934375
Apul,OG_05064,286.14338147444374,0.1524803864007955,0.13637290303996694,0.3932651145901996,0.5255775216036505
Apul,OG_05065,402.49081219745216,-1.188164116141873,-1.0203830443313953,6.144299895995245e-4,0.002934488991641373
Apul,OG_05083,63.13651521381628,-1.5347444925829123,-1.1873930622834137,0.002169443516981952,0.008299479080452381
Apul,OG_05085,793.3759181391849,-0.47232409253182345,-0.4438438377447656,0.002559762170967023,0.009557505381204822
Apul,OG_05086,607.2671011631387,-0.6241322841660233,-0.5905075515888261,3.903548138358473e-5,2.9528769768102643e-4
Apul,OG_05087,493.32705871590986,-0.39795184477249435,-0.29868671921181,0.19644412604150593,0.31207482109165946
Apul,OG_05089,97.31825152154721,0.5803968058454022,0.4606355967710371,0.05876810561118302,0.12204329992999477
Apul,OG_05090,614.0193373524307,0.38795501822295553,0.3317323379309982,0.08251450759875054,0.15935603234481335
Apul,OG_05069,779.8370314677129,0.4735681103051568,0.33152590343046856,0.18110647044526937,0.2930265645083427
Apul,OG_05070,268.3096650453766,-0.2496792353180531,-0.20950079673037914,0.2754397089375224,0.4024695925278949
Apul,OG_05071,272.26518819801174,0.07307044602929157,0.051354920943281195,0.8224444658328585,0.8840126056043491
Apul,OG_05072,408.62835554974737,1.368113524819456,1.280800124022422,2.8470785802918365e-7,5.271479991476692e-6
Apul,OG_05073,52.27547872224302,0.23650274662546347,0.130485164433952,0.6002923085318002,0.7102526894149379
Apul,OG_05074,1015.9770547034581,0.2992806593968632,0.21122466505149634,0.3623658142668378,0.49469379973415234
Apul,OG_05075,225.63904293030313,-0.44611662931935,-0.3197753359969782,0.18399798839542644,0.2964813905220801
Apul,OG_05076,688.5941315791069,-0.03513328708573343,-0.029203004989810204,0.8307120820894387,0.8890837797270585
Apul,OG_05077,316.2512074842415,-0.06237717587166628,-0.05693817192446738,0.6832315883702389,0.7797515158438815
Apul,OG_05078,951.0794927984222,0.7044220321160327,0.6816780334637829,1.1599854070693654e-8,3.5576831345389344e-7
Apul,OG_05079,241.7711644498889,0.22700681773907408,0.16674798533468002,0.4508683707191505,0.5805340709373953
Apul,OG_05080,85.98912600968126,0.9270204839778259,0.542600254200934,0.06650591110650905,0.13451857345163573
Apul,OG_05091,854.7501154172089,0.10988312735623969,0.09704964797372377,0.5747611036456592,0.6888119180718912
Apul,OG_05092,243.63307300808273,1.0298271229907,0.8606378344100378,0.002533042000143563,0.009473429993900667
Apul,OG_05100,146.82899427615635,0.07272865750791858,0.04666101042480967,0.841892074238414,0.8974714094835899
Apul,OG_05104,7.7681492122733236,0.13649717074442053,0.016267066811070093,0.9203423031652681,0.9509254666713902
Apul,OG_05101,1173.8002742203862,-1.7351570443921744,-1.594588858726049,1.244658647110208e-6,1.7160683518337533e-5
Apul,OG_05102,31.700729471662477,1.2690685866861235,0.486884894876603,0.07143855716380183,0.14213624667828798
Apul,OG_05103,33.148684637890334,-1.3144911579267518,-0.46481488025545104,0.0688397712249033,0.13818526650377405
Apul,OG_05093,320.329804810047,-0.4161199710797895,-0.3182815755878185,0.1697055539312964,0.2784270341700327
Apul,OG_05094,686.4180814067844,-1.0602934035240141,-0.9397645420711536,2.7004127563959426e-4,0.0014829245934483686
Apul,OG_05096,45.67061717096666,-0.23648340393024464,-0.13691870657364516,0.5821943418577883,0.6950412260733055
Apul,OG_05099,994.3326139299055,1.327218058699748,1.2352878506154166,4.750080955949939e-7,7.7875418145092e-6
Apul,OG_05112,51.475534735551285,0.8168903743748074,0.6735524767093114,0.010718678763975026,0.030998419618015673
Apul,OG_05114,66.92478625730061,-0.08762052110424483,-0.05770986268481786,0.8024271084450992,0.8691014990169327
Apul,OG_05113,383.26291282773235,0.650094500510209,0.526224782634025,0.027197156308052927,0.06626229625228675
Apul,OG_05106,468.5622314085875,-2.063697813944042,-1.8901404905673482,8.920416137465566e-7,1.2959930257618233e-5
Apul,OG_05107,53.91877158439471,0.8632983829257176,0.6938622630574526,0.012343647397498637,0.03479295673124264
Apul,OG_05108,256.21859093554,0.8308600353111294,0.6686592857604372,0.011397391149231592,0.03260478299258289
Apul,OG_05109,212.58717148919618,1.0240115988159528,0.9043635176438692,4.6831245651488473e-4,0.0023478858825374265
Apul,OG_05110,484.63982164426307,-0.5383323154037741,-0.37228145393805984,0.14707236814740057,0.2510224386873199
Apul,OG_05116,137.35657779619726,-0.474319826978932,-0.3929008192463997,0.06559643224550427,0.1330670482694515
Apul,OG_05117,28.358324036307742,-0.25376386826706787,-0.12418500826590129,0.613991692790182,0.7226884664761313
Apul,OG_05119,36.48249882942887,1.000207722430661,0.44180726414249377,0.11459363028534116,0.2062456615335172
Apul,OG_05120,50.6731467278193,0.11573748054045187,0.0709163245266091,0.7763417427489754,0.8503733593740903
Apul,OG_05118,78.8415285169198,0.07632957745556693,0.03665462021589684,0.8624494008427273,0.9129732621975665
Apul,OG_05125,14.272364625799744,1.2641514794603657,0.38677151858286374,0.0872210400136111,0.16669608262033303
Apul,OG_05126,19.506324315394732,0.2837147304984551,0.09710337343152242,0.6718308735611314,0.7709547040579681
Apul,OG_05127,247.09687996788676,-0.16724424435759913,-0.14344625765636754,0.3829169722555997,0.5152607579210181
Apul,OG_05128,421.754294282088,0.4629971293276233,0.41128884364118584,0.023433824429956552,0.05889152588765837
Apul,OG_05129,863.3608918107915,0.12235522739839952,0.10110842244740291,0.6048708019452682,0.7142640153405557
Apul,OG_05121,5480.510330168943,0.7423583995291384,0.6464234777784952,0.002922520402096696,0.010643120543499963
Apul,OG_05124,219.20701385592352,-0.29102697209747935,-0.20752545583675644,0.3596648016869044,0.49204938807628845
Apul,OG_05139,140.39465310643052,0.670470521401024,0.48886410980613987,0.07075151217000325,0.14101821070665768
Apul,OG_05142,525.3297791613759,-0.1103549630347506,-0.09447033704406421,0.601376194978816,0.7109203439606359
Apul,OG_05143,38.60307852684264,0.1627800693557573,0.0668505858828054,0.7815784621844505,0.8540345362963148
Apul,OG_05130,507.74662886505195,1.5580699952691657,1.5202418044955948,6.55065430396835e-17,2.187675920699356e-14
Apul,OG_05131,59.679245268417255,0.37903854899022527,0.20783710193526206,0.418787733443536,0.5507889428909516
Apul,OG_05133,2713.6017410723953,0.2599219583766268,0.22517235097378585,0.21187949888256766,0.330139526771058
Apul,OG_05134,379.7290719504613,-0.12033242977998912,-0.1033280491076705,0.525468666511247,0.645788601053825
Apul,OG_05135,1057.2319305945693,-1.9758901471510533,-1.9093387701045326,2.040037609820513e-13,2.8300029427310098e-11
Apul,OG_05136,275.9807365782916,-2.638728136854536,-2.499518914299636,3.9946506542853595e-11,2.7707511499762373e-9
Apul,OG_05138,1420.7711479496616,1.5143232373168722,1.3233522712723869,6.643770583882005e-5,4.594085840096936e-4
Apul,OG_05140,2490.4285304457944,1.2274303028228037,1.1630037088268845,7.406695124008716e-9,2.446379851032476e-7
Apul,OG_05141,1711.1195291181793,0.22637701216252956,0.19804360852002809,0.25574385234666774,0.38179508553144087
Apul,OG_05147,295.7761774979539,1.1073533339350938,1.0244023090962784,8.487139226916592e-6,8.311348526203867e-5
Apul,OG_05149,167.1459333400026,-2.768265372827586,-2.6541223909631984,2.3120658258652364e-12,2.290977752948004e-10
Apul,OG_05144,617.049425461262,-1.1798066290161402,-1.0916635366841236,4.166662431072142e-6,4.60426411041391e-5
Apul,OG_05145,142.62331101173612,0.395983933221983,0.2829968712602287,0.23632450475973185,0.3601991310714168
Apul,OG_05146,812.3605409702898,0.010060677380834816,0.006796423955829766,0.964990197330433,0.9789258199405172
Apul,OG_05150,75.1416346974606,-0.5235449963992995,-0.23584271313749136,0.35711126899889384,0.48989385555500164
Apul,OG_05158,58.10243859307688,0.16364263899575987,0.08668893206830935,0.7269087218916345,0.8139247417480279
Apul,OG_05151,89.46190301870112,0.16167948157525208,0.13138424705322554,0.5198158241553741,0.6408503262796018
Apul,OG_05152,98.65205493565486,0.6109661966041384,0.45557784322895667,0.07032714925259455,0.14035854466813746
Apul,OG_05153,126.09071307269912,-0.6951909145517061,-0.4384805049733272,0.10361357403004165,0.1901175698974489
Apul,OG_05155,953.205037897591,0.7479804538732173,0.7186875882024366,2.533166215228853e-7,4.778568988016437e-6
Apul,OG_05156,18.804993991491276,1.1193425273450544,0.50045023205588,0.08374638993455039,0.16125159044199036
Apul,OG_05159,450.0244971626456,0.026894288845788913,0.02464771708410793,0.8744356366211486,0.9211587346745518
Apul,OG_05160,261.5827560108594,0.3793620131586368,0.33667891886321655,0.058229757683000385,0.12123244632362375
Apul,OG_05161,936.7417671190564,-0.394508341707963,-0.3704590753985781,0.008444575818934262,0.025547191320115157
Apul,OG_05165,59.4586500995354,-2.10397313997302,-1.7765572895002049,1.2594019781984547e-4,7.735713649465576e-4
Apul,OG_05167,276.8463224373812,0.855307396848373,0.754751647728211,0.001087292673182631,0.004697534778696471
Apul,OG_05168,102.93231362599423,-0.5289591150578813,-0.4344577930696861,0.05161251927509613,0.11000995508873863
Apul,OG_05169,803.2314490046717,0.8307788059658548,0.7487729403601638,5.053493791992323e-4,0.0024954739059361874
Apul,OG_05170,227.63078055901605,0.6234069575652534,0.582300473179452,5.175314932802265e-4,0.0025514387506330245
Apul,OG_05171,306.36846585241085,-0.028711494611461396,-0.02617429776195477,0.8953075220939527,0.9342215510601016
Apul,OG_05172,436.64877285208024,0.8855969828168977,0.7790812961878163,0.00108447222984035,0.004687768982008838
Apul,OG_05173,49.85526333913437,0.10037890561986643,0.04313245290359931,0.8529874466211884,0.9055134701498533
Apul,OG_05174,575.779580345767,-1.2237369521366837,-1.1450905141061072,6.378700588860124e-7,9.882601926074183e-6
Apul,OG_05175,46.17368010773015,0.8597808425054944,0.39090890918703924,0.15211760129042648,0.2567920072729808
Apul,OG_05178,46.48380967405535,-1.479429781584474,-0.8636610692501645,0.014989747770922532,0.04099561894158583
Apul,OG_05177,375.3826967210688,0.4301846880039722,0.3197847119209724,0.1674505819135347,0.27578116842271094
Apul,OG_05181,390.4548818131155,-0.36521797119539284,-0.3373178382808803,0.015554116982410472,0.04223169913592147
Apul,OG_05182,476.9974188311864,-0.1489711095457626,-0.1281045453555391,0.4736616789389747,0.6003294504839184
Apul,OG_05184,243.28229309488074,0.2317636725165845,0.16549098042731028,0.48710241003115257,0.6109542723807718
Apul,OG_05183,146.49303330512308,-0.8542074621825332,-0.5291135071335263,0.07490121207775735,0.14749600989411182
Apul,OG_05186,59.097273410066734,-0.1298674991074409,-0.07919904199466664,0.7468686662872207,0.8293967825727898
Apul,OG_05187,43.538713063174534,-0.08666483779317063,-0.034769178819469455,0.8809252256011517,0.9259007762263183
Apul,OG_05188,133.76198473355177,0.0016197527301002733,0.0023636428714209298,0.9954325365173358,0.9962807077703668
Apul,OG_05190,391.93964126066476,-0.8036399593599607,-0.7200964935604947,7.959291796995433e-4,0.0036155634324185303
Apul,OG_05191,161.51192646532184,0.36315217684774187,0.25091115451359675,0.3038215043501863,0.43231158351359156
Apul,OG_05185,6933.307539295527,-0.7581864828037299,-0.6898378935919206,5.077276780257639e-4,0.0025058459073663453
Apul,OG_05192,1434.7445495721631,-0.876468980529136,-0.7483322007093217,0.0028458617616489625,0.010444092594541593
Apul,OG_05193,364.2722854935036,-0.7153558938639986,-0.6825423868285974,2.970309123967045e-6,3.5052479974482816e-5
Apul,OG_05197,111.04828994770132,-0.22404245712012125,-0.16405248821250298,0.4716364107029339,0.5985567227738713
Apul,OG_05194,438.57060345598865,0.8459738296738728,0.6540153287117276,0.015429477329931059,0.041956452679127974
Apul,OG_05196,62.26145723280273,-0.0029610049740328814,-0.00115797685693177,0.9946364872455045,0.9960898476422104
Apul,OG_05198,844.4972385424453,-0.01435826570719866,-0.0145799383351337,0.9683498760663388,0.9808594509649716
Apul,OG_05201,6.814968308133413,-1.8844165010355494,-0.42842718867605206,0.058997438712378836,0.12235951618274574
Apul,OG_05199,587.6074806937725,-0.4062617535122913,-0.35365481630023327,0.05239883807618317,0.11116787503706596
Apul,OG_05200,121.07078372688434,0.720801117947653,0.5456180032200393,0.04023462180225044,0.09011316065347547
Apul,OG_05202,236.0231983147326,0.6821120576531798,0.573220640857226,0.013341203606276827,0.03717479385593268
Apul,OG_05205,21.38799496758491,1.9916077139126216,0.48899959242537866,0.027256050193594315,0.06635199908089631
Apul,OG_05204,478.5502400060187,-0.8573345119036729,-0.7343831004244672,0.0034394568892411118,0.012171735781117389
Apul,OG_05206,328.84332086560494,-1.1191268470090316,-1.0265123167073253,7.508077996948289e-6,7.555841439562804e-5
Apul,OG_05203,2199.950935469518,0.8899014325034761,0.8711807008497731,2.13924818767356e-12,2.1920001032105105e-10
Apul,OG_05207,563.7020352883637,-0.3631840476209511,-0.28994781483447635,0.1766009134744706,0.2875425129648432
Apul,OG_05208,1153.2028648869427,-0.5133985318205547,-0.4746932014405008,0.0017137394402933933,0.006838862405192881
Apul,OG_05210,450.4138461193194,-1.200538681595091,-1.050244396503872,2.292360057969804e-4,0.001294315005805493
Apul,OG_05211,34.58046735097266,-0.0967377491394317,-0.03224201888574445,0.8817181428895262,0.9263022829354373
Apul,OG_05212,303.44305456402896,-0.5932108156013559,-0.5388855298850339,0.003172870840106682,0.011371135280302843
Apul,OG_05214,215.21046375283444,0.690436115338397,0.4454074942179214,0.10484376500912787,0.1919545642816865
Apul,OG_05215,660.5734390291832,1.503684813033487,1.3525579258081488,1.7369155602743197e-5,1.5073886051004368e-4
Apul,OG_05216,495.5081985185644,0.008856283092788774,0.008644065237217972,0.9550587381265788,0.9727510043699719
Apul,OG_05217,87.3226542168749,0.6092943350604125,0.3838187985080178,0.1527071910795187,0.25761660279962956
Apul,OG_05218,846.4322155685246,-0.4722572050056452,-0.4410981769783509,0.003078433379848172,0.011112183261045223
Apul,OG_05229,358.663408892992,1.2928934079505907,1.1739526507134617,1.8783114457822712e-5,1.597805123265919e-4
Apul,OG_05230,484.55006999265277,0.710133586908002,0.6582822013147493,2.006939965461478e-4,0.0011533828979328328
Apul,OG_05231,1395.0703923289134,-1.7936453903543528,-1.627195153521656,3.0782950046273595e-6,3.6094910346846425e-5
Apul,OG_05232,1117.5546216697346,2.2363901596129,2.1396786776268897,9.355581746105284e-12,8.35240402026053e-10
Apul,OG_05233,443.96852408888645,-0.6096958352071514,-0.5612902837927011,7.540006390455535e-4,0.0034639313020366973
Apul,OG_05234,1484.211635726067,-2.190498423799613,-2.070635118772267,1.5021978487780092e-9,6.242082028770188e-8
Apul,OG_05219,116.13187077577547,-0.02639087121403238,-0.020093478061639674,0.9302308971442865,0.9570330454520182
Apul,OG_05220,421.68159312802743,1.6869801378459515,1.5877296415250053,1.122968912381185e-8,3.479660028502112e-7
Apul,OG_05221,365.0884929232869,0.5813386489648538,0.5138546039879196,0.008169575946997808,0.024927211722681232
Apul,OG_05222,2445.0206131897476,-1.0606856773455782,-1.029437410885145,1.0670314412295736e-10,6.4573305406490365e-9
Apul,OG_05223,1180.72358305779,-1.0227204029243038,-0.9906993451233196,2.8308191837992134e-11,2.092253818058812e-9
Apul,OG_05224,876.732505199453,1.1580641855296774,1.0564087227472747,2.4326663330384263e-5,1.976157867117792e-4
Apul,OG_05226,2542.9239018901144,-0.4590439792209465,-0.26894816410819783,0.2874544251148279,0.4143185024393227
Apul,OG_05238,108.57308786461354,0.5826183737563836,0.46745843811187493,0.04750891320938213,0.10318893456907084
Apul,OG_05240,83.75395453451867,-0.9728667489751893,-0.7981148335038721,0.00397956719727024,0.013743300428106378
Apul,OG_05239,917.0047322893273,-0.418278672752918,-0.37870292731335253,0.02930598176901205,0.07019666034478328
Apul,OG_05235,681.6537321924462,-0.7535967606898492,-0.6408357585384241,0.007280402703343704,0.022676128212797988
Apul,OG_05236,627.0960092160408,-0.05514643513022315,-0.05009352534891695,0.7135153131081424,0.8033008271205285
Apul,OG_05241,6692.851778222725,-1.9418387029704847,-1.796394089684449,1.273041385859988e-7,2.6820126580139043e-6
Apul,OG_05251,454.12679451762705,0.39406240850963453,0.3549377428948924,0.032248706921104923,0.0755486075104191
Apul,OG_05243,89.18289174607528,0.47526895506774197,0.31719967562590407,0.21090381153195534,0.32924509497639215
Apul,OG_05244,411.4203404152644,0.1763141685076969,0.15884616798059595,0.3075021248736769,0.4362408212690284
Apul,OG_05246,271.20840591399735,0.45437374695120986,0.407261470501443,0.018511132212867782,0.0485641196285798
Apul,OG_05247,21.495435956156218,0.4136135692926904,0.09037007860378449,0.6277842138978864,0.7347780707057686
Apul,OG_05248,1331.7603252357796,0.7997698240824659,0.7820236753432759,5.6215907169422506e-14,9.216342453576049e-12
Apul,OG_05252,3111.269046864104,-1.7579200772905892,-1.615537579711552,7.094736359218907e-7,1.0735375771392621e-5
Apul,OG_05253,502.63622197468385,-0.38639302815976917,-0.263056956605398,0.27745282413993544,0.4037753575322463
Apul,OG_05254,131.70647089327008,-0.022862943224700265,-0.019098833942308907,0.9238953619693412,0.952777466379377
Apul,OG_05255,4482.825857422698,0.986732707614551,0.969015051442691,4.49911146284669e-11,3.0502622601871127e-9
Apul,OG_05256,317.1663803725231,0.7366744743441406,0.6011032895459038,0.016801984504930558,0.04495629146224203
Apul,OG_05257,619.2915616433826,-0.5146499573328063,-0.46823374790504946,0.005345295582332263,0.01757787391170314
Apul,OG_05258,337.36100161107134,-0.05546667050143537,-0.05254408214181721,0.713699445123694,0.8033239166995817
Apul,OG_05259,791.1261504282753,-0.7251918274554868,-0.5717127746086792,0.026221715652926882,0.06447653658316986
Apul,OG_05260,14.077119915439166,0.9455569344264999,0.1779977165180038,0.31025999566800117,0.43898481563889963
Apul,OG_05261,173.06218422442672,0.015502141762272072,0.010731457331899057,0.9547577494007214,0.9727326621306578
Apul,OG_05262,328.49237068386026,-0.20836180013239458,-0.15927806753698534,0.42598624295776,0.557168255403267
Apul,OG_05263,59.40167163626469,-0.9831620539439045,-0.7645763037259842,0.01175795366658535,0.033371566953604055
Apul,OG_05265,628.4859426266303,-0.6144670785170426,-0.5939269886037163,5.328013405090752e-7,8.548522575392049e-6
Apul,OG_05266,565.1941879718506,0.09877698779527011,0.09722904019136866,0.5176626989293951,0.638894683307741
Apul,OG_05267,552.1808645695361,-0.580727804935797,-0.5258903402748624,0.004023312204972249,0.013873118987470272
Apul,OG_05277,491.23937908726975,-0.16055774925223915,-0.12983226278569743,0.5169570485459045,0.6383524468809468
Apul,OG_05278,484.06682362387676,0.5089188093275373,0.41301981989782066,0.06684186294259961,0.13513746146937683
Apul,OG_05279,932.3250363558345,-0.9409351737436897,-0.8477386963230151,1.4972059424225265e-4,8.916978852591757e-4
Apul,OG_05280,31.44565481908405,0.9055601406176619,0.46598038482196713,0.0987608516127598,0.1829723852459945
Apul,OG_05281,1277.1494516150874,-0.6162136395511477,-0.5446475955216783,0.006237196047227505,0.019986068499591475
Apul,OG_05283,177.18541474367612,0.5015035829800527,0.4110697711497496,0.06350486183728465,0.12981712518403893
Apul,OG_05268,468.23357375439593,0.10934603582810583,0.1012958040672167,0.4721991960475662,0.5989337671628787
Apul,OG_05269,267.96636502603906,0.25152126254539314,0.20038906279485688,0.30190969739484536,0.4303540423516667
Apul,OG_05272,678.528635672781,-0.28081415214150274,-0.2699895015058338,0.009710052822164892,0.02864662377749666
Apul,OG_05273,85.2161002502991,-1.1834048979668412,-0.9145596284291165,0.003571761621641573,0.012551276127179292
Apul,OG_05274,750.7229917312363,1.3813849281652142,1.2960050986489702,1.4064251856570527e-7,2.9086550227223953e-6
Apul,OG_05275,234.1994666666157,-0.11246198989635871,-0.10123793860066643,0.502056507007355,0.6241615226368841
Apul,OG_05276,2000.295870811106,1.0727817791790761,0.9898828007651682,1.4205672077556356e-5,1.279510297631422e-4
Apul,OG_05288,487.6250160107073,0.6074990171218105,0.5393592726930635,0.007125509785189803,0.022328475581816807
Apul,OG_05284,658.7167553845022,0.47932930648664607,0.456021054831298,4.2490245015327843e-4,0.0021707339337292417
Apul,OG_05285,773.5791205772863,-0.8433078462516598,-0.716669771921934,0.0037933987831458398,0.013196403097077947
Apul,OG_05286,770.9591459841198,0.3457202860076217,0.207702997605562,0.39154811823105373,0.5240901346926936
Apul,OG_05287,1707.1333336201358,-0.9431834670620176,-0.8981005946721458,9.849028799685502e-8,2.1399684984762452e-6
Apul,OG_05289,374.63437407404695,-1.3567185943608009,-1.1929832669376654,1.0112082902859297e-4,6.452983123501931e-4
Apul,OG_05290,1131.2069686167622,0.32565494531980027,0.3105869054468885,0.014207502186784514,0.03918906308297215
Apul,OG_05291,151.3684738297173,-1.6011252139463905,-1.3977800192289933,6.73154089916744e-5,4.641947968453133e-4
Apul,OG_05292,194.3915086482429,-0.105092995245676,-0.08707325137507081,0.6285784388570403,0.7353258670438418
Apul,OG_05293,22.922072450316286,0.12303735281202356,0.02945302675633317,0.8885723059444883,0.9301967066123231
Apul,OG_05294,708.0704475691253,-0.1932459298313979,-0.15391094468603125,0.4349349372880652,0.565770445707467
Apul,OG_05295,13.028906229563912,-0.17801438433974642,-0.029542618569986745,0.8568859937697605,0.9087909910399824
Apul,OG_05296,38.39292898070804,-0.9835279142096179,-0.6568512566138126,0.032210207884384376,0.07547802611577284
Apul,OG_05297,37.1974438876536,-1.1791107236272313,-0.7594654451518313,0.02284142262934577,0.05769218707249602
Apul,OG_05299,352.38489678653485,1.07933289870596,0.9334903919587649,7.859593431730926e-4,0.0035810992407234845
Apul,OG_05300,201.75858105595887,0.12331080909289706,0.07324346631193239,0.7674703936200286,0.8435513577487309
Apul,OG_05302,561.114602536546,-0.4025647061104248,-0.3826201861397455,0.0017780953277470634,0.00704751014078913
Apul,OG_05304,93.21691782642571,0.2845385096003423,0.10882477027502568,0.6323559041726703,0.7381169175307403
Apul,OG_05306,140.7320678762372,0.6726020265172545,0.5763467458449795,0.0071082010537646826,0.022294134783204772
Apul,OG_05307,181.1748205453885,-0.6641999946590027,-0.5280189467529969,0.03278141027124079,0.076532130669961
Apul,OG_05308,651.327912321957,-0.2848920953922586,-0.254386527678656,0.11312097450330962,0.20414320251789406
Apul,OG_05309,555.9025024179166,-0.3650323905242561,-0.34481501644179974,0.00672606765719674,0.021272869893000004
Apul,OG_05313,62.43727836259669,-0.6912544646827481,-0.3623234256570664,0.18151530513422562,0.2934247949794393
Apul,OG_05318,393.29899339520887,0.2125128272258182,0.15621028152805466,0.4799729696555909,0.6058354209410497
Apul,OG_05319,110.43306181228971,0.31439314588778833,0.20083277396217467,0.41579369190147314,0.5482410382995034
Apul,OG_05314,188.02915640995735,-0.32206745531503195,-0.23899883652234666,0.2738290088952176,0.40083054759873005
Apul,OG_05316,387.9460908484973,0.5126836339448979,0.47179586492305825,0.004156080335458916,0.01424377665710112
Apul,OG_05317,476.75074167119175,0.2817535183372179,0.25779591040700656,0.08854258619984519,0.16847193495758683
Apul,OG_05320,269.71895126501647,0.004514887475099531,0.0047674245344325435,0.9800177375985373,0.987793371201437
Apul,OG_05322,423.97467104117493,-0.5639787711046992,-0.5307497567715938,2.885604862842574e-4,0.001570277552700754
Apul,OG_05326,375.34613047060986,0.4340058395340604,0.3753467544733531,0.05150852070524707,0.10985154474910426
Apul,OG_05323,416.20384178470795,-1.6172442515125134,-1.57268099820684,5.652029707416753e-15,1.3067782531224836e-12
Apul,OG_05324,192.49027458620427,-0.6507211223385317,-0.5712226090816402,0.007248121287220127,0.022622467859765967
Apul,OG_05325,536.6960732486164,-1.6858219724604635,-1.5501837004802566,1.1601772202549644e-6,1.6168961352455973e-5
Apul,OG_05327,1347.9162125029088,0.7839657795152662,0.7354072145265894,2.2090315361487873e-5,1.8224004905264057e-4
Apul,OG_05328,1519.49757469516,-0.8423514418811812,-0.7905318081026769,1.0240735627648172e-5,9.771504037513605e-5
Apul,OG_05329,43.338919761592756,-0.3004673868734303,-0.16919520850324093,0.5044062514699112,0.6267371047959474
Apul,OG_05331,97.99631753774055,0.36995009833666614,0.1415712143014255,0.5376222117129041,0.6566973019527576
Apul,OG_05330,3537.462381924527,0.24779423621268445,0.23246113530077755,0.054110409561804566,0.11423871763493135
Apul,OG_05332,2385.2997122107836,0.7711087564864512,0.7307065152194959,7.911021665343687e-6,7.85613241810617e-5
Apul,OG_05333,363.0348336114183,1.0900129816350692,0.928471459006204,8.849727317188818e-4,0.003954310764077878
Apul,OG_05334,54.00864686211463,1.3277805562048077,1.0408260075750926,0.003617075584007275,0.012675931030312318
Apul,OG_05335,38.30381663921902,1.3524925087045705,0.4611148385922434,0.05906059233972759,0.1223970032469142
Apul,OG_05336,784.0009251434813,-0.9203226474415039,-0.8096359592813095,6.91562776461933e-4,0.003227650908570005
Apul,OG_05337,864.482743212781,0.37343134244790327,0.32154226392482815,0.10082754298878473,0.1858086971448747
Apul,OG_05341,132.21634048897084,0.5583459099568643,0.3168881633634138,0.2179479645488826,0.3372060391793539
Apul,OG_05338,505.0587945388478,-1.668212126884416,-1.518283829955249,4.86049610128706e-6,5.223729838534615e-5
Apul,OG_05340,8.381182730067213,3.5049068196288506,0.4790649537015322,0.0028900262028766525,0.010563180491016934
Apul,OG_05343,397.07905585681993,0.08481038706460706,0.07655943917001891,0.6692330901947041,0.7690167929508918
Apul,OG_05344,372.0014137170657,0.4884837714400902,0.3844861352369649,0.09142732942187916,0.172559989726879
Apul,OG_05347,17.546960992499002,0.2827051026076809,0.09207126291021929,0.6768433082379,0.7748979317396069
Apul,OG_05348,288.9726895001094,0.972419914993815,0.7998499991963413,0.0034656716653904663,0.012240780147253771
Apul,OG_05354,112.97903337440387,1.3943170262623674,1.21123694312107,1.8798945954162785e-4,0.0010936135204431343
Apul,OG_05355,915.706054445214,0.08148245174394193,0.0675314602018866,0.7232967062508571,0.8110889690665313
Apul,OG_05356,268.04769370120937,0.10134265599072502,0.07819936385649777,0.6955701309422335,0.7899830856754534
Apul,OG_05357,128.9233444649238,-0.5440900869562245,-0.4630369274164943,0.03411624143427343,0.07906094808862593
Apul,OG_05350,256.33019980303266,0.33151545878787625,0.29817781758878986,0.06524033708536812,0.13246388639918136
Apul,OG_05351,314.2540351453361,-0.9005976856407474,-0.578289814452074,0.04559335844786077,0.0997368542271617
Apul,OG_05352,234.2828361972798,0.5434913538024898,0.415381598835622,0.08185404108281344,0.15841499168703213
Apul,OG_05353,3178.5256207871953,-0.8095514630778609,-0.7247291765889897,7.494917875437876e-4,0.003449804720920027
Apul,OG_05358,55.2528010671709,1.9147812738068617,1.6154750206676844,2.1478001522139833e-4,0.0012234184442522734
Apul,OG_05359,114.52519142303693,-0.27599410456754386,-0.20412898376650734,0.37716841198573553,0.5092338575717621
Apul,OG_05360,149.2780458084656,0.06014334966627947,0.048758120147322496,0.8075021375151172,0.8717967880715771
Apul,OG_05361,216.82690109083669,1.3239826692712457,1.2618368750402476,4.880309861432771e-9,1.7462600801801308e-7
Apul,OG_05362,9.559162711217471,2.159605025164264,0.5124766377194394,0.03517057530725037,0.08094259253330183
Apul,OG_05363,1105.8894438167204,-0.6198682483139825,-0.3330162393760335,0.22589028478382037,0.3474079307343865
Apul,OG_05364,23.88884760333298,0.4286578463263934,0.1860799155628839,0.44921616060153435,0.5788199657250693
Apul,OG_05365,158.59976229850386,-0.06532384813860942,-0.056231713963636326,0.7462887264813582,0.829138177264959
Apul,OG_05366,534.0289400470792,-1.7295704206266036,-1.6801352185698852,1.3281739690286469e-14,2.661365484162513e-12
Apul,OG_05367,1927.5243112049907,-0.04631447955731189,-0.03596397606316182,0.8561441467715791,0.9081110188729948
Apul,OG_05369,14.622101882627877,-1.0006734770948147,-0.08657489099334846,0.45337773872084774,0.5830158399951346
Apul,OG_05370,85.70683381188863,-1.2417559105057632,-0.4468694094439543,0.09459628763931004,0.17714947573077022
Apul,OG_05371,38.482733121933684,0.6634925499407076,0.2851806892812404,0.26615663899003905,0.39336738465385707
Apul,OG_05372,304.95548972046754,0.22161484042269433,0.1915876736915351,0.2765803300101975,0.4032214770738805
Apul,OG_05374,1039.2466009141244,0.5798918757927461,0.5147222599965587,0.009365358969507562,0.02787127644383365
Apul,OG_05375,1296.9249446965337,1.0181063236742705,0.7339134001444522,0.014694098113815847,0.04033384556842542
Apul,OG_05376,571.8591140428888,1.3008944848537745,1.2406544081748336,1.4862029388080108e-9,6.204209212607331e-8
Apul,OG_05377,306.85218890857004,0.22791378441333804,0.18837562829268792,0.3322441383395706,0.4623398002866626
Apul,OG_05378,359.2368333044332,-0.21374041831251114,-0.19053102350894954,0.23975452878675624,0.36382810267084836
Apul,OG_05384,54.43113695767702,0.592611672525826,0.41649171817940883,0.10399201016932996,0.19062735427868435
Apul,OG_05380,139.51746967877685,-0.4461641483110014,-0.39637875900123365,0.02857389487841884,0.0689686961434233
Apul,OG_05381,117.95417481298966,-0.0379116266015844,-0.01873859088216927,0.9241474662492851,0.9527827238931859
Apul,OG_05382,612.0254036790059,0.8275034953031811,0.7378020422209639,6.451690376334661e-4,0.003053800111465073
Apul,OG_05383,624.666925574066,-0.22193252161544752,-0.17458360199235912,0.3985131811613655,0.5307034935064293
Apul,OG_05385,324.98911165268,-0.5089246392316215,-0.4304514907852399,0.039373770474517955,0.08851762446971607
Apul,OG_05386,61.67509178794781,-0.14733002250502977,-0.08600062084343338,0.7220691324504986,0.810096531133403
Apul,OG_05387,12059.839112559277,-0.7114902549523643,-0.5730049892875712,0.020010533542441044,0.051715385770189415
Apul,OG_05388,847.5632294389446,-0.2432225468031063,-0.21004290219647873,0.24930192599529247,0.37422265135667593
Apul,OG_05389,1248.3068487040541,-0.07084424681369682,-0.06020509035707719,0.7372737445948911,0.8227719498777393
Apul,OG_05390,396.18511916639306,0.9396174153547145,0.903604987484615,2.8271698620759934e-9,1.066635591897039e-7
Apul,OG_05392,304.74725016545284,-0.5373567151818884,-0.41045499925639495,0.08791260813549066,0.16755611658374958
Apul,OG_05393,154.62455032410716,0.599212701116808,0.4539327872302625,0.07261314442314558,0.14396497872988206
Apul,OG_05394,275.7564981749969,0.6511275595572336,0.521661555525605,0.02933206038153559,0.07023026778021944
Apul,OG_05395,2901.210994063317,2.1150661564492803,1.958084152716148,7.741489743114862e-8,1.7538947993383595e-6
Apul,OG_05396,1550.9006580973942,0.9897483682461116,0.9581815404784909,8.694718733749669e-13,9.672964755264661e-11
Apul,OG_05397,466.57348482116913,-0.14936113058947575,-0.12828420146372127,0.4831159644836582,0.6085007196185425
Apul,OG_05398,18.34803800712878,-1.5393010108942229,-0.3143485593837165,0.10655565375243908,0.19461461006395447
Apul,OG_05399,27.347653421412407,0.07301168125118464,0.03363492509816118,0.8965407500013175,0.9348759992781508
Apul,OG_05410,252.54483877108396,-0.8101697356883528,-0.7492546967673588,7.790493328213306e-5,5.234491679619925e-4
Apul,OG_05400,804.0748819374137,0.4354547519711051,0.40417032160442196,0.004990009707024128,0.016609419537924164
Apul,OG_05401,22613.57171523793,-0.4125511924423719,-0.36894387177443194,0.0326510425456905,0.07631271400582977
Apul,OG_05402,158.65099389161264,0.8115195463477892,0.7086197804652536,0.0026195857533788986,0.009740538036378362
Apul,OG_05403,508.5894634076687,0.9478375419307332,0.9155252650749788,1.6570642531350304e-10,9.397326019194069e-9
Apul,OG_05404,1012.0556135258046,1.2239902040164505,1.1332445386599803,3.6241843285842353e-6,4.0849087613555064e-5
Apul,OG_05405,280.72284018937614,-0.45377476487808643,-0.36556474594967076,0.09966965210789622,0.1840133605767609
Apul,OG_05406,147.20366487094262,0.3114045672245921,0.2528900047936229,0.2287527054169342,0.350875550331313
Apul,OG_05407,16.327983551363953,0.7983898438241264,0.15102326692932164,0.38651554642273644,0.5187869428540957
Apul,OG_05408,3935.375290525301,-0.3164507643423328,-0.28536071004812597,0.07613021080453368,0.14936164291220194
Apul,OG_05409,2738.1702199669867,-0.8020078466977958,-0.7140478916442466,0.0010972843410168088,0.004731809135795583
Apul,OG_05414,63.09624425280161,-0.9393694996790937,-0.5743176232287691,0.06604463882655524,0.1337656128254826
Apul,OG_05415,502.4258140509213,0.29600582117127133,0.26481294332230615,0.1375879827471462,0.23830788329447125
Apul,OG_05416,210.6438580007454,0.2504619923421611,0.19138902036451289,0.35740073770212566,0.490067282825436
Apul,OG_05417,145.52445187406462,-1.160811753581809,-1.0368544708738234,1.1697067240813674e-4,7.268949366672425e-4
Apul,OG_05411,47.03416074487417,1.4259644671833138,0.6931160371913987,0.026249680137164975,0.06447653658316986
Apul,OG_05413,870.6353939170734,-0.36708955156692946,-0.33730096052614433,0.0210629016482716,0.0540171172248194
Apul,OG_05436,225.06344060216185,0.0019211418643591052,-0.0011956179148948937,0.9955072836875906,0.9962807077703668
Apul,OG_05437,162.01294525149697,0.8247752205443839,0.7076257106364485,0.0036102739069926487,0.012661936919234817
Apul,OG_05438,765.6844233304348,-0.8260387506090165,-0.7481862634172749,2.4202714570885963e-4,0.0013563447935716515
Apul,OG_05418,155.87696344349044,-0.29531190856186146,-0.1464624234289239,0.5506227979304701,0.6683455798617103
Apul,OG_05419,111.89772963488909,0.05648447598155632,0.0383476324354618,0.8746618169161926,0.9212505084842085
Apul,OG_05421,629.9390941530935,-0.15872601309916595,-0.13540865735955052,0.4361838172451971,0.566866194099321
Apul,OG_05422,288.0733641680904,-0.04821591619131042,-0.048276368252761624,0.7605374794706433,0.8389731407373122
Apul,OG_05423,998.1632481951441,-1.7558325344817387,-1.6264213246216168,3.706385368012158e-7,6.489412983177792e-6
Apul,OG_05424,49.843665778542785,0.8103666703237862,0.4359392342381928,0.125997859287951,0.22290027412192545
Apul,OG_05425,614.6149211190674,-2.5141950954281085,-2.3202950850549406,5.21512032166018e-8,1.280157078846288e-6
Apul,OG_05426,185.3196434092127,0.8375933614595249,0.7556585519022129,3.463647852457286e-4,0.0018306982816885904
Apul,OG_05427,380.9542000175964,-1.0486302818047442,-1.0090527416704924,9.953983384988607e-10,4.335993632002042e-8
Apul,OG_05428,314.2944495303633,-0.43955550344926103,-0.37440697408424145,0.06775895562607437,0.13650189966048093
Apul,OG_05429,1163.0441596851656,-0.5428000507929919,-0.5187992735782565,6.905987319819244e-5,4.7462871694215034e-4
Apul,OG_05430,15307.968850039295,-0.39505417593088593,-0.3274483880642201,0.10869402560973107,0.19787886713566424
Apul,OG_05431,607.9441519158579,0.3825662386100163,0.3379627384366325,0.059370720694282786,0.12287083425624619
Apul,OG_05432,257.95609442881823,-0.21937246128411886,-0.15978933754971011,0.484385728313182,0.6093234143122795
Apul,OG_05433,508.0200567673316,0.3591603831241742,0.31338820268973383,0.0833600574643874,0.1606106064436712
Apul,OG_05434,298.51417481556734,0.6103528195770344,0.5213916106531772,0.01727697191469367,0.04600899461157497
Apul,OG_05435,431.811558981619,0.4560505249589985,0.40435360210204035,0.024723853767813966,0.06148988342881382
Apul,OG_05441,242.78298275115708,-1.1372803373669313,-1.045286691052021,1.2607082000421625e-5,1.1599801877326713e-4
Apul,OG_05442,67.8181350221035,0.659516159255979,0.4972522147001927,0.056895678781295166,0.11897688672795419
Apul,OG_05439,1153.6072976152936,-0.3804229094415092,-0.348633440927997,0.021845556975818862,0.055760564867267375
Apul,OG_05443,257.3060466977412,-0.28018118718820295,-0.24059431652024213,0.18187587854740772,0.2938496321200458
Apul,OG_05457,48.93657092184053,1.29912519401375,0.7527993588169056,0.02426296955040523,0.06055333419208524
Apul,OG_05458,76.92616669369288,0.30148793944760555,0.23212618832646895,0.30329590716485455,0.43169995183985693
Apul,OG_05444,385.9081398762927,0.4135661599888973,0.3811243369319176,0.014727247240336932,0.04041220932338819
Apul,OG_05445,120.3868506122205,-0.42805118888891625,-0.24290851880634745,0.3278898023533326,0.4582766263544425
Apul,OG_05446,330.374865949938,-0.32124622040984413,-0.28704640644065754,0.08766076998306177,0.16736237007620405
Apul,OG_05447,64.0116097337764,-0.5823057568656066,-0.34845049981524495,0.1900965570345111,0.30413425386447596
Apul,OG_05450,185.76485725878428,-0.11438147956070158,-0.07029731890226679,0.7740242253598979,0.8484819751495016
Apul,OG_05452,274.0684434829494,-0.8481503750538394,-0.7863065274437823,4.23817725620735e-5,3.156259505123387e-4
Apul,OG_05453,366.59199304550316,-0.07439343711823423,-0.04793426899031078,0.7920753442520725,0.8616411363398404
Apul,OG_05454,769.8467652302965,-1.152398681820206,-1.0631029058911479,7.104002936623249e-6,7.18931475640088e-5
Apul,OG_05455,915.713381396178,0.4701184219078715,0.41689912504444665,0.026306423237966607,0.06458072919595559
Apul,OG_05463,168.03801230311888,-1.8943092529184091,-1.6579723529112262,2.3941348225290305e-5,1.950127705035616e-4
Apul,OG_05464,496.14815017270587,-0.403997393538907,-0.36525358068706826,0.02804166244591673,0.0679708791061374
Apul,OG_05465,130.4188246961732,0.7042970430907592,0.6243435809168394,0.0029877151825534183,0.01083767784296854
Apul,OG_05460,398.14484214595814,-0.800025558679518,-0.7184329904191069,7.260349773119852e-4,0.003358982755475716
Apul,OG_05461,106.95089805032781,0.03772949933072658,0.024803522381755934,0.9084750702297337,0.9425520317870796
Apul,OG_05462,459.48632939978916,0.38176101570305643,0.3337689563956604,0.057764865060794875,0.12048711271181757
Apul,OG_05473,107.35188341901817,0.4339262460531212,0.347219207315645,0.11429038938978593,0.20578203696639372
Apul,OG_05474,142.23445361464513,-0.03880305750224043,-0.010170843859232332,0.9601067950886605,0.9759083498269024
Apul,OG_05466,12.53578342661451,-0.10689728765416436,-0.02137251645567013,0.9065625071210344,0.9412175160288275
Apul,OG_05467,163.62157550001572,1.55569918083492,1.1753034870487054,0.002918203204523261,0.010635989610018692
Apul,OG_05468,143.85023304769555,0.9838059156648649,0.754103220373149,0.010689882960357045,0.030953973877180307
Apul,OG_05469,79.63503896637374,1.2856006923754317,0.7723048557177549,0.023587465295268357,0.0591786796236602
Apul,OG_05470,14507.307954019265,-0.8472801717243036,-0.7098980184882656,0.004933597668388976,0.016468525641614568
Apul,OG_05471,640.8256855387343,1.1060416933339787,0.9750784527981655,3.1914199465181284e-4,0.0017139388718138155
Apul,OG_05477,55.16375362326288,-0.3086060647782099,-0.08008015852036945,0.6707524697037114,0.7702346851666266
Apul,OG_05475,706.0338593143827,0.32900075136585294,0.31918165654023495,7.209048305080836e-4,0.003342107381332334
Apul,OG_05476,32.68532972700067,-1.157158619213446,-0.2438540452831374,0.19509351054363386,0.3107504300604039
Apul,OG_05479,183.476630970045,0.32165295485929063,0.2522780788696166,0.23272231593047668,0.35573099215885884
Apul,OG_05480,140.30520119342629,1.2160195468199617,0.9371974951809101,0.0032756755893754122,0.01166078436217848
Apul,OG_05481,51.036702247231986,-1.0759764782588517,-0.8542580182298644,0.006522781540422282,0.020739041308176203
Apul,OG_05483,283.4027229275443,0.8617038706501896,0.8201690919228358,8.360970931186369e-7,1.225867884333455e-5
Apul,OG_05484,1118.0095247477848,-0.4562895977582262,-0.3934500841654736,0.046609935617156185,0.10159095708481927
Apul,OG_05485,301.79566636354065,-0.3816636223304052,-0.25956551319097393,0.29120625389822,0.4184552655617928
Apul,OG_05486,601.3816487005238,-0.44574665591200363,-0.3258265990615238,0.1575354545567067,0.26368984476291524
Apul,OG_05489,11.015111040896354,-0.2016650144302822,-0.045872726986133636,0.8286879917870404,0.8877604398174817
Apul,OG_05487,3451.9250686969112,0.17159691472038374,0.1436491827186975,0.45405600202346513,0.5836025462768772
Apul,OG_05488,295.20272217459427,0.6381543789681838,0.5884667781150889,0.0011349161214987804,0.004873816167042933
Apul,OG_05494,193.65490099867037,-0.46724384170865574,-0.3893173763818256,0.06487517767888148,0.13178181507782707
Apul,OG_05495,170.07051844309325,0.8859029795826974,0.8073033778065896,1.6743746186600222e-4,9.835723737105812e-4
Apul,OG_05492,821.7170488010024,-0.8506820910744359,-0.8206159026188091,5.395974276192038e-8,1.3068241182011182e-6
Apul,OG_05493,120.66172762504979,0.007400435206495029,0.005520960071352159,0.9827276924555092,0.9887976230363231
Apul,OG_05500,719.7875333506652,0.24824881846800376,0.22441075307574074,0.14721800694910178,0.2511692629583443
Apul,OG_05496,354.12918971651686,-0.11368089512789534,-0.0961447321372682,0.5656454645665909,0.6810555687003539
Apul,OG_05497,999.2357719333382,-0.2113365770572776,-0.17002430264864654,0.40655850009240124,0.5387124166543985
Apul,OG_05498,380.32560297782175,0.6002706318123429,0.5319885468810167,0.0071905097847304745,0.022497164028075882
Apul,OG_05499,225.8564618274711,0.93907308165023,0.8630998617355347,3.810972974968593e-5,2.899877073020405e-4
Apul,OG_05501,80.60860405764315,1.3419811214734596,1.1105778354585394,0.0011413128994555593,0.004884299199995624
Apul,OG_05502,3492.5059078649188,0.4138994949705591,0.35767740383856966,0.06568279498677629,0.1331823167069399
Apul,OG_05503,113.22406715352474,0.0938344779126442,0.08374933097533377,0.6235590730265098,0.7315420454696903
Apul,OG_05505,548.4765775060997,0.7150775859940465,0.5689666476447194,0.022411640198718535,0.05692556610474508
Apul,OG_05507,536.8976062916437,-1.5228386492607404,-1.4082588631740776,9.869401099190015e-7,1.4125776144666089e-5
Apul,OG_05508,544.1266147557496,-0.15781876106630008,-0.13691609368145372,0.4324320335773958,0.5634739373941298
Apul,OG_05506,88.08327384796291,-0.6494826413126786,-0.579446780134176,0.0037856314082424436,0.013179551508927457
Apul,OG_05510,57.013766422049706,1.1305915836025597,0.8127554713021884,0.011384704090304986,0.03257882474842274
Apul,OG_05509,533.0189169190286,-0.0952777371604129,-0.08533756328643562,0.5828042619950865,0.6954931220764552
Apul,OG_05511,87.62816115580347,0.281448663695326,0.20637999010266053,0.3772459421474349,0.5092338575717621
Apul,OG_05513,316.631087643819,-0.4883109689880228,-0.44161357137944246,0.01097094941992061,0.03159535321604092
Apul,OG_05514,537.1170240840135,0.29386302363193406,0.2189599588226173,0.33222219162035865,0.4623398002866626
Apul,OG_05515,185.38318060950417,0.03714702581877901,0.019562532665925753,0.9302236948744098,0.9570330454520182
Apul,OG_05516,123.53184432318498,0.14875116949107778,0.13341770947650888,0.3974189654653598,0.52995072635332
Apul,OG_05517,32.38160328962367,0.6278814798520603,0.26837055945578486,0.29994208510009784,0.4278718211276036
Apul,OG_05518,1166.9975016044934,0.560784148771929,0.5291739215993989,4.6095955152492294e-4,0.002320755039698621
Apul,OG_05520,415.9190391118239,-0.007612169373771419,-0.005422842754611684,0.9690296154231648,0.9809969734221037
Apul,OG_05522,72.57701727899652,-0.29269357888418246,-0.12064197463375796,0.6041105454764059,0.7137401452516708
Apul,OG_05525,107.452367833381,-0.21983577377733055,-0.1753829177463489,0.39245765138583666,0.5250431220394791
Apul,OG_05523,585.7251344318904,-0.53975004695707,-0.502879884812473,0.001647163369241282,0.006651353381302571
Apul,OG_05524,956.2332424045387,-0.15577911758401405,-0.129098792771817,0.4691444984627371,0.5964189260145643
Apul,OG_05526,216.5067912474497,0.36451748246105475,0.31367911109137925,0.09013969910890063,0.1707541316943187
Apul,OG_05527,39.95963307851234,-0.6504681033145993,-0.4200562591433142,0.1265961907533791,0.22387092606848782
Apul,OG_05528,151.2311892059418,0.300519047035367,0.15814517541385076,0.5181280706407831,0.6392065690201042
Apul,OG_05529,44.32188606438299,-0.881209526005356,-0.42444531788973516,0.1343008291284526,0.23427946919157613
Apul,OG_05530,1125.4542965528692,-3.5497796759598987,-3.419662654015007,1.7513284513797642e-15,4.785372316997374e-13
Apul,OG_05531,1784.4801219914975,-0.8801699237998362,-0.619576122948463,0.03184778460923361,0.07486221945293522
Apul,OG_05533,99.9527755207513,0.7777395258177453,0.5700423570688449,0.04205576137292864,0.09335716403242186
Apul,OG_05534,108.45742451459834,-0.9085612432670526,-0.7854373397421865,0.002012192893029846,0.007800491537596785
Apul,OG_05536,55.87842861854383,1.3528806106494242,1.022521117565451,0.0054525168521683065,0.017878307074909682
Apul,OG_05537,77.04193702521658,1.6758712021103483,1.1991217147924325,0.003186574837480439,0.011411177644782017
Apul,OG_05535,495.8455245277555,-0.0700788797593079,-0.06267372505027331,0.6697767150693958,0.7694453611645742
Apul,OG_05538,312.64397378915345,-0.059947228206560746,-0.05383126198862916,0.7394679003140119,0.823996794010312
Apul,OG_05539,89.91719804066182,0.7661252963172583,0.6119975732331697,0.02057693061430621,0.05295153634394951
Apul,OG_05565,610.2021335384259,0.4960624772665581,0.2941073902181189,0.2624548470315122,0.38936415855267276
Apul,OG_05570,14.653443167548721,-0.08224714090373803,-0.02148992151767272,0.911824595341872,0.9446142435888855
Apul,OG_05567,176.44867747633825,0.770017616287765,0.6385150070714629,0.009637379122166135,0.028484490019276498
Apul,OG_05568,281.1065488348746,-0.7514000510990725,-0.7151981361999065,6.28736869453873e-6,6.471826885691293e-5
Apul,OG_05540,241.36645109659872,0.747582954390964,0.7020711910546487,3.418084729994263e-5,2.6387731173251944e-4
Apul,OG_05541,56.92540867450067,-1.1568723182696055,-0.8663690623389763,0.008101046396792409,0.024753349833912964
Apul,OG_05542,109.87257247609105,-1.460011238885204,-1.3345566536416293,3.9539070208267796e-6,4.4065189207168805e-5
Apul,OG_05543,177.64277003610937,0.22763823400976949,0.14326240786382177,0.5639242628848781,0.6794368089835576
Apul,OG_05544,1714.3510538262367,-1.802019783217963,-1.696553967937005,2.4358243598638253e-8,6.696289101491498e-7
Apul,OG_05545,98.8682049625128,1.6585801295617704,1.4322668683017614,1.4210858968224534e-4,8.520222506852958e-4
Apul,OG_05546,430.23270380365364,0.15902048538311742,0.13767258996475412,0.43832611098236407,0.5682798767401837
Apul,OG_05547,112.73985023796948,1.873805513583016,1.669520116411067,8.995608700554341e-6,8.703154898379667e-5
Apul,OG_05548,87.83758080998331,0.7460314727415718,0.25200584782106367,0.2947606811000648,0.4219681367754018
Apul,OG_05549,128.14568765116252,0.03578195436924826,0.02038408635993899,0.9358564749726471,0.9602167569802589
Apul,OG_05550,360.01091362380294,-0.1170085548217874,-0.10857335568393621,0.5006866301670401,0.6233178716300152
Apul,OG_05551,309.96295594888676,0.3321499386415802,0.28003298701024526,0.15541904155265096,0.26111673144778347
Apul,OG_05553,1252.3646945573641,-0.6586376316861501,-0.6227159163058472,3.318451183467069e-5,2.5795236483898757e-4
Apul,OG_05554,449.3918468690964,0.9901472576163589,0.9188337870264051,1.0706533010578025e-5,1.0119581567754932e-4
Apul,OG_05556,443.9258992572435,-3.407050986650661,-3.2717475556619537,3.895098498047674e-14,6.626811916395448e-12
Apul,OG_05557,1001.5465672142498,1.9518519585937035,1.7967973402780861,9.733066750796233e-8,2.1198807461818754e-6
Apul,OG_05558,2384.4787805610995,0.2986082249097114,0.22549922280448187,0.3078845691650175,0.4366098286644919
Apul,OG_05559,219.23112854264383,0.23666684361359216,0.17694283190891316,0.4027863066594759,0.5348930967818106
Apul,OG_05560,1712.3573105392982,-1.1837227775020938,-1.130851345155425,4.7391293976515275e-8,1.1804621485807686e-06
Apul,OG_05561,237.55929342960138,0.48261974718901607,0.425417340681133,0.022709439618066617,0.05748765217184353
Apul,OG_05562,230.4316620796407,-0.058186323980572545,-0.05026335622662351,0.7690479196195302,0.8447773573827362
Apul,OG_05564,18.142181869522975,-1.70151851245484,-0.8461737216308871,0.019568335052588433,0.0508641329400951
Apul,OG_05571,1872.1483281675523,-0.34601888822923627,-0.26404426418858795,0.24444808871627074,0.3693964162819865
Apul,OG_05572,810.3227889730351,-0.7931841069259153,-0.7492476684997138,1.4215617955486022e-5,1.279510297631422e-4
Apul,OG_05575,410.8809797089078,0.5989747282314003,0.5470740406644181,0.002946169290763132,0.01071193890919805
Apul,OG_05573,23.261980604451853,-1.2535309218702622,-0.4419385323841568,0.06819101162095068,0.13724963209511434
Apul,OG_05574,281.6478435634164,0.11803916535363064,0.10239037748147682,0.5576682592514317,0.6744057843350786
Apul,OG_05576,95.70262739581753,0.10936182179869912,0.09176202076706477,0.6393747535368537,0.7433267344819249
Apul,OG_05578,307.14246869103533,-0.2271967710196022,-0.16172647560717698,0.48704364652467674,0.6109542723807718
Apul,OG_05579,85.91287050312809,0.6711149299715484,0.5412784133680439,0.028661883828043296,0.06912121061178561
Apul,OG_05580,184.91714629435629,-0.3860170821870842,-0.33309201726112947,0.07867333584954539,0.15338323661737313
Apul,OG_05581,72.68733280777383,-1.2594262860295962,-1.0040128097617596,0.0029223114806373584,0.010643120543499963
Apul,OG_05582,201.30387906373116,1.2128767201068142,0.9365805415342012,0.004591219747384967,0.01550525410568174
Apul,OG_05583,148.97502775517424,-0.4222999111249807,-0.35928201111209107,0.07085178104119,0.14118685296097463
Apul,OG_05584,11.219009991813206,3.2340586209461355,2.512595606526468,2.9133794280162905e-4,0.0015825266447242706
Apul,OG_05585,302.12198704921093,-0.9206448302672282,-0.15470985534741796,0.3796816026056513,0.5116707533545296
Apul,OG_05587,479.821038636415,0.9854077892936325,0.9529392493214245,9.153117559149816e-10,4.045767697590877e-8
Apul,OG_05588,476.3596507460741,0.4672102556469722,0.4369168996691241,0.0029634817178268566,0.010770541978897527
Apul,OG_05589,343.5569276773143,-0.060918793836045634,-0.05164389228829789,0.7285737289789647,0.8153840528985136
Apul,OG_05590,130.26356782551812,-0.029445576654920102,-0.02322915742687867,0.9005958423436484,0.9369646602529915
Apul,OG_05591,586.9151876533473,-0.426089560286464,-0.4073003477134455,0.0010923652818650817,0.004715106628328119
Apul,OG_05592,2841.7683442298044,-0.41485289485846244,-0.38254898641366436,0.012119507992868385,0.03427904754444612
Apul,OG_05593,385.8680706136798,0.2771813421312275,0.23276258691097473,0.21246091932306307,0.3305314198647446
Apul,OG_05594,1603.8416828443558,0.11238776003800337,0.09875060108794316,0.5697805314162054,0.6848390205553709
Apul,OG_05595,2385.984849682044,0.9327422454191923,0.8884369276621243,4.488771080052609e-7,7.4815617058843574e-6
Apul,OG_05598,180.51755158301387,0.7708740551737601,0.671179191440518,0.00374495387705876,0.01305305338594466
Apul,OG_05599,473.20282349814653,-0.34540231318997,-0.31796690375710784,0.036014881238597196,0.0824228893726982
Apul,OG_05600,296.0293510589872,-1.088475009339508,-1.0237563248914814,6.742431376537224e-7,1.0361750202886854e-5
Apul,OG_05601,168.72452981755083,-0.07483232366587997,-0.06442574292947544,0.71609142800644,0.805614024495829
Apul,OG_05602,70.53078474017369,-0.2953432903960053,-0.2240801589270611,0.3086565377443784,0.4372472001711414
Apul,OG_05603,309.6367326218995,-0.4506364009529031,-0.4158391717417237,0.007711363094559709,0.023747732590042658
Apul,OG_05605,696.0456749942548,-0.14472009807610042,-0.10903266411546898,0.6046356293516677,0.7141733651904622
Apul,OG_05606,209.68423034174265,0.7370673779591376,0.6297685253744475,0.0068271435485284795,0.02151512451187904
Apul,OG_05623,62.9449653203139,-0.04972558231512964,-0.029118280934555298,0.9024474880664983,0.9382415542367827
Apul,OG_05624,20.21790893217743,0.7289434920085289,0.37084210006221224,0.18234549550580795,0.294431510543636
Apul,OG_05625,712.646191145371,0.39399334287977006,0.36390789952217223,0.015561915570562412,0.04223214577986082
Apul,OG_05629,259.4100597397595,-0.15269062693270807,-0.14052950208966847,0.31336493904347407,0.44212355740181597
Apul,OG_05627,190.22142163402964,0.3645496632350318,0.26043481685943615,0.2757002367099416,0.402641968685711
Apul,OG_05628,1159.0408140862517,-0.5102141938734541,-0.4773916165947586,0.001969036298121793,0.007652931163863882
Apul,OG_05630,341.0576327959339,0.9406873659542393,0.8162577502777087,0.0012396240445823865,0.005247741788732103
Apul,OG_05631,69.11674176936283,0.39411776388182024,0.18131627536741768,0.4671027041625998,0.5948961982251643
Apul,OG_05632,103.36758677764956,-0.25732095876567407,-0.17664446914725151,0.4564508557420365,0.5856313839251485
Apul,OG_05607,12.269280502166191,-0.4756150528107223,-0.0910980234134074,0.6192402663742852,0.7276113476540175
Apul,OG_05609,141.1458254453814,-0.18358741561105396,-0.12762890259926254,0.5791606412346325,0.6927034755289403
Apul,OG_05610,356.97915700134797,-0.9447579097396754,-0.8531819955089864,2.0736566408579053e-4,0.0011856792600263622
Apul,OG_05612,615.76064544509,0.5542354002492936,0.4924812162386952,0.007337441555758303,0.022838008459880092
Apul,OG_05613,693.184327318875,0.0971945787293155,0.07978681642319822,0.6708070235758044,0.7702346851666266
Apul,OG_05614,172.64567380458377,0.1178478399994569,0.09819630368316531,0.5750897000328923,0.6891141295942312
Apul,OG_05615,708.9002579191073,0.6303112056732972,0.5829532344188277,5.469422806883539e-4,0.0026664051801188024
Apul,OG_05616,302.0310643193122,-0.026196769325918738,-0.01796689674953636,0.932306658925855,0.9577556257810214
Apul,OG_05617,7.840503432358228,1.3054889568634096,0.12779327146927666,0.2797554658351027,0.40620854032771675
Apul,OG_05618,291.81447411260143,-0.08719386720471517,-0.06442682395447022,0.7540440661084662,0.8342325098118744
Apul,OG_05619,2250.065970895083,1.250008017896802,1.1819759920106763,5.405848908606156e-8,1.3068241182011182e-6
Apul,OG_05620,34.51309818704133,-0.588155914942541,-0.36038382454873513,0.1871450181211442,0.3006389859965005
Apul,OG_05621,288.7102918232401,0.391615420436322,0.3314987661106246,0.10196310134961825,0.18738220370502331
Apul,OG_05622,243.92361914357616,-0.5634659704232544,-0.46339233123765605,0.04311040763066236,0.09532284100188389
Apul,OG_05637,58.976013837797225,-0.40140650712641557,-0.057905715853595316,0.6808066472796018,0.7776581629744325
Apul,OG_05633,1127.0967018682081,-0.034784067925205775,-0.03240555603126869,0.8011480206805046,0.8682634257783786
Apul,OG_05636,494.68802075851363,0.5196824479097083,0.4367590113719693,0.03911571584950906,0.08804453565028038
Apul,OG_05640,88.17223654631674,0.3735506763629416,0.24046589656316636,0.4118089376844128,0.5439111163176139
Apul,OG_05641,455.5123239674118,-0.3788151969416637,-0.32037924871085843,0.08598813891869815,0.16482887938560825
Apul,OG_05638,280.24741569858037,1.1468503782233133,1.0413300641233731,4.138381343232962e-5,3.0941778252016264e-4
Apul,OG_05639,9479.877126757967,-0.2947154943429117,-0.22731117886484528,0.2899985127314175,0.4170520876075266
Apul,OG_05651,687.9677786531927,-0.022690951134531116,-0.02335213940543121,0.8954395214899549,0.9342215510601016
Apul,OG_05652,180.5645715876319,0.8249894076832109,0.6102491619094029,0.03018099752535577,0.07188115549026228
Apul,OG_05653,155.08859853948846,-0.22462120560182627,-0.17894128581512042,0.3714652951139221,0.5037761856811477
Apul,OG_05654,195.7358522466934,-0.3853614909359847,-0.26853878141244153,0.2650947537049602,0.392119323188587
Apul,OG_05655,881.7076188579156,0.40681113501371424,0.30249632953216243,0.1802384494613964,0.2919888786908752
Apul,OG_05656,75.91623593024619,-0.6536150247569421,-0.240760968750812,0.3181542020781023,0.44734078280652556
Apul,OG_05657,1225.251849847234,-1.233300319721226,-1.1087147927215457,3.891847842743082e-5,2.9475508707833505e-4
Apul,OG_05658,371.676589479988,1.267190854247726,1.2158278806135425,3.209748395383367e-10,1.635158264472984e-8
Apul,OG_05659,30.909790027597314,0.8331846437945994,0.3237028016732723,0.18195627362539893,0.2939268576281301
Apul,OG_05643,7408.87571242727,0.7356377390762322,0.7064986901872228,4.809433616345923e-7,7.844213951931643e-6
Apul,OG_05644,935.0018884308802,1.1297020355281984,1.0325339931417974,1.9611667108089455e-5,1.6542413686963762e-4
Apul,OG_05645,1795.0251367756014,0.4957484050295641,0.36875728556621273,0.12108699726045823,0.21590695161114334
Apul,OG_05646,221.90711278952554,1.2194760550281092,1.1115016597242526,1.4151934845329185e-5,1.277357322325658e-4
Apul,OG_05647,2762.8504588019323,-1.9045418139279533,-1.7498516577696575,5.50912910193489e-7,8.761167039179348e-6
Apul,OG_05648,6450.286449328586,0.9997415651285638,0.9308902085701519,6.3241590217745e-6,6.494868097874791e-5
Apul,OG_05649,603.9509940680318,0.06385660647353325,0.058882412145852235,0.6733067637569499,0.7718290222217667
Apul,OG_05650,447.8965245892129,0.351314755085875,0.3261261454974471,0.03557518333555382,0.08168612888634805
Apul,OG_05660,198.5508441065171,-0.016196749744413163,-0.013735559323541278,0.9538993188053085,0.9721191407852019
Apul,OG_05661,553.3168964259613,-0.10299818409933725,-0.09287324479695355,0.5532896314806419,0.6710002888314263
Apul,OG_05663,100.35838923390352,-0.07984432062049583,-0.05635060681335341,0.8006546022831073,0.8679373105057439
Apul,OG_05662,147.23871338073528,0.1379600469457395,0.11687238697299503,0.5287797465084614,0.6487084318730335
Apul,OG_05664,91.40108854161296,-0.29002708917693587,-0.15259633535461306,0.5294689754715629,0.6493772785401365
Apul,OG_05665,26.619105201616236,1.333399563499206,0.37094789202003897,0.0985129343031788,0.182685296771733
Apul,OG_05666,11.95129741912435,1.1102982321371957,0.10441319320444198,0.38686286182873025,0.5191758334736807
Apul,OG_05667,249.66952392063882,0.30444400131679905,0.24256045525267586,0.24862500944047455,0.3735174458721691
Apul,OG_05668,151.86858443840168,0.10875351323909252,0.09398018233240386,0.5992382209637966,0.7093778440896092
Apul,OG_05669,2323.826883783591,1.296266148769965,1.2407653285037565,7.224202323333944e-10,3.2707128964531377e-8
Apul,OG_05670,2507.403645150189,-0.15125611353444274,-0.12370128978817148,0.4744410536355147,0.6008476096392467
Apul,OG_05671,52.91305313576838,0.38339656537659955,0.1851396290804645,0.45509580480602185,0.5843085393615121
Apul,OG_05672,5683.360438604263,-0.8816098417098146,-0.8443873622842526,5.364069425611718e-8,1.3068241182011182e-6
Apul,OG_05675,10.435937825537374,0.07218608169478997,0.02072806875813207,0.9228850250098661,0.952352285478824
Apul,OG_05674,99.1342552267015,-1.594173126415776,-1.1244753075385931,0.0031686739847718,0.011360609670253409
Apul,OG_05673,132.29223946366824,-0.4041899801482993,-0.3161407649323465,0.1604672140975784,0.2673292753291451
Apul,OG_05677,88.49833481520176,-0.46945340529642776,-0.3572677658967432,0.12801758126069085,0.22593698434544685
Apul,OG_05678,220.8748708619111,0.15450596778932515,0.11621771967954639,0.600396931694303,0.7102832764481146
Apul,OG_05679,1610.14891390091,-0.21925378677073004,-0.19022676794731067,0.2793618373334508,0.40579364073788815
Apul,OG_05680,399.3516169094926,0.022814506553466857,0.013601715081725071,0.9306492990013642,0.9570785503074019
Apul,OG_05682,143.96578441375704,0.12124188914638458,0.09618876576398623,0.6579120097410229,0.7598812081253752
Apul,OG_05681,684.4665006082869,0.0898014937310214,0.08194380198110125,0.5564383004895557,0.673171294414877
Apul,OG_05683,368.6980209601667,2.172809635057735,2.0651886961820107,1.7694624614841286e-10,9.910088829318253e-9
Apul,OG_05684,470.44097519350873,-0.36719695672703145,-0.3289743175906182,0.05076435170828672,0.10849541582214302
Apul,OG_05685,77.74883207410727,1.7177304589867377,1.2738610647003654,0.0031420363459983077,0.011278559606634849
Apul,OG_05686,113.36643271008752,-0.02254515728869122,-0.013871599467991085,0.9440996858696422,0.9653550407348959
Apul,OG_05704,12.204015231604398,0.7482861381885776,0.22777083048519875,0.3297144443534919,0.45972400568044475
Apul,OG_05701,161.69021178243958,-0.8017198267751816,-0.704752078432782,0.0019362570172516583,0.007567936508261033
Apul,OG_05702,160.12352975518053,0.09279729680634248,0.07281344504461004,0.7301627195152378,0.8161494039753191
Apul,OG_05703,63.72418576427119,-0.3110684333977906,-0.23008092298390626,0.31600502092831106,0.4450823607795346
Apul,OG_05705,356.56464710579905,0.728586718628468,0.6570135492453979,0.0010025126010141524,0.004398859427418303
Apul,OG_05706,236.77390664584036,0.28301824716949453,0.24765324030246047,0.1577077596740729,0.26386644877740767
Apul,OG_05707,316.74427425224803,-0.39823686027129834,-0.35920772833274134,0.031087370258536848,0.07353484197828614
Apul,OG_05692,12.89806150234099,1.0862010962409185,0.3949389349289351,0.13476305768823155,0.23467719026164233
Apul,OG_05687,262.59714992830055,-0.6849126438582553,-0.6384548891570744,9.885215594941355e-5,6.348645941565968e-4
Apul,OG_05688,175.3277221034894,-0.10240191312338126,-0.0915686084894403,0.4871643804389209,0.6109542723807718
Apul,OG_05689,1302.9764613038794,0.39579445945976166,0.3561021112709981,0.0327873595184717,0.076532130669961
Apul,OG_05690,1081.7717699445534,0.6693919483876258,0.5992668854718376,0.0028492314553834604,0.010451329847219493
Apul,OG_05691,160.2281805928858,-0.5133649013098491,-0.32568553046298754,0.2149284459126827,0.33344972415599794
Apul,OG_05693,603.3295721864731,-0.4047339191335187,-0.3754787535116,0.016966758907376166,0.04534358774979576
Apul,OG_05695,595.0152609030617,0.17980145995620647,0.16775206360080286,0.1954398349981972,0.31113718082251834
Apul,OG_05697,560.8048110561766,0.1426915521070324,0.12634201870666295,0.4401834167200546,0.5699502970368656
Apul,OG_05698,107.77127528652065,-0.657138602064247,-0.3806341287584055,0.15863291567748133,0.26508395119789646
Apul,OG_05699,1074.4312079248546,-0.14118615197851858,-0.1300954609058487,0.368276452109666,0.5006405500788268
Apul,OG_05711,199.12029061556234,0.17551007884305705,0.110693100875685,0.6372601194165824,0.7418247478413792
Apul,OG_05712,785.9814524701211,0.23970577991987102,0.22577119690941624,0.059370990889926215,0.12287083425624619
Apul,OG_05713,460.0882093707376,-0.39193852136242047,-0.3164996655826492,0.14270244489276748,0.2451550083853249
Apul,OG_05716,119.48937095391514,0.7072253506134746,0.48327858388696676,0.07516624848292477,0.14785647089235007
Apul,OG_05708,13036.633334877666,-1.0716994218848885,-0.9997012740837571,2.406209724271713e-6,2.9399448622978367e-5
Apul,OG_05709,4159.095907715086,-0.9015862208607769,-0.8453343736797174,1.5039236348524276e-5,1.336047233050674e-4
Apul,OG_05714,1492.9813186099104,0.08262298729359899,0.07216967321739591,0.6726940654471821,0.7712375957359436
Apul,OG_05715,129.10548838035936,0.11356385834227481,0.08431308861643355,0.6917848727117758,0.7866108697657103
Apul,OG_05718,775.6553452457217,0.4094750128760512,0.35364609194178176,0.06425721626482943,0.13085079472898983
Apul,OG_05720,322.79208896585976,0.15641234314270167,0.13877029085450646,0.3688720146518872,0.5013745788537937
Apul,OG_05721,157.9649639033831,0.8091549218219511,0.623519153404528,0.02366324250446412,0.05931928208583624
Apul,OG_05722,34.16061268706632,-0.7842566854242318,-0.3356376994083882,0.19911782113054585,0.31499041984809334
Apul,OG_05723,335.52318793955925,0.7071419113362528,0.6477971940718664,5.852302614650163e-4,0.0028219365067540386
Apul,OG_05724,3041.3373784217483,-0.050344674260360815,-0.03785662010015477,0.7427137705778437,0.8260824064759364
Apul,OG_05725,1752.0277678124016,-0.06021454937518106,-0.05296070342382812,0.7279114862648979,0.8148451733892718
Apul,OG_05726,230.65405714349077,-0.34933169628713495,-0.28043332142333743,0.1962778072451032,0.3119205125007218
Apul,OG_05727,172.0642521162614,0.2839757544165272,0.23450363136348812,0.2382823024730816,0.3620204753832817
Apul,OG_05728,822.6145214450937,0.5323322209820128,0.4829615161894794,0.006009013220651096,0.019344259982367343
Apul,OG_05729,385.74275031491635,-2.6995630189376554,-2.5470003217256894,2.3436592323331864e-10,1.2579032915445443e-8
Apul,OG_05730,293.67695327806024,-0.43421430240123643,-0.3515517064967556,0.11646053132572076,0.20889687904595666
Apul,OG_05731,514.8584662179537,0.05174602769376693,0.043189002529868424,0.8230933301109538,0.8844750032699751
Apul,OG_05732,695.8893064884398,0.24366158729261927,0.22772754098274597,0.09307469388533185,0.17495403684887165
Apul,OG_05733,15540.524890686958,-0.8348597758488953,-0.7191398684387352,0.0029879635264078728,0.01083767784296854
Apul,OG_05734,418.89903432611163,-0.6723620351844867,-0.625098203774942,1.9747080758294127e-4,0.0011377599181951318
Apul,OG_05735,3373.5834405800206,-0.41793662186905806,-0.38510583351106714,0.011737722997289219,0.033324637363525464
Apul,OG_05736,2018.3173056475848,-0.442309903262526,-0.4063809253906926,0.00968902649556767,0.028607056945164924
Apul,OG_05737,301.36364782322266,0.5977165475616372,0.43819612820592607,0.07656812651484539,0.15001451373869074
Apul,OG_05739,304.70971147272184,0.7476004674723338,0.6951536629432775,1.1845812691499492e-4,7.346196220031012e-4
Apul,OG_05740,337.3271660472702,0.9763011778176253,0.8946719013570281,8.53961297367095e-5,5.627592313259662e-4
Apul,OG_05741,331.40775501195054,-0.15916726318971441,-0.1323231004978969,0.4362191237444078,0.566866194099321
Apul,OG_05744,564.30388878128,-0.6409994271208014,-0.4617271134521837,0.08094072270493718,0.15703875435081827
Apul,OG_05742,268.30590814658206,-0.45606392375795807,-0.393614746683899,0.04318647562661741,0.09539746465585723
Apul,OG_05743,522.388780769236,0.2405002823870199,0.21266477400975928,0.1790527341160341,0.2906423948738577
Apul,OG_05745,1250.79760606932,-0.13763058528456978,-0.12962075062185802,0.2937353791291314,0.4208755080539208
Apul,OG_05746,1003.3013423021223,0.40664877346284806,0.34180706688250495,0.09703369613035508,0.18055155551122817
Apul,OG_05747,74.57229486320037,0.9514199467708426,0.799834872886721,0.0038669921668258982,0.013426518432140594
Apul,OG_05748,23.746287768224054,-2.921057215619814,-2.0737059696817273,5.970047843255781e-4,0.00287103580814066
Apul,OG_05750,50.22754756267467,-0.3746536501714888,-0.21040168512781343,0.39590644476652603,0.5283244653632921
Apul,OG_05749,801.9929563172552,-0.07030376539070148,-0.05698110708661532,0.7669036239235272,0.8433134118193225
Apul,OG_05753,341.4239708773638,-0.09214880043619096,-0.08027899980900102,0.6290028050038072,0.7357268507873045
Apul,OG_05752,231.02225229357418,0.14422299420800874,0.12653169001208536,0.45500056792513033,0.5842694561351325
Apul,OG_05754,267.10261541999364,0.5315083419538453,0.48394295919050956,0.005640205175091774,0.018353565522844652
Apul,OG_05756,73.10136111003663,0.1392559389405605,0.08823025412015878,0.7228730237307552,0.8107987548807967
Apul,OG_05755,596.602470675483,-0.6221031034423273,-0.4489749829669551,0.08148450936812401,0.1578740483395733
Apul,OG_05757,198.362183605427,1.4992529571616093,0.8386719122589246,0.021336437550776743,0.05462539960117941
Apul,OG_05758,186.66113708277078,0.27590694473566824,0.21731239561401233,0.30192077985101956,0.4303540423516667
Apul,OG_05759,537.0550442764122,0.7566762822814995,0.6885795991031316,5.672905037533559e-4,0.0027457103984669944
Apul,OG_05760,898.2379392423584,0.20745188720901436,0.18431084761281305,0.22986053898976483,0.35214566462859276
Apul,OG_05761,819.6938861776313,0.2649015535660866,0.21967708480505574,0.2626726369378427,0.3894660280309876
Apul,OG_05779,1529.8988317900466,0.8616096494708645,0.8091913105171087,7.70916880340631e-6,7.689554767733926e-5
Apul,OG_05780,234.75482347792453,0.2537592215026825,0.2282517287470095,0.1813701342917022,0.2933478925396016
Apul,OG_05762,247.6598020199239,0.06923216141833646,0.06181552279099307,0.7057401170539567,0.7977508631660433
Apul,OG_05764,29.029091149098253,-0.8676355096187067,-0.32940217938387917,0.1966694162978725,0.3122676750762311
Apul,OG_05765,2647.19495081992,0.0822871153528106,0.07082150548999037,0.6792166792740842,0.7766290637857491
Apul,OG_05766,7880.26777831823,0.14752321183632341,0.12137863400616036,0.5389211414760706,0.6579274211602666
Apul,OG_05767,597.3926632543311,0.6714341101138035,0.6067101701811805,0.00180752406249948,0.007135921397354558
Apul,OG_05768,1040.296863194362,-0.5314388449652211,-0.5113295796080883,1.1935020781953825e-5,1.1071819176016217e-4
Apul,OG_05769,335.9857221065139,0.5221205594928677,0.32787310087755317,0.21031736932060058,0.3284433181787072
Apul,OG_05770,842.6218336910249,-0.3283484431371743,-0.2975436300779135,0.060579738420551,0.12493577372224167
Apul,OG_05771,430.4705297292259,0.10610150511403857,0.08715249343282584,0.6538448929460636,0.7562838923925264
Apul,OG_05772,159.1363834479558,0.19232771290566478,0.1730506713819192,0.29117639482685237,0.4184552655617928
Apul,OG_05773,97.58764798241637,1.366946243409271,1.127884895414241,0.0010217436859138937,0.004463083367953206
Apul,OG_05774,254.65546147885047,0.2778799314469046,0.21057576605427972,0.3185025115334299,0.4476211263243356
Apul,OG_05775,14.590586665545498,-0.0262031851514875,-0.006831873163664312,0.9730340820517878,0.9835050238606624
Apul,OG_05776,132.08224793111873,0.1965379050639213,0.12326995385784939,0.5952076198401131,0.7059967256114574
Apul,OG_05777,2510.4071030482255,-0.8736596665058444,-0.7293983819676285,0.0053882802632347,0.017699862708046372
Apul,OG_05778,602.6868985419586,0.06853164538808446,0.05403849811324491,0.7858100777713023,0.857307861011958
Apul,OG_05784,760.6458171315276,-0.6531953387365174,-0.5893491273450128,0.0018980244555367996,0.007434616210067473
Apul,OG_05781,1320.4861569107102,-0.061331093418555326,-0.04970316474953294,0.7973807449478791,0.8656371511190737
Apul,OG_05782,247.10827736478169,0.11687371054047947,0.08543291833735865,0.6656133132524273,0.7658332583382848
Apul,OG_05783,1378.908067241709,-0.34557602888467126,-0.30290901760374594,0.09002298663248973,0.17060472267027318
Apul,OG_05785,409.8592407740076,0.10862531805249523,0.0836127431228002,0.6890013435065471,0.7842369495580074
Apul,OG_05786,293.20286665103043,1.040593761708787,0.9513729810432485,3.3912156913067714e-5,2.624771835923876e-4
Apul,OG_05787,754.1943807493776,0.5776823280917899,0.5077993180067699,0.0056111981170917985,0.01829879689758291
Apul,OG_05789,1306.2013144843763,-1.0386698116188378,-0.983658967137753,1.2168566245972376e-8,3.7068906027004366e-7
Apul,OG_05790,3945.4783716246625,-1.5879030401529888,-1.3628315013365815,1.012644542541219e-4,6.45757838761964e-4
Apul,OG_05793,108.08488287099746,-0.19367048150794122,-0.14802693856444252,0.5424672023448969,0.6607357508501871
Apul,OG_05794,2082.9953491171373,0.1190133175347841,0.07917145864376794,0.7293326341425552,0.8158268325962673
Apul,OG_05795,501.6937287078089,0.8625795242256801,0.7359224656649559,0.0028537187667441273,0.010455904965352213
Apul,OG_05796,568.5624110065788,-0.32080061037736757,-0.2790053821122986,0.11024938077830877,0.19994341642759658
Apul,OG_05816,828.3919685040959,-0.7918935489722516,-0.7490829489485453,5.862623485872545e-6,6.0972636646035456e-5
Apul,OG_05819,46.520848520604666,-0.894546700901315,-0.3021937459046204,0.1762163262447784,0.2870199808072917
Apul,OG_05817,1202.7122851226775,-1.1036597320895871,-0.9608320806179288,3.546009216216305e-4,0.0018600561432590124
Apul,OG_05818,220.57088151378548,0.3035464951772923,0.2400576218528482,0.24328170684913636,0.36788045457968516
Apul,OG_05820,80.43789261852083,-1.183886868544537,-1.0068714725600052,7.397960884839706e-4,0.003410399452893642
Apul,OG_05821,128.53302142415754,0.695570514775566,0.42172203032626177,0.11920015675090737,0.213005908327969
Apul,OG_05797,2590.3468329858124,0.0671641171271079,0.06446564455181313,0.729593257107112,0.8158268325962673
Apul,OG_05798,10530.064009444393,0.1035798579630891,0.08782020999698528,0.6344611188308985,0.7396410373816737
Apul,OG_05799,785.7451320511793,-0.19645506974033755,-0.18313029211922016,0.19618325491703187,0.31187369835240697
Apul,OG_05800,951.0903453005033,-0.1880538281924207,-0.17731667190382974,0.1600148911207497,0.26665205567100353
Apul,OG_05801,559.2279431149371,-0.549209410304422,-0.5196711623612107,2.2450695918468385e-4,0.0012736820453489986
Apul,OG_05802,3098.289409712147,-1.3075144785878579,-1.2411445181626857,1.0083533470125684e-8,3.190288466670993e-7
Apul,OG_05803,106.86932759409942,0.4246190173529761,0.31020078025700465,0.20043468669443257,0.31649056506491047
Apul,OG_05804,93.80863894652039,-0.11565857017855993,-0.07856312856185639,0.7310728305717502,0.817065408188581
Apul,OG_05805,134.95191908220252,-0.08329210270681556,-0.05983290435148844,0.781516661839426,0.8540345362963148
Apul,OG_05806,2009.5536751964714,-0.5431298904967979,-0.5103495221782979,4.920778304681161e-4,0.002447361167860454
Apul,OG_05807,91.23738329393481,0.5322933572567837,0.28556771749756404,0.27713667743723813,0.403640998296168
Apul,OG_05808,465.25078738417085,2.337650652573831,2.195441013725692,3.804063248765394e-9,1.4000505434333697e-7
Apul,OG_05809,480.87284004679793,-1.2026020052238824,-0.8897536377771667,0.007258499412946148,0.022637506586313107
Apul,OG_05810,97.33177282305434,0.47304305859396123,0.3300131045834829,0.1878227816499543,0.3013341090759279
Apul,OG_05812,257.23539512483126,-0.02233354547469449,-0.017850315467261447,0.9151335826590288,0.9471065586371937
Apul,OG_05814,136.63583955184868,0.26693746702357635,0.22848426231322921,0.22657798953580816,0.34828737327725573
Apul,OG_05815,217.6313479810699,0.6650539939749054,0.5539223834064336,0.02292353280817188,0.05786715994716849
Apul,OG_05827,902.6266953219647,0.16286102115590448,0.1454304874979792,0.3631717808382532,0.4956440060267185
Apul,OG_05828,591.2127983263815,-0.2741576449316342,-0.2416601008239191,0.1605724587606277,0.26735178032862
Apul,OG_05823,12140.873582082868,-0.32874744120737043,-0.29341548714151644,0.07935624438293719,0.1544808410192022
Apul,OG_05824,291.55957105714106,0.8250574826498444,0.7339772123704075,0.0012710394479107804,0.005365619242421117
Apul,OG_05825,451.9682761656334,0.21336558422971544,0.195636021524233,0.18767538741575326,0.3011690635927829
Apul,OG_05826,768.2965301843899,1.0245855860120734,0.891661775946664,8.985417385669904e-4,0.004006998445429551
Apul,OG_05830,28.046534660429217,0.17720999756625458,0.07702879405906835,0.7524864787817457,0.8333996210379466
Apul,OG_05842,1043.8892261866713,-0.14735755008056725,-0.13848297680753072,0.2318535199612701,0.3547861727929702
Apul,OG_05843,139.71828041825208,-0.5012285972681197,-0.4340479094649804,0.028018520162249975,0.06793304552379888
Apul,OG_05844,233.29635262985977,-1.1027480640224943,-1.050976769568116,3.126691969850048e-8,8.365988573334683e-7
Apul,OG_05832,90.80282130970208,-0.053786793227511474,-0.03594032590585902,0.875931883850997,0.9223727428102814
Apul,OG_05833,289.78161967069786,-0.03440702172936841,-0.026956086095252973,0.8858117257106132,0.9285473530263426
Apul,OG_05834,313.55500550038965,0.1375627111644033,0.12762274768741125,0.34811015858060346,0.48046981477442235
Apul,OG_05835,84.11602987958982,1.280262789374166,1.1030937545111412,4.7712661731157753e-4,0.0023874865195885097
Apul,OG_05836,446.5858211325532,0.8678352753272259,0.77069846643028606,7.595989682617199e-4,0.0034838778722359764
Apul,OG_05837,129.45672535947497,0.4774192517222327,0.43957624002870377,0.007108310691107211,0.022294134783204772
Apul,OG_05838,75.61616228178296,0.22644788223552015,0.15575166029225587,0.5079600965425518,0.630024235285308
Apul,OG_05839,135.65937216149126,0.2657957055294216,0.2090720674372038,0.32825482514525045,0.4586107465656528
Apul,OG_05841,188.05495982027116,0.4087797403114642,0.33074814899732197,0.12778869574642726,0.22566993136418617
Apul,OG_05845,347.06567847589,1.557405904798048,1.4092165538482384,4.803520593422181e-6,5.181022152020072e-5
Apul,OG_05846,248.65277344147626,0.18853344265926258,0.15712743338316407,0.4208116119637755,0.5528056971266555
Apul,OG_05848,224.6689839794748,0.3291035844586422,0.30224085089617375,0.043215243605217266,0.0954227648635082
Apul,OG_05849,625.2511080334416,0.2693076791811961,0.2222483314211376,0.2765021193255463,0.4032214770738805
Apul,OG_05853,29.55806681540965,1.5422184609721161,0.8489957891095175,0.02075756183981964,0.05334024939004096
Apul,OG_05850,313.2521547606978,0.3856260298416624,0.2715573555327957,0.25783421764324727,0.3839622032186888
Apul,OG_05851,1132.2345512331945,0.5970136582168656,0.5231854694765736,0.009930229404949987,0.0290906038156056
Apul,OG_05852,11998.12613892808,-0.41691164509941026,-0.34695104940344157,0.09258732548202754,0.174292257593203
Apul,OG_05854,481.4018176110458,-1.0223302284086502,-0.8517634488900955,0.00305344742987607,0.01103524467943588
Apul,OG_05856,518.4468670329821,0.18581411683832927,0.152209455423137,0.4315165843444153,0.562769025315822
Apul,OG_05860,127.04353580074712,0.37443823120389247,0.20679348128621147,0.42331318327547834,0.5552021779774527
Apul,OG_05861,417.73838519879047,0.2594363408474461,0.22259519835681077,0.2646204518213322,0.3917390599364558
Apul,OG_05858,180.10486935451686,-0.22333568516388486,-0.19570022393731146,0.2583475062247939,0.3845360620054418
Apul,OG_05863,918.7420102159789,-0.2838130216216555,-0.2480504532424852,0.1523540612758296,0.2570689690352087
Apul,OG_05864,120.94070124877078,0.7564380563839473,0.6281761835785898,0.011534470958911034,0.032913393872310376
Apul,OG_05865,159.75713063055704,-0.558710773890419,-0.3639393182556023,0.1630565307700023,0.2703728932995577
Apul,OG_05867,283.3678231565411,1.1025262785017862,0.9491236597045856,6.572933079458517e-4,0.0031030438522239505
Apul,OG_05868,165.53679461878184,0.06943873423548942,0.05944522537783495,0.7408227736350446,0.8245894272148127
Apul,OG_05869,449.3832022450567,0.3563736970399455,0.3097027264643424,0.0839924115560278,0.16157456514224425
Apul,OG_05870,96.55071285407386,0.5345360504307677,0.3389002903774051,0.18577077195051273,0.29891060861487745
Apul,OG_05871,727.8484601850995,-1.1453127469905753,-1.0521621685167597,2.8846806467588814e-5,2.2836844066571408e-4
Apul,OG_05872,511.7993442400269,0.7057566015250357,0.6388691146467355,0.0011381090078664076,0.004879852079853256
Apul,OG_05873,42.10410963929617,-0.2479291684792521,-0.17961036189679042,0.43363213020260677,0.5645482122490478
Apul,OG_05874,12180.410786900924,-1.3474203516438756,-1.2786968318457024,1.1203420017194793e-8,3.479660028502112e-7
Apul,OG_05876,495.1758873150858,-0.8030392940943486,-0.7577059978537531,1.3389941033341908e-5,1.2207997805626286e-4
Apul,OG_05875,9747.085533614847,-0.7366076015296873,-0.6492387836716834,0.0032948115015420817,0.011715029696137599
Apul,OG_05900,254.36402055282164,0.5568013635730735,0.4998104874962319,0.008091551666429875,0.024732719110575657
Apul,OG_05879,1806.8340442055232,-1.2938813286386193,-1.118346165210818,2.6216577028174065e-4,0.001445840214452878
Apul,OG_05880,306.9907431417256,-0.4889625317457935,-0.4259813567258252,0.028548984048732143,0.06895960063418637
Apul,OG_05881,432.2358780334833,0.006332661112757865,0.005586878157405899,0.9779928369087657,0.9866381510833124
Apul,OG_05882,1026.090252294004,-0.5042956783265053,-0.45100296696991393,0.014220243059664739,0.03921221151957094
Apul,OG_05883,42.3967309039768,-0.8516069604284542,-0.2898857769040991,0.23709726548254442,0.36078131940420943
Apul,OG_05884,666.356313639758,0.15362208346290707,0.1281432145332808,0.535037442298891,0.6543073617779321
Apul,OG_05885,176.47763864582106,0.5809540238465002,0.49048860086452023,0.02609374766221694,0.06430372305827006
Apul,OG_05887,11.4271987056926,-0.5289516808237934,-0.20317708161310144,0.41575329146025497,0.5482410382995034
Apul,OG_05888,685.9113359521723,-0.9929257059187911,-0.6964856301213379,0.01853492014646295,0.04859824802577971
Apul,OG_05889,485.3732655160141,-0.5039705254846616,-0.4430878254544004,0.01890983430353908,0.04939454690469638
Apul,OG_05890,242.84208339895343,0.484591684064976,0.36627948717699726,0.12404647778361964,0.22018249806592485
Apul,OG_05891,450.04929053954595,-0.12279784034081348,-0.11075652834533456,0.46558664333638555,0.5938040683117664
Apul,OG_05892,681.5626002680414,-1.1874175707523482,-1.1005165190480886,3.0746060425324698e-6,3.6094910346846425e-5
Apul,OG_05894,190.54157220487684,-0.33869341020642707,-0.29363711951070104,0.1156886487799476,0.2077784567731101
Apul,OG_05895,53.09689552907314,0.6768570885974491,0.4029167562911337,0.13829955100786767,0.23903527917154357
Apul,OG_05896,223.47896766564114,0.5167347184472203,0.32373991664049695,0.2021508048531155,0.3184475554438404
Apul,OG_05897,285.3224345273492,0.7586903339903717,0.7229251370898225,3.5661815021392745e-6,4.034662309258449e-5
Apul,OG_05898,45.53939332448457,1.670161609602152,1.1963292278068125,0.003902269442503317,0.013533370601174004
Apul,OG_05899,348.65238583254256,-0.2355911800142594,-0.20238523457135163,0.27043053243926884,0.39720998713225075
Apul,OG_05901,634.1531216533849,-0.5418321266050304,-0.48927776761299235,0.0066930417557752924,0.021175844740991514
Apul,OG_05902,1213.6175101813067,-0.15203530574328133,-0.08942768297923169,0.7032714035776884,0.7960580273738408
Apul,OG_05903,612.1340265937974,0.019146738083304745,0.00995414888741212,0.9328391532132769,0.9580190992025495
Apul,OG_05904,182.9396984580021,1.1473923518677676,0.8932826831451072,0.005731327302478586,0.018609786923460356
Apul,OG_05906,201.32315198397924,0.13149087777515417,0.08713289441171916,0.7087184585876243,0.799512267240278
Apul,OG_05907,484.3796214997659,-0.24494836313898083,-0.21414119110372148,0.2373529741143147,0.36103437374979347
Apul,OG_05908,38.1136078390017,0.9425817233428341,0.4775095929632835,0.10368999256579027,0.1901175698974489
Apul,OG_05909,51.40939121301441,0.10378746209013777,0.05109303573190165,0.8354576520735917,0.8920451922732475
Apul,OG_05910,415.17024990496293,-0.0971124904282764,-0.08910246405507623,0.5412116911957932,0.6598304244878944
Apul,OG_05912,169.63274518694465,0.05164342278374356,0.045419213914979314,0.8010363940157909,0.8682468042842152
Apul,OG_05913,1782.3530899849113,0.5500248320994326,0.5157465444644646,6.913172198860914e-4,0.003227650908570005
Apul,OG_05915,564.3952369041169,-0.744039757833504,-0.643634973615337,0.006188584664514898,0.0198373508424923
Apul,OG_05918,151.96617075854698,1.2739841846067914,1.1478657522018811,3.824887847251722e-5,2.9080112747612794e-4
Apul,OG_05916,731.0183549821769,-3.1417979241355485,-3.0537565119873937,4.602593708711182e-19,4.611287496827636e-16
Apul,OG_05917,1037.4152849642987,0.07129951888704858,0.05522069530100835,0.7891566303592988,0.859399195163019
Apul,OG_05919,702.9030352259294,-0.34185877052153574,-0.31377982659294934,0.03930612146680058,0.08840690877179866
Apul,OG_05946,58.10949311365084,0.7567246580613152,0.47413201735140953,0.09708389716661821,0.18056259327763116
Apul,OG_05921,259.9821789030172,-0.08963062612512178,-0.07853056667271031,0.6814695943885922,0.7782182538756252
Apul,OG_05922,875.4375656232011,-0.7805536024439127,-0.6867177246508579,0.0020352751933971906,0.007873048656740655
Apul,OG_05924,107.92991490339463,-0.19350353862086092,-0.147829566600846,0.4830295948314877,0.6085007196185425
Apul,OG_05925,218.66830298151632,-0.6323677060663513,-0.5110003317606803,0.030853455288332863,0.07317348930428655
Apul,OG_05926,115.92973347068444,0.6010996371684465,0.5387526273467236,0.0053353419057828285,0.017551542489764236
Apul,OG_05927,114.87999795217885,-0.043768867863361434,-0.03212558990734738,0.8772696041262378,0.9232037250684176
Apul,OG_05928,113.3256259267611,0.999792299418001,0.7678613621317534,0.011028637715775223,0.03173108688039093
Apul,OG_05929,2899.6805540685245,-1.1473418482049276,-1.0340267377384031,5.591728961770259e-5,3.9984631283332617e-4
Apul,OG_05930,2279.1977146294967,-0.9434856113721728,-0.8883639051663458,1.9443220756824247e-6,2.4815081182210323e-5
Apul,OG_05931,181.93852966093752,0.22424465369792268,0.18791178691422736,0.3292844643831818,0.45940863613540933
Apul,OG_05932,10.033782103865253,-1.3499222096911263,-0.3872329817383607,0.0897371236523222,0.17020606730605578
Apul,OG_05933,154.992556500896,1.1413186287847492,0.9446370234538518,0.00204812162188457,0.00790917030600992
Apul,OG_05934,300.3254934783206,1.4273797891181028,1.2590608275866337,4.889183531935759e-5,3.5754880703539935e-4
Apul,OG_05935,591.0982023629092,-0.3220429422912474,-0.2773928311728352,0.1309143205333154,0.22961572228144425
Apul,OG_05936,1031.227449270254,0.21703535425035797,0.1883101557731834,0.26065188049323085,0.3875182203474794
Apul,OG_05937,177.6628803067337,0.19754170211518196,0.1480792061430762,0.49774806594432053,0.6203955612880655
Apul,OG_05938,727.2483597403433,1.4661559125656807,1.3075692917291322,3.931853494050732e-5,2.9693067802223996e-4
Apul,OG_05940,1002.6420010852887,0.4996449333859763,0.44385864863521884,0.018484305634736967,0.04850785329115927
Apul,OG_05942,349.6195145441533,0.8104837055075261,0.63625883225204,0.01588628174230429,0.04299117721199213
Apul,OG_05943,434.9398675329982,-0.4040891482018799,-0.3537920034284851,0.05117833485702971,0.10919901689679055
Apul,OG_05944,753.9622223201761,-0.9228463502798161,-0.8575471617430985,1.8044014262242024e-5,1.5451365299395663e-4
Apul,OG_05950,67.13414438823101,0.3990148773779477,0.18074657831154664,0.4552370697389576,0.584406699578044
Apul,OG_05948,271.0327376681918,0.891362483780411,0.735888286334309,0.006595367389969504,0.02091819477852797
Apul,OG_05949,1317.2348257815202,0.7732222740600793,0.5514154887443643,0.049124080909912674,0.10564079121504473
Apul,OG_05951,435.71731026319196,-1.2161798717300532,-1.1194100874526611,1.0232451632328415e-5,9.771504037513605e-5
Apul,OG_05952,246.8083221932472,-1.4342464358802292,-1.2803803149357096,3.972953973324282e-5,2.9878336928661426e-4
Apul,OG_05954,130.04347245939178,0.3646107791070351,0.24431752446608332,0.32983966951934485,0.4598275046468665
Apul,OG_05955,237.07312636315064,0.3778301367971209,0.3286904786132229,0.07568253241536171,0.1487746664027287
Apul,OG_05956,77.73522081553122,0.6502196119680093,0.504498001876792,0.04730440336941884,0.10283119700628005
Apul,OG_05957,2180.4330921910787,-1.3833698653605586,-1.228614128579786,4.967097015472735e-5,3.6090502649893354e-4
Apul,OG_05958,1284.2560000089163,-0.1394442003762018,-0.12474964323642035,0.46702215339322195,0.5948776320308917
Apul,OG_05959,655.8956347746446,0.6691624876805582,0.5930124664477523,0.003910742556220893,0.0135471247135781
Apul,OG_05963,5.1858233493382695,2.149499846019525,0.22082205196881186,0.09617510597708566,0.17924988230578368
Apul,OG_05961,283.3957802530934,0.8544756298521153,0.7592253544984936,0.0013325011490785763,0.005588447842437917
Apul,OG_05962,57.270300755270185,0.772739208534393,0.5943641444431854,0.028837461641732808,0.06936324913670136
Apul,OG_05965,1108.0517823804455,-1.4516925494636135,-1.3797417323819516,1.5788228892821108e-9,6.471020905753088e-8
Apul,OG_05966,212.84518927785084,-0.7875745134408448,-0.7122560573452816,5.390944727332025e-4,0.0026375555402253317
Apul,OG_05973,125.43662223868546,1.1510062163233394,1.0732015183177332,2.1366896197001942e-6,2.679628692745014e-5
Apul,OG_05967,179.7585808249516,0.4203296232145178,0.28929251917034654,0.24071761180316553,0.36498246269196966
Apul,OG_05968,1019.4510233668392,-0.0018682996973660385,7.731831354663839e-4,0.9907651681977332,0.993961896043498
Apul,OG_05969,95.81700295530433,-0.09116548633673818,-0.061993151488297,0.7867807398468598,0.8582629967576983
Apul,OG_05970,168.84878105070874,-0.7502879251497089,-0.6015904470017973,0.0192028490766077,0.050072900556324934
Apul,OG_05971,870.4158286858849,1.5621910243659451,1.462671907895415,4.014896244866633e-7,6.846155002148941e-6
Apul,OG_05972,2332.707860150632,0.4081378606737686,0.37533519862979503,0.01534520015633497,0.04179029592560327
Apul,OG_05976,217.3947615546502,0.11208693673858434,0.07491291864434658,0.7051736039899978,0.7975103959836712
Apul,OG_05974,69.35484855813756,-0.05076149140276533,-0.025910952674246524,0.9140617004756646,0.9464968251250652
Apul,OG_05975,300.98843417099823,-0.28393504066149994,-0.22411776636542266,0.2955264916024246,0.42277683242568026
Apul,OG_05977,31.225806194798064,1.2424568916866914,0.8515473879949642,0.014925408932033797,0.04088165623941335
Apul,OG_05978,401.0774985417583,-0.6440347906716436,-0.5694254260744543,0.00753179832979066,0.023306185840673434
Apul,OG_05979,621.6390549208519,-0.12414783366029322,-0.10667846961301763,0.5474858562047222,0.6659490038308351
Apul,OG_05980,519.4006405134384,-0.3266984770636232,-0.2465316883851089,0.2746321799929795,0.4017453548015406
Apul,OG_05981,542.4886271718404,0.28841484367478865,0.2533361803835431,0.16550008331644014,0.27331762843669244
Apul,OG_05982,5888.9273882833495,0.3676018142233066,0.31709863294690427,0.06277771942691737,0.12859307043900817
Apul,OG_05983,165.39427601404572,0.02259038145452201,0.016395550644563644,0.949887312796443,0.96934516743838
Apul,OG_05985,370.71471404119353,0.6029010049969895,0.45944736244719786,0.07194670609012731,0.14295800987542484
Apul,OG_05986,156.6858481503,0.5415536636827784,0.39766068593112747,0.10834893760196841,0.19737017582968672
Apul,OG_05992,35.079908090421206,1.9229676106084477,1.5552044731005443,4.807953406820254e-4,0.00239918737516869
Apul,OG_05993,23.015088334992072,0.6721889954283792,0.2753785739503003,0.2650355530075799,0.3920960757127725
Apul,OG_05987,544.1999053803041,0.6016633507142767,0.5305279705296535,0.007595359463261751,0.023470649856145036
Apul,OG_05988,316.80683758852314,1.4813264099941617,1.3678517886629196,1.6155423912527673e-6,2.1297289096383337e-5
Apul,OG_05989,306.6171493864972,0.26500489652745296,0.22847366514239492,0.19370470589391725,0.309084291814803
Apul,OG_05990,76.22506133851081,-0.22641255988381373,-0.16203984795339013,0.4870525397861,0.6109542723807718
Apul,OG_05994,18.422916442223517,0.49125569896957016,0.18680750742449445,0.4378949134822252,0.568129271204205
Apul,OG_05995,80.44172831584899,1.40366049998948,0.7613278047087817,0.026173559806694537,0.06442997236608371
Apul,OG_05996,588.9132789881044,0.9753307502935329,0.8935159229196755,5.83365999974481e-5,4.1386398283004683e-4
Apul,OG_05997,1115.385872937847,0.9517750650122081,0.8310350335331127,8.501598645753762e-4,0.0038233872812349964
Apul,OG_05998,3173.07463529171,0.24612190755036675,0.22907705539669912,0.09322760858013796,0.1750954689787761
Apul,OG_05999,499.1753570637822,0.7921692624275566,0.7318384062877119,1.705495003687399e-4,9.99249411842058e-4
Apul,OG_06000,1545.029195753827,0.18103009539100312,0.14345203603598755,0.49097769798540786,0.6142815624475415
Apul,OG_06001,4210.683403821006,-0.11793939709013203,-0.10748373387557987,0.4109174030862089,0.5428131004436486
Apul,OG_06007,184.6556389938126,4.207085238561299,3.9984076583375168,9.35252808264566e-13,1.0160451291712761e-10
Apul,OG_06008,221.33261162694922,-0.241560866898475,-0.21301133634804534,0.20006844323407502,0.31610603690934896
Apul,OG_06009,67.59971103569498,0.15322936725388117,0.07565698145379708,0.7567520244465606,0.8361270683046976
Apul,OG_06002,1748.3725380340843,-0.8490138814429123,-0.8068217672586333,3.4234529681904575e-6,3.9257615578538495e-5
Apul,OG_06003,164.82423628472387,1.183387560338264,1.0638186278505264,6.727109141386774e-5,4.641947968453133e-4
Apul,OG_06004,750.0992954236542,-0.10686146695963765,-0.08663984716893186,0.6637139778263919,0.7643306434304694
Apul,OG_06005,177.09344452151717,1.2362090411921454,0.7882831844728023,0.01473161051857347,0.04041220932338819
Apul,OG_06006,280.1395078257391,-0.23949343020044614,-0.21230714470602655,0.1883330367304927,0.30195572407518717
Apul,OG_06023,186.92633949160034,0.6037921714623217,0.48528530620792626,0.0389813624633849,0.0878737363330854
Apul,OG_06024,1015.19663980919,-1.2650166579655429,-1.1853132707488092,1.1272937012358486e-7,2.4087221099629494e-6
Apul,OG_06012,4802.391040100208,0.7564295687752622,0.6940264100739649,3.197550329413796e-4,0.0017162090071621548
Apul,OG_06013,416.78846871464236,-0.045495017398815306,-0.040806406794626715,0.8001496457378825,0.8678008484144126
Apul,OG_06014,1192.7890385533262,-1.7309955702610937,-1.5995819737822357,7.040835160169009e-7,1.0688082599199319e-5
Apul,OG_06015,175.26367379609528,0.04452971905524129,0.03783173018165884,0.8330094418476665,0.8909080935998587
Apul,OG_06016,1032.859187741108,-2.239396460975333,-2.1087951109353322,6.143749590745703e-9,2.090497738103925e-7
Apul,OG_06017,21.11028959930443,-0.0637438123893687,-0.036384443319948674,0.8818950372149966,0.9263257549215362
Apul,OG_06018,219.20761875226862,-0.5892233486756965,-0.5300085597350811,0.006262439720785678,0.020045587136075422
Apul,OG_06020,278.721422021501,-0.5747173776570983,-0.5447828848951204,1.6421095185045398e-4,9.665079326602765e-4
Apul,OG_06021,306.9668404314797,-0.6497327952062157,-0.6074903890104197,2.1714049965763588e-4,0.0012360832609929942
Apul,OG_06032,186.263884853093,0.038449594424055114,0.030080379891096586,0.8990892256266113,0.936261409801958
Apul,OG_06026,291.7160426589557,-0.2165968331639883,-0.18036962890173727,0.3419455468534664,0.47341056287082856
Apul,OG_06027,165.3570793054055,-0.7797163670628614,-0.7101542799728792,3.81977072256977e-4,0.0019851799772571538
Apul,OG_06028,877.8544060149591,-0.9615613385708476,-0.8837578400683599,5.6709691152552144e-5,4.042302649190219e-4
Apul,OG_06029,191.4209347099173,0.06908695606729895,0.05877307486582931,0.7523927624310289,0.8333996210379466
Apul,OG_06033,308.40198897216385,0.8077336122629337,0.7262526917202896,6.877712601945052e-4,0.0032169931697595892
Apul,OG_06034,3791.8147040293165,0.27175497478140187,0.24139337660274185,0.13554920937362855,0.23550042792331574
Apul,OG_06036,223.05334765572061,0.34221765310504487,0.2826193104544821,0.16289996448860403,0.27027229233936423
Apul,OG_06037,5105.413111427959,0.0017210664898169728,0.0014663417809689296,0.9925626520480324,0.9951405854026585
Apul,OG_06038,175.01266469005813,0.07909926387316524,0.0679219241206821,0.6987932563456154,0.7926806884474039
Apul,OG_06039,134.65952948438718,0.6460449189372556,0.5039012430975476,0.0448152571971301,0.0983448951439577
Apul,OG_06041,102.602112167061,-0.7162162943713646,-0.49923877963837066,0.06391049972016791,0.1303803113069579
Apul,OG_06042,20.440343278277197,0.3334914431777262,0.10053115053165114,0.6549610634903921,0.7570547249702431
Apul,OG_06043,753.6518727106557,-0.8172142122565771,-0.776887839556206,1.1919744328828582e-6,1.6535436094314973e-5
Apul,OG_06044,70.83697752642288,0.5380424403333055,0.32543283322366323,0.21207400511028074,0.33015733841149886
Apul,OG_06045,1927.279886589973,-0.19138394334672654,-0.1692916235650703,0.3021770221950797,0.43065121054734207
Apul,OG_06046,217.04071597746815,-0.701850228554275,-0.6140026023324144,0.004980347964144891,0.0165833816812018
Apul,OG_06047,1602.2477135389056,-0.1658021844635962,-0.10063440587462702,0.6625260856539077,0.7634501871362666
Apul,OG_06049,14.363654798501269,0.47110006180590225,0.14872686802585275,0.49249141583225503,0.6156654785192629
Apul,OG_06050,14.804094485742922,-0.9296929866195003,-0.23728708075890598,0.24048425672331802,0.36468996684731897
Apul,OG_06051,6.406940109551934,3.2063265004969193,0.4143045871291353,0.005511028594347041,0.018024281768308767
Apul,OG_06048,796.9053994244761,1.3531666650278686,1.2994844313119596,4.8932385024253556e-11,3.268320857508847e-9
Apul,OG_06057,131.12249448083114,1.8817862120867992,1.729014768076597,3.6859110364439903e-7,6.478725110256424e-6
Apul,OG_06054,11.983823331293609,0.1536131055562347,0.04705293282351283,0.8315111061909186,0.889622169497332
Apul,OG_06056,602.0107815561853,0.27802415471134423,0.22380815012430572,0.24927660567441223,0.37422265135667593
Apul,OG_06060,257.93636706689904,0.3363922536504862,0.24165209810731428,0.2851428229263086,0.4121726249321136
Apul,OG_06063,15.310981492326396,1.103331531399128,0.2970830469989732,0.15072679366846203,0.25537008791509075
Apul,OG_06064,278.50764311337036,0.33057545536796595,0.3072496592736746,0.03648537488267705,0.08318296468194665
Apul,OG_06065,1102.909821651115,-1.49594553231692,-1.2203974377636932,6.779120345962293e-4,0.0031853007728796057
Apul,OG_06066,105.8968124782547,0.6413664373139605,0.5293387378081142,0.027270644038636375,0.0663696079072562
Apul,OG_06067,690.4315905646664,-0.13430619181809741,-0.11265815226125728,0.5476079133025672,0.6660076280346976
Apul,OG_06068,110.93849330924301,1.1356396198199403,0.8701705715314574,0.007465726362515132,0.02312554263510785
Apul,OG_06069,483.28175910738935,1.4161151123215967,1.3524441004109167,5.51982367390769e-11,3.606684787509104e-9
Apul,OG_06070,605.8232548622332,-1.2901113449612271,-1.0884532068147197,6.351865516886912e-4,0.0030132394895542587
Apul,OG_06071,562.4318207212367,-0.33542149130766696,-0.2893176435364755,0.12424917353764141,0.22041211839246758
Apul,OG_06072,146.79191916545443,0.5952296447689394,0.37649178245807235,0.14875743719205753,0.2527502941701117
Apul,OG_06073,1050.2246058139513,0.12263647667358697,0.11324127514320237,0.47562892522325134,0.601691914223008
Apul,OG_06074,83.27952661646447,0.14145132027234186,0.07360357056597783,0.7590199946637812,0.8376065710296555
Apul,OG_06075,30.346771811449365,-0.15822794221938238,-0.05156307907026414,0.8066619030259853,0.8714746897471914
Apul,OG_06076,64.05290131845081,-0.4815083919865851,-0.39686313491565656,0.06800984843793552,0.13691556226051899
Apul,OG_06077,715.2760694183615,-1.601991725547057,-1.5504664687043586,1.1905843694466563e-13,1.7599179113607377e-11
Apul,OG_06078,602.2718407242007,0.7082714304704032,0.6478926201541114,4.942258938710779e-4,0.0024526333984785415
Apul,OG_06083,233.42465183000823,-0.10310834686212832,-0.09293636394063809,0.6538021905971287,0.7562838923925264
Apul,OG_06080,371.0235630843453,-0.6154177318961256,-0.551407878525831,0.003490647641032389,0.012309413288693411
Apul,OG_06081,611.0027549689248,1.0893742162576874,1.006690922441152,5.1264415998778535e-6,5.4639626366546815e-5
Apul,OG_06082,272.91681063353263,0.4038853031945151,0.37232183912940203,0.014094185029580094,0.03892412447525995
Apul,OG_06085,215.6637633899753,-0.5822043519991125,-0.4611405906492623,0.052090227745366945,0.1106994069243398
Apul,OG_06088,15.59820316564531,-0.908805219010309,-0.29294163376802845,0.23336705443940556,0.35659561597697337
Apul,OG_06086,551.6526909609554,-2.2554794506446028,0.0018637233828001697,0.5813441780725186,0.6943940195628427
Apul,OG_06087,1013.0978812246527,-0.1741227930007709,-0.15506969527646375,0.3266466296825564,0.4567177329582279
Apul,OG_06089,299.79870404144515,-0.036135078137229174,-0.03162639190186593,0.846258452095285,0.9009105622837291
Apul,OG_06090,330.40294566470766,0.22092096073951578,0.19050111595657104,0.31147455551475184,0.4404902865552882
Apul,OG_06092,407.49539220709096,0.6892076068691756,0.5820807980447386,0.014108668347979308,0.038952193047682
Apul,OG_06093,782.4093982031171,-0.776067030665294,-0.7434654493134226,2.0962532031485077e-7,4.127055705849366e-6
Apul,OG_06094,154.60224430335603,-1.312862076408734,-1.2287389110933467,3.394186399677219e-7,6.072495786882834e-6
Apul,OG_06096,52.95490567684415,1.9934412101986065,0.3246619456445435,0.06201384449847064,0.1273465806974971
Apul,OG_06099,158.46237662929477,0.36813094230411414,0.25016625324475694,0.2998690315619487,0.42783529392311576
Apul,OG_06098,205.58422953275604,0.33351867014191616,0.2562959365341137,0.25370551381196627,0.37949839707422056
Apul,OG_06100,981.9557878887447,-0.7285054549545138,-0.6865108450664203,1.8755495884234163e-5,1.5969622888398438e-4
Apul,OG_06101,70.28729702699492,0.6448037017799911,0.18856341667290086,0.3572338382360509,0.4899874535099591
Apul,OG_06102,1012.8940986675658,0.1508738598390759,0.14254068072989468,0.2693542123698045,0.3959515704171058
Apul,OG_06103,23120.322956204982,-0.0966984329338073,-0.07517194185361824,0.7092686291104712,0.7998343207465131
Apul,OG_06104,178.49713195638805,0.295184654997717,0.25473968953504283,0.18413929763810497,0.2966560741116299
Apul,OG_06105,786.3484391146005,-0.5325188326305668,-0.4545724845057189,0.0371040672410136,0.08438017006613358
Apul,OG_06106,671.9496117718369,0.6395539304087604,0.5576819956085589,0.007975002493977297,0.02444275917341716
Apul,OG_06107,103.1659986114255,-0.5313049195570586,-0.42954057346800084,0.058339747151094294,0.1214053773508925
Apul,OG_06108,1018.758338346749,-0.948656657368938,-0.8014987730417548,0.0028990953232541435,0.010587745050539738
Apul,OG_06109,472.1512553497886,-0.5375839058360637,-0.3744288694915593,0.13443828216934045,0.23434354127471774
Apul,OG_06110,339.48229658988595,0.038214687091690895,0.0282909217241655,0.8901914418449816,0.9307579117713588
Apul,OG_06112,1088.7521736493236,-0.5020012790154081,-0.4603212452882857,0.005256207876677988,0.01736273189533656
Apul,OG_06113,230.32898891548,-0.9704211477226903,-0.7773999353792239,0.0066761614508854955,0.021129851808576523
Apul,OG_06114,154.25694099753431,0.35034318203855397,0.263571056610589,0.2378613100665463,0.36156362657957647
Apul,OG_06115,397.7146470435844,0.8661129944704263,0.8187494803665536,1.6636992533735614e-6,2.1868186833337323e-5
Apul,OG_06116,226.66069249234533,0.12842485664479522,0.10518808418589858,0.592772102797236,0.7034202899634586
Apul,OG_06117,5.8987926501060075,-0.689716634089277,-0.07996754008530958,0.6203260828393897,0.7287922200602966
Apul,OG_06118,375.90529251928473,0.49045832382462295,0.39495003831832204,0.07114869402334768,0.1416845790654872
Apul,OG_06119,7174.260686754316,-1.3878462513360976,-1.2714853119686926,3.637929518954465e-6,4.0952822062936844e-5
Apul,OG_06120,272.74400590797603,1.1347927075448427,0.9909230329942799,3.3916414072001185e-4,0.0018010854280755871
Apul,OG_06121,217.1602687208122,0.08192519831172639,0.07264816468120767,0.6611246096361756,0.7625810856965783
Apul,OG_06122,239.3370500922519,0.022466892975869394,0.015262955780416936,0.9230762206025173,0.9524148383081786
Apul,OG_06123,75.68172080533675,0.6892320349918973,0.5178806320231534,0.05613429568934721,0.11771231261182413
Apul,OG_06126,47.518670265700166,0.11458776958188464,0.0890302489899636,0.6724579515667992,0.7712375957359436
Apul,OG_06127,43.11077603967562,0.1528020632485745,0.08533644803926295,0.729693180091926,0.8158268325962673
Apul,OG_06128,557.9660954710055,-0.14008354308418994,-0.12528227717547583,0.40894872188927306,0.5407818400665786
Apul,OG_06129,494.0338877425068,0.35264126134922713,0.29322269024440156,0.15161325252505664,0.2562529852934655
Apul,OG_06124,366.4515250280086,0.7188598840963211,0.610718333195832,0.008191620869293816,0.024954001817034575
Apul,OG_06125,1207.9117384354547,0.6791647371705503,0.5864253744918656,0.007662531795793544,0.023621555282964234
Apul,OG_06130,663.5658077944006,-0.8413587490382415,-0.7938597041601422,3.3481808871010487e-6,3.874413230714077e-5
Apul,OG_06131,187.72807873733927,-0.5517721910014471,-0.4269752097837052,0.0749600429229982,0.14755760097730264
Apul,OG_06132,1289.0115282899817,-3.334384026514101,-3.1234210517669396,1.5191258125501677e-9,6.283466720993055e-8
Apul,OG_06133,110.57252867882517,0.3539451691412922,0.27177875998669643,0.22158885275300935,0.34184203340870584
Apul,OG_06140,666.2556307690469,-0.1323440146983604,-0.11496311963262983,0.5134824835515857,0.6352135483858756
Apul,OG_06141,472.6536876919079,1.0864465850303164,0.9675579890187661,1.563970171042075e-4,9.247422316253371e-4
Apul,OG_06144,328.7329690982025,0.5688324376494261,0.45676234140406535,0.05114967114571851,0.10916789354329526
Apul,OG_06145,126.1906940358651,0.4389326239262575,0.3376127920439644,0.14614183855626386,0.24985987073603172
Apul,OG_06146,38.875142026205964,-0.9017489173999438,-0.6131115388454685,0.041060132462642,0.09159802434825405
Apul,OG_06147,396.89049661106645,0.24661467790555985,0.22491970052311072,0.10292201859439695,0.1889732929476028
Apul,OG_06148,1236.9492998958021,0.8331965659234045,0.7742174615036903,3.536847199429846e-5,2.7211391806534915e-4
Apul,OG_06149,83.57477429320195,0.41766290840919573,0.2937773249246192,0.2249275708116166,0.3461276335407796
Apul,OG_06150,410.92476791030265,0.9081990714512429,0.7940553149325209,0.0010220990523259808,0.004463083367953206
Apul,OG_06151,757.5372665018308,1.423248254489829,1.3379500887894287,5.4269581917120594e-8,1.308419305205017e-6
Apul,OG_06134,13.709849996409236,2.7833316183141217,0.7493197794575329,0.005822096748935094,0.01886376082829599
Apul,OG_06135,71.42161099768401,0.27757146046271186,0.2128349683859389,0.3402565936820082,0.4716612381028849
Apul,OG_06136,174.9025406960746,0.6678616496102362,0.540726226145278,0.024875792606482962,0.06170702116441729
Apul,OG_06137,127.7839827834085,-0.007047642824336375,-0.005799043988671921,0.9758894153545421,0.9856177036572474
Apul,OG_06138,454.1930956635225,-0.16936842841198785,-0.15375004158855465,0.2901501818237392,0.417203666002975
Apul,OG_06139,2024.7278755720029,-0.559494220243383,-0.5430380006547424,1.4781330791667105e-5,1.318330956958084e-4
Apul,OG_06158,122.40690043152213,0.7563088923673531,0.33930098019434635,0.19947265066861478,0.3154410542053489
Apul,OG_06159,310.17315786922615,1.1158225514204112,1.0416408633025953,1.7295368871045489e-6,2.2632654342837133e-5
Apul,OG_06160,526.1476083381496,0.38343118122531444,0.32659419501900255,0.10125226796774116,0.18638473545696344
Apul,OG_06161,81.705223351628,0.42772822595995647,0.3571179860204406,0.08733250930405476,0.16680305791032868
Apul,OG_06152,2503.020795317235,0.1677609808483631,0.13646961763950302,0.46872989504424756,0.5960425135543619
Apul,OG_06154,908.5094888601361,0.08267787044692279,0.06542092104229144,0.754112142339646,0.8342325098118744
Apul,OG_06155,67.6777537703257,-0.7437770051470226,-0.6012130485255446,0.018601374380031108,0.04872998047203385
Apul,OG_06156,165.6355135945629,0.1429465070740429,0.1187139870668556,0.5257466993111819,0.6460422441658391
Apul,OG_06157,2316.897890862959,-1.7368874528994778,-1.6252978263562587,3.795192928574889e-8,9.86203303658783e-7
Apul,OG_06162,96.15327927199667,0.5364499298411414,0.3106777039762479,0.23747503631091896,0.3610982128862658
Apul,OG_06163,804.7076234255168,0.8915211628930311,0.8055603499872465,3.0258083687821434e-4,0.0016337553330124902
Apul,OG_06164,441.2993511837848,-0.38229163804972544,-0.35147588842265637,0.021173968077305184,0.05425566074255779
Apul,OG_06167,55.814612776176844,2.1554986895734713,1.8524370310245626,7.498697404303377e-5,5.072449699520147e-4
Apul,OG_06166,21.42621726685579,0.7563179794652085,0.23949675220560107,0.2782140710362171,0.4046219804086402
Apul,OG_06168,243.70422810713413,0.5345911573244928,0.4626563476764876,0.02382951702011587,0.05967445103465094
Apul,OG_06169,57.75205678887087,0.24840369552191577,0.10932906413867177,0.6469458346684123,0.7508702009531566
Apul,OG_06170,615.0705508505058,-0.9134329070379774,-0.84664249556059,2.5032931827122435e-5,2.0244120743063946e-4
Apul,OG_06172,91.03239209700678,-0.1840024701847058,-0.14365996981949586,0.48383540430570493,0.6089815522926495
Apul,OG_06171,373.3979286472414,-0.2226349856447321,-0.18762277585977538,0.26714637578444383,0.3939262257478872
Apul,OG_06173,512.0902601946359,0.11861041449930203,0.09599004146264738,0.6619909839237496,0.7630572503183122
Apul,OG_06174,6967.632488052196,0.10116223886249301,0.08856528978673162,0.6860483387679561,0.7817639164249539
Apul,OG_06175,14.675204613771488,-0.3941171223155978,-0.07517254618837109,0.6371502840009625,0.7418247478413792
Apul,OG_06176,153.36737499554351,0.31548188487042417,0.24863411408135067,0.251878079012,0.37714789745121285
Apul,OG_06177,41.6892721588874,8.936265250260064,0.0919651196315928,6.351655472699598e-5,4.4226160152380136e-4
Apul,OG_06178,457.4659176603015,-0.6897669154490507,-0.6236729647581558,0.001320075744334248,0.005549241485623271
Apul,OG_06179,456.1823637829386,0.6393734236834788,0.5892752220703512,7.22077881207144e-4,0.0033441069619131064
Apul,OG_06180,430.93356463868366,-0.3013230711003244,-0.2695798927312375,0.11145539786620526,0.20172487405852527
Apul,OG_06181,4865.625572287927,0.29640128893114065,0.24598884622017442,0.21931429879736355,0.3387909536249384
Apul,OG_06182,276.66290883986176,0.5423269701682576,0.43812482788014223,0.05381130768779064,0.11371374769646313
Apul,OG_06183,281.6606857140704,0.004571576611983732,0.007579701205547882,0.9762623785923817,0.9858502091443229
Apul,OG_06185,375.86334914601395,-0.28521332488209494,-0.23653708293531422,0.22963647149121483,0.3520285724985182
Apul,OG_06186,126.47763541266004,1.1263807499065193,0.6916992390731193,0.030652476049945303,0.0728501256042058
Apul,OG_06187,34.92465594426012,0.8295513845897026,0.22530391152676024,0.26499017245714585,0.39209326961701413
Apul,OG_06188,118.08104531724737,0.7086616976331692,0.5494586827202594,0.03140935193230772,0.07408269065488327
Apul,OG_06189,981.9132856286493,0.4942373262723876,0.4430211530598562,0.015070899667397279,0.04119257420458359
Apul,OG_06198,997.8490953270348,0.7347761668345686,0.670170228632319,6.927031288336655e-4,0.0032296298411029793
Apul,OG_06200,24.239392571391885,0.13626628870726193,0.04661626404533865,0.8407661912054862,0.8966515370904635
Apul,OG_06199,404.86090000978066,-0.12456445783918184,-0.08647873294561659,0.7164056048245258,0.8058669334709018
Apul,OG_06190,296.49675575804656,-0.32034533449048347,-0.2594260507967768,0.19900926063189892,0.314873925797128
Apul,OG_06191,18.571777260061705,0.23427937573842053,0.08456847782294324,0.7213204224122558,0.8096783578851375
Apul,OG_06192,1517.928503167242,-1.7073582710004729,-1.5245464583526274,1.1931248918142712e-05,1.1071819176016217e-4
Apul,OG_06193,592.7735735047103,-0.4758854554805038,-0.4078241101612807,0.03839298250444143,0.08674255155162826
Apul,OG_06194,188.53927690797963,0.6482699424450503,0.49195580958429336,0.05431732903132952,0.11456827038023351
Apul,OG_06195,69.78427399221445,0.18045075045730763,0.1111661269482678,0.6499148122286843,0.753393210939267
Apul,OG_06197,1233.3352082134704,0.19146379256618068,0.14202365261356145,0.5060622902034939,0.6281888313277677
Apul,OG_06201,734.2455402036425,-0.32019381682834264,-0.2961042740332189,0.035256259910434566,0.08107770864891314
Apul,OG_06202,868.6641657443727,-1.4781216576835638,-1.3024438310978097,5.909993593086598e-5,4.1796401748126947e-4
Apul,OG_06203,355.0358314675603,1.7058430700392362,1.5941334744450602,3.994130669621879e-8,1.0231555752267182e-6
Apul,OG_06204,549.0956832584889,0.33663708976867396,0.27480816379017714,0.18262252831857737,0.294686352514068
Apul,OG_06205,513.1190464187467,1.1216390828355243,1.0249443628311052,2.11809039752977e-5,1.763510721562875e-4
Apul,OG_06206,121.96725541228076,1.2171240028273425,1.1000213355052304,5.0060897403467914e-5,3.63152946007297e-4
Apul,OG_06207,2218.7530379750906,-1.407516103020307,-1.227580148097341,1.3654546145193522e-4,8.262143055700179e-4
Apul,OG_06208,822.0863823525349,0.8175952872645965,0.761843114772745,3.999261722139223e-5,3.0051119123774477e-4
Apul,OG_06212,26.40802487255029,0.20114391326096887,0.03133179629461107,0.824840216530963,0.8855967563964682
Apul,OG_06211,211.20044808811795,0.18030716769301544,0.15005357476679848,0.44070021491471306,0.570455618416016
Apul,OG_06209,515.6883210506694,-0.06284265107122526,-0.05294007361286807,0.776713293922986,0.8505531243238457
Apul,OG_06210,2475.30063072731,0.21817623876050482,0.17582608872383343,0.3895582602046466,0.522171373905946
Apul,OG_06214,26.7317687451947,-0.7239088122024603,-0.24443973149646275,0.2831332674001814,0.4100566450606225
Apul,OG_06215,73.54196669077606,0.7988737087716854,0.5904662746522613,0.038477524791102315,0.08689001779147747
Apul,OG_06216,182.28659824420566,0.2454174911285846,0.19208148190453755,0.36999177013128315,0.5022908448168895
Apul,OG_06217,303.14700275970023,0.45748838729322555,0.37293161881868575,0.08468549607203563,0.16271236268517905
Apul,OG_06218,495.3980836873695,-0.3070736315876972,-0.15967444715804072,0.46915819476780574,0.5964189260145643
Apul,OG_06219,329.8673330273458,-1.4824056134551713,-1.2444417649598452,5.567951331189617e-4,0.002704750826771722
Apul,OG_06221,157.05198463793315,0.5631209200572738,0.49376355947685074,0.011343021058152589,0.03249047677298662
Apul,OG_06222,59.87813837185273,0.2018807051716169,0.08311171854592324,0.725891413454171,0.8132906156953602
Apul,OG_06223,139.8738137031005,0.04286732838543115,0.03909986033981034,0.8453501070130998,0.9004751228514023
Apul,OG_06225,810.6181152969787,-0.023224528460570475,-0.018364586247948136,0.9233872603775675,0.9524345603780058
Apul,OG_06226,551.5516919109634,0.3201265241789682,0.2947835573068381,0.04779465931735583,0.10357232469709145
Apul,OG_06227,31.961168788824374,0.3534875490258592,0.2194517218138673,0.38534499092105956,0.5175239474434308
Apul,OG_06228,362.3981505424069,-0.25445810955496506,-0.23195323640199894,0.13819328458400093,0.23894321133153143
Apul,OG_06230,327.77099769318727,-0.3152900037338054,-0.28545285663007475,0.07155685847443481,0.14227744054332497
Apul,OG_06231,2504.8179940456803,-1.1014899733450119,-1.0208607559817442,5.1455857852741015e-6,5.477892210840209e-5
Apul,OG_06236,255.20534316971953,0.41477551745569924,0.3291355956833206,0.13661198886186293,0.23689044299373427
Apul,OG_06237,1447.293386957634,-0.9465953314662243,-0.8625539508832816,8.674080290512444e-5,5.69244410331519e-4
Apul,OG_06238,208.68125954166143,-0.942626166379691,-0.8679240772523102,3.697590086860933e-5,2.8231303821528393e-4
Apul,OG_06240,1020.0915792285693,-0.993703697505753,-0.8930078601049198,1.65705892645955e-4,9.746706027322742e-4
Apul,OG_06232,716.5917623803527,-0.1704309267785346,-0.1364493874738833,0.4858978401049654,0.6101296232037979
Apul,OG_06233,1151.916891540239,-0.19643544957401868,-0.17833411793567416,0.21750597851898396,0.33663772885439036
Apul,OG_06235,331.1644841368965,-0.7428170327780577,-0.5604062280439495,0.03598576444398967,0.08239807973373663
Apul,OG_06241,545.4101990432894,0.3166355383459196,0.2862528074633399,0.07587368220019075,0.14898802099283973
Apul,OG_06242,163.48338072334724,0.619657425990952,0.5214586887024251,0.02283375957979519,0.057690316946354146
Apul,OG_06247,57.205753056391096,0.02249959956329077,0.010274976772840911,0.9645911105354975,0.9789215580977582
Apul,OG_06249,13.525479466068816,-0.10266147034264,-0.023066200306618562,0.9018444746541865,0.9378481908444765
Apul,OG_06250,10.151617780087818,-0.008350286802566597,-0.004114684353441165,0.9950076976721518,0.9961124025657593
Apul,OG_06252,66.15094438155846,0.18739381679178507,0.0897282626591849,0.7204308038959844,0.8091992733994413
Apul,OG_06244,264.9831196793611,0.3134538169503415,0.21526739545278273,0.3393379427257043,0.4708124680039507
Apul,OG_06245,178.56406172355412,1.0506162871626283,0.8851403573130115,0.0019940455770966364,0.007740124394610577
Apul,OG_06246,489.73839438173036,0.34444544323769727,0.2883266081705222,0.14524578153088202,0.24851635902541996
Apul,OG_06253,210.70956014673556,0.5329262580495188,0.48295983548770866,0.006471960420926534,0.020628372964119672
Apul,OG_06254,143.13311485739774,0.24811819695428844,0.2002106128509872,0.3374526346333473,0.4684850510375508
Apul,OG_06255,818.1210532058897,-2.1813484744827343,-1.9579072569458318,2.5479672211576286e-6,3.0756386122059356e-5
Apul,OG_06258,14.633456052115829,-0.5837452285209437,-0.18374620551685142,0.41663958001484214,0.5489074737869807
Apul,OG_06259,3554.461096209982,-2.3181998908086188,-2.1643292649142216,8.006044080965894e-9,2.596780556765089e-7
Apul,OG_06261,270.20218642655175,0.24453468273623868,0.1906432396474237,0.3713557498882065,0.5037761856811477
Apul,OG_06262,157.3395308316605,0.31904573106197126,0.23725732420646803,0.3074399785063841,0.43622128814981365
Apul,OG_06263,187.713489430016,0.686015337934418,0.51374405771041,0.05900179398498153,0.12235951618274574
Apul,OG_06264,96.13074304086709,0.2705202688016559,0.1895107763787274,0.41852655823922624,0.5505257440763097
Apul,OG_06266,247.5023070645663,0.7891887279872634,0.6284786231395406,0.017637494678276792,0.04673829401211518
Apul,OG_06267,176.36116597988985,0.9091935958974738,0.838187842378512,5.479227380537323e-5,3.924240928538923e-4
Apul,OG_06268,1057.5055302837113,-0.7909464840174092,-0.7123922292972642,4.659570325563408e-4,0.0023406877785852507
Apul,OG_06269,279.58039100870263,0.07822555232167891,0.0561290826261403,0.7811059935611939,0.8538286754686976
Apul,OG_06270,1124.7831357698592,-0.8996166336651683,-0.8496658860285221,1.9456873013000663e-6,2.4815081182210323e-5
Apul,OG_06271,3367.2117405894037,-2.277738212170374,-2.191309056530529,1.6143852229075766e-13,2.274517430462128e-11
Apul,OG_06273,398.1482658105829,0.18018303378911113,0.1443264353525583,0.4977425822145996,0.6203955612880655
Apul,OG_06275,194.12715704691306,1.0975645482335576,0.9674380769235877,3.2125018572088217e-4,0.0017231857205029669
Apul,OG_06276,191.67601469011882,0.07666724851281813,0.05879509677958134,0.7892542391323327,0.8594016995841377
Apul,OG_06277,515.3186956715061,0.9485095331998065,0.8718203680102273,5.7907352244375655e-5,4.111422009350671e-4
Apul,OG_06279,727.8141988375772,-0.04821345013640921,-0.02185055375452117,0.9294898460245355,0.9570330454520182
Apul,OG_06280,190.23270297275369,-0.006248543298122108,-0.0017031988472824314,0.9890672705345138,0.9925898250873356
Apul,OG_06281,585.5059541096937,1.129764107026389,0.9616605482677942,9.743134187223659e-4,0.004287644751888519
Apul,OG_06283,76.8848511034547,0.7441230288661155,0.340024789524271,0.1969544310674026,0.31255510470516884
Apul,OG_06282,531.7146383742299,-0.536665534538197,-0.09247543275561929,0.5852664146996038,0.6974287190270952
Apul,OG_06285,69.39149221878867,-0.1984666870019904,-0.13434675711910635,0.5714996757086047,0.6862714843340643
Apul,OG_06284,361.78785371328456,-0.3914767228291089,-0.2831813744871342,0.21726796649099903,0.33632708220589497
Apul,OG_06286,1532.6346318943301,0.5324600814567397,0.48871069675226997,0.0020770426532489223,0.007993467180685247
Apul,OG_06288,199.09197413848258,-0.48814562808496004,-0.41595519984426194,0.046094054647735846,0.10074756937757669
Apul,OG_06289,47.33558748668351,-0.8323966650348539,-0.6443466422669071,0.021440689649175764,0.05486115169313787
Apul,OG_06287,437.46033484938505,-0.53687612755785,-0.5018361794582513,9.514633245664605e-4,0.0042055611753018494
Apul,OG_06290,1479.0607248774704,-0.5910219520406149,-0.5050560886950786,0.021093982134604946,0.05406607075262445
Apul,OG_06291,224.2001749627935,-1.3245330289452724,-1.1571948040224558,2.386855413564568e-4,0.0013409517298511968
Apul,OG_06292,497.2069212125586,-1.0742140992038065,-0.9759383811681458,5.265007666264839e-5,3.785851206276719e-4
Apul,OG_06293,945.9683273338457,-0.1113564158028401,-0.09884343993848586,0.5091524143376086,0.6310690474339816
Apul,OG_06294,368.15830215130734,-0.007245515307823559,-0.00639003412698385,0.9671853116281409,0.9800101084336382
Apul,OG_06295,669.9614045755071,0.8077292854062786,0.7420009596670932,3.1249840729912626e-4,0.001681263805856934
Apul,OG_06297,172.1935179110291,-0.05892928415472414,-0.049731865559241535,0.7903095650286691,0.8602283494350778
Apul,OG_06298,2338.874523897893,-2.1774919266220985,-2.069325381840238,1.5873437487139898e-10,9.171823718799267e-9
Apul,OG_06299,646.6737147987545,0.5403376272401174,0.47467664541271193,0.00818083765257222,0.024938003080880226
Apul,OG_06301,704.8510292059589,-0.5073585331183572,-0.479234220807223,4.3136855196374555e-4,0.0021901183744690842
Apul,OG_06302,2394.8959740779346,-0.03254652122103529,-0.03090033783369667,0.7893762787599184,0.8594308024122417
Apul,OG_06303,1137.5345454713877,-0.553928172859961,-0.5172727714584912,9.724080465377206e-4,0.004283440818578714
Apul,OG_06304,1539.344004300986,-0.45885416389310796,-0.40502328779074687,0.0296859816651469,0.07088943238205234
Apul,OG_06305,1671.9112647533816,-1.0749798823683314,-0.9608069736996208,2.43228523448546e-4,0.0013605406922677042
Apul,OG_06307,109.77166491648745,-2.460708017849745,-2.377869629526191,7.393496727936462e-15,1.643589598496935e-12
Apul,OG_06311,465.69353304111644,-0.7356304298186309,-0.5836303951977158,0.01984451620602478,0.051418966272909615
Apul,OG_06310,325.16114924974744,-0.19982811018839633,-0.1410313043108634,0.5365246924548548,0.6557120021503694
Apul,OG_06308,289.72191838299216,0.3251758162486959,0.2898741274870724,0.08721797013337752,0.16669608262033303
Apul,OG_06309,577.5999665204959,-0.27650536302189493,-0.2419174163648954,0.17052920585825224,0.27921004944635547
Apul,OG_06312,92.88811541026601,0.32091736487587436,0.21995722628559272,0.3605006626414294,0.4928937793840438
Apul,OG_06313,700.2368634879608,-0.32165004795926566,-0.3001943405712213,0.02912767414799118,0.06988936609697617
Apul,OG_06314,1332.2236586907147,0.6620077117015974,0.5697601655124035,0.008040220079047365,0.024607279718948716
Apul,OG_06318,133.445203814463,0.40991492175586636,0.35800725058161925,0.0561662818706455,0.11775200270346675
Apul,OG_06323,142.14643638908203,-0.260329037888724,-0.1280624047753192,0.6097765918393222,0.7187799047189757
Apul,OG_06324,540.7001239576124,-0.02114898480475399,-0.0203507150380376,0.9068386543261623,0.9413522196111
Apul,OG_06325,238.73077002596315,1.5843528891684175,1.424682874248385,1.1418676088012926e-5,1.0658613073044777e-4
Apul,OG_06319,1689.7765451190328,0.5674112185605069,0.48170537135007185,0.03130817090416957,0.0739485096879222
Apul,OG_06320,557.6157215463222,0.693007954508187,0.5997292687704788,0.006802894222820094,0.021455647851405663
Apul,OG_06322,280.368447287271,0.0989974760477861,0.08926611136592381,0.5552743122960313,0.6725329830837742
Apul,OG_06327,274.6995560686779,0.2812818128845525,0.25765915768089354,0.09345747517427479,0.17541757985979095
Apul,OG_06328,288.43399551244687,-0.2024179421292066,-0.18149607945288135,0.2633574969877755,0.3903821388030202
Apul,OG_06335,126.01035636358002,0.48801277025195355,0.40672140911730065,0.05744695361451515,0.11992810704393185
Apul,OG_06336,184.94906533318868,0.3395828738495458,0.23656716924132198,0.3089506352129715,0.4375385389846653
Apul,OG_06339,12.410985359379115,1.3500562017047248,0.13255615611290708,0.26709480615970554,0.39391460044848947
Apul,OG_06338,137.44086418082017,0.31023459638809464,0.23945810274096918,0.2774332920331708,0.4037753575322463
Apul,OG_06340,54.992647057725605,-0.41807056737103304,-0.26109660292459186,0.3042638318844736,0.43287266836577754
Apul,OG_06329,216.44307406168483,0.21862695190178952,0.1830424119215768,0.3497617617645056,0.48223269202301944
Apul,OG_06330,216.6995901682461,-0.3941714542012668,-0.3010845239495312,0.19236758001875628,0.3073314084034595
Apul,OG_06331,35.47642291906377,-0.9625724661583204,-0.5052806794318848,0.07681871922704288,0.15041789169820752
Apul,OG_06342,64.85567229622326,-0.9478759834341429,-0.6342736710830378,0.037804377140869164,0.0856487609746777
Apul,OG_06341,507.7442915858467,0.5765405046111475,0.5510216645340605,2.3844484229595492e-5,1.9457530705725115e-4
Apul,OG_06343,245.31187133308245,-0.44788639723050017,-0.35760493063842747,0.11243842385468136,0.20309640783206367
Apul,OG_06344,33.25803003734394,-1.639695474490584,-1.2530485612227136,0.0020471224706259633,0.007908698936432867
Apul,OG_06345,271.83220663370224,0.44492273407548816,0.39544141781247744,0.029083429666579955,0.0698203634993481
Apul,OG_06346,380.394227757219,-0.6663378259201643,-0.5988164245413296,0.0020462871832582466,0.007908698936432867
Apul,OG_06347,151.3370191670614,0.22625875051330194,0.1471000233779815,0.5558210499049009,0.6729914119434023
Apul,OG_06349,86.61205558835452,-0.29989611853609893,-0.19035695658180232,0.4383987812967263,0.5682923822531025
Apul,OG_06351,42.933814706517815,-0.36843464367937157,-0.23887456105143662,0.3328198332209436,0.46298001174841846
Apul,OG_06353,375.3263035123423,-1.1028766935240488,-0.9257047926547861,0.001524102834095552,0.006226930337580242
Apul,OG_06354,71.45579766198333,0.11468089304924471,0.06888143673169439,0.7926442058600724,0.8620023738912794
Apul,OG_06355,22.27507960048113,0.7388033244347707,0.4210794887245806,0.1352896736583,0.23518290975134545
Apul,OG_06356,85.29806100601577,-0.25815726335603795,-0.19057795516441603,0.40367744294962604,0.5358397619721446
Apul,OG_06357,60.43717271611625,0.9445660484684285,0.5747909895589103,0.05826656737707755,0.12128107987975723
Apul,OG_06358,1642.4630461765937,-0.8712675736691534,-0.664690113899374,0.01704922336029638,0.04553698075823236
Apul,OG_06360,116.82495888978042,0.6794827065884759,0.49860609402398737,0.058436166086661814,0.12149386894245552
Apul,OG_06359,82.23618822252448,-0.40550056277826535,-0.32302322918655113,0.14452691692184572,0.24752121745190558
Apul,OG_06361,231.29033972041657,0.03165460748987938,0.021027870805996725,0.922708856170604,0.9522794730560075
Apul,OG_06362,200.8306552672572,0.09973994122187677,0.07926345213481933,0.7031617414688778,0.7960580273738408
Apul,OG_06364,598.2395829260159,-0.665789074028163,-0.5936096781239819,0.0030070544230818078,0.010898155037350747
Apul,OG_06365,315.85695791734463,-0.48628265037007146,-0.42990074760419905,0.0261866216459188,0.06444453258221884
Apul,OG_06366,7116.4232309477275,-1.2061596084305164,-1.1019919864858847,8.812003985443495e-6,8.580760252348164e-5
Apul,OG_06368,20.42745243923938,1.027874451084599,0.20584303606427548,0.25537318395579117,0.3814311743795542
Apul,OG_06367,283.2073355435244,0.7118979042418351,0.5941787746801234,0.013115657162373767,0.03659154722559538
Apul,OG_06369,26.899442826188988,0.9925362994998305,0.3117709180958676,0.20906795938174966,0.32705860335621734
Apul,OG_06370,73.50319107288873,0.5495341706512631,0.3288765445541822,0.22010686579780303,0.3397301624270438
Apul,OG_06371,173.86068047665628,0.674855137027307,0.5339155516701475,0.027177462108869548,0.06623220968531802
Apul,OG_06376,187.2801039386912,0.34666127242706324,0.3074223457734543,0.07885278831159713,0.1536082528158442
Apul,OG_06372,1508.6154250010518,-0.9181028708388628,-0.8485599515699844,2.1934438685201575e-5,1.8145214093987394e-4
Apul,OG_06373,21.81226650334342,-0.6586608917598221,-0.1261186186486758,0.4825918368740853,0.6081803763932393
Apul,OG_06374,223.93695089080398,-0.3803417960041853,-0.33795195978679254,0.049456096439079035,0.1061017419917144
Apul,OG_06375,301.806456399458,1.2517380158355544,1.0270067637659754,0.0018578214556456926,0.007302517901289106
Apul,OG_06380,430.9368392428014,-0.6151687756181122,-0.5574919275299302,0.002295923315282274,0.008709440695793127
Apul,OG_06377,1991.0702947485347,-0.5607989271378465,-0.4608886093043481,0.03829583355457563,0.08656644050178201
Apul,OG_06378,462.2991357462598,0.3113958543293711,0.2876321580049695,0.04313458473118459,0.095352917509461
Apul,OG_06379,848.115379533648,-0.005691678287146335,-0.003469654099855094,0.9770031109267194,0.9863018086979859
Apul,OG_06383,156.32992264595842,-1.6063831477536321,-1.4673507487588746,2.6448488872614812e-06,3.171809421353938e-5
Apul,OG_06382,724.5447102548125,-0.7981433741930086,-0.6597356182387188,0.009470177732575445,0.028108160834309674
Apul,OG_06385,229.34128375572172,0.3085994250256244,0.21201096455593035,0.3806196693438273,0.5126284628040763
Apul,OG_06386,11.26079137945138,3.244410011580872,1.9928516395638247,0.002247047592851602,0.008552818972031615
Apul,OG_06384,292.48866435605134,1.0179395900505794,0.7480076436353732,0.01607775660141439,0.043340248512691644
Apul,OG_06392,111.37203389417186,-0.8159220902239825,-0.4769251355605952,0.09008928158870359,0.1706944845735113
Apul,OG_06389,627.4979875176766,0.17559463900890432,0.1349529632118535,0.5339561263534414,0.6534585221673427
Apul,OG_06393,606.4212107932705,-0.2624562095924981,-0.22099551047351873,0.24327674143805594,0.36788045457968516
Apul,OG_06394,2604.2203221564982,-0.15138365676598664,-0.14155862439810651,0.48686246696687047,0.6109542723807718
Apul,OG_06395,218.16891080041054,0.11432305280570512,0.07167971422710927,0.7668293691246008,0.8433134118193225
Apul,OG_06397,52.85375571057015,-1.1238838690886173,-0.5824220415695976,0.06361410115517603,0.12995205032084783
Apul,OG_06399,40.68996547972184,-0.594742174605856,-0.285302636048208,0.2723025636782822,0.3991793556636434
Apul,OG_06398,121.0502261501041,0.5112250236755839,0.3338097840290921,0.20248928748139255,0.3187812915836321
Apul,OG_06396,604.2895051610427,-0.8985857156419158,-0.70543242865574185,0.013376127310504218,0.03724908584274754
Apul,OG_06402,6.542324706555176,-0.8001400029679132,-0.04664512567659626,0.5577291708757548,0.6744057843350786
Apul,OG_06403,295.92118312419836,-1.3499200854416462,-1.0741200242423037,0.002406137751875187,0.009066335291058493
Apul,OG_06407,12.436477316066116,-0.045054277597153684,-0.007587966834182569,0.9627482769738017,0.9774914101421879
Apul,OG_06404,431.34021485376286,0.8592904100268547,0.7958256972741844,5.08443737697903e-5,3.679484095362754e-4
Apul,OG_06406,295.5718115837428,0.48242580599233936,0.44835066289446573,0.0035052081114937137,0.012355927107638318
Apul,OG_06408,80.50492401174094,0.21104676054237279,0.10086015944296368,0.6842810988066312,0.7803418069987851
Apul,OG_06446,100.00318250303343,-0.23987416703847822,-0.11126916587838788,0.6412623347267448,0.7453290116307113
Apul,OG_06443,513.9932641324056,-1.7956735224669702,-1.6921853607343476,5.4589826598233386e-9,1.89321717860104e-7
Apul,OG_06444,1172.1720161998203,-0.6950542489712778,-0.6686390891154215,1.5391276712343474e-5,1.3646326658328526e-4
Apul,OG_06445,260.72462605597997,0.06229431308828901,0.045934698572390166,0.8336583531648905,0.8911345641999303
Apul,OG_06447,2650.4375191105964,0.5029958210657727,0.48494841650072845,3.873272646828756e-5,2.939840021587112e-4
Apul,OG_06409,558.2837912381137,0.7107946522895031,0.5180479621686176,0.04724865337817684,0.10273477393562107
Apul,OG_06410,378.03348329438006,0.465525775002099,0.3822540518384747,0.06762713990564918,0.13629725537086246
Apul,OG_06412,74.77312311154905,0.7025117665946615,0.33680663433169805,0.20316592097319086,0.3195289903895714
Apul,OG_06413,51.832285502913614,-0.7907471011964214,-0.5296887955656719,0.0660167492277303,0.1337391659821263
Apul,OG_06414,551.7216329597825,0.6744557818385903,0.5975557633548736,0.003905159648978078,0.013538187064527233
Apul,OG_06415,28.415302715592553,0.26576583095437417,0.15142110426823407,0.5488795224804732,0.6671942105967144
Apul,OG_06416,1037.7938378143303,-2.3403130462552277,-2.193790379370396,3.401354684244542e-9,1.2673559994972328e-7
Apul,OG_06417,1488.0925488501655,-1.4393995158041637,-1.3054191008688887,1.1384078646052654e-5,1.0637330274762362e-4
Apul,OG_06418,566.9983451799887,-0.28830674966385855,-0.27118461247209164,0.056008829720359476,0.11747653351674374
Apul,OG_06419,3058.910030254206,0.02632370502274466,0.02190880291064457,0.9085827435155222,0.9425552920247887
Apul,OG_06420,7341.142552910242,-0.16691255391137202,-0.16048190731192613,0.10669189493492219,0.1948239806861469
Apul,OG_06421,215.49257103162282,1.0365414155727166,0.8648948029658281,0.0020686364111297795,0.007967917351199155
Apul,OG_06422,173.6681567349509,0.2385017983069446,0.1893450012401566,0.3563805146428313,0.48963630969593325
Apul,OG_06423,1087.5306628675207,0.027772822145489,0.03298947098226469,0.8522945667969026,0.9050924636447616
Apul,OG_06424,1343.7966040565814,0.08976462388921061,0.06962051713933627,0.7410165482421707,0.8247033097382933
Apul,OG_06426,169.70915730007496,-2.0883050731310804,-1.923419226712405,5.427979414926028e-7,8.678030209997871e-6
Apul,OG_06427,629.1683644673229,0.11171450425651504,0.10717426656516597,0.3573868071665385,0.490067282825436
Apul,OG_06428,116.5996258138853,1.3031553401848754,1.0307856757028635,0.0025655013473265035,0.009569404961924264
Apul,OG_06429,822.3339034874682,0.31343450840905435,0.2865720674989848,0.040767618006489904,0.09110530293590861
Apul,OG_06430,935.1643677579443,0.14830236827444143,0.120947140306219,0.5167273518305743,0.6382644563638751
Apul,OG_06431,199.73698459480482,-0.401880926192144,-0.35068415812615317,0.059155659029928497,0.12256584960313999
Apul,OG_06432,203.9391314684094,-0.6414572707373765,-0.5313345031204548,0.022381660506018364,0.056865436117995945
Apul,OG_06433,130.7313145284872,-0.3183441890454102,-0.23512752341389076,0.2983617503110069,0.42608930987557003
Apul,OG_06435,46.89020764006007,0.4234178942018239,0.22904570318568448,0.3756169067441674,0.5074824165586092
Apul,OG_06436,136.7147517042617,-1.695474678386903,-1.216393071759171,0.0033484454025220684,0.011891662936014766
Apul,OG_06437,3.9747420829474875,-2.698919461146859,-0.179153285670251,0.09852485285582097,0.182685296771733
Apul,OG_06438,290.7963013491961,0.0632578044564763,0.04933197264621773,0.8066046658082052,0.8714746897471914
Apul,OG_06440,1105.9486970516132,-0.3453151252225942,-0.32324725112873914,0.01944129515361602,0.050621472249539605
Apul,OG_06441,186.3726966223903,-0.4415491020607975,-0.2768841207294677,0.29238591757061766,0.41968223793923265
Apul,OG_06442,968.9234433404797,0.017216598107648504,0.014093981074520551,0.896618347760613,0.9348759992781508
Apul,OG_06448,91.89255142964033,0.9096517197483233,0.7463754319174284,0.0060367604901903505,0.019410138662864607
Apul,OG_06449,231.81479586154265,0.6912310993039409,0.6252489276971395,0.001690904791418445,0.006770376778072876
Apul,OG_06450,119.63513020635162,0.9922429997890105,0.9092730859884978,4.5190811740836806e-5,3.3427854755301516e-4
Apul,OG_06451,700.1877654406838,0.8343362125629514,0.7306438357981414,0.0015556145496703798,0.006347048142252404
Apul,OG_06452,13143.608958131354,-0.05983296106053368,-0.04826019710522196,0.8196930522517027,0.8819337809825434
Apul,OG_06453,417.9940634825413,0.8587478273896458,0.7431789538771729,0.002062358658688209,0.007953929865436946
Apul,OG_06454,448.19737505834183,0.46568214818086384,0.34112363447244975,0.1437652903605636,0.24645087893178744
Apul,OG_06455,404.63959344752027,0.2217158193075386,0.17552215438165616,0.35020416548975636,0.4826937823198052
Apul,OG_06456,58.35375678380395,-0.06457610694997577,-0.035546061747954674,0.87658189514472,0.9228416752504308
Apul,OG_06457,114.43046141194904,0.3346018134248458,0.23306635917018734,0.3229806497143763,0.45285593507612054
Apul,OG_06458,196.66622214345577,1.5896377709704415,1.3792599750323409,1.0276437301099363e-4,6.527220574859058e-4
Apul,OG_06459,256.60943751179633,0.976550037592792,0.8199724332924921,0.0021253505670011776,0.008161961696188083
Apul,OG_06460,83.50510406098064,0.2507967863507908,0.18901090022419187,0.40256500262874256,0.5347786595803617
Apul,OG_06461,275.35844050279303,0.9081457076526153,0.7296919354624576,0.010272165145212514,0.029907689090856067
Apul,OG_06462,461.28282731355523,0.6945747916339368,0.6054489124103967,0.0057375617856382875,0.018623324197660343
Apul,OG_06469,76.5867753672917,0.9956439613643284,0.6146904114994836,0.041781050736772206,0.0928616550390621
Apul,OG_06464,1256.1436787550858,0.9340658131400377,0.8194452595194561,7.342977261374483e-4,0.0033919890351338995
Apul,OG_06465,40.09992519234892,0.8622126036041113,0.26826290782804046,0.25249706896220075,0.3780119659359396
Apul,OG_06466,224.9111537522233,0.6968095822971423,0.6103605437192999,0.004327238428022396,0.014746299661934218
Apul,OG_06468,2092.263886601066,0.3596829004559006,0.34304256692555235,0.0043736845475576,0.014887698590157372
Apul,OG_06472,48.11297034474386,1.1265347973185686,0.7252445715676348,0.02538732905707765,0.062803167656425
Apul,OG_06470,67.29386243653938,0.19293324906876277,0.15401667687668577,0.46455403507403886,0.592822492819503
Apul,OG_06473,211.39426355786281,0.4027707766593461,0.3345947131458436,0.10943023655903666,0.1989379925509745
Apul,OG_06474,566.8181676170502,1.2096707418025268,1.1744423428138329,2.275647703816822e-10,1.228713493731514e-8
Apul,OG_06475,303.8158160061008,-1.6559034801084191,-1.5186602511883924,1.3786550715832093e-6,1.8721886717568975e-5
Apul,OG_06476,722.1594036946506,-1.1825494285725089,-1.0794392361899001,6.320800133942359e-6,6.494868097874791e-5
Apul,OG_06480,115.24985181152697,0.9422609409723872,0.5261429117986869,0.08121718579419135,0.15742376704776945
Apul,OG_06481,179.4988205538276,0.8624027513100896,0.7062552446146587,0.008184211827012507,0.024939857399179376
Apul,OG_06482,154.0505062708067,-0.5943953219294787,-0.4272053510128209,0.09882900193945104,0.18306103337880653
Apul,OG_06483,44.18900038915187,-2.8162407202376065,-2.7485431748224074,6.068290698728626e-19,5.471777723043603e-16
Apul,OG_06478,425.4640908985226,0.15056076721713643,0.12634228589069652,0.5152634604319781,0.6369797947237656
Apul,OG_06479,478.95846787855743,0.1726018030920077,0.17164921856442542,0.12411576259716396,0.22026211992494144
Apul,OG_06484,398.36529487008465,-0.30984078911810825,-0.28279479388717454,0.04423599324581914,0.09728681734086614
Apul,OG_06485,349.5461651184579,0.25320933423844927,0.20195202105057544,0.32445648892236295,0.45421893504315275
Apul,OG_06486,1158.578454727347,0.6592937303193863,0.6178300511964986,1.449733454475088e-4,8.662853915839541e-4
Apul,OG_06487,261.3820135204914,-0.5864512350300953,-0.5285010123129469,0.004035184118723684,0.013908736696686338
Apul,OG_06488,363.02648605544414,-0.5439516988845186,-0.5077428496138843,9.627913732149128e-4,0.00425146415880454
Apul,OG_06489,61.34347510666121,-0.295705783289565,-0.1951324631334151,0.428482394479472,0.5594592746917751
Apul,OG_06490,26.24002427744519,0.9543690981609885,0.31789462590645046,0.1733280625680756,0.2828264821166011
Apul,OG_06491,8780.645254071718,-1.6931507049409036,-1.5909819522959225,1.5395966682912274e-8,4.566626038809867e-7
Apul,OG_06492,633.7724344785616,-1.4494599562238368,-1.3469275640345757,3.983549986354284e-7,6.828905790939828e-6
Apul,OG_06497,162.17175976461527,0.2025321464335543,0.15515027538889253,0.48956358241186415,0.6131955580785913
Apul,OG_06498,55.46872493943516,0.6506760133620925,0.38310020071665946,0.15109476987089132,0.25572173884974264
Apul,OG_06493,44.470620242038805,-0.10825119471167288,-0.06484566104556716,0.7926117715943091,0.8620023738912794
Apul,OG_06494,198.85941961536685,0.5026578971580458,0.43640502247538154,0.028575617707103127,0.0689686961434233
Apul,OG_06495,303.01621668696293,-0.29825388339284165,-0.2569733131409711,0.15335591774155247,0.2584692168739399
Apul,OG_06496,1812.4282520389297,0.5485471532230773,0.4915609656327422,0.007455893360386732,0.02310302076653167
Apul,OG_06501,28.906677216352648,-1.0222203270397343,-0.4583063604488643,0.08537387767306209,0.16389530657398357
Apul,OG_06502,456.27076771563696,-1.3649659539479573,-1.295496672666833,6.61079440037337e-9,2.2242363100062193e-7
Apul,OG_06503,22.280452197563537,1.3931987927926994,0.43713472379818546,0.06423603752817923,0.13085079472898983
Apul,OG_06506,24.4131652857045,0.5726529235691935,0.19070903743641782,0.39292119327991043,0.5254293934161282
Apul,OG_06499,228.81437795401243,-0.35120381555669955,-0.32059184722708584,0.047728302217152234,0.10350315081579166
Apul,OG_06500,881.1899145257652,0.05881852740145562,0.03975021961488164,0.8479960135082241,0.9022277349620834
Apul,OG_06507,102.43421985424376,-0.6481443672057698,-0.34872293178349784,0.1974130242130827,0.31308981485006876
Apul,OG_06505,234.89548762746776,0.5719873428460029,0.4900830557039263,0.02037748171684847,0.052513218817039915
Apul,OG_06508,167.78450671791035,0.4933901480473209,0.2746660544312102,0.2931397526859957,0.4202959373461
Apul,OG_06509,973.9749670469753,0.32596311575455234,0.2994170643593236,0.048148467838960776,0.10406393444484884
Apul,OG_06515,27.114792394336355,0.3233691311296315,0.1650038912517433,0.5072754575586829,0.6294348150277478
Apul,OG_06513,546.7366129362316,0.5941917260539792,0.5485521675776996,0.0011615699596096618,0.004954529955440075
Apul,OG_06516,112.97579143420076,-0.24660743855898673,-0.14507718618974091,0.5524518664607967,0.6702715930943224
Apul,OG_06510,55.14756150081986,-0.09007375520025838,-0.07009885879869635,0.7486306239439515,0.8306142901565905
Apul,OG_06511,5156.755666780062,-1.5844087484582947,-1.4622094400347305,7.821344284215393e-7,1.1672098711817318e-5
Apul,OG_06512,933.793394327979,0.462651978447095,0.42091632470553625,0.017903257716197683,0.047306865968336595
Apul,OG_06517,658.2379158380296,-1.6182429662905993,-1.419042317530993,4.23891567118157e-5,3.156259505123387e-4
Apul,OG_06519,238.7972274196261,0.15578156075940966,0.1260306553190423,0.5491407727265118,0.6672915887598737
Apul,OG_06520,157.4378134594952,1.6180949811634202,1.2605665270402089,0.0010998860825517176,0.0047407613797174186
Apul,OG_06521,314.6041861043236,-0.45998346838348747,-0.4053237525786631,0.028949864353971674,0.06953791417593677
Apul,OG_06522,367.9549807927357,1.029823383867663,0.9530076231084058,1.802799075729336e-5,1.5451365299395663e-4
Apul,OG_06523,396.08655746754766,0.24716876067270058,0.20547725253580768,0.29278983290509436,0.4199277752990673
Apul,OG_06524,160.40625387486594,0.12310534993742084,0.11268523901065304,0.5020013102581576,0.6241615226368841
Apul,OG_06525,155.10121587673564,0.06496488763087543,0.05295887951299951,0.7998342525663715,0.8676738998304826
Apul,OG_06526,312.52444983491034,0.022944110820802464,0.018267551994359442,0.9373696581722927,0.9610303817782335
Apul,OG_06527,1559.100803238458,-2.1851876794618517,-1.9143853165495859,1.3199928120165426e-5,1.2069576177251727e-4
Apul,OG_06528,327.5331287406023,-0.286880993679337,-0.2581461176815611,0.08235179688829662,0.15917816774743207
Apul,OG_06529,99.00913490125357,0.08274815971103856,0.05731745160012067,0.8100577495775607,0.8741372340762164
Apul,OG_06530,296.0792532374126,0.18381533699546748,0.15856538992151992,0.3701945303024188,0.5024904530689313
Apul,OG_06532,5224.549303302296,-1.9124261881525506,-1.7689286490058453,2.2408853837706453e-7,4.354755065831876e-6
Apul,OG_06546,2529.0612174460884,-0.08840337147408735,-0.08357247734156169,0.6174958379887721,0.7259400223135277
Apul,OG_06547,297.2341761163959,-0.41088908161028703,-0.32450524475333115,0.13829450104805113,0.23903527917154357
Apul,OG_06548,113.04962810224666,1.7322746392983244,1.6031612330308687,7.036931462733561e-7,1.0688082599199319e-5
Apul,OG_06550,382.82685921057276,0.5041948620814208,0.42614630266034204,0.0442924559756333,0.09738275943141621
Apul,OG_06554,57.56971271038606,-1.9951068783824997,-1.6169587496908506,3.897997473871603e-4,0.002017694788857649
Apul,OG_06552,51.98187973277231,0.7468961710816852,0.4344307526380165,0.12820288248181994,0.22613563993321015
Apul,OG_06533,98.83572005909632,-0.4258409430290132,-0.3302066500483371,0.15143515555014012,0.25609354793616157
Apul,OG_06536,60.29509494152556,0.5581634046269068,0.33835138074073984,0.20290182205175777,0.319240224994015
Apul,OG_06537,147.45024839354542,-0.08094897745884777,-0.06519104543672118,0.745189770157245,0.8282233646626251
Apul,OG_06539,299.25248360233314,0.9935025687189188,0.7137936102807394,0.012959049072274352,0.03626683596669703
Apul,OG_06540,450.0430490479788,-0.0037360483676562553,-0.011449732124518025,0.9804622305624247,0.9878836291691105
Apul,OG_06541,949.5624656804015,0.5017998258545784,0.43207359562668296,0.033633560972749395,0.07810296659574588
Apul,OG_06542,328.9516489832766,0.0991598765838732,0.08774036989303335,0.5938556710745748,0.7044858026679965
Apul,OG_06543,641.1009946206743,-0.6059760758776285,-0.44304810829036434,0.08094888879035192,0.15703875435081827
Apul,OG_06544,495.55369207198737,-0.1255727605909582,-0.11640562336379083,0.38833186509283324,0.5207960842330575
Apul,OG_06545,845.2854422125832,0.4124289354611613,0.38823491865469584,0.004500866165230267,0.01523435068013563
Apul,OG_06555,894.2217071947094,0.645424636854659,0.5992241002553301,0.0011393967851345277,0.00488305171651998
Apul,OG_06568,217.6029128249448,0.5784706874770622,0.5128299136858426,0.009852687382398738,0.028933827270263834
Apul,OG_06570,15.679778165935721,0.7600996992490068,0.1571070040966123,0.38969514901308383,0.5222054903758587
Apul,OG_06560,10.853867755755711,-1.7723685903887632,-0.019025704658252603,0.4169871780770681,0.5489813673121511
Apul,OG_06556,231.9071491943044,0.22613668437504494,0.1728529880903854,0.421437472116951,0.5533860035064143
Apul,OG_06557,151.1852462238862,0.7120968555421747,0.645726770928087,0.0011445882091557277,0.004893670878121004
Apul,OG_06558,25.49456708181052,0.8710686198759521,0.1457101207791583,0.4017732678268208,0.5341771683860872
Apul,OG_06559,893.5643991253213,0.280454065749181,0.22052986880025718,0.3036217150009078,0.43209548676817955
Apul,OG_06562,304.05365556412426,1.0196300036418198,0.8614221919105374,0.002100599727224213,0.008073788465635433
Apul,OG_06564,548.4307488251817,-1.0783699993811018,-0.9815203469722366,4.024571835300469e-5,3.0182906775956113e-4
Apul,OG_06566,100.71735039579055,-0.49608747025612765,-0.4422263114224538,0.015898557199102176,0.043010510225743655
Apul,OG_06571,157.44058866730535,0.4227327527998387,0.3260174002047402,0.16417510664952098,0.2717765626324088
Apul,OG_06573,401.2562595155911,0.18078739011973516,0.15905782093857623,0.36946152727496884,0.5020245014223017
Apul,OG_06575,147.38935194668244,0.34766760198476127,0.2700749814522034,0.23003932644235126,0.3523466292730901
Apul,OG_06576,111.9334342244936,-0.7825016587910147,-0.41418096110860475,0.1258683280546354,0.22275853072986213
Apul,OG_06574,3258.829971588668,-0.08699780016512992,-0.08055299861599043,0.43735140948115975,0.567698846169432
Apul,OG_06578,103.61581283457554,0.2681858881734954,0.23274765477732978,0.19957795532019587,0.31555223971983276
Apul,OG_06577,405.083085719483,0.07346221381900594,0.04761554039684451,0.8316418965569771,0.8896565406636924
Apul,OG_06579,22.70551431093636,1.150997103019142,0.6198751937629221,0.04503704197626507,0.09875589143102445
Apul,OG_06581,35.28281146194916,0.25480033620784975,0.13717812697983228,0.5766301158867801,0.6903178113317971
Apul,OG_06580,246.92544156279286,0.48424395178630425,0.442253006728784,0.009277703014740181,0.02763695014334728
Apul,OG_06582,275.1018892244457,-0.3869138011694505,-0.3419032659318923,0.07579865358271688,0.14890554670051376
Apul,OG_06583,341.4365398132498,-0.487740882045134,-0.45721387615240855,0.0011350797328147008,0.004873816167042933
Apul,OG_06585,96.50663101463249,-0.4770812365391143,-0.20481174588636505,0.38283297983885645,0.5152246237622341
Apul,OG_06588,293.475676074975,-0.022103689083721543,-0.01759881568140104,0.924807627941396,0.9532453567841299
Apul,OG_06590,220.4664440565513,-0.16929261814148958,-0.14402679033371127,0.425015805254703,0.5563024409902245
Apul,OG_06593,6.783312712954566,1.732424818136401,0.24784146861254702,0.11219206663279593,0.20275611847521904
Apul,OG_06592,231.8685837823695,0.5311583259913465,0.2997327091531935,0.22888925700184654,0.3510024541472194
Apul,OG_06594,112.71302924351448,-0.4002179032964784,-0.3410948393844764,0.07931196814398712,0.15442798893421117
Apul,OG_06591,550.0967038112727,-0.8472733526218378,-0.7987733576279903,5.1543502035868355e-6,5.4807518615262374e-5
Apul,OG_06595,55.19951787051616,2.1013857860651757,1.736673663334029,2.1212391717015811e-4,0.001211349817050865
Apul,OG_06596,13.892223952343452,-1.990363608968128,-1.2955817607482327,0.003732038266888215,0.013014550975494846
Apul,OG_06599,214.73263015086587,1.8815795470758978,1.0973618299743393,0.007809801104697681,0.023993518419440883
Apul,OG_06600,32.99866910773219,1.7111074035439584,1.1158381170599576,0.009451620176426007,0.028071560978535345
Apul,OG_06601,482.49788991676076,-1.5816864707370466,-1.4345278020423473,4.752743419898687e-6,5.132393702661852e-5
Apul,OG_06602,115.68592891933717,0.4732295854477759,0.28279090551358743,0.2860022242537614,0.41303775088608463
Apul,OG_06603,341.57914490250806,-2.072950418319789,-1.8037012631125657,3.609296923215214e-5,2.7627360234831565e-4
Apul,OG_06605,98.44849289807156,0.484332495784292,0.3546025069545005,0.1449278696197129,0.24801947245415662
Apul,OG_06606,453.355397232366,-0.15992396387015656,-0.14358060005700085,0.30519778233268613,0.43392753126676614
Apul,OG_06604,46.40389581673849,0.4407121113423299,0.28759491205948584,0.26165074194065074,0.3885547990907194
Apul,OG_06607,471.9192231174931,-0.003288903909512305,-0.0021789529357296522,0.987840633558328,0.9919421518281036
Apul,OG_06608,697.611792563684,-0.607462027501811,-0.5783666923593884,3.303936511174581e-5,2.571905307455957e-4
Apul,OG_06609,406.12787253694455,0.6065141442513744,0.5006685738135412,0.028477154882622167,0.06882297120788103
Apul,OG_06610,152.37465658066967,0.32370447148963516,0.23684651669401233,0.3027595212328961,0.4312087510593941
Apul,OG_06611,5563.898794926907,-1.3440736343055466,-1.2632424361438075,9.077016357814704e-8,2.0109940171600783e-6
Apul,OG_06613,89.4908144719573,0.3633593173697802,0.24715425256928672,0.3127491093314213,0.44146191591130646
Apul,OG_06612,446.5412276217294,-0.2247194398865547,-0.19620131148779651,0.25022878657553743,0.3752391432814936
Apul,OG_06615,22.41160823789685,0.8877469883679495,0.44833600599460494,0.11598490382179902,0.20816796929959427
Apul,OG_06616,99.80214106766954,0.9212604355867401,0.516828985468402,0.07268865067229363,0.1440829991453224
Apul,OG_06618,54.230889740710566,-2.5268504143989663,-1.9788810271791841,3.0304503895781326e-4,0.0016352825351780983
Apul,OG_06619,172.47657194894327,0.32279229501066375,0.20097119266490165,0.42536688789147015,0.5566508318577226
Apul,OG_06620,177.92077068395542,0.7835926928718184,0.5593090412751787,0.050029647864975164,0.10715376123479359
Apul,OG_06621,51.853402853882734,0.26553775032911114,0.19104332968113877,0.4255448714823559,0.5566717113240104
Apul,OG_06622,363.61468136239273,0.5361076932466766,0.44896715226644673,0.04011871212693822,0.08989821750710782
Apul,OG_06623,34.413798200426434,0.5233890446059648,0.22581691879545338,0.3914644985554523,0.5240901346926936
Apul,OG_06624,1284.8084651337977,-0.15916559331070906,-0.14786065816551916,0.421246088403006,0.5532152605781976
Apul,OG_06625,295.27721226130825,0.4777077942834592,0.4366709520494779,0.007993045260139556,0.024489734662140123
Apul,OG_06626,2398.7750417385964,-2.076183766358232,-1.9354883805802208,2.220783063663711e-8,6.199628756983184e-7
Apul,OG_06627,38.03854156183753,0.44375399623062584,0.16896631631659978,0.48545647131407915,0.6099310682468566
Apul,OG_06634,167.2692322423061,1.157280882051014,0.9393838556099822,0.0030238951222908233,0.01094159804080913
Apul,OG_06638,54.36232151681588,-0.46334047043057286,-0.2331154887442019,0.3593494909436039,0.4919912480775094
Apul,OG_06635,201.24526899689477,0.678504223571218,0.5673323377281501,0.017829113053263963,0.047156668382128245
Apul,OG_06636,50.948516518902444,0.9712089869944907,0.6709954733519683,0.03202809302518778,0.0751489239677643
Apul,OG_06639,235.20922456110557,0.8763171518553406,0.6961263464057367,0.011649614813178114,0.03313709046385711
Apul,OG_06640,48.89204749289071,0.01078122232003916,0.005474679144119493,0.9818196241108103,0.9887117365182243
Apul,OG_06641,32.07829320522858,-0.13957857331163298,-0.04153047229119166,0.8486092208467068,0.9023478000441929
Apul,OG_06642,142.5317004794092,-0.21664147155182978,-0.16187980400528115,0.499656703669082,0.6223794028158741
Apul,OG_06643,182.30753059647532,-0.0020721188770953,-0.001097263217666186,0.9940307639408132,0.9959083776060347
Apul,OG_06644,732.1886265730826,-1.2602995465286264,-1.1711131303114346,1.4150785694260225e-6,1.8959529659011064e-5
Apul,OG_06645,607.9043304161995,-1.3481237175380238,-1.1635522009826595,2.3270798813114821e-4,0.001311454955611602
Apul,OG_06646,385.9678938108638,0.33692433653909126,0.3075657878995752,0.034531212508895896,0.07983093854106522
Apul,OG_06647,629.8640213815507,0.16725006896710695,0.14870662305134177,0.3440025230906,0.47582002618621566
Apul,OG_06648,2712.630251800426,0.02008606989928603,0.018168887215381787,0.9107470701718662,0.9439317622689332
Apul,OG_06649,157.19311869435023,-0.15516519795568895,-0.13287643496451615,0.4584762072059727,0.5876446283406191
Apul,OG_06650,210.6374079320764,-0.20402199466691964,-0.17590639087179552,0.332171082708911,0.4623398002866626
Apul,OG_06651,145.3264168059354,0.951525671158088,0.8440913057589255,8.081167954302327e-4,0.0036617030876353812
Apul,OG_06652,409.1180777226205,0.8127248063850769,0.7583887661942422,3.4105873811345926e-5,2.6352413381054517e-4
Apul,OG_06653,54.901579152819615,-0.6804162881452971,-0.44163704040349905,0.10855149182502168,0.19769921264112714
Apul,OG_06654,510.6844234768657,0.20691426166441373,0.17425027345100713,0.3594784942384542,0.49204938807628845
Apul,OG_06656,223.5854127426697,-1.3365429858345468,-1.2737439193015285,4.16624710964228e-9,1.5209332059775073e-7
Apul,OG_06661,57.6128904965783,0.4482169986791093,0.04942089501133158,0.7554841060979768,0.8351908145420601
Apul,OG_06662,462.9812531543349,-0.45695266134376,-0.41501497716492025,0.012228968458040645,0.034545303441777094
Apul,OG_06657,371.0591264214869,-1.0761153984834237,-1.0208397646486504,2.2727366899484948e-7,4.380360407626913e-6
Apul,OG_06658,642.0435561105303,-0.3206621284224227,-0.2947244805304142,0.04616104236236636,0.10083190866798872
Apul,OG_06659,255.8275571462516,0.8535974022339476,0.800756374083424,1.1011143993570148e-5,1.0332971882513068e-4
Apul,OG_06660,347.35106381770765,2.1632994950949107,2.1110533228979556,8.64755780491785e-19,5.998079132841866e-16
Apul,OG_06663,881.3273875020814,0.07180627060296671,0.04414652240807862,0.8167205238387503,0.8799580551384887
Apul,OG_06664,454.57109493660226,-0.29813795520800734,-0.28113384391975843,0.024524106864139524,0.06108881137339688
Apul,OG_06665,59.903725722348625,0.9616982399258687,0.7410964213592571,0.012743754835731811,0.0357308573861299
Apul,OG_06667,302.0945054641105,0.12829758423988555,0.11533769645109727,0.43996138616672353,0.5697446243092555
Apul,OG_06668,121.5417790196125,-0.05635359548612371,-0.04265131344869189,0.8404429127653865,0.8964127920990644
Apul,OG_06670,1640.128608861814,1.03043481348581,0.8799224955464213,0.0015224307319278516,0.006222918363460307
Apul,OG_06669,5458.525818664082,0.4735633418568552,0.44260057502480116,0.002691002995147408,0.009956821504819113
Apul,OG_06677,510.3047190791632,0.6278999264162911,0.5894790601914963,1.6228076659734257e-4,9.563958643191098e-4
Apul,OG_06678,223.37521162971788,1.1439058704472964,0.9859203392255248,4.267834141401286e-4,0.0021769729858828104
Apul,OG_06672,1446.5174441838412,0.3242725277018748,0.253286651522745,0.2454776164564696,0.37076577346532436
Apul,OG_06673,899.4829417453905,-1.2075096503116447,-1.04668107940661,4.4129642045930977e-4,0.0022354886647649418
Apul,OG_06675,173.77410931746778,-0.019280509876315532,-0.014799894703525164,0.9389458002569272,0.9622894277976456
Apul,OG_06676,407.9259056063102,0.09865122716127082,0.08323679599546174,0.596135696450663,0.7065539017478255
Apul,OG_06679,316.42546717984425,0.9849242550722113,0.8920701899653231,9.105468249026827e-5,5.915274294054387e-4
Apul,OG_06680,339.27242741928467,0.9992086402434889,0.8214049289238716,0.0039087190219922775,0.013545318762991686
Apul,OG_06683,820.0637072278166,-0.6457809322728629,-0.6015388115032498,5.902397465541731e-4,0.0028430511723712493
Apul,OG_06685,244.373580295918,0.963832897959313,0.7842218993531371,0.0052712101638054815,0.017391328959763638
Apul,OG_06686,180.73097980363463,0.895365282402533,0.8212734995714773,7.054640389345727e-5,4.82638030278683e-4
Apul,OG_06689,5333.907784220413,-2.47489266014106,-2.3751444082207755,4.495609378636972e-13,5.553001337968435e-11
Apul,OG_06691,111.87344063146426,-0.37787716636860613,-0.31098754316738225,0.13954479527145916,0.24072611803381427
Apul,OG_06690,132.02465084829942,1.5586045509502324,0.9447120555672573,0.011558979192391962,0.032962465331372016
Apul,OG_06692,471.2749728782581,0.19827282527292964,0.1728332778008262,0.36459448545856465,0.4968336822396672
Apul,OG_06693,362.6638218562883,1.168000615113029,1.113458119458876,2.474231495701501e-8,6.781199208735694e-7
Apul,OG_06694,309.07323740492075,-0.6069173417306389,-0.4861076605441996,0.04192130604804825,0.09310453611705692
Apul,OG_06696,116.99549511756581,1.4367887499754075,1.3346431064540967,9.243962362683503e-7,1.335782189492262e-5
Apul,OG_06697,214.93819778105217,1.1310031214619807,0.8758522200261857,0.0074058291306753786,0.02298816664012088
Apul,OG_06698,40.08419511115356,0.2936231940988238,0.1263287131168025,0.604434957657647,0.7140298720292156
Apul,OG_06700,2809.5276511436386,-0.6555004406182348,-0.5981122197166946,0.0014311776861282814,0.00591969229165996
Apul,OG_06701,2837.6397056540854,-1.2136872924433022,-1.1073534497814865,1.585125713197101e-5,1.3971728793644439e-4
Apul,OG_06704,312.90567049429114,0.19266366703331805,0.1561990887347157,0.43437421951717675,0.5652694959426154
Apul,OG_06702,68.62886460999877,1.175016546983968,0.631869867010342,0.04928240165612926,0.1058298203699256
Apul,OG_06705,112.10074604903113,-0.6607609108873952,-0.563925301475252,0.014325808527910116,0.039442997098065806
Apul,OG_06706,255.0699820835056,-0.13212762621994323,-0.12121614055757819,0.40589931304071974,0.5380761696101396
Apul,OG_06707,311.0094099988354,-0.026457712261449922,-0.01885443548691746,0.9207455969351332,0.9511241892042728
Apul,OG_06708,717.0959496394005,-1.483374653219735,-1.364823205000934,2.3071385693471102e-6,2.849790202712725e-5
Apul,OG_06713,10.826153188526659,1.3533862823003866,0.14996221051452807,0.2690120923967111,0.39577125748754183
Apul,OG_06719,285.63203046031316,-0.2672959884094941,-0.16228395757693864,0.5019910233339064,0.6241615226368841
Apul,OG_06720,143.1180777618236,-0.3574582399847977,-0.30084340523186603,0.1221897066954635,0.2174002733372128
Apul,OG_06721,106.98429807285575,0.4313810035021838,0.3628545320857802,0.07581955019077435,0.14891415466569644
Apul,OG_06722,14.302458096921935,-0.17365792895792173,-0.03599938826778041,0.8390960144865659,0.8953689531437666
Apul,OG_06723,114.25457123682676,0.45683726887473813,0.3224939403628602,0.18365010810258414,0.29600582074466997
Apul,OG_06733,83.95493085641222,0.9834272336062294,0.5813562547647022,0.05956148269769434,0.12315200400942669
Apul,OG_06724,327.6249820300276,0.6534567617247918,0.6103327778791421,1.819859799290911e-4,0.0010600565768867018
Apul,OG_06725,1046.7443051366417,0.45706794243581866,0.3997508781751247,0.03461868395532617,0.07993768840593497
Apul,OG_06726,259.76404866639723,0.12460846555646535,0.10824850784483893,0.5518949012925614,0.6697760868041757
Apul,OG_06727,284.4176583728929,-1.3742637872289682,-1.212360518726054,8.691784028729452e-5,5.699913933603889e-4
Apul,OG_06728,68.50026821302816,-0.2326768262685648,-0.15512596333386514,0.5169164542518154,0.6383524468809468
Apul,OG_06729,129.967311489303,1.2512732999670686,1.106987092376021,1.5190585997545473e-4,9.023288138331195e-4
Apul,OG_06730,198.5251978150924,1.2203885633740714,1.1494610711196511,2.728802613491111e-7,5.073322302236979e-6
Apul,OG_06731,394.0671191270859,-0.8806574522611925,-0.7603281390739125,0.0021591571777889542,0.00826363339224236
Apul,OG_06714,240.7133422501673,1.020937975480748,0.9604824967681646,2.8987236241222783e-7,5.334243044634813e-6
Apul,OG_06715,129.8059582542519,0.2553912148858149,0.19205156179171623,0.3963086076622451,0.5287828818127351
Apul,OG_06716,776.1697303592524,-0.3467342072576416,-0.31127730589157676,0.0638966720860797,0.1303803113069579
Apul,OG_06717,577.0669668340236,-0.25024497910167515,-0.22089032137591558,0.20331798485391347,0.31967188656107026
Apul,OG_06718,280.33691570619715,-0.7366158469515705,-0.6550883000491816,0.001855577701478658,0.007300062885791038
Apul,OG_06734,97.9734762940084,0.9402239464561243,0.8042025659026956,0.002227780030481065,0.008486646613792889
Apul,OG_06735,95.86874787258901,0.39963119080894893,0.23072758405528174,0.37763374294113145,0.5095201945384082
Apul,OG_06736,142.00787020226602,0.18743257194161714,0.14058414936264582,0.5195297337003268,0.6405852056305
Apul,OG_06737,123.98652139144274,-0.2107582146503364,-0.1676911043653353,0.4085077001518749,0.5405802659626439
Apul,OG_06738,777.8373600841757,0.663798861510483,0.5400424606293165,0.024458623561555416,0.06095727160158794
Apul,OG_06739,49.3013865939251,0.9714519873882765,0.7721741854695912,0.008646889417237583,0.026027846958315635
Apul,OG_06740,15.429968430496496,-1.016099626210696,-0.36544240214930696,0.14219614970239788,0.24445808996501844
Apul,OG_06744,49.83179359558642,0.26799213353442897,0.18567764926495392,0.44244708250982745,0.5722881100943862
Apul,OG_06741,102.0754842209856,-0.7700694110955689,-0.5386146946413461,0.0488855906613785,0.10527856961873655
Apul,OG_06743,282.4166515249798,0.7357528810245474,0.6557639416447387,0.0017241254967694164,0.006869836325395416
Apul,OG_06748,32.75669124639474,-1.295003204294649,-0.9196907925760083,0.010700099310893498,0.030973610107970038
Apul,OG_06747,39.58558901205483,1.4325856935623775,0.7160192388438146,0.028839172786236378,0.06936324913670136
Apul,OG_06745,1096.6745113762088,-0.0732011611091908,-0.05308345231314654,0.8047465297218155,0.8708027671308785
Apul,OG_06746,152.3452700703919,-0.33002504816310185,-0.25408427370569114,0.2419314650297588,0.36639167285410396
Apul,OG_06750,162.89593849161616,0.9787702658907683,0.8942419972700039,5.866411715144074e-5,4.1550075890251404e-4
Apul,OG_06751,233.48330258751292,0.4592812455742097,0.3979434078572702,0.03906603849557126,0.08796916048182625
Apul,OG_06752,130.04400261270754,0.22180437483631626,0.16120252244360286,0.4813285550297328,0.6071823699920399
Apul,OG_06753,680.4516170423979,-0.8209738738814483,-0.7671959312466634,1.4363942793085525e-5,1.28619336807599e-4
Apul,OG_06754,224.43838788705344,-0.19746767415569041,-0.14851322943404108,0.490578952106619,0.6140846406750431
Apul,OG_06757,12.52853725668403,-4.359558072013088,-3.539296321318279,2.3904232389758455e-5,1.9488649498955874e-4
Apul,OG_06755,1483.0485485520308,0.025345859510010504,0.030514573294647185,0.8255313743071653,0.8859670077744509
Apul,OG_06756,230.98358537467112,-0.3826575399435102,-0.3388099325517225,0.049230268604552783,0.10576824684471109
Apul,OG_06758,162.92991335301488,0.5752657362909641,0.48369450321620977,0.02876860201559416,0.0692714281259314
Apul,OG_06759,204.87519447960608,0.5637898049238491,0.43722055285119055,0.07057629638207273,0.14073734819206637
Apul,OG_06760,738.5340267703936,0.7724542583150801,0.7223083661994691,2.9114745618173644e-5,2.2988411667169154e-4
Apul,OG_06761,384.52046779943436,0.866293036019772,0.7875117828150012,2.1146539467438747e-4,0.001208354539783873
Apul,OG_06762,240.7981306181298,1.1209969918436777,1.0489129012963707,2.035748161859218e-6,2.5709161310202474e-5
Apul,OG_06763,655.7770004586131,-1.76132168131177,-1.6282758272674125,4.63199698551533e-7,7.625792864953751e-6
Apul,OG_06764,504.87422440875764,-0.2840832124380849,-0.25259895606479627,0.12885009626469693,0.2270995539520665
Apul,OG_06765,305.20195028850037,0.0811528856437487,0.06452306389567222,0.7552129007214471,0.8350404323489011
Apul,OG_06766,337.27871034678657,0.8777917773845337,0.8212649662841052,1.8006007746561093e-5,1.5451365299395663e-4
Apul,OG_06767,155.85135273518313,1.0253996081504402,0.8336435919772947,0.004784523521378317,0.016048797081318684
Apul,OG_06768,4493.233202164396,-1.6432902079211238,-1.484992937154848,5.827005956034544e-6,6.067218557224421e-5
Apul,OG_06769,428.90263882423153,1.3151515160191518,1.1929964339584935,1.6407490051559042e-5,1.4377681029631477e-4
Apul,OG_06770,116.3412457186572,1.2594859850317996,1.0735084052603228,5.990103981882329e-4,0.002877611486661319
Apul,OG_06771,130.4763405587997,1.0604227158723103,0.7158771705552556,0.023955368026983864,0.05989099277276081
Apul,OG_06772,178.2555995477324,1.2347569611259324,1.1397789075844156,4.480516558563712e-6,4.8734400251591064e-5
Apul,OG_06774,105.402358567719,0.3501578487930385,0.28963711769893374,0.15488961078253813,0.2604213351531133
Apul,OG_06773,1018.8907952394626,0.3829399361318278,0.3613553163456718,0.005267661582717656,0.017385982610309336
Apul,OG_06775,130.84380195146022,-0.27123980238353496,-0.23618394113461905,0.17325396981396549,0.28280793733029086
Apul,OG_06776,1113.7385781182827,-0.6480542478288648,-0.5371304141383336,0.021328636915183365,0.05462093696796603
Apul,OG_06777,589.7226721016849,0.42248784710334203,0.3675636090532397,0.04799669009534307,0.10388529874932992
Apul,OG_06778,239.61998712975537,0.8460111243165191,0.7674880784974607,5.210845326356525e-4,0.002564748488414672
Apul,OG_06779,1730.5750900730013,1.1076485104741618,1.0046725076566725,8.0187730650341e-5,5.355946424252776e-4
Apul,OG_06780,420.0445674600396,-1.3969058756837334,-1.2653310854495983,1.338383756202915e-5,1.2207997805626286e-4
Apul,OG_06781,1757.2889253444107,-1.2849698336979507,-1.1521775507193137,5.130903433823762e-5,3.707159956954236e-4
Apul,OG_06782,1454.4111227286926,-0.38299390759603885,-0.19224014023817293,0.4080887911079692,0.540219146929161
Apul,OG_06783,150.38372499975725,0.7051059133710358,0.4857661810932565,0.07114317254054243,0.1416845790654872
Apul,OG_06784,278.4872986105307,-0.192111539248159,-0.15848604208472272,0.41851137244500314,0.5505257440763097
Apul,OG_06785,1244.0337258003497,-1.5101262315766522,-1.358501469425728,1.4218357748992846e-5,1.279510297631422e-4
Apul,OG_06788,38.119685509142094,-0.2122853292845912,-0.11869343884838687,0.6311119822464136,0.7372375623676528
Apul,OG_06789,107.05615154407432,-1.948795993436617,-1.8772563282108672,5.780658832917347e-13,6.682589832873811e-11
Apul,OG_06786,290.73011598544883,-0.09843664094812582,-0.0911063185185331,0.6307708172833345,0.7371255131472042
Apul,OG_06787,182.69132167550782,-0.20157918672581235,-0.17357899189134204,0.3295864282950243,0.4596876757828669
Apul,OG_06790,3087.7623378228027,-1.9373089268206654,-1.8629921656805937,1.6304598659230095e-12,1.6898685759802043e-10
Apul,OG_06792,320.0628393722731,0.21660309058930896,0.19903279150501232,0.16919883768028285,0.27784846464452934
Apul,OG_06793,384.2788212178863,0.4203147394691245,0.35376097804418594,0.054981220215958804,0.11572494460487874
Apul,OG_06794,312.8428453398478,0.9333288348824532,0.883372101817515,1.0845780793012064e-6,1.5328590189747615e-5
Apul,OG_06795,87.65195803482905,0.0213545833300339,0.016475998308749497,0.943582290655244,0.9653460011051049
Apul,OG_06796,12.308175769712147,-0.05545181459864795,-0.011783271924720064,0.9549522054135319,0.9727510043699719
Apul,OG_06797,30.712542907486107,-0.14975405270967126,-0.09308837273521939,0.7053785212784219,0.7975420848109757
Apul,OG_06798,804.2422332390623,-0.31057857253153015,-0.27263595515216305,0.11748313684148479,0.21039631477649817
Apul,OG_06799,66.20547203616943,-0.6733109091453703,-0.344581526657379,0.21146782241283277,0.3299304591616716
Apul,OG_06800,412.6782140823254,-0.8160439279751631,-0.633729295635664,0.021196337085213884,0.05429754872084477
Apul,OG_06801,344.85909696063476,-0.22258377339045116,-0.1698383246050399,0.4308927247758913,0.5620366988723002
Apul,OG_06803,138.19857314753878,1.2404724239785856,1.1338951507560662,1.18767765233696e-5,1.1040504526930278e-4
Apul,OG_06804,3263.515049507593,0.14315603079773356,0.10187708341302736,0.6529678489329993,0.7558165717366951
Apul,OG_06806,38.395880063398366,0.37441416349830053,0.2004688921228928,0.42251109537640125,0.5542308040455354
Apul,OG_06805,65.14899879282432,2.1909909095891646,0.5016990838304209,0.022288760973500705,0.056693302594656096
Apul,OG_06807,180.42065129209462,0.06450261768609912,0.058598561976535304,0.7958468332277292,0.8644923376959925
Apul,OG_06808,193.18301636769237,0.30206055985746755,0.25914927587550296,0.16059937720499018,0.26735178032862
Apul,OG_06811,149.45055208422366,2.303684027491217,2.205952801026546,1.4296385487935295e-11,1.1826652105019501e-9
Apul,OG_06812,101.33451335401622,-0.03514513672875615,-0.028176546106006124,0.8995625175912021,0.9365277824434396
Apul,OG_06813,320.75180857349363,-0.045269192701758706,-0.03456250539256243,0.8695758940099337,0.9175012679952694
Apul,OG_06814,202.10779435121407,0.6136699710487394,0.46876604379848513,0.0648133238653461,0.13172525177323935
Apul,OG_06809,15623.935996688131,-0.024596727589267592,-0.020785718681840832,0.9011946881638763,0.9374795227473087
Apul,OG_06810,343.61813276550794,-0.7684867624831333,-0.6712796221317845,0.002690548932178832,0.009956821504819113
Apul,OG_06815,388.8497857575249,-0.11748472889358849,-0.10633998970689759,0.4697182881025721,0.5968507590524285
Apul,OG_06816,120.40894540308102,0.21858707942186667,0.10521101125205466,0.6659827208833682,0.7660627878817874
Apul,OG_06817,53.911413288594076,-0.49674405833455726,-0.2145209939361498,0.38970906244966824,0.5222054903758587
Apul,OG_06819,483.36826359671176,0.0518359406047507,0.03904194053203457,0.7929608477534579,0.8621883473041034
Apul,OG_06820,997.9908557398954,-0.8792830437032728,-0.8567500183501875,7.668133449083972e-11,4.903798532651785e-9
Apul,OG_06821,363.6434347226243,-0.8335598787949656,-0.7424095308180548,8.139395046626374e-4,0.0036843837919392575
Apul,OG_06822,428.5586840285732,0.39878941505016696,0.32365340816027427,0.12897378865317316,0.22722873237312669
Apul,OG_06823,172.30415749274832,1.093087715094385,0.9606545155095024,3.2143710567660976e-4,0.0017231857205029669
Apul,OG_06824,113.15979474612575,0.9927402939360959,0.7911763786202217,0.008569774858697143,0.025835392812060227
Apul,OG_06825,155.93663052934488,0.28390124627534885,0.18809275497580263,0.437340472462253,0.567698846169432
Apul,OG_06826,542.1051360995559,-0.7456447582416663,-0.7000628299046372,2.6262843693169714e-5,2.1031266570276314e-4
Apul,OG_06827,2271.758508914608,-0.29961106647701197,-0.2640261350488934,0.11729851258142841,0.21023269488108526
Apul,OG_06828,823.5852686016327,-1.0323518173718689,-0.9615423877443471,5.011731147608519e-6,5.360709342584343e-5
Apul,OG_06829,333.2659641087348,-0.985330745321684,-0.8785917678643879,3.528441892270867e-4,0.0018540769546973432
Apul,OG_06830,55.74306616909242,0.600956381313037,0.3771680013856636,0.15858516801182002,0.26505328266220224
Apul,OG_06837,129.48848082411126,-0.3813598374712929,-0.3333841504698918,0.06317354244705088,0.129169122958063
Apul,OG_06832,436.2181671704857,-0.1814052272808121,-0.12016800162729105,0.5886987643739858,0.7002106263501162
Apul,OG_06833,77.4043946176159,-1.566014516376392,-1.4546797221557732,2.9113714162324695e-7,5.346606122233844e-6
Apul,OG_06834,99.7130020371651,0.48741759118083755,0.42562351701120665,0.0292170680085178,0.07004793997149826
Apul,OG_06836,440.0978344375517,0.0855618552781312,0.0637639136551351,0.7890630809005282,0.859399195163019
Apul,OG_06848,1741.4555284266444,-0.9132948394244331,-0.8280926653782433,1.6606027287666153e-4,9.761183054295026e-4
Apul,OG_06838,181.42741242229414,0.15023206223512675,0.10192615627747363,0.6632960262247019,0.7640444900955718
Apul,OG_06841,15.772284384955242,-0.45869215967689947,-0.10806288966158659,0.5645803675125771,0.6800455749213075
Apul,OG_06842,11097.53703250678,-0.30172063669029703,-0.14439988546784566,0.5360522560690391,0.6552234232038125
Apul,OG_06843,67.35592997827604,2.044897294481065,1.7872197128087841,2.050390142828272e-5,1.7198481784076768e-4
Apul,OG_06844,35.81383350039069,0.4252803099048412,0.24201119924180634,0.3364916558189372,0.4675108259660026
Apul,OG_06845,29.911035437106953,0.691322435450929,0.43913320183858257,0.10523382798724591,0.19255142592552688
Apul,OG_06846,605.0724739472455,-0.08363083955506226,-0.07054107596589541,0.6958764637696042,0.790167242640791
Apul,OG_06854,41.304927923580635,0.43134477664855075,0.2701900452064586,0.29765239244007724,0.4252109668301927
Apul,OG_06849,168.68205978903933,0.16708285802671466,0.12580614437298307,0.5704098066936076,0.6851452280479898
Apul,OG_06850,175.75253964053735,-0.25873245850443916,-0.055059606933706276,0.767621327120265,0.8435882396884131
Apul,OG_06851,91.34985754384002,0.17475863506138056,0.1341736868210408,0.5351576791740323,0.6543073617779321
Apul,OG_06852,3016.6122853436655,-0.8933203164450677,-0.8035578277774077,3.4080665988404246e-4,0.0018066159036886603
Apul,OG_06853,323.78341475689183,1.0571325862749523,0.9374113422916783,2.7906195586332175e-4,0.0015259418580325405
Apul,OG_06860,158.53500038401899,-0.37776231852216097,-0.28817796770482856,0.1976089662697015,0.31312631422058723
Apul,OG_06855,41.12389691034819,-0.5638890436964991,-0.4055625491572235,0.11632524551748999,0.2086957299703954
Apul,OG_06856,70.81792253461472,0.6686706376325308,0.5117893285755458,0.04860841731673184,0.10483188207246377
Apul,OG_06857,1451.7654894147981,-2.0954827701713223,-1.8913466211458971,1.8929905031581934e-6,2.4280363253168462e-5
Apul,OG_06858,422.66913772292156,-1.1610725377258109,-1.0387910503805935,1.0279087519463085e-4,6.527220574859058e-4
Apul,OG_06859,27.22636189964428,0.20519535046117449,0.07921736855622118,0.7345299765040345,0.820014460583989
Apul,OG_06866,46.515798872778284,-0.5582200922853036,-0.31030407686953093,0.23206626664374416,0.3549688763912877
Apul,OG_06867,47.06425715754352,-1.123487131219721,-0.5778293866514165,0.0670382186894296,0.1353826691875894
Apul,OG_06861,13229.77381542308,-0.6354636694984106,-0.4845652029673822,0.053020108862401945,0.11219955916739693
Apul,OG_06862,209.68377751303132,1.3473958369555936,1.1643359549096306,3.179053052841746e-4,0.0017083147424001206
Apul,OG_06863,848.3280029185559,-0.004154806845842363,-0.002547663977920282,0.9883308646005506,0.9921820759411228
Apul,OG_06864,1280.1299503506484,0.4439102559944882,0.3923798683668273,0.03455562598011937,0.07983093854106522
Apul,OG_06879,220.5132742219627,0.9436916309933642,0.8028269016390173,0.0022779811689400513,0.008659593676362749
Apul,OG_06880,192.56591786982057,-1.5326374096213866,-1.3121358496029099,6.989291161914863e-5,4.786640686001997e-4
Apul,OG_06881,401.2955176807819,-0.9626552711187136,-0.8902212108647314,1.756056852219747e-5,1.514957883097048e-4
Apul,OG_06868,191.8673346434659,-0.6600289411479789,-0.5494757486969146,0.019894185854759137,0.05149613025816055
Apul,OG_06869,233.67183329978053,-1.3080713872001095,-1.2220104533438647,1.7536131536193735e-7,3.5374339611154117e-6
Apul,OG_06870,486.75915220115587,0.46707615041713474,0.37786238790940263,0.08867607867863284,0.16865475668534746
Apul,OG_06871,626.8690432046792,0.9916944006691885,0.8571750222457717,0.0011403946448187187,0.004884299199995624
Apul,OG_06872,2948.8777977279724,-0.6256058173051384,-0.5475614415348367,0.01176853261627908,0.033391082001569684
Apul,OG_06873,677.0175205963799,-0.09205666601610536,-0.0857045829631844,0.48344884010462624,0.6086649247728867
Apul,OG_06874,247.48201946780105,-0.12476455156385693,-0.11194280928189058,0.47518696554560236,0.6014543610787052
Apul,OG_06875,70.9764596375209,2.2575772053376695,0.6257598978070879,0.013615930669394151,0.037788503184341966
Apul,OG_06876,82.2412828458248,1.0649606363507094,0.7752774975167069,0.013537059109488462,0.03761592049006393
Apul,OG_06877,82.94507925687165,-0.1766023449437809,-0.10659403975804947,0.6586249367746637,0.7606072047767857
Apul,OG_06878,41.85815629423237,0.08365824896869277,0.04734299855194862,0.8455897924464556,0.9005974033291475
Apul,OG_06884,88.84851371714063,1.1232148547189256,0.9478215895090407,0.0014135672257119824,0.005868386590352185
Apul,OG_06882,544.6039267535725,0.5818307119947697,0.456768870744533,0.05202326276804287,0.11060923376077401
Apul,OG_06883,528.3163029018194,0.6443098759514421,0.5001705390703205,0.04812012055242255,0.10406393444484884
Apul,OG_06885,22.306479440951733,1.2543383531183663,0.29826403802751855,0.16208554347234622,0.26920709992450653
Apul,OG_06886,37.08861739370162,-0.2975921623657193,-0.2087254955575583,0.395613483593825,0.5280898270267239
Apul,OG_06887,41.033130481292496,1.100306931682266,0.661311122224096,0.03792956111319165,0.08584609752953039
Apul,OG_06888,13.695812988671495,1.0093711439361068,0.21321616948488725,0.25938800605027523,0.3858300314343998
Apul,OG_06906,19.917920375391617,0.21622030108501045,0.057322155928318796,0.7708569258653297,0.846318872583426
Apul,OG_06890,50.361581625131336,0.27743524619725973,0.1436481178333369,0.5836684411350673,0.6961477610869684
Apul,OG_06891,481.87008182820364,-1.5306133462492069,-1.1986773962955595,0.0016538239100375846,0.006669288996783945
Apul,OG_06892,6.688918842825243,0.9126610315125212,0.2293693470115421,0.27349058687019556,0.4004651870426362
Apul,OG_06893,113.42966152430634,0.23364233326013137,0.18798866763712302,0.3650640410947275,0.4972481055213229
Apul,OG_06894,166.88393720569758,-0.27112861194206733,-0.22545903273796641,0.2555225905333238,0.38158726373810004
Apul,OG_06895,716.3759196789472,0.3687227751462342,0.24586578824082006,0.32445119541255363,0.45421893504315275
Apul,OG_06896,1096.594928490435,-0.060935597750749075,-0.04644699372532161,0.779966969657436,0.8527903680612465
Apul,OG_06897,103.54168260708659,0.49985437114745995,0.4048425108998754,0.0715222377145212,0.14223996856458704
Apul,OG_06899,230.32245955735348,-0.20797693605766857,-0.16306830237632008,0.4126092294871957,0.5448085257411105
Apul,OG_06900,412.5416917794403,0.48325685962121145,0.3922260955718657,0.07432582049335987,0.14658493833109826
Apul,OG_06901,620.4777927896243,0.0718030387372607,0.058455937018529316,0.7707438613282194,0.8462977834384503
Apul,OG_06902,138.9795930560973,0.3961859090526468,0.28123776184156224,0.24579434722789445,0.37091206869189064
Apul,OG_06905,913.8647704983059,-0.34576661938114117,-0.2843995393309112,0.16795460946993498,0.2763983581660263
Apul,OG_06903,1152.032603040003,0.0040889383144493575,0.0039045207032126915,0.9868111761262318,0.991539600527104
Apul,OG_06904,2597.4246965566062,-1.0118074353614988,-0.9098649479261263,1.4882952215137534e-4,8.86976735782519e-4
Apul,OG_06909,24.716910993580576,-1.6005640073464067,-0.49440896071561147,0.04739633883788705,0.10298139453041627
Apul,OG_06917,267.1295671595789,-0.08684268249214609,-0.07537377655196653,0.6665851892420902,0.7664624651104217
Apul,OG_06918,50.0576903206659,0.8527616280980915,0.584680371379036,0.05007304362068809,0.10719578212909414
Apul,OG_06919,392.94495508204,0.4630608162467353,0.43831134131514743,0.0014233999142844512,0.005901056104415125
Apul,OG_06910,783.5729899364057,-0.5342696941291157,-0.4317871426998197,0.06471256746678154,0.1316294204484478
Apul,OG_06911,193.90310417980768,0.5419599848791545,0.3269782586283647,0.228045080561416,0.35000553045485755
Apul,OG_06912,198.51598358440003,0.3319743783249948,0.29658309500877866,0.07116615176424394,0.14168805265139933
Apul,OG_06914,1024.9188399543953,-0.49518458957027145,-0.4247556089813584,0.037793783659676373,0.08564627978368984
Apul,OG_06915,169.6528814036426,0.35700050828591096,0.3090138280836963,0.09806969785043501,0.18199104044399517
Apul,OG_06916,639.1989498992166,0.3503465545936404,0.2950812331336887,0.13514721422946377,0.2350737713555314
Apul,OG_06925,116.1404247749128,-0.8524988093504648,-0.6675601093454221,0.013758840191596856,0.038126448066265785
Apul,OG_06920,4767.095289120741,0.5444963760967911,0.4919193603863615,0.006576964461698362,0.020881862165892297
Apul,OG_06921,62.56523715047366,-1.1596008999959717,-0.6066203548094946,0.04996445643988738,0.10706499613081381
Apul,OG_06922,248.81896638210077,0.5395620741663726,0.26750077682929957,0.28457883270162176,0.4115553062502844
Apul,OG_06923,115.32429528558096,1.146794057765745,0.9994571151378017,4.063933343437319e-4,0.0020880049548589346
Apul,OG_06924,150.47904753651758,-0.6377174472950413,-0.47572493938421356,0.06697828433011481,0.13535257503465828
Apul,OG_06926,648.5343283650666,-0.5721385965433903,-0.5310605373180771,0.00148172905640619,0.006100799498454163
Apul,OG_06927,626.0614103045705,-0.5721336731661996,-0.504710101567195,0.013690560801575016,0.037951541917562934
Apul,OG_06928,867.0132548169371,0.7599172094234241,0.7065758216315171,6.12905925001209e-5,4.3108991620404845e-4
Apul,OG_06929,521.9130244977805,1.0080953553005951,0.9577914612618221,2.7119445567593737e-7,5.052397534772577e-6
Apul,OG_06930,236.29419666971776,0.6820573485651371,0.6317286586503104,3.5000967130296355e-4,0.0018456357930636386
Apul,OG_06931,198.02755137242372,0.7799536861671889,0.6263155844584389,0.013221358960715801,0.03686363443066616
Apul,OG_06932,259.39777040304034,-0.07622320835962486,-0.06386525087927672,0.7440916571562068,0.827308812894885
Apul,OG_06933,459.10155784638766,-0.34570659059038433,-0.321687526225796,0.02006013840618988,0.051828730088428115
Apul,OG_06936,297.26388086493245,-0.022204811172764828,-0.01814463933615897,0.9161343890798783,0.9476636212381855
Apul,OG_06938,53.98098453635996,1.678441674734834,1.4804141372644664,2.6742050792249505e-5,2.1377045389513633e-4
Apul,OG_06934,455.1949765616611,-0.0640300815910293,-0.05463649293560148,0.7611944023395119,0.8393897426801247
Apul,OG_06935,500.3799850470406,0.6517007743086205,0.6151531117490796,3.410034133684836e-5,2.6352413381054517e-4
Apul,OG_06939,2783.3428702355836,0.34922305392080183,0.3369884562674239,0.00118594403062264,0.005044177983077522
Apul,OG_06944,22.024624136953893,0.9317200669956941,0.49315635277490977,0.09335145198931846,0.17525505779464595
Apul,OG_06940,816.1814649957635,0.4536580475514401,0.40835092440660753,0.015400514218451214,0.04189811535914876
Apul,OG_06945,48.03077759240876,-1.154733631982521,-0.8865972646058995,0.009447581788478146,0.02806881218672403
Apul,OG_06941,92.53977884890742,-0.06668284559356333,-0.05322954126644242,0.7900641481099491,0.8600758690700725
Apul,OG_06942,120.3774396217857,0.7903258735143349,0.6219790861028974,0.020194559800676175,0.052116298146164024
Apul,OG_06943,404.0827135758292,-0.04381715422653,-0.0364699326870857,0.7951464775540703,0.8638540709236635
Apul,OG_06948,65.5791955963268,-0.14134279435103683,-0.03528570528892861,0.8097554538101467,0.8739156106530334
Apul,OG_06949,254.3637209579161,-0.4669813209611806,-0.3499672804401429,0.1444790205400624,0.2474861945687201
Apul,OG_06950,228.64584303987743,1.768654502793765,1.5942834127814562,8.238613994656216e-6,8.11886146336777e-5
Apul,OG_06951,305.4779255357837,0.3947001160353578,0.30317968055069605,0.1807505294506362,0.2926607153988843
Apul,OG_06952,202.48889873925305,0.635069745689576,0.549197788853091,0.010323768402841537,0.030028845060781333
Apul,OG_06953,1414.5751915895482,-1.0903854750001003,-0.924730140325018,0.0014252379437237194,0.0059050437811025164
Apul,OG_06954,82.84354141217152,0.07415967433908661,0.04980607759072293,0.8382371993674166,0.8946951736145828
Apul,OG_06955,298.28061697061014,0.11014483730683705,0.08222317117527696,0.7028620139034849,0.7958943588305567
Apul,OG_06956,746.8524275712892,-0.00386645997916946,-0.0019187371596740585,0.9919349166843278,0.9948033749018557
Apul,OG_06967,386.1607800571049,-0.06852919465231838,-0.05942645799213083,0.6870411736769234,0.7826974432147592
Apul,OG_06957,426.22856082081364,-1.4674229586478533,-1.3201843898615608,1.9533630551118275e-5,1.6507473915598262e-4
Apul,OG_06958,86.79575333806423,-0.13108970717941282,-0.0885867129521328,0.7003324915869787,0.793727762272472
Apul,OG_06959,538.1808222559596,0.48287855796469153,0.41069239646917755,0.03665429343123904,0.08352584378809261
Apul,OG_06960,62.85409707362537,0.10344227579514566,0.05589634242024453,0.8570425796820239,0.9088501635884758
Apul,OG_06961,773.295945703979,-0.07892343488787547,-0.07069545283420309,0.6691592628046086,0.7690167929508918
Apul,OG_06962,78.32333894267956,1.0256379912377067,0.7728429484410505,0.012852467834939724,0.03600208215832603
Apul,OG_06963,586.385946302713,-0.21929616662891802,-0.1730441449890922,0.4084761777012908,0.5405802659626439
Apul,OG_06964,440.3097296883314,0.025761006815259953,0.02527577371663631,0.9053193338106122,0.9405766140074076
Apul,OG_06965,923.9733925795805,0.15959699762317675,0.1559435829405876,0.058685367722808725,0.12194391922901648
Apul,OG_06966,163.6483851992238,1.0490121318650523,0.8315550265030502,0.006407975252347658,0.020446112119751888
Apul,OG_06968,474.24425772435154,0.8090788820409959,0.7156243313899592,0.0015157405335267243,0.006206093497272399
Apul,OG_06969,439.5267220576351,-0.16686478723618717,-0.11088524528851598,0.6309702928955305,0.7372196173309066
Apul,OG_06971,979.333556401519,0.017496542708899776,0.011233153472833176,0.9343159567134889,0.9590991554742178
Apul,OG_06988,384.65709278420854,-0.6115475983901362,-0.49829755442111157,0.032301306533563584,0.07562386034512572
Apul,OG_06989,864.1737761919542,0.4576206264420713,0.4119557820156865,0.01744121602592338,0.04633690185791135
Apul,OG_06990,567.7759439855895,-0.21849693361352687,-0.19745245886851362,0.19759916772349978,0.31312631422058723
Apul,OG_06991,78.57494205825364,1.518320032406532,0.8642677367308257,0.01796150838441205,0.04742574556434654
Apul,OG_06972,1634.6993238160233,-0.5280726437224221,-0.4891923566487217,0.0017045699438586871,0.006809972168264857
Apul,OG_06973,183.88251505837013,2.286918733135539,1.9766807839328928,3.581694865809022e-5,0.00027462706296768667
Apul,OG_06974,315.2100729579684,0.4976602109063778,0.4202991062908526,0.042822581010239946,0.09473287854988557
Apul,OG_06975,919.4033154868939,0.2120750423232694,0.17682924521898227,0.3649483274942329,0.4971655943519411
Apul,OG_06976,393.10367529654275,-0.2157885806963271,-0.19312946523509686,0.24361066228727848,0.3683161203629091
Apul,OG_06977,153.57163627126673,-0.1082569097239451,-0.08451629790417933,0.6997502627348535,0.7933670462819281
Apul,OG_06978,2678.3238408855996,0.07043530760152678,0.0623506324373302,0.7067923332750295,0.7987681345711136
Apul,OG_06979,322.15457762764515,0.22262672069442457,0.19080067623364041,0.2924846957511535,0.41973670291197446
Apul,OG_06980,737.952810976617,0.5649165374794736,0.5063650954145809,0.007260134836404041,0.022637506586313107
Apul,OG_06981,1233.6827016295272,-1.2449117872138042,-1.1273675618077108,3.618229285788789e-5,2.767224212888678e-4
Apul,OG_06982,45.79587540038531,1.043709314854157,0.8764496691672713,0.002458430207072003,0.009236527157153437
Apul,OG_06983,169.5584174001031,-0.9127887575425787,-0.82693625625582,2.27119432489786e-4,0.0012847778687329991
Apul,OG_06984,326.45320457851665,0.4968730968937233,0.4251061667117887,0.037952880164938856,0.0858773200620461
Apul,OG_06985,1198.7585868198203,-0.6675615361311488,-0.5777964256172917,0.009993354776067437,0.02921991675712901
Apul,OG_06986,87.44749198951004,-1.4123802581073261,-1.2788332102037459,1.8037897204846394e-5,1.5451365299395663e-4
Apul,OG_06987,121.34127342900476,0.8310470415776302,0.649781728130694,0.018038206612111432,0.04761431762921803
Apul,OG_06992,159.64723888689116,-0.17492459587427253,-0.14672651529148137,0.4484818214887356,0.5780389628879258
Apul,OG_06993,354.7574178667685,0.3020596981464688,0.25664063224562117,0.16239386615391074,0.26961986579079605
Apul,OG_06994,553.1047251272231,0.8216177686927268,0.7360813619995363,8.513126245405957e-4,0.0038266629788048616
Apul,OG_06995,522.1594602350698,0.7259523151046868,0.671137425131425,2.24592930254509e-4,0.0012736820453489986
Apul,OG_06996,285.77765445610163,1.6872834009149413,1.366512926305334,8.167869843480741e-4,0.003695418082221066
Apul,OG_06997,517.359394046097,-0.38993555574129185,-0.3585721587808594,0.019711987719489853,0.051176651406112744
Apul,OG_06998,3291.972469930429,-0.758871948551359,-0.5069602068856303,0.07145929459492568,0.1421461414874134
Apul,OG_06999,76.99129996557625,-0.3541396148137396,-0.20864106732144613,0.399381246783991,0.5317024512404026
Apul,OG_07000,2946.509214289631,-0.04449167447105705,-0.028517378054319146,0.8993018597880651,0.9363746962712451
Apul,OG_07001,397.92975948305076,-0.8898859303125175,-0.8370736287323374,4.6501856057484546e-6,5.0397504335377184e-5
Apul,OG_07003,802.6176476385193,1.2168967500215084,1.1584358014107687,1.0858303081334798e-8,3.4230476687517294e-7
Apul,OG_07004,892.2338908423119,1.2598581361805994,1.1495608552967072,1.1338752867404055e-5,1.0616981786644066e-4
Apul,OG_07005,146.13464489352947,0.27008486813517046,0.21850140469168278,0.30108397429138456,0.4292969949692306
Apul,OG_07006,55.60708086370855,-0.2312519611345034,-0.12009465657361632,0.6212204693272545,0.7296528555326108
Apul,OG_07007,927.6379253504698,0.3960769207044086,0.3792952761531097,4.941959620223839e-4,0.0024526333984785415
Apul,OG_07008,621.6922164618429,0.1444163083224005,0.11199445902263164,0.573961468528976,0.6885295017746216
Apul,OG_07009,1914.709055157315,0.2959420457735436,0.2852465936928491,0.0058894309796115,0.019034049872099244
Apul,OG_07010,803.9608318091647,-0.5502185607067828,-0.49537400724826924,0.0064347747885916936,0.020524359486640005
Apul,OG_07012,434.3723433831168,0.6567475888557961,0.5977093931891514,0.0018573607739780689,0.007302517901289106
Apul,OG_07013,87.26309530944363,6.351620554682792e-4,7.042394690213857e-4,0.9990442919280753,0.9991550998575262
Apul,OG_07014,1009.1328422758736,0.8317559888723193,0.743704878045556,9.739317928245831e-4,0.004287644751888519
Apul,OG_07019,130.42958569994505,0.25172427071833553,0.17216868571751157,0.4731794478623169,0.6000039296304337
Apul,OG_07020,221.5528563372239,-0.1958963806170152,-0.1443530997793668,0.5127047113438954,0.6345996406572278
Apul,OG_07021,468.39581136291235,-0.3260291860968989,-0.28531048270102,0.10922039890362707,0.19859655916797847
Apul,OG_07022,162.32554252018795,0.36886156598933484,0.2775524978904414,0.22320421021834896,0.3438046401672109
Apul,OG_07015,181.18229012343153,0.6330974194272424,0.48041784168259477,0.06265762147060117,0.12840540290918426
Apul,OG_07016,261.59458266471677,-1.0347342778080229,-0.8788951092052287,0.002358172804369073,0.008926802761123398
Apul,OG_07017,1120.2747734993795,0.5374629038923764,0.49280043590395767,0.0037712597541247296,0.013134588336401192
Apul,OG_07018,1726.2410232385657,0.5831630017502886,0.5471541409552523,3.4766050056198944e-4,0.001835621804395504
Apul,OG_07023,214.740115917399,0.2896006188123928,0.23832329190836726,0.2392485553703194,0.363366047460699
Apul,OG_07025,173.57425615384696,0.2847662214857877,0.19159970366427134,0.4299725184155581,0.5609987264582676
Apul,OG_07024,1923.831871344939,0.4752627057032324,0.4084924560868371,0.04098562064994241,0.09145442746857975
Apul,OG_07026,25.842765123722852,-0.03105174394315586,-0.01266328095158634,0.9572989412565996,0.9738227158518455
Apul,OG_07027,269.63292636414633,0.4844309936300606,0.4367179733993018,0.012512388220689888,0.035180606356707424
Apul,OG_07028,558.1374339458125,0.9086767363874526,0.8549259655660222,4.136611029006869e-6,4.582287671812646e-5
Apul,OG_07029,3143.249743540354,1.6795933266979968,1.6328935328491616,2.809408619646765e-15,7.237839292387109e-13
Apul,OG_07030,39.101040434720254,1.076488572268889,0.7355566373144024,0.025212473103570252,0.06242198516608812
Apul,OG_07032,394.41701637037136,0.13244286978281142,0.11820679505962407,0.47082471730593484,0.5977790025271212
Apul,OG_07033,46.40898186477163,0.242523802302058,0.14146374208328324,0.5761763463277787,0.6899577841749776
Apul,OG_07035,313.6816762092161,0.019993051199837814,0.01792188387440815,0.9467034191110815,0.9673002527053397
Apul,OG_07036,182.8627811625563,-0.7716778783244352,-0.5918874922111235,0.03230598980253125,0.07562386034512572
Apul,OG_07037,450.3351812128644,0.27375325704100795,0.2324640496837412,0.17861416926621365,0.29004329552122243
Apul,OG_07038,897.2584405188734,0.08022711551891122,0.07312141140351458,0.6407213262925202,0.7447962097691962
Apul,OG_07040,163.26149507192105,0.7247919966308974,0.556215297773766,0.03590929226942265,0.082285664140631265
Apul,OG_07039,965.8879622531729,-0.3728551277301364,-0.31150937027119613,0.12543544703457368,0.22212321797147502
Apul,OG_07041,479.3810269950416,0.34613303590607847,0.280234130041918,0.2060114752121862,0.32334298903190306
Apul,OG_07042,257.13158413960434,0.7176991927314684,0.6635559851516222,2.545134952309544e-4,0.0014079436726978623
Apul,OG_07047,675.899896941309,0.4180348723556568,0.38039188334575186,0.010927723495735585,0.03149098202654131
Apul,OG_07048,488.8144459091471,-0.40459729420487894,-0.301471074350631,0.19211617523919172,0.30698414888034586
Apul,OG_07049,58.568525015080596,0.46169108151847066,0.2876943064730183,0.2610146112321158,0.38784321152208906
Apul,OG_07043,414.55901208154637,-0.09664561891148002,-0.09056992799297027,0.5110441905590312,0.6328918371474775
Apul,OG_07044,1508.508964203533,-0.3080201299434344,-0.2678976237314473,0.13798320327974442,0.23871729546689474
Apul,OG_07045,440.53517691487076,0.2938170634917078,0.25572556626286025,0.13615774923654447,0.2362326519644306
Apul,OG_07046,52.220850892011484,0.41416565050410914,0.1465446987791803,0.5092485127048874,0.631101407237489
Apul,OG_07052,62.804447307545104,0.3419722686455271,0.14854287291999535,0.5491816435829014,0.6672915887598737
Apul,OG_07050,1858.4636422776234,-0.6908623508918279,-0.6141450355186292,0.002738801248385459,0.010104652560021146
Apul,OG_07051,710.4019610713389,0.7332625343437907,0.5705912263672958,0.031952726386654744,0.07503065985116297
Apul,OG_07053,414.31724300072693,0.44029658830299684,0.38379873809123866,0.03890914982551059,0.08773288421521105
Apul,OG_07054,4099.375416131367,0.15369022851233707,0.13348908163859682,0.4469885856242354,0.5765264020274253
Apul,OG_07055,156.06108984847373,0.6357605902568019,0.5442535171280489,0.013372397267068022,0.03724908584274754
Apul,OG_07056,42.139831786265056,2.9345064443045277,2.0928160474568203,1.716007089680391e-4,0.0010041035644158395
Apul,OG_07057,35.25492371229545,0.09465289652455014,0.06178171944910324,0.7996488484257291,0.8676738998304826
Apul,OG_07058,348.04297875623587,0.550330622187297,0.47898171908406373,0.015530471346588973,0.04218019883499782
Apul,OG_07059,51.73911200789106,0.6110323309707861,0.4415158502562455,0.08927211495987787,0.16960949443599216
Apul,OG_07060,136.8735542139081,1.0622235500788932,0.8926218061083117,0.0021585099591890406,0.00826363339224236
Apul,OG_07061,891.7943111207007,0.08707557806341559,0.08215802919570776,0.47179938249150866,0.5986792896039873
Apul,OG_07062,593.6109744896459,1.7136678424816139,1.5474704902252452,5.376643140225567e-6,5.683609753272443e-5
Apul,OG_07063,489.49293667501377,0.6894556741300755,0.6275829953516016,0.001009739846795987,0.004421964156658288
Apul,OG_07064,100.03948430383181,-0.10977437411037994,-0.09887362846664836,0.5528549123769186,0.6706703544871082
Apul,OG_07065,451.2956099340893,-0.38168774116243187,-0.3592212797600453,0.005161861922951269,0.017118245295789477
Apul,OG_07066,383.43847817607315,1.144911457778938,0.9216237830142898,0.003586523858195844,0.01259499127982098
Apul,OG_07067,572.8001506154401,0.48664820562295136,0.3993623691506126,0.06730698594968744,0.13577339872669614
Apul,OG_07068,494.2875869010903,-1.5668076218175802,-1.408914073886107,1.0830169760831463e-5,1.0215025181319801e-4
Apul,OG_07069,1403.8185371956338,-0.21124546118016052,-0.17217522560193813,0.3854276528489451,0.5175578772507726
Apul,OG_07070,4158.758657299857,-0.9814915749516298,-0.8630427987885017,6.098339144067314e-4,0.002920272122254645
Apul,OG_07079,241.0146580324515,0.7716497194508096,0.5747853975094679,0.03950756479614079,0.08874930537289524
Apul,OG_07071,471.19420422523433,1.333754865287148,1.2623878639852169,1.8152016889065294e-8,5.279894718990379e-7
Apul,OG_07072,2058.09328433898,-0.808444714073622,-0.7204948232335209,8.623229028467035e-4,0.0038703661597654184
Apul,OG_07073,779.7934662102468,0.4137588668184937,0.387242247799953,0.006485777959059595,0.020650515486172444
Apul,OG_07074,118.8318145107543,0.16549286141628958,0.1335888673218848,0.5115107447217744,0.6332956728211231
Apul,OG_07075,144.11320550631916,-0.10037319116433248,-0.07776750700397864,0.7094613844009081,0.7999516447596585
Apul,OG_07076,861.3224516118808,0.26849101814264775,0.2165911785714727,0.21707196402504686,0.33608137012600403
Apul,OG_07077,8053.210826033886,-0.5675310009612644,-0.46673837503389803,0.04009960124023866,0.08987772915317724
Apul,OG_07078,1275.6729198093692,-0.2641525734675619,-0.22275931355477785,0.23617883167292272,0.36003795861280546
Apul,OG_07080,64.5205983535551,0.2985779409425103,0.15685363509441774,0.5285597720112054,0.6485268015002094
Apul,OG_07081,654.7450752925885,-2.2796208828556503,-2.0726165635247766,5.490431434476475e-7,8.746858700472503e-6
Apul,OG_07082,837.2046389388219,0.6474345094121006,0.6013038921221088,7.500151288233267e-4,0.0034504522533673147
Apul,OG_07085,558.869167935084,-0.13239378621408818,-0.11276882876276774,0.5200787711442694,0.6409992180710602
Apul,OG_07094,88.93031098968069,0.7272956791125049,0.565938587659504,0.03614517755875135,0.08264991188694398
Apul,OG_07095,379.4553359755249,-0.20574796298818582,-0.171739518042159,0.4173641265894669,0.5493172280626512
Apul,OG_07096,384.17038936443555,-1.3499143686720783,-1.2665939738360026,1.4047958834942707e-7,2.9086550227223953e-6
Apul,OG_07097,184.08657398141423,-0.016822736532454308,-0.012584469707714572,0.9495347054716207,0.9692622546485454
Apul,OG_07098,227.73754126707553,1.4277813799768717,1.3541064046127087,9.891759247800818e-9,3.14063356117676e-7
Apul,OG_07099,341.41267343679397,0.29626263737955016,0.2547186323438351,0.1836700196369556,0.29600582074466997
Apul,OG_07086,1521.835179546701,-0.32657055212489033,-0.2731784052580216,0.1719724650051591,0.2810213332641391
Apul,OG_07087,300.1808064655196,0.06220715759914152,0.045806110930826614,0.8344607861020732,0.8914030219502895
Apul,OG_07088,162.2347660234053,1.5827376190162301,1.103706175508115,0.005858163212929038,0.01894657736405349
Apul,OG_07089,503.21781551472475,1.1147320587543696,1.0102274434055893,3.675451107364221e-5,2.8086053080595916e-4
Apul,OG_07090,685.8488939635595,0.18190992335523695,0.17106307489564432,0.16837308073049218,0.27684538091663896
Apul,OG_07091,2814.645045074472,-1.5028711914991544,-1.3631573459320088,8.372467774180582e-6,8.223806309344913e-5
Apul,OG_07092,497.6378028212842,-0.02358919144615223,-0.021228771412468577,0.8819498322129565,0.9263257549215362
Apul,OG_07093,549.5475446255114,0.9964570535332817,0.7825186263018583,0.009200898292984924,0.02743535049862601
Apul,OG_07101,132.1328174787937,0.669525785680743,0.5511278360671433,0.02257680041944754,0.057248315349313406
Apul,OG_07100,998.1649721908552,0.149582538819149,0.1379374202066868,0.286364957560961,0.413409033353696
Apul,OG_07102,230.00775015712526,-0.14393061150962894,-0.10534338549694156,0.6618475817221552,0.7630572503183122
Apul,OG_07105,17.557226344797677,-2.63330845642351,-1.51622657454194,0.001790725359515356,0.007086487265297294
Apul,OG_07103,277.0220600860671,0.880898936879925,0.4397969628312997,0.10047261324954744,0.18519246804398393
Apul,OG_07104,235.71876876700085,-0.3817768116565901,-0.3205757711205949,0.1281365320734997,0.2260628271779978
Apul,OG_07113,72.5991984251315,0.6923738716946484,0.4748826250347906,0.08259671870452993,0.15944650236753294
Apul,OG_07107,1025.4577986519193,0.5016442267422961,0.43790960764622483,0.023147795364091374,0.05833529088820903
Apul,OG_07108,1828.2140456335242,0.5617684656165839,0.4929227959846101,0.010621426836425387,0.030775515997444637
Apul,OG_07109,640.2001876733946,0.187404654829712,0.1742976872073377,0.1878450734297206,0.3013341090759279
Apul,OG_07110,133.20801064662814,-0.21137214666498727,-0.17658072551470627,0.361596922799591,0.49385136869435525
Apul,OG_07111,120.35135956425752,0.7321109831387708,0.5802356857398694,0.027286713471821603,0.06639079745693886
Apul,OG_07112,854.7546509406538,0.20141933749819063,0.1566476214550057,0.463749807734993,0.5920475741676953
Apul,OG_07114,491.1375195146011,1.4082376030545685,1.3527737572942786,1.4544695097802323e-11,1.1922683245171231e-9
Apul,OG_07115,351.4675026564545,-0.9412460598593045,-0.7670816146000096,0.005969393477167443,0.019230446939485113
Apul,OG_07116,250.14530607678867,0.9301129879813339,0.8197431949273665,7.47634694720694e-4,0.003444773654724833
Apul,OG_07117,5635.446308322915,1.0811568953305637,1.044766431343864,9.34241684239895e-11,5.7699022375281736e-9
Apul,OG_07118,523.2054023302405,-2.0518175399001732,-1.9725643532289674,1.5850215170793602e-12,1.6618766301749526e-10
Apul,OG_07120,724.3427646390265,-0.9135423047735458,-0.858168254938447,5.3658085961261586e-6,5.6788140975668516e-5
Apul,OG_07121,3646.8596798352605,-1.5641431053739157,-1.315964790406662,2.3995774268355938e-4,0.0013464212605959272
Apul,OG_07129,128.55943102968257,0.6570485080355238,0.3397003461866477,0.2007807351248679,0.3167873820859027
Apul,OG_07130,191.36270751519052,-0.3158345950971818,-0.27297785556219456,0.14087245944072496,0.2425987331506908
Apul,OG_07132,73.14564283778822,0.8396753969450542,0.4164402440058777,0.13941376764420849,0.2405461046398446
Apul,OG_07122,1000.2307121332278,-0.44879871051023157,-0.3963653948000585,0.03140306706583005,0.07408269065488327
Apul,OG_07123,207.21157014565014,0.594166646536516,0.47704949163454913,0.04393436033154085,0.09676505303114408
Apul,OG_07124,1017.3367265729472,0.5386386722144391,0.4750399322820491,0.013778603105511524,0.03816948208983023
Apul,OG_07125,94.7571820135835,0.4460067745402645,0.33459742733871156,0.16357250244712848,0.2710277939297607
Apul,OG_07126,264.6947919089174,0.16203827077623792,0.14108797639367143,0.4390629957576176,0.5688262978083962
Apul,OG_07127,564.4249387122989,-1.4296941870675288,-1.33872176280641,2.2010604707319745e-7,4.2958792780498295e-6
Apul,OG_07128,34104.32956761602,-0.336737335512831,-0.2726452267710135,0.18745562372279553,0.30093991626535715
Apul,OG_07139,36.68257462937638,-1.922612888282606,-1.5500869216112845,8.485671671758806e-4,0.003818128815581295
Apul,OG_07142,28.175243443941234,-1.9307939447641147,-1.62371746299605,2.6835034645952745e-4,0.0014763362257630014
Apul,OG_07144,129.29782635985308,-1.0458617616467092,-0.1950852955342624,0.2989570307144233,0.42687182041994537
Apul,OG_07145,383.81290870759165,0.0696174088579326,0.06847910006824291,0.6244725905896669,0.7321374787865071
Apul,OG_07146,15.323439393547849,3.2212872797811163,2.6334928048225734,6.383092486386158e-5,4.4376518850997677e-4
Apul,OG_07134,747.6379063253925,-0.2664722702191349,-0.17107996002390663,0.47075805174192586,0.5977785315528722
Apul,OG_07135,2007.5147773325195,-0.31916449019821536,-0.27711429206527743,0.1254134512142855,0.22212321797147502
Apul,OG_07136,82.82525775789257,1.5796165354243785,0.8263395492482658,0.017092875348571703,0.04560036317143544
Apul,OG_07147,6.433667286978445,0.2704079317490003,0.025531037495362174,0.8519697950368456,0.9048541392046214
Apul,OG_07148,280.19937956885695,-0.3777227256768176,-0.33172510072582273,0.06617443338121853,0.13394866035230676
Apul,OG_07150,246.81701992904922,-1.1457516035471753,-0.9750373731013525,0.00141290826653653,0.005868352758802345
Apul,OG_07149,113.87876083510461,-0.2667790097737055,-0.17221359596094876,0.478870384253848,0.6048653020268362
Apul,OG_07151,16.64658772947301,1.6790129146940989,0.15800555581863893,0.1665201375380819,0.27459986835787936
Apul,OG_07152,10.888924878184083,-1.2688697721398188,-0.1674501503007604,0.2566792822139376,0.38281129469452124
Apul,OG_07153,5.665113682110878,1.1390839338870469,0.05637716752976662,0.4693390768270246,0.5965647668098788
Apul,OG_07154,65.4684608858107,1.1900289763075182,0.9491006765525889,0.0036321903476779806,0.012723955075762374
Apul,OG_07155,338.7394709097529,-1.1571833514310355,-1.0518795367712321,2.9945973922890142e-5,2.3562203042120457e-4
Apul,OG_07157,233.78753047218424,-1.8323213583924767,-1.759101264409291,9.776779841757979e-12,8.642865081679578e-10
Apul,OG_07163,237.63711718477643,-0.01197282469616507,-0.01156580758124696,0.9544313741801563,0.9725514409517989
Apul,OG_07158,331.233173425676,0.13650544078961363,0.1166910289573559,0.5351343749119015,0.6543073617779321
Apul,OG_07159,1038.648729294302,0.7892487740505952,0.6768699021570409,0.0034153705811849596,0.01210550178087452
Apul,OG_07160,555.2464337114691,0.8996430805000444,0.7269046821085474,0.008488710119785461,0.02565963766346145
Apul,OG_07161,142.62808460724676,0.8231622160914343,0.6195182038189,0.025018862929980002,0.062010744101052694
Apul,OG_07162,1451.3203742614257,1.2280675103226841,1.1454195608953943,1.394153758835644e-6,1.8847203063599702e-5
Apul,OG_07167,960.3876225853115,0.17281450843315233,0.15020825139869823,0.38718893775317115,0.519536108886956
Apul,OG_07169,26.843377369736107,-1.1492733469319905,-0.3619795839349591,0.1259123397976816,0.22279269386885694
Apul,OG_07168,118.4055327220673,1.0619476253933744,0.9356998113165799,4.3612453569952394e-4,0.0022117744310475858
Apul,OG_07170,242.0071539206133,0.07107529982219657,0.04793123762147654,0.8348310724767712,0.8915873244727048
Apul,OG_07171,1115.9569979460487,-0.8277926636363805,-0.7395181324945564,7.624690460947926e-4,0.0034908961666088967
Apul,OG_07172,314.4135181659336,0.0702008144624698,0.06344045153698316,0.6996397622690262,0.7933670462819281
Apul,OG_07173,201.3491060050755,-0.16286303047066694,-0.11645956730828798,0.6014084932606998,0.7109203439606359
Apul,OG_07174,155.67411327166124,-0.1957081297409692,-0.14784941841454796,0.48928990853078114,0.6130230797863072
Apul,OG_07164,776.7715290901552,-0.4374865375593443,-0.39345078638626974,0.027435694170177872,0.06668130844541613
Apul,OG_07165,67.26456538380789,1.04935584679586,0.6771049809265024,0.03601122760883582,0.0824228893726982
Apul,OG_07166,1114.9708187839167,0.2868545074259887,0.2626335634803907,0.055302527238526154,0.11629265114500709
Apul,OG_07175,6.791153796833053,0.35948750312729344,0.06721356271995782,0.6934608990565867,0.7883178172961728
Apul,OG_07176,36.191834944945484,-0.4455331033057201,-0.19481656320819046,0.4087545335576757,0.5407481850190086
Apul,OG_07177,728.5551298397961,0.07839501455619512,0.05724577526993605,0.8021333764761756,0.8689135818940023
Apul,OG_07178,86.38872788032796,-0.22272872727464552,-0.0971726519142729,0.6825713858276736,0.779377761935942
Apul,OG_07184,33.54583641748722,-0.2063191559924014,-0.10276978592663903,0.6718600492943898,0.7709547040579681
Apul,OG_07183,162.32055233120917,-0.6962105296964933,-0.5610647121170279,0.022939882609174983,0.05789222543714828
Apul,OG_07179,179.02859874207635,0.06364813424958128,0.04210038523575733,0.8774377202879382,0.9232037250684176
Apul,OG_07181,85.97212683894142,-3.2022079161269597,-2.7879536139457843,1.28245809325811e-6,1.7545748845118245e-5
Apul,OG_07182,232.1027733546626,-0.9191844075499573,-0.8316992996399298,1.8016108340277974e-4,0.0010507842749307018
Apul,OG_07191,852.3900921996752,-0.43743161653854756,-0.3733080269957258,0.06360148331570145,0.12995205032084783
Apul,OG_07185,191.07259051844508,1.4706230129973572,1.0853324588199595,0.0036530958462677415,0.012782291519517356
Apul,OG_07186,90.22300517889192,-0.7450186705763958,-0.5680347288947981,0.030893177208319713,0.07320801169956825
Apul,OG_07188,452.9956015889296,-2.0945772186312928,-1.8384176568002049,1.2140670236667003e-5,1.1239468534294287e-4
Apul,OG_07189,264.6093391493046,-0.4606900392975972,-0.42158088645896113,0.007177305359362456,0.022463645409708872
Apul,OG_07190,26.945636046672604,0.36668590011467395,0.14121266700684607,0.569670743113476,0.6848375690906982
Apul,OG_07192,275.6912492817162,0.44938759180400306,0.39852861532113354,0.0281569961084525,0.06823209726146633
Apul,OG_07193,54.971322504692424,0.39704714222933907,0.33487438528349295,0.09678214250601207,0.1801578404163317
Apul,OG_07194,372.8306718546946,0.5496904534152562,0.4774699653561611,0.017794363886299687,0.04708092111583459
Apul,OG_07198,92.05875960280721,-0.1571693394384459,-0.1031554151781927,0.6759413032032864,0.7741601334921927
Apul,OG_07199,88.34262509148947,0.020628507939422815,0.017261128670451233,0.9312325737318419,0.9570985533550237
Apul,OG_07195,577.2748230564819,-0.07365481176214793,-0.06662398268630582,0.6061028647652462,0.7154378232213935
Apul,OG_07196,328.1201892614859,-0.3089555952074816,-0.2783862018727683,0.0840795264887465,0.1616858797929254
Apul,OG_07197,204.02847192791583,0.5163101435693868,0.46946402789132996,0.006995718083777681,0.021963924081275538
Apul,OG_07205,26.95910120667611,0.11715593512962352,0.04048315329675437,0.8681257944978038,0.9166147879375522
Apul,OG_07200,19654.92822596092,-1.0580101892023261,-1.000513009602149,1.5377239978099463e-7,3.1370265358036848e-6
Apul,OG_07202,228.67883687855192,-0.6458879503047207,-0.5594604680304347,0.010655063826709827,0.030863061524395278
Apul,OG_07203,576.5838624868272,0.26685751646774375,0.21914415866058964,0.2708118641267354,0.3977053059984973
Apul,OG_07208,72.0371022083339,-0.4249870923826748,-0.2871828403467736,0.2496720319871919,0.3746534718636228
Apul,OG_07207,749.4999530790923,-0.5771337647489815,-0.5217143521880147,0.004869057889539492,0.016291018549156808
Apul,OG_07209,30.508423241722966,-0.21240507727817234,-0.10766003353552042,0.6690074877286889,0.7689535394327073
Apul,OG_07210,29.998353262856455,0.7111969995312919,0.29085288950221877,0.253355071739704,0.3791705696061263
Apul,OG_07206,174.12421806778076,0.8222566807908509,0.572280207786411,0.04414581032463229,0.09713586425017309
Apul,OG_07211,991.0606924029431,0.30357953545055083,0.29000519832938276,0.02486447670191788,0.06170702116441729
Apul,OG_07212,79.92567868435484,-1.4638427137410295,-1.1594927197520684,0.0016609342972742378,0.006688988190496563
Apul,OG_07213,183.90955507386238,0.4356873104171727,0.3557936800573571,0.09615405935019931,0.17924988230578368
Apul,OG_07214,957.4639039936519,-0.36995502623754883,-0.3372303723510204,0.03262681368147065,0.07627585661545783
Apul,OG_07215,159.8919090543056,-0.7105728220257306,-0.5276623387864863,0.048363809333777194,0.10445421891440088
Apul,OG_07216,74.14373091316226,0.19555173886523214,0.1147133939658815,0.6463426467974078,0.7502666897750033
Apul,OG_07217,169.12180938887053,-0.4591500643256084,-0.3590304458120532,0.12804014528171603,0.22593698434544685
Apul,OG_07218,503.22953499525374,0.1646619197021281,0.12182118108756128,0.5825509009912561,0.6953748311143971
Apul,OG_07219,21.756887564861564,1.4642069988487334,1.02081373434079,0.009095447058979638,0.02717483304533446
Apul,OG_07220,83.95415663365932,0.6795361070954734,0.4322977908911586,0.1095861908408413,0.19914120975652277
Apul,OG_07221,242.8775466142418,0.4690175352439882,0.4313187261176082,0.007601313109796149,0.023481000449137333
Apul,OG_07222,2785.4795301110576,0.7302486428322081,0.5668947021152416,0.024661106269312352,0.06137708949224109
Apul,OG_07224,247.94079344255914,-0.2575013563809383,-0.1708364961430854,0.4716057369230564,0.5985567227738713
Apul,OG_07223,422.0396661590873,0.031184135321862393,0.023091321662243796,0.916533788779333,0.9479680171396243
Apul,OG_07225,48.263445842566384,0.44835944982262355,0.25669354329662575,0.31447709683694564,0.4433458383644057
Apul,OG_07226,973.570620087325,-0.6289701501158967,-0.5842557595139348,4.535714167461099e-4,0.0022886700978173883
Apul,OG_07227,510.9343715591302,0.8076352900537818,0.7551739313763651,2.341519708352649e-5,1.9159240662627798e-4
Apul,OG_07228,899.2211133746135,0.7466616500037704,0.7040348185497011,2.0971485603311597e-5,1.7509248674542655e-4
Apul,OG_07235,338.2725231299319,-0.11673194817284605,-0.10704883871548244,0.4279562618259985,0.5588794278164563
Apul,OG_07230,268.37754007897877,0.09767222675554961,0.08150439111518405,0.6721262201946748,0.7711488736130718
Apul,OG_07231,39.01081367314929,0.23504976644890346,0.1292997150567163,0.6110712263709852,0.7200770057745914
Apul,OG_07232,12.089480935995564,1.8363555029376435,0.3156344358888534,0.07340092441790766,0.14523944162305757
Apul,OG_07233,449.82401788780663,0.16744924898608635,0.12152008783517358,0.5854636049379072,0.6974287190270952
Apul,OG_07234,363.28537733322923,-0.06848059222928103,-0.06162306449399522,0.6513736848864391,0.7544555576905616
Apul,OG_07238,233.57922712942428,-0.6662664585863607,-0.5391131805038539,0.025310954756751526,0.06263726529648828
Apul,OG_07239,440.14395334705824,0.18112501559839628,0.15825662352300426,0.36549121330084217,0.49775476066057905
Apul,OG_07240,835.0043708193516,-0.20816912813152622,-0.16152859410891351,0.46662492708583936,0.5945396308510688
Apul,OG_07241,36.08258482629607,0.43095430978928095,0.13129758863312418,0.5693676438756803,0.6846895451596389
Apul,OG_07242,54.071413813777745,0.4731885933528586,0.3671748354760459,0.114628557369167,0.20626735218474931
Apul,OG_07244,354.30240776930907,0.7038590187830448,0.6489228706997812,0.00034832302320845457,0.0018378166765773169
Apul,OG_07243,481.9972305891074,0.36540597121219043,0.32894362806523847,0.05511295325618551,0.11594808668012711
Apul,OG_07245,443.98032729400455,-0.36653377555165967,-0.2988984860504983,0.16857010175361,0.2770682842712908
Apul,OG_07246,413.181157793942,-0.06942271967041375,-0.06233579472310003,0.732183903225674,0.8178003536957639
Apul,OG_07247,55.08994100834624,0.16617192508875703,0.09505801631563682,0.6982864072071926,0.7924047991174497
Apul,OG_07248,130.5891373861841,0.5646434498894493,0.3941188449328263,0.12948946378538992,0.22787012001421952
Apul,OG_07249,2124.0452417949055,-2.5895934201324478,-2.464144419233391,3.8435138262702685e-11,2.718875950804382e-9
Apul,OG_07252,77.04809201314607,1.0719802680992112,0.5602996601163209,0.06429559412159926,0.1308698357098105
Apul,OG_07253,77.28141738070241,0.2823182220033989,0.12299172708683269,0.6048007065693043,0.7142640153405557
Apul,OG_07254,302.30920375509965,-0.8917623027880933,-0.6004623736298759,0.03641362707373983,0.08306139016542172
Apul,OG_07250,170.33864696672995,0.3968738883653853,0.30769402798201195,0.17186710544182754,0.2809000706487147
Apul,OG_07251,54245.323071040526,1.072332153622242,0.9880420676784522,1.912437475226508e-5,1.6207188641087803e-4
Apul,OG_07256,47.07541904581727,0.5103874075028386,0.3135214102470989,0.2286096184731626,0.3507525829117759
Apul,OG_07255,379.3589801187978,0.3933900369036931,0.2650311789767866,0.28246035936440456,0.40934507560090583
Apul,OG_07257,286.33529533109447,0.38813851661885707,0.3532858553776518,0.0262298342652651,0.06447653658316986
Apul,OG_07258,263.6307634817806,-0.8611060461565605,-0.7840551345409463,2.1431626470581333e-4,0.0012222748755722948
Apul,OG_07259,86.56915702303462,-0.054053884578728756,-0.025966634636309476,0.8895664894890689,0.9305648126769479
Apul,OG_07260,188.15383477094852,-0.1673977122030575,-0.1193168016596453,0.5552733326624705,0.6725329830837742
Apul,OG_07261,164.12049744890035,0.8243307734742475,0.7170592445583984,0.002384057261923318,0.00900588367438733
Apul,OG_07262,13.97460718532255,-0.3148468410043467,-0.04119023738544655,0.7640223485248111,0.8412736007630017
Apul,OG_07264,101.41252459373769,-1.9181178901790767,-1.513216905769604,3.1055690441649967e-4,0.001671815884849897
Apul,OG_07267,493.4116595055997,-0.5249271344170237,-0.4783017318774244,0.00416111550175183,0.014248044788503477
Apul,OG_07268,8.675136283266347,0.30893007326652255,0.04000676339494904,0.767155692027681,0.8434846687126258
Apul,OG_07266,400.8729726090909,0.9716053245101812,0.873391335802909,8.639868958195664e-5,5.674122242975259e-4
Apul,OG_07271,64.98652964227433,1.3062641578194163,1.0332281676406312,0.003311818227000453,0.011770857293205789
Apul,OG_07269,74.33163588226907,-0.7917612646869512,-0.46662183979984184,0.09734576681804014,0.1809455327557757
Apul,OG_07270,731.1311198813112,0.31217361834824814,0.27928803804214786,0.07807503669594568,0.15251356280055073
Apul,OG_07273,26.355257925689802,-1.0468169495701412,-0.8351076306252568,0.007209890932997495,0.022542158995436344
Apul,OG_07272,351.4597518443461,0.22812217954290245,0.17751415946273272,0.3895212322587448,0.522171373905946
Apul,OG_07275,245.12946713121437,-0.31854536276817785,-0.2643228928635028,0.19181001130454953,0.306549250608494
Apul,OG_07276,27.029135254067675,-0.2794164297925477,-0.09405621892916469,0.6727053000402792,0.7712375957359436
Apul,OG_07277,427.89910730905297,-0.5030267296904813,-0.4525674230090027,0.009958733607059378,0.02916463167744541
Apul,OG_07280,1111.6537464189605,-1.6539493530100053,-1.549606788558566,2.7796100196196327e-8,7.50411483440426e-7
Apul,OG_07281,449.16496608720763,0.04175099053742832,0.03471270045557748,0.8343944269999886,0.8914030219502895
Apul,OG_07282,1794.4257935790858,0.055138134792085604,0.04476239981853833,0.8267575527851849,0.8866404440371091
Apul,OG_07283,756.9268366559893,0.5048115552334939,0.4178998469403999,0.05646786852352847,0.11824681153661314
Apul,OG_07284,135.3370627877487,-0.32194367645775696,-0.26160250002533253,0.2160904029202734,0.3349642707808329
Apul,OG_07285,793.0469262695358,-0.7031258562780252,-0.6610518430986492,4.895612751538436e-5,3.577288507343766e-4
Apul,OG_07286,990.4834748733753,-0.7472369586463566,-0.5662749348659389,0.037887987721209576,0.08577353383935393
Apul,OG_07287,2008.5754018539124,0.11514397722489132,0.09701921787765781,0.5278004776249126,0.6477714586557557
Apul,OG_07288,1399.1204310160206,-0.9479408608610033,-0.9116977947240182,5.793965227722909e-9,1.9789463809991465e-7
Apul,OG_07291,143.02527765169745,0.4205056844567524,0.365483413758808,0.0571112426669956,0.11929032813229275
Apul,OG_07289,453.85791884647733,0.2785181424413467,0.2058574973561753,0.35157524006506913,0.48391908711139187
Apul,OG_07290,825.4984614975023,0.25543813836896956,0.21325690473382017,0.27852542650539347,0.40500947763250006
Apul,OG_07299,145.92336784390002,-0.3023124524867926,-0.2609462494350259,0.15594869236873982,0.2617627250723989
Apul,OG_07303,65.30046443587716,0.6414004198809672,0.17823323690104206,0.387495205645104,0.5197923637759451
Apul,OG_07304,122.33910800831907,-0.23257492305571634,-0.18332373853525977,0.3666040652905781,0.49888816936528124
Apul,OG_07292,178.95496903597356,0.23001280134128438,0.17460169988434612,0.42199180523500235,0.5538719225333357
Apul,OG_07293,385.62749577787037,0.6586250272365822,0.6257297086653265,2.0081950666719157e-5,1.6907464907731714e-4
Apul,OG_07295,42.066417325163265,-2.0653295075694613,-1.2973362146763319,0.0031346834979893838,0.011273440125004726
Apul,OG_07297,545.825664034786,-0.07371356995375922,-0.061491425583521116,0.7333351477055194,0.8187819498341591
Apul,OG_07301,433.84479566144046,0.20865199682551513,0.18376131329930515,0.28332430239099815,0.41019890088908273
Apul,OG_07302,477.0543380759077,-1.5100605414310617,-1.413338053515918,1.405587475011291e-7,2.9086550227223953e-6
Apul,OG_07305,1410.359551968442,-0.832505010876087,-0.773886063464547,4.9349408720402214e-5,3.594374946945612e-4
Apul,OG_07307,643.2363787655881,0.26005858343775357,0.24101061632012227,0.07345550112996033,0.1453038310664354
Apul,OG_07309,200.97866315064744,0.41233694617257344,0.3529691037133284,0.07971739458126267,0.15504998855462587
Apul,OG_07313,31.497187072125833,-0.12019035905135254,-0.07071319500700476,0.7774376317599251,0.8509229494763971
Apul,OG_07311,240.41915539440015,1.1888316584862049,0.9898661178458268,0.001617747468741439,0.006556057944108565
Apul,OG_07312,223.06150626775235,0.016030767078141786,0.012503376843643754,0.9438263418016121,0.9653550407348959
Apul,OG_07314,97.78002637493987,0.6563843856586532,0.526506719346815,0.02931023912588544,0.07019666034478328
Apul,OG_07315,965.3200255024694,0.08598813253945775,0.07220888339875689,0.6380297838241116,0.7424331605035507
Apul,OG_07316,553.7913611951141,0.8738744903506037,0.8207889717559582,1.3579828292773355e-5,1.2318844237015829e-4
Apul,OG_07317,538.7650788655817,0.6088685993117003,0.5496175463225482,0.0032382106115464073,0.01155936068262627
Apul,OG_07318,355.9010121281327,-0.010770363660273462,-0.009138741891369439,0.9560234829367783,0.9732895658811473
Apul,OG_07319,395.49303688202156,1.026613814459725,0.903534780369315,4.4048311743507233e-4,0.002232622973531224
Apul,OG_07320,565.1052467374222,0.04258860466282664,0.04192722986561888,0.7786037012835003,0.8518162550926137
Apul,OG_07321,113.17377034155986,-0.8331586141603035,-0.7237233729987141,0.0022944918605471215,0.008707673866394526
Apul,OG_07322,352.5365241724424,-0.07747311817191593,-0.06910987611779103,0.6885809808597146,0.784154420865376
Apul,OG_07323,527.4941675046208,-0.7972610631148818,-0.7675027717884685,4.917874180926501e-8,1.2167517114918454e-06
Apul,OG_07324,52.145002125570656,-1.6577440426975232,-1.4028691697720221,2.4409527299327683e-4,0.0013636970734698744
Apul,OG_07325,590.9715418460983,0.8751389195392443,0.8172030906063116,1.0861477613039225e-5,1.0233849909798818e-4
Apul,OG_07326,186.86024574295004,0.44791427097966796,0.3598233866625178,0.10406525108091509,0.19072283922695354
Apul,OG_07327,356.1482796591264,0.2785369068409628,0.21415645760407473,0.3248820183028931,0.4547440482827052
Apul,OG_07328,305.5805830182122,-0.39770640463237916,-0.3380212263973729,0.08820963469391845,0.16801568991023716
Apul,OG_07329,221.623802782247,0.08697943725884019,0.06483538020920022,0.7722169502205386,0.847296208340058
Apul,OG_07330,119.20267594214845,-0.3208070441528411,-0.25297005156306507,0.23973116761586466,0.36382810267084836
Apul,OG_07331,259.71143709414963,-0.7797278420670175,-0.5845454324149834,0.0308358734924612,0.07315103164470473
Apul,OG_07333,694.1690100253678,-0.036704979541037984,-0.03509281487250509,0.8295445945566409,0.8883045381949353
Apul,OG_07334,350.3162278880303,0.8104300275616264,0.6988374121734419,0.003678963918774293,0.012862821890495464
Apul,OG_07336,46.52338328511528,0.0963568102409016,0.05461964201541764,0.8267526774981993,0.8866404440371091
Apul,OG_07337,15.928584531608678,-0.9588729203607973,-0.3516513455809226,0.15892950047557863,0.26533369853514027
Apul,OG_07339,461.8531089875498,0.11639299395618054,0.08554544021135292,0.691388754216921,0.7863587786041848
Apul,OG_07340,573.9454010751986,-2.1380256831354005,-2.0171999735436,1.7098604305817768e-9,6.882951563641019e-8
Apul,OG_07341,383.6051340493256,0.8989576384466504,0.8399777627133044,1.4282662392617466e-5,1.2825216985280953e-4
Apul,OG_07342,404.7949793515097,0.6031013312238834,0.5083600248647199,0.017838682028550452,0.047156668382128245
Apul,OG_07343,2156.415238659403,0.3172034679351971,0.24469943727946647,0.2579294476112099,0.38403313077681067
Apul,OG_07344,466.533932391014,0.49268651979986383,0.3168187355152938,0.21228275091703183,0.3303112277858285
Apul,OG_07345,1748.3727625338452,-0.14662770299383904,-0.13184342005257424,0.3903241093488789,0.5228093425429057
Apul,OG_07348,23.39067688362685,-0.4997790468140411,-0.24196168400601112,0.35091570591423266,0.48330638769339174
Apul,OG_07346,13980.408198157373,-0.44616753917879054,-0.38350509581866316,0.0479724242276844,0.10385770690540942
Apul,OG_07347,4818.658748831142,0.6359417616928655,0.5962529891244746,1.7686980673360246e-4,0.0010329242534435838
Apul,OG_07349,409.7660379305982,-0.17630509908371886,-0.1323470143279722,0.5499050879612314,0.6679905938497136
Apul,OG_07354,524.2560875793538,0.03439084759317729,0.02249125508545127,0.8946361730367208,0.9340301105626937
Apul,OG_07350,166.237588236842,0.31515904249146115,0.25132897699485873,0.23662293302018803,0.36034943202888625
Apul,OG_07351,196.9065400452376,0.16702896982107174,0.10337534780716774,0.6632222392532741,0.7640444900955718
Apul,OG_07352,418.46778075456393,-0.23257939842804204,-0.1846810803450831,0.39685619955594564,0.529435175528327
Apul,OG_07353,660.9305934536667,-0.223668991089751,-0.1857558534149136,0.3404230043620374,0.4717372414834011
Apul,OG_07358,328.6588383572576,0.35229157272101264,0.3135227399508976,0.06913968264216602,0.13863298162873272
Apul,OG_07355,480.44651558226786,0.11990965268633069,0.09142231395384968,0.6611798744566761,0.7625810856965783
Apul,OG_07356,189.66369380150388,0.521053942077581,0.45678216088620816,0.024271901423287733,0.06055886417647634
Apul,OG_07357,76.90292741649239,0.9023772417911051,0.7500478537085548,0.005885474098956168,0.019028081731906694
Apul,OG_07366,1114.5535976451579,0.24950702368278754,0.23143187019014594,0.10580824077667408,0.19340622482936756
Apul,OG_07361,592.6214140082104,0.043187979880678164,0.03373739603789774,0.8735180966407065,0.9205835293839704
Apul,OG_07362,31.889353519630454,0.4219893701697577,0.10722960082435203,0.5852042818409464,0.6974287190270952
Apul,OG_07363,510.6092518078737,-0.32321376767448745,-0.30016830227055574,0.03625274672038531,0.0828280495291077
Apul,OG_07364,14186.188981868225,-0.04255906295055282,-0.033538963001712545,0.8615718960606936,0.9123656825342659
Apul,OG_07365,205.92934018384295,0.41052438966783733,0.3398520513593196,0.11007842743395044,0.19971371834445292
Apul,OG_07367,602.136467487603,-1.071219620949317,-0.9859362265813267,1.7277737531311235e-5,1.5008994154126532e-4
Apul,OG_07368,363.56169038662694,-0.04551321429699117,-0.03308254180875869,0.8764380137751573,0.922797941407122
Apul,OG_07369,173.79704483846203,0.26026216664453167,0.2336929770233806,0.16183507283234194,0.2690098092975671
Apul,OG_07370,921.5474280413102,0.12589911996616468,0.12149949365101712,0.19608572862909865,0.31183509965583467
Apul,OG_07377,17.81824533531565,-3.750239107495034,-3.381239945056542,4.366384668560004e-6,4.774786506435952e-5
Apul,OG_07378,327.4163989747179,0.598879871224873,0.4634552698194419,0.0586466193805176,0.12190331188430781
Apul,OG_07372,460.9193254016518,-0.633370208711476,-0.5052164583044327,0.041464627332500205,0.0922493325085503
Apul,OG_07373,455.0563145156094,-0.7286396430294175,-0.5980713692756987,0.018482053908467952,0.04850785329115927
Apul,OG_07374,871.0519286273066,0.007997303432860219,0.006039634837704733,0.9825209549509518,0.9887713672759746
Apul,OG_07375,792.7587021399605,-0.006704719577689357,-0.004389072966521689,0.9607734487540893,0.9761983074816946
Apul,OG_07376,120.09088847539832,-1.4304988434793375,-1.352485825604942,1.1447964754570456e-8,3.5230818495550106e-7
Apul,OG_07408,66.85819700199542,1.2794365860644727,1.0145868663265039,0.002189800792244787,0.008363165499225432
Apul,OG_07409,73.05162631331076,-2.214461582281548,-2.0628644205228186,6.292209333834704e-8,1.4660685158446389e-6
Apul,OG_07410,57.90902181702738,2.345215770005128,2.18822219583351,2.2293237070551518e-8,6.204262921764291e-7
Apul,OG_07411,515.1525227897797,0.04445612117828561,0.03837094147647939,0.8484154377004545,0.9022481426754332
Apul,OG_07412,40.707225429784046,-0.26109285717814634,-0.11801275963480859,0.6337491433588082,0.73916906294999
Apul,OG_07413,251.79051468096395,-0.3589553456875478,-0.2951146618225528,0.15075246511833515,0.25537008791509075
Apul,OG_07414,71.62083965214009,-0.8722653135960124,-0.6428183612126739,0.030040142200730337,0.0716402968061321
Apul,OG_07415,699.5732870851512,0.13160835556494732,0.12062060527967043,0.4003347402656099,0.5327295040849865
Apul,OG_07416,692.6702226589459,0.11188981060122363,0.09965504017323377,0.6241100398493751,0.7319979486630873
Apul,OG_07417,743.2040433399541,-1.1680533061238922,-1.1107101048909547,2.1195392420990186e-8,5.991186628842273e-7
Apul,OG_07418,208.7763145598748,1.4609895909148853,1.4052142308659037,1.7055375678552525e-11,1.3490203727500713e-9
Apul,OG_07379,18.720893034984986,-0.6755590232019769,-0.1743362482892827,0.38835897420240423,0.5207960842330575
Apul,OG_07380,35.5768756312188,0.3820684174830604,0.19833050545036568,0.4373742801751186,0.567698846169432
Apul,OG_07381,228.41736468359304,-1.095677071305284,-0.9195270725636907,0.001295480494835412,0.005456024111130738
Apul,OG_07382,57.32520500135354,-0.4741503768959831,-0.3519424039114032,0.1492507236109834,0.25330204682857843
Apul,OG_07383,183.3109335178128,-0.3357172241807342,-0.2801344499872771,0.15724363169785247,0.26329913222275503
Apul,OG_07384,314.726624786763,0.6563217762298432,0.5534256302141852,0.016211943400421043,0.04367585707845729
Apul,OG_07385,35.87878065701814,0.09162239676079602,0.039165563009811624,0.8691276645732118,0.9173503630406941
Apul,OG_07386,17.74477216837767,-0.2725008657165751,-0.0565770987032146,0.7730678020224132,0.8478171212400997
Apul,OG_07387,538.4426349052878,-0.48965704451415587,-0.4561975555435897,0.0038773610357628815,0.013457338129127753
Apul,OG_07388,193.18201940544543,0.21058036627657212,0.1742910884927265,0.3745623669078341,0.5066103167556621
Apul,OG_07389,766.16079993766175,0.5772178391250866,0.36791198208129877,0.1736635750875531,0.283322680760714
Apul,OG_07390,121.34557382650496,-0.4248317457832704,-0.33620878879595106,0.13470243407035143,0.2346169302708825
Apul,OG_07391,156.7746723902209,0.19840017407329674,0.1594336347226244,0.42546717679532264,0.5566508318577226
Apul,OG_07392,639.7981668588084,-0.8167887640785121,-0.766425844088742,6.0611672246708325e-6,6.282016651132977e-5
Apul,OG_07393,1601.7995873573645,-2.2169091492931456,-2.1610328969165162,1.303011184888017e-18,8.392322752953749e-16
Apul,OG_07394,742.1165168362438,-1.935113832348569,-1.7673946479851206,1.3100804349894987e-6,1.7844403749698355e-5
Apul,OG_07395,97.88654879311886,0.7747439000470167,0.5613919093156728,0.04546455631199418,0.09955170089005622
Apul,OG_07397,176.91692859127744,0.5700595086587169,0.5100402824250003,0.00748850068078931,0.02318812178526003
Apul,OG_07398,120.38355529276471,-1.399657866269462,-1.2673469458341748,1.4501384705814816e-5,1.2946434246765564e-4
Apul,OG_07400,191.80929287773506,-1.2371250028758496,-0.8206634360741132,0.01439722196995913,0.0396275184685963
Apul,OG_07401,12.723765232868754,0.41886151952460604,0.11950863743944583,0.5803291258848868,0.693549069331216
Apul,OG_07402,358.7472258815876,0.06388960341854648,0.06121450542698779,0.6757955276954717,0.7740914981237383
Apul,OG_07403,285.354391112241,0.9098892846074795,0.7788030598511946,0.002679176562340997,0.009921205364529269
Apul,OG_07404,390.6182694963018,1.23241740036102,1.091881256525168,9.829146084673202e-5,6.321641244329406e-4
Apul,OG_07405,330.6719773579056,-0.1984164677757608,-0.10415222362538333,0.6788090605629751,0.776261420303912
Apul,OG_07406,724.1581119067616,1.2092756308684194,1.1268463166992264,1.9046595805641465e-6,2.4395334428901858e-5
Apul,OG_07407,4536.605156843363,0.19382769217297383,0.16287428026210887,0.41751948565647584,0.549441506445482
Apul,OG_07419,1384.7761870965771,0.06051979007792063,0.05562248125388269,0.7036537697933393,0.7963433519507656
Apul,OG_07420,68.01295101308469,0.48362542261880603,0.30513470489335154,0.2318681286757207,0.3547861727929702
Apul,OG_07421,202.29048634264754,0.6229886383685556,0.5560371361129509,0.00539189028457083,0.017705271192998973
Apul,OG_07422,307.92948579638204,0.8467835272087189,0.7039449636783222,0.007242410310878759,0.022612470143072633
Apul,OG_07423,239.96587718946247,0.06355707997064627,0.05635753464379587,0.725353972065626,0.8129043774574353
Apul,OG_07424,1320.1921193056482,-0.32796454332527286,-0.29051728400469107,0.09268315358429297,0.17439983219314892
Apul,OG_07425,468.86461519682746,0.5767890890018964,0.42147398413679116,0.0935465097947275,0.1755481537604699
Apul,OG_07426,398.13489884354647,-1.4322587610678228,-1.3406458902477867,1.921524149520585e-7,3.841770123331954e-6
Apul,OG_07428,166.08114572709795,1.440038509394227,1.2779651370718756,5.5869832453313635e-5,3.9982403113613416e-4
Apul,OG_07430,139.2921428665291,0.35749891781463694,0.26522718481766827,0.24674022760895842,0.37142848620199964
Apul,OG_07429,250.55609607019355,0.9919289701084252,0.7772616716176625,0.009044642467087383,0.027040961911713172
Apul,OG_07431,53.01302742169122,1.074127614511194,0.8747786547981208,0.004471020919878202,0.015148399368889977
Apul,OG_07432,327.3280984826883,0.42122925374023057,0.3330688912095355,0.13651942265302477,0.23677546337032593
Apul,OG_07427,1157.095932858378,-0.14354778591270398,-0.11055912443051051,0.5890063066959539,0.7004840236715135
Apul,OG_07433,133.37189255017222,1.0963587087216424,0.8381729048586154,0.009180997504754072,0.027385065994167207
Apul,OG_07434,559.5795840885038,-0.05092784228298931,-0.04350049892769789,0.8203330849121405,0.8823742606051259
Apul,OG_07435,1234.2851224105575,-1.0620973999533265,-0.9452015677925759,1.9776766466798954e-4,0.0011387426770825427
Apul,OG_07436,122.38509774889242,-0.010044325241845859,-0.004963142242690647,0.9803058270980906,0.987865181374998
Apul,OG_07438,358.24725948015555,-0.7477069433741287,-0.6799054860253442,6.352631994724017e-4,0.0030132394895542587
Apul,OG_07439,304.53431471758233,-0.2666678339559148,-0.24142100372270808,0.11942125950622567,0.21331646136442886
Apul,OG_07441,87.57925945133363,-1.4092726151385833,-0.8252342959453772,0.015247240240167324,0.04156117449987568
Apul,OG_07442,13.746144744972245,-0.10106210424217599,-0.021894942803982728,0.9018611137642736,0.9378481908444765
Apul,OG_07444,25.758499818112927,-0.04109107970668745,-0.017374425032642436,0.9359949829424264,0.9602167569802589
Apul,OG_07448,33.90106212744683,-0.7342721230788152,-0.1775785603860857,0.36953466794261575,0.5020482297481642
Apul,OG_07445,408.7163354216151,0.705875273242081,0.6551130478508286,1.944438519957829e-4,0.0011246313107414845
Apul,OG_07446,358.44621714429707,0.15956404973607963,0.1466549013739895,0.30230126080300096,0.43076018784144426
Apul,OG_07447,490.0349268489923,-1.6889916707399968,-1.4961235808897102,1.9856757261897788e-5,1.6733493479489006e-4
Apul,OG_07450,248.54851680319584,-0.8323828312420327,-0.7122696438289663,0.003419755512962607,0.012112652927347
Apul,OG_07451,25.7827354091485,0.523205591199247,0.14884529910750305,0.4824376233183849,0.6080851441654627
Apul,OG_07449,367.41481644885243,1.330092988637357,1.0436434043592235,0.002475881154276263,0.009286614129829061
Apul,OG_07452,636.4527482325337,0.18150157801713726,0.1319421169269488,0.5324438860167083,0.652227485424896
Apul,OG_07453,4270.458104851849,0.20727339623904534,0.16250920166730978,0.44781033722371216,0.5774211083578167
Apul,OG_07457,196.75952552390044,0.3049669087908297,0.24428491626661425,0.26643246206277016,0.39353636799162844
Apul,OG_07458,285.7231194340478,-0.1748054053846573,-0.13045942478850972,0.544546213146365,0.6629098425733458
Apul,OG_07459,14.256458878406104,0.6873350233172959,0.21136959516813666,0.3610052657515401,0.49335927270106655
Apul,OG_07456,419.77549376310327,0.16670340256033334,0.152976086126988,0.2897144841342867,0.4167765640457663
Apul,OG_07454,83.58380986956007,0.1730451918234453,0.12926883058158065,0.5632313902448565,0.6790556820213759
Apul,OG_07455,546.38235547007,-1.422121914256996,-1.3063137384908619,3.370494885349905e-6,3.881449857113677e-5
Apul,OG_07461,27.52890328333445,-2.3251238521033364,-2.0793967583989543,4.344034724518751e-6,4.7594363439836676e-5
Apul,OG_07462,297.9401816863899,-0.7755654034882503,-0.733470344898449,6.5983712277686055e-6,6.745749814148471e-5
Apul,OG_07463,54.59217954954522,-0.04091877818116339,-0.021435738682665125,0.9250866587590709,0.9534239801155037
Apul,OG_07464,327.2543591387505,1.2245723067206638,1.1079089951664276,2.7435032516864968e-5,2.1853506025138817e-4
Apul,OG_07465,204.40949975776851,0.10034023966923894,0.08941809368462982,0.5414382126486934,0.6600173534477854
Apul,OG_07466,98.4300947677011,0.6574113500032587,0.4988497916508513,0.059768245711068424,0.12352286765452762
Apul,OG_07467,87.6623501402477,1.3558601536489268,1.1518942752989934,7.074781572766803e-4,0.00329001059523663
Apul,OG_07468,87.88406067966876,-0.4369308633486733,-0.19072203790479866,0.43358162403893286,0.5645482122490478
Apul,OG_07469,1693.5662059722767,0.33773035665350065,0.28326691400725046,0.1474935037862293,0.2513719078242617
Apul,OG_07470,182.46361537000138,-1.6206276204399344,-1.3371282595139244,4.933753307558705e-4,0.0024524616082831777
Apul,OG_07472,706.1121320204563,-2.0904622019858667,-2.015769284460849,1.4252465181836366e-13,2.072814170074492e-11
Apul,OG_07476,146.67134847906564,0.5457622371239077,0.42708802639428767,0.07360370802775396,0.14549186428523952
Apul,OG_07473,102.87293937768763,-0.22213301538542865,-0.18908435918414776,0.3062746705505017,0.4351841639385241
Apul,OG_07474,3675.7952951039306,-1.7315319346557128,-1.594808649669502,5.948143560512564e-7,9.247312152610653e-6
Apul,OG_07478,1302.754981314055,-0.19488988986941502,-0.16970725774137058,0.31258982553692,0.4413061620269935
Apul,OG_07480,457.18028277855865,0.5386510320480148,0.47442343496516026,0.014635437422724466,0.04018506067012988
Apul,OG_07482,167.21908231899567,0.7647781128860383,0.6462267191347544,0.0077108440301117305,0.023747732590042658
Apul,OG_07477,6182.931327201292,-0.8773562432695104,-0.8482395073552993,5.381931116893675e-8,1.3068241182011182e-6
Apul,OG_07483,12.043183059799182,-0.9129460616590068,-0.09168850603550721,0.46865705380863293,0.5960339427633912
Apul,OG_07481,372.67128600398013,0.49325155202064236,0.4483016678393537,0.009608293379519321,0.028452016668503086
Apul,OG_07484,282.6491986366269,-0.07134598569530949,-0.06049474868519804,0.7048920260522289,0.7972919466774897
Apul,OG_07485,336.4795934311989,0.20399773896752407,0.18691902596319018,0.18799227192607382,0.3014989833280601
Apul,OG_07486,1523.4130366486354,-2.146975662556001,-2.0181419800310767,1.950470809559844e-9,7.782033314071288e-8
Apul,OG_07487,45.60302009674211,0.960798408815289,0.6877847431082217,0.025114102472990653,0.06219551277093017
Apul,OG_07488,487.87849173435734,1.3801613302668827,1.2895342133069971,1.4185515854636416e-7,2.9203378187501497e-6
Apul,OG_07492,28.665798634249064,-0.6305103347065499,-0.26920173650556395,0.29731924503303536,0.42480235025556645
Apul,OG_07489,573.0973172971364,0.38527456494753665,0.3431004899545211,0.0499929316945903,0.107100561912597
Apul,OG_07490,233.0832377725275,-0.2401788458805783,-0.20601903235937571,0.2165465669962017,0.33549834958844515
Apul,OG_07495,213.2977714497847,0.8559295344179594,0.7383124293723715,0.0025110275903377755,0.009402797251692576
Apul,OG_07493,217.28643215316998,0.305206165968679,0.26496902979515563,0.14811499459263305,0.2520862412687377
Apul,OG_07494,1421.5792515856206,-0.08781677471598083,-0.08792107189660504,0.48921088436581817,0.6130092474050282
Apul,OG_07497,306.70071750062,0.4114629388746517,0.36846139917660964,0.03752383736822479,0.08507730489044076
Apul,OG_07498,899.9876673871906,-2.270989667195111,-1.9725311472287124,1.6928624715581187e-5,1.4748348701487494e-4
Apul,OG_07499,1778.0508535925346,-0.22873291824983286,-0.21241260112175114,0.09861872654896398,0.18278418443823394
Apul,OG_07500,3307.1976731515097,1.4719770350387726,1.3961826723711286,3.4842395513543894e-9,1.2928966269367295e-7
Apul,OG_07501,353.9831192641542,-0.9068968004751029,-0.8253519585731421,1.379718259289054e-4,8.321685313718661e-4
Apul,OG_07502,144.4660051262935,-0.5221245962604496,-0.3261602164956459,0.19826271595927253,0.31391306581295175
Apul,OG_07505,94.19030595196128,0.2653053769929176,0.1832156965570507,0.45409287619813354,0.5836025462768772
Apul,OG_07506,137.52043199239296,0.6784329021292091,0.5783307234983165,0.01140408727780656,0.03261044620083554
Apul,OG_07504,254.1775616028442,0.14262127409006528,0.13287281215371513,0.39747775353585274,0.5299507472471956
Apul,OG_07507,486.6458338618107,1.0151278634809646,0.9438512741469866,1.0499649764634095e-5,9.965825466074277e-5
Apul,OG_07521,8974.128083267275,-1.134055573147641,-1.0103191184945204,1.2027709664815279e-4,7.438536217259217e-4
Apul,OG_07522,351.67003713387743,0.40833302604549226,0.37196004292486856,0.022335967421577164,0.05676533772276248
Apul,OG_07524,21.059224376920675,0.9198268314095734,0.3587071539753674,0.1600077231431027,0.26665205567100353
Apul,OG_07525,56.26598249936867,0.18347883283739866,0.10759603696524474,0.6735191326284489,0.7719743255257053
Apul,OG_07523,302.2526003948674,0.4728075879264887,0.41616997973264047,0.024726884475200054,0.06148988342881382
Apul,OG_07527,10.200862173903442,2.123058772835358,0.46503456068436205,0.02895790459346997,0.06953791417593677
Apul,OG_07528,207.71782974539911,0.9453228043190757,0.148054618656219,0.35402828377074913,0.4869981746393356
Apul,OG_07526,139.65778994536487,1.3596799636101742,0.8997163031311324,0.00971222922944975,0.02864662377749666
Apul,OG_07530,32.66818315518485,0.7285065770325906,0.46360279495389933,0.09928865784346862,0.18357353038531915
Apul,OG_07531,38.93807990269791,-0.4098579823217579,-0.1291675892688246,0.565356902017986,0.6807990365245967
Apul,OG_07532,40.16305727846749,-0.00290685016069333,-0.0011270306434767283,0.9963318549971584,0.9969952653988876
Apul,OG_07533,275.98639829259434,0.010650370633991121,0.00412631417080744,0.9685779596964472,0.9809290915480685
Apul,OG_07508,1027.210451850457,0.9810135422437815,0.9067152197059922,2.3211171941688333e-5,1.9009549264142027e-4
Apul,OG_07509,359.1588221905021,0.45344990854286676,0.4059264955075342,0.022738735591701392,0.057529511456333185
Apul,OG_07511,72.8386317026867,-0.14003176201474743,-0.10738690779284098,0.6140086882193236,0.7226884664761313
Apul,OG_07512,278.1514502711154,0.38380862721963366,0.305967033092131,0.15948574503146054,0.26621306237480186
Apul,OG_07513,531.1857250497745,-0.6007812432040708,-0.5476820107651383,0.0018487003321988593,0.007276181097964694
Apul,OG_07514,157.68190785583084,0.5099356983752393,0.41749885349024113,0.060407787110303965,0.12467216309756292
Apul,OG_07515,227.6609475131112,-0.7754121013758744,-0.7187962520569331,9.973885071384949e-5,6.391934732670795e-4
Apul,OG_07516,208.38016584575553,0.29744853309128233,0.2557757106616596,0.19368617191332577,0.309084291814803
Apul,OG_07517,747.599384279364,0.6277385746822683,0.4584280600026038,0.08029302109529105,0.156102236139767
Apul,OG_07519,561.2131053957064,1.185683640817134,1.1243560479342856,9.526206768377071e-8,2.0899709593784925e-6
Apul,OG_07520,218.97875077230282,0.5688940695952031,0.44108325643867546,0.07066724910977897,0.14088140287925643
Apul,OG_07534,404.11000755308896,0.519967623312441,0.454474233900788,0.023164370283271986,0.05836075072485708
Apul,OG_07535,303.3464151267314,0.42569179923463396,0.3920205345154286,0.012257735378670347,0.03461354357655895
Apul,OG_07536,684.7502160681682,0.7184804828694022,0.6882353333418396,3.0398537340417947e-6,3.5737107066303604e-5
Apul,OG_07537,434.0085631105793,1.6063390969633398,1.5033103629398301,1.2600048831119465e-7,2.66076441007504e-6
Apul,OG_07538,192.2416048950198,-0.012533074730852049,-0.008595529783954224,0.9388948755442315,0.9622894277976456
Apul,OG_07539,227.0290522211656,0.3442549967305582,0.2606535107229608,0.2511644959640186,0.3762043621441122
Apul,OG_07540,359.950782571686,1.0549375028886463,0.9571565507797178,8.556536610268378e-5,5.627592313259662e-4
Apul,OG_07541,48.27004601197969,-0.059625300563241286,-0.03464638374807624,0.88114953817427355,0.925948661698841
Apul,OG_07543,47.88945431114175,0.7662395132335756,0.5601650649338555,0.03985337834116901,0.08939251554784104
Apul,OG_07544,81.0866139378919,-0.14431776185455378,-0.11309845861415292,0.587490372411136,0.6991422314941551
Apul,OG_07550,59.31488879175242,-0.5353809106485841,-0.05953804530711342,0.6439338108093577,0.7477593267312272
Apul,OG_07546,45.57280845457615,0.4981785426586182,0.3248575912111968,0.2149156649288697,0.33344972415599794
Apul,OG_07547,498.07662958925204,0.813959049313906,0.7401942226478356,3.1003940860519353e-4,0.0016700270892431484
Apul,OG_07548,132.246493963504,0.06851606533269174,0.05776250548955888,0.7626444063479891,0.8402693807477783
Apul,OG_07549,76.85308700346641,0.5525578208831323,0.3602696764016353,0.16886677598175223,0.27745475929800656
Apul,OG_07551,167.84691713124147,-0.23501158158674362,-0.19918815000094103,0.29151234590172115,0.41876164138853267
Apul,OG_07552,4207.628932125846,-0.4644597907280512,-0.4155577156933955,0.019531551551671578,0.05081870242393809
Apul,OG_07553,209.19057099843562,0.48060939237618666,0.3909526013083699,0.07540367067216872,0.1482588090821948
Apul,OG_07554,165.8505195016517,1.0837128693536202,0.7226063192215578,0.02073167634365152,0.053288918355389334
Apul,OG_07555,575.5778542538801,0.39002550078252146,0.35362680429306,0.02097518309466529,0.05381809881556466
Apul,OG_07556,22.540637198961942,-0.21870714500225888,-0.10315480844145525,0.6696391109799742,0.7693853037342543
Apul,OG_07557,436.7062860918542,-0.23414510340825445,-0.21378722020116794,0.15366857069566622,0.2588993837748173
Apul,OG_07558,354.1524103583753,0.17615500779958393,0.164085098945594,0.314558860913098,0.4433917850325784
Apul,OG_07559,788.7372408861077,0.6682374462155375,0.6135552448775261,5.988855414900119e-4,0.002877611486661319
Apul,OG_07560,121.58509073493299,0.11016733535318708,0.08076209216403814,0.7085130504523545,0.7995001349555926
Apul,OG_07563,120.66938391126061,0.4857764483304255,0.37511135559197395,0.1138701402382843,0.20514826264307884
Apul,OG_07564,339.22281736247527,-0.3800202192333583,-0.3291891593934859,0.08727224063611606,0.16672326140166494
Apul,OG_07561,90.26863765380045,0.18421863110513098,0.12524750921854846,0.5978125010529101,0.708247972933135
Apul,OG_07565,303.00880613287484,-1.408358186713971,-1.198574146547569,3.290791745853749e-4,0.001755802909607293
Apul,OG_07566,66.08918341213683,-1.3435392824817778,-1.1375969194149285,6.057915583279239e-4,0.0029024561537953717
Apul,OG_07567,128.2698851812799,0.531362956744123,0.4118628054046999,0.07718781633721089,0.15107500323695042
Apul,OG_07568,805.1295108466461,0.059578833908524295,0.05572418816455297,0.6479019054095276,0.7517863185018286
Apul,OG_07569,371.53390837383114,0.36956068592183644,0.3122087375589034,0.11141402110674775,0.20169046944781058
Apul,OG_07570,416.357590309132,-0.18343953541873884,-0.16506852340282702,0.2624122495624999,0.38936415855267276
Apul,OG_07571,332.31696912773276,-0.6008170851132781,-0.4717146726514118,0.048488649673218365,0.10462363103694904
Apul,OG_07575,54.692963832973724,0.869916539384546,0.45448607478727626,0.10760028815308989,0.1962046103693451
Apul,OG_07572,428.59694627638964,-0.8828100247795134,-0.6968753860333713,0.011445376214769671,0.032690198710351004
Apul,OG_07573,87.28760024105438,-0.45834648985255266,-0.32487964999116703,0.18983204282642818,0.3038188729438947
Apul,OG_07577,39.159896075689076,-0.2883511122666124,-0.1298716436145508,0.606738017991915,0.715996472108302
Apul,OG_07579,620.8081315575921,-0.08439142126870516,-0.06751955350938021,0.7068172280961424,0.7987681345711136
Apul,OG_07580,260.1149628551485,-0.4813783372183811,-0.38526821415223966,0.08278441748833971,0.15977463452319332
Apul,OG_07581,5313.82231941719,-0.5647459546593389,-0.5354010601977017,1.2501471377768142e-4,7.684101391502067e-4
Apul,OG_07582,228.82162303257005,-0.3383763024021285,-0.28421085329863033,0.14656360713579478,0.25039106584756754
Apul,OG_07583,263.12474229627327,-0.24982382831060027,-0.2164701207033284,0.22782291534699284,0.3497836246694763
Apul,OG_07584,770.2871009141894,-0.302463645517997,-0.25155448121647295,0.19621376186682987,0.31187369835240697
Apul,OG_07586,1324.1444698912255,0.6074576406167601,0.5201819610421732,0.016355285312124726,0.043983181526820354
Apul,OG_07585,11237.723707679503,-0.5698314577275251,-0.4726448323653526,0.033140030673387236,0.07717553114202808
Apul,OG_07587,509.79551382283927,-0.26193273183545335,-0.24490136309575497,0.0654076966337555,0.1327140415271317
Apul,OG_07588,51.5929997093083,-0.3384874028623179,-0.15702771272339397,0.5163517137358145,0.6380611220468152
Apul,OG_07589,56.19313662705237,-0.5189648989112952,-0.24225023808451995,0.3289673959627158,0.4591794132191654
Apul,OG_07590,58.92984919052192,-0.5351833404245304,-0.31286703361600376,0.22981805999421373,0.35214566462859276
Apul,OG_07592,50.239490288908634,0.6699228904755578,0.24796719092783434,0.28667658810563085,0.4136602328290084
Apul,OG_07593,130.32179990906886,0.32585801397233866,0.21605102327684414,0.3819804781396931,0.5142308108966277
Apul,OG_07594,1070.3151240502486,0.4454427113971547,0.33191254527000474,0.15681940370131633,0.2629305621373688
Apul,OG_07595,354.98523749298846,0.731678978104036,0.681832962646818,9.533978247986195e-5,6.149347772681798e-4
Apul,OG_07596,95.9143701471367,1.5328785634276738,0.8701916448946331,0.014555399415460198,0.03998965159329817
Apul,OG_07597,189.46177910493685,-0.4574143440184101,-0.38739465233616527,0.053598951478054976,0.1132915484007552
Apul,OG_07598,184.8113132851085,0.6534021417315988,0.5285832220218427,0.026954028055107902,0.06580107031638384
Apul,OG_07599,699.9043766070656,-0.04715330803315583,-0.04445140998841461,0.7667432751719427,0.8433134118193225
Apul,OG_07602,35.1345086195867,0.577689369047906,0.281136700115624,0.28378331950448843,0.4105732118596687
Apul,OG_07601,183.36461849207714,0.048703778919024575,0.039980930278271015,0.8338477373482663,0.8911704453797935
Apul,OG_07604,47.27581257206385,0.7922207084160708,0.5362716647145195,0.061794299231911494,0.127040400404502
Apul,OG_07607,16.56426592500936,0.4341163224062127,0.23426039396232987,0.36914550954204295,0.5016706947310627
Apul,OG_07605,634.6284234494175,-0.1626309505294387,-0.1464289422321624,0.29482131886952956,0.4219688622613568
Apul,OG_07606,225.59731416615782,-0.10908871186053928,-0.045971867377646816,0.841933087814316,0.8974714094835899
Apul,OG_07608,488.6903643317918,-0.18766453136084107,-0.12307484244448967,0.5906677018845667,0.701534597983817
Apul,OG_07609,34.85010553781771,0.31043209721483833,0.15904607307103963,0.5298503310363276,0.6497566211008522
Apul,OG_07611,72.41873037009655,0.3725082763402355,0.2989615262336766,0.16930995655262382,0.27798031286143643
Apul,OG_07612,154.04371509394403,0.5120055832832024,0.47383972304568756,0.0032202710711561815,0.011504431160307168
Apul,OG_07615,123.51435061695538,0.2969252361016421,0.23336678656187768,0.30499555874629913,0.43370839823614243
Apul,OG_07616,67.937398044392907,-0.1769598142018877,-0.11197709329464305,0.6383741752284486,0.7425907514935797
Apul,OG_07613,1061.5733989837822,-0.8422513171306565,-0.7725595983683441,6.73357873210236e-5,4.641947968453133e-4
Apul,OG_07614,375.2489558041948,-1.1631804070268723,-1.0695128661671671,2.8005180990726567e-5,2.226831719518355e-4
Apul,OG_07623,271.4992386774662,0.37689582788661147,0.28920153894739553,0.19801785174959596,0.31359454188428826
Apul,OG_07626,535.6586268022805,-1.0972628993111013,-0.9636075261647693,2.41541350637388e-4,0.001354464153418736
Apul,OG_07624,148.7805176284874,0.48027066661882756,0.38880150171132716,0.08243978003211476,0.15927994355037042
Apul,OG_07625,224.35535049836935,0.4506878277739331,0.39996344864908995,0.028952460467331603,0.06953791417593677
Apul,OG_07619,362.88826380988974,0.04816707138778216,0.03472926939896175,0.8723656683159768,0.9200141790883232
Apul,OG_07620,539.5093445901474,-0.3971789133143341,-0.36093085856062396,0.02502939220382921,0.062019793762552344
Apul,OG_07621,203.7757498136445,-0.8941977598679778,-0.7654065447111204,0.0034504099216000287,0.01220570665479304
Apul,OG_07622,309.19383649474867,0.9928261170915841,0.8587164992500128,9.011684083320039e-4,0.004010880950625362
Apul,OG_07627,704.2796653069074,0.9499369034886266,0.8758872344335745,3.172635312316369e-5,2.481149402528768e-4
Apul,OG_07628,706.0687310453125,-0.19203497942698758,-0.17840487780808978,0.1832290104183373,0.2954535026720579
Apul,OG_07629,808.1683648489128,-0.3028705871663237,-0.29144724688428647,0.003995327197649584,0.013787166223194145
Apul,OG_07630,760.6708477741269,-0.09731993552025119,-0.06387072086978446,0.7792218385323225,0.8523890959657834
Apul,OG_07633,36.80085013063014,-0.4224039008598127,-0.2201415168053728,0.378157015312058,0.5100518840074383
Apul,OG_07631,193.0657545343447,0.9050678115120196,0.6771547175124422,0.02097932985879004,0.05381809881556466
Apul,OG_07632,343.8866509468793,0.9633029970745874,0.8072399807284886,0.0025661329930057528,0.009569404961924264
Apul,OG_07636,498.3384878420434,-0.17569128787303662,-0.14677110515849284,0.5107717702671172,0.6326413533651917
Apul,OG_07637,112.08483038299178,0.01805234879457816,0.022436646757665744,0.9563430801493806,0.9732895658811473
Apul,OG_07638,14.297319096813947,-0.9391860220284368,-0.30056801105915204,0.20711673854806276,0.3246256964171531
Apul,OG_07639,1092.1065808607912,-0.3202628741260449,-0.2984756911550424,0.040768536913207414,0.09110530293590861
Apul,OG_07641,1192.8761355803194,0.4425525909951218,0.3342964151772727,0.14428219343274995,0.24724297570944628
Apul,OG_07642,237.5001474713918,0.11043141732071104,0.08162289012679598,0.7135781966059878,0.8033008271205285
Apul,OG_07643,4255.6798038372735,-1.7317396447784614,-1.5774097915213476,2.3825069625374184e-6,2.9246968465574176e-5
Apul,OG_07644,266.1661922978579,0.3832544906305528,0.332623124772669,0.08318357393648142,0.16037155227349098
Apul,OG_07645,73.61978492926697,0.1395210091812489,0.07739250011881452,0.7529271658262149,0.8335339024375717
Apul,OG_07646,699.7504797315048,-1.2265412937496782,-1.134451719333597,1.948841375450922e-6,2.4820201528871417e-5
Apul,OG_07647,691.6690593034275,0.26481589710018755,0.2463190801992171,0.05640097142483558,0.11813416012491113
Apul,OG_07650,327.9370087291417,-0.026195461609061787,-0.02298051935531447,0.877386897441903,0.9232037250684176
Apul,OG_07649,1044.7751065171055,0.28156270806820305,0.25335199765344646,0.10912890301025717,0.19847021348194613
Apul,OG_07656,169.86658600155369,0.009434097496293061,0.009140024321054853,0.9688113587960114,0.9809962967168597
Apul,OG_07651,1838.2625686235115,0.9927967255763969,0.8809924087611836,2.0622932858625474e-4,0.001180679273563339
Apul,OG_07652,318.33464666531177,0.7454160080675003,0.6741540784530535,9.154401373051092e-4,0.004066267841418804
Apul,OG_07653,777.6113509602781,-0.3493666940204152,-0.31294234071760846,0.06749222027693147,0.13608616955212233
Apul,OG_07654,133.7296681117428,-0.0074288300434139495,-0.005919767409379837,0.9806999437969678,0.9879311130842653
Apul,OG_07655,1144.714451036966,-1.6025114710483614,-1.4828425141622916,1.170215571129505e-6,1.6283694143325227e-5
Apul,OG_07657,1244.7962662397938,-0.21163141344343733,-0.18536609301644427,0.2767253479003579,0.40336767895530673
Apul,OG_07659,5346.1802090102665,-0.6114404299293097,-0.31097635580980654,0.2231064588497965,0.3437127865109542
Apul,OG_07661,1223.1853688170713,-0.38999129650295133,-0.35349408234599905,0.028901794547840812,0.06949532838343482
Apul,OG_07662,5516.669186361373,-0.29539385970428234,-0.21699037615227382,0.33142307060462284,0.4616067080077053
Apul,OG_07663,150.7684872674287,0.7915761157956422,0.6106816663868659,0.026900119133167973,0.06574888223801689
Apul,OG_07664,152.80320939629706,1.044077218408091,0.9139242024985254,4.4989684319542725e-4,0.002272672176522783
Apul,OG_07665,626.1554760891694,-0.20641324903266714,-0.19037645966996875,0.11234299766314805,0.20296469844291845
Apul,OG_07666,565.7824783590472,0.028834901767614947,0.024896834297706893,0.8843143650906209,0.9275129987739277
Apul,OG_07667,88.22455483189958,-0.6986819290320446,-0.4183729037550768,0.12972006779912987,0.22814560096877803
Apul,OG_07668,1202.129193399695,0.32900249642798696,0.29536155187461455,0.0823733857107601,0.15918577345776333
Apul,OG_07669,21736.883125816377,-0.44139867231864244,-0.38055127833622776,0.060503916672896986,0.1248144169845601
Apul,OG_07670,952.2606401687854,-0.24307750025102495,-0.227765704572212,0.09104827035291818,0.17204154521631668
Apul,OG_07671,340.0163283560523,0.36060705086635697,0.2886751426131072,0.14773483441616825,0.25162920323584986
Apul,OG_07677,458.4185868917128,-0.4856096377479038,-0.348659390043327,0.15428240138591479,0.2596424810184385
Apul,OG_07672,890.9405719052511,-0.021571838537830134,-0.01423569408541789,0.9098481874719423,0.943542392919437
Apul,OG_07673,4355.682331797956,0.3422283535436821,0.31042741220631154,0.04354895503273536,0.09601000673109408
Apul,OG_07674,2002.80277968123,-0.0358724655970351,-0.03111393312148643,0.8070767479608244,0.8717550355010486
Apul,OG_07675,447.03507093721294,0.8826852938757994,0.7475733202621854,0.0035312873809466745,0.012438745565335444
Apul,OG_07676,181.23180341710264,0.19419392126271856,0.1663488941954404,0.34774081201079576,0.4800335122322941
Apul,OG_07678,1520.570800475784,-1.3290198842491745,-1.2686775145661076,3.2555460409021105e-10,1.6491718343154116e-8
Apul,OG_07680,15.042601001753706,0.7362944960882586,0.32675887840815643,0.2142917010306236,0.33292010134271754
Apul,OG_07679,919.3803217504361,1.6644087298444694,1.6061298257804493,3.8441632066147564e-13,4.95183137629218e-11
Apul,OG_07681,751.6803016822515,-0.3041592583161743,-0.28394984998468203,0.035585648307024015,0.0816893561060172
Apul,OG_07682,28.15270009563635,-0.9608828157570767,-0.678041182875023,0.028240105422519892,0.06834166145863174
Apul,OG_07692,277.50935009827947,0.9837587176280558,0.8933158806376105,8.865233508701084e-5,5.79259496724331e-4
Apul,OG_07683,38.12127188294353,-1.4248770851072359,-1.0500084744553986,0.0058054886461242385,0.018816711402624822
Apul,OG_07684,500.7983992296298,0.42340274088255553,0.27828736065031773,0.23724911010549798,0.36093727447634133
Apul,OG_07685,863.6862857788203,-0.38341233340094405,-0.3602829146628649,0.0081315126964642,0.02483802506233661
Apul,OG_07686,122.89580423663435,0.29424863852697325,0.22884636019320917,0.2874335097725322,0.4143185024393227
Apul,OG_07687,898.3034238777684,0.7498256443526826,0.6843469372354866,4.0287627547468146e-4,0.0020734790958648417
Apul,OG_07688,77.01765585855932,0.5896871443879148,0.4352381287500554,0.08854160492934295,0.16847193495758683
Apul,OG_07689,836.0799024356074,0.4661939292771513,0.4396179694844354,0.0028513110152112624,0.010451329847219493
Apul,OG_07690,595.1021533477307,-0.4102828465368666,-0.377228078619099,0.024110749418353457,0.06020676474807341
Apul,OG_07691,943.0935165904721,0.3634815421493831,0.34286004463590375,0.010210803335017251,0.029757858329622026
Apul,OG_07695,1708.8890520099098,-0.7429908974340851,-0.6743296303867123,6.898106287470761e-4,0.003224480269265104
Apul,OG_07696,238.179061285024,0.36667316563340824,0.3315458093238855,0.043169118435948464,0.0953824898154735
Apul,OG_07698,286.4747544977518,0.3008033998010643,0.24250969632963024,0.2395905873549082,0.3637629779725892
Apul,OG_07699,1919.2843705473194,0.4705086584236757,0.3414734001172263,0.16826574438630154,0.27671935384484425
Apul,OG_07700,786.1795252765371,-0.33030060516995435,-0.30664400281160187,0.029738519404733033,0.07099608934934544
Apul,OG_07701,1341.1308512511264,0.34400095962130406,0.3185119253699318,0.03749495105908112,0.08507598734266092
Apul,OG_07702,980.1565211655985,-0.54107419014792,-0.5229743141167114,3.35842209225965e-6,3.874413230714077e-5
Apul,OG_07703,436.9980402350375,-1.4309282373740113,-1.37374203169757,3.417842891846963e-10,1.7217144891499478e-8
Apul,OG_07707,61.790496192016214,1.0287812761810122,0.45382918044458537,0.11193058202030759,0.20238180430661992
Apul,OG_07704,2679.7732811151177,8.438506187936802e-4,0.0011338744461381147,0.997111164157836,0.9976643771872177
Apul,OG_07705,102.37661375650117,0.12884169848619495,0.07792460324010372,0.7423254212443449,0.8257523221515245
Apul,OG_07706,230.61578670425288,0.0948418202984152,0.06865689785531437,0.7588582027339239,0.8376065710296555
Apul,OG_07709,3745.5764504605168,0.04679047972028136,0.04078922966517821,0.819108353418143,0.8814775059996891
Apul,OG_07711,219.37891477164004,0.4058456109329922,0.3631667545996708,0.038515363214264416,0.08695368805784232
Apul,OG_07710,650.0803863471031,0.36547505397202823,0.3432519682264014,0.011410220446227805,0.03261044620083554
Apul,OG_07713,3525.803185370975,0.0775392547502492,0.07704696657191548,0.6345170530450004,0.7396410373816737
Apul,OG_07714,484.3695833616057,1.0934390527508133,0.8572944202291178,0.004283891900490571,0.014620686323513807
Apul,OG_07715,150.36235635119914,-0.24392054981387087,-0.1677761832031714,0.46611386645612424,0.5943083616847953
Apul,OG_07716,301.51100373479807,1.0131132005802803,0.7889510630556095,0.008818078721782452,0.02646891339357935
Apul,OG_07717,2121.1596111684394,0.23241155337979058,0.1985580398041468,0.3086964263379712,0.4372472001711414
Apul,OG_07718,223.86430396265308,-0.10473156562413542,-0.0741299147267966,0.7421981860678155,0.8257126519152982
Apul,OG_07734,320.37906822746777,0.5226783910335376,0.4044036859539219,0.07637831575686369,0.1497832260068812
Apul,OG_07735,150.0967510776058,0.24166157177598097,0.18285035276509973,0.39698396104606837,0.5295272746675145
Apul,OG_07736,369.27245842947855,-0.17731467990797323,-0.1484359868210351,0.43282173733212254,0.5639002464273586
Apul,OG_07719,1960.5675536425417,-1.3892807335262403,-1.3415488094080832,5.308660755346497e-13,6.382425870794582e-11
Apul,OG_07720,265.50739885313976,0.805966074776123,0.713101870823656,0.0016144285049297046,0.0065455493835211995
Apul,OG_07722,511.7334456871057,0.6285035518291509,0.5299165929067718,0.01387999181641803,0.03840315624689824
Apul,OG_07723,186.57425452908024,1.2024787590194983,1.0211530633324697,8.251802450448723e-4,0.0037277806961771615
Apul,OG_07724,45.77733450114016,-0.22090039989241503,-0.08769566409903393,0.7081245087511656,0.7994196580808801
Apul,OG_07725,6265.4412685916795,1.3158535482308626,1.251535527640582,7.279202024292774e-9,2.413108994597351e-7
Apul,OG_07726,216.60862198072724,0.1096954567949368,0.0952217259816736,0.6006643734629351,0.7105064483163172
Apul,OG_07727,243.20866144652146,-0.45128489613290323,-0.36797152972240993,0.09581123290600693,0.17886747145206303
Apul,OG_07728,145.2754660490205,1.1576437347744135,0.9770027081846414,0.0012739638328437585,0.005372933527012241
Apul,OG_07729,664.4320247424497,0.021146516394588106,0.019208305688129042,0.8773425236557226,0.9232037250684176
Apul,OG_07730,565.1702026763493,-1.2867305912522244,-0.9345674787108263,0.00595576482306744,0.019200261497890277
Apul,OG_07731,3621.666626601424,-1.4950675058730034,-1.2976431952785359,8.432027652901635e-5,5.566002441157689e-4
Apul,OG_07732,125.84468078053689,0.1227155819794187,0.10724059000913179,0.5638908365790807,0.6794368089835576
Apul,OG_07733,1803.19831017449,-0.483350481249594,-0.4550570220724128,0.0016032566662189107,0.006506105022185382
Apul,OG_07737,547.988306617011,0.9273252834335868,0.7880720745932219,0.0024793954550345353,0.009295928822472517
Apul,OG_07738,708.6828581410402,-0.00474546940173797,-0.007007765698550322,0.9828760225434806,0.9887976230363231
Apul,OG_07739,123.76208832285593,1.461114593078929,1.3578378081409026,7.095801219640681e-7,1.0735375771392621e-5
Apul,OG_07740,437.63903717903816,0.8041488214375514,0.7456313827454251,9.462886803446081e-5,6.116620093668338e-4
Apul,OG_07741,341.3016636330084,-2.1363630139082392,-1.9794170484091211,9.887155539038216e-8,2.1430884974881633e-6
Apul,OG_07742,39.81619719247438,1.0630407919506977,0.47220747369531796,0.10016117915478509,0.18468761813459134
Apul,OG_07745,147.80132682795218,-0.5638561867990898,-0.4773655598761005,0.024685512079059238,0.061420878150352416
Apul,OG_07744,225.45682923537782,0.003985559868595996,0.005001443254820799,0.9862968064296698,0.9911390081439019
Apul,OG_07748,932.2240551576708,1.6526923098738,1.593925584857919,3.2725620995591615e-12,3.139222601247336e-10
Apul,OG_07746,1343.6221058463163,-0.5678442119719115,-0.5225822136776704,0.0013773327298069956,0.005736447678831262
Apul,OG_07747,429.30223096458985,-0.14663994655860427,-0.13511475423967284,0.38565775741185176,0.5177897555959897
Apul,OG_07755,71.88271328192583,0.8901847901817983,0.6574751318138321,0.026113575959161233,0.06432954361165177
Apul,OG_07754,148.3480254798816,0.690100215960202,0.6018464618260384,0.006024437534853277,0.019386992595207705
Apul,OG_07760,333.8773192234602,1.9252927101506456,1.8759046478557047,5.248286414378235e-17,1.8929519439379418e-14
Apul,OG_07757,67.4823975188817,0.9495271849610365,0.8167530566997403,0.0018028093948186403,0.00712354614946524
Apul,OG_07758,183.29332964427277,0.2810779943111618,0.1964423228115925,0.41280650294304877,0.5449094183922516
Apul,OG_07759,150.52242883440812,0.8830164825442611,0.730045351561512,0.005697814438880994,0.018514303710050424
Apul,OG_07749,590.5238143915237,2.1202875362017504,2.021904231726728,4.9453586080147265e-11,3.278845482975646e-9
Apul,OG_07750,1146.7762321028538,-0.7975975012782602,-0.6597403502561847,0.008263612694870113,0.025127974664654
Apul,OG_07751,43.75917414876663,-0.5359014471606979,-0.24039146556824273,0.32227217647142326,0.4521438019671423
Apul,OG_07752,276.61419718504345,-0.7685301890569564,-0.6479000056984799,0.008700118216889725,0.026167100053934172
Apul,OG_07753,285.3091830190516,0.780033273655664,0.6940181535565914,8.46819822574243e-4,0.003814073096978996
Apul,OG_07761,699.1783361539322,-0.6719822373017431,-0.6251789410326135,1.3618935825694e-4,8.252818840072769e-4
Apul,OG_07769,195.04299058423362,0.035739271261991175,0.027045435012914378,0.8829827055393659,0.9265512691549472
Apul,OG_07770,480.66216880227194,0.8478736576446847,0.7759950102070228,1.4119471952849603e-4,8.482030552887733e-4
Apul,OG_07771,51.04674535753928,0.5624296595043043,0.3748704942284914,0.16424181656345962,0.2717872013126657
Apul,OG_07762,345.3181625048682,0.18852326472878356,0.14560901457998998,0.4833812593243333,0.6086649247728867
Apul,OG_07763,296.5678448305688,0.42903951361975234,0.37437796527311357,0.04715444715183806,0.10257940891872709
Apul,OG_07764,514.7587504092046,0.7095845656209466,0.6012590140282535,0.011034795337271955,0.031738676094475664
Apul,OG_07765,247.70725961976206,-0.19143999268449932,-0.16141211576834089,0.42414641063524533,0.5556818947603506
Apul,OG_07766,137.86497300982768,-0.4987290101943891,-0.4493054028044282,0.010014183239879893,0.029269980639869367
Apul,OG_07767,1839.766897965205,-0.6273560405162601,-0.584383974669718,6.54666271346218e-4,0.0030938814301513877
Apul,OG_07768,328.43751262918295,-2.069689192104403,-1.967648214658041,5.235878747480852e-10,2.446213402385225e-8
Apul,OG_07773,172.4301515220377,0.9560825734862266,0.8555879506217087,3.370067582838739e-4,0.0017906835235390046
Apul,OG_07774,425.81135455135853,0.42706694439158477,0.3880571815665822,0.018804028150814125,0.04918941741685262
Apul,OG_07775,262.26796629579155,0.38772864248706107,0.3595217466337269,0.016481308316615324,0.044269275272838964
Apul,OG_07776,365.2107773323422,0.014431155565609902,0.007689317422550395,0.9468214056015901,0.9673111958202513
Apul,OG_07777,81.033866267445,-2.3915025166643558,-2.1192711191892504,8.326621697203226e-6,8.18769333082677e-5
Apul,OG_07778,205.50170721378572,0.07732384935640897,0.04273772996798112,0.8573349943139414,0.9089549130990693
Apul,OG_07779,136.22433219365485,-1.8804695527416004,-1.642873354593715,5.7276770076235484e-5,4.073064950925989e-4
Apul,OG_07781,79.63338111577352,0.03193235382952987,0.016638441036448615,0.9441572700722022,0.9653550407348959
Apul,OG_07794,14.229439181508265,-0.8272225568749466,-0.18454998186196925,0.31544077137101645,0.44442647428944615
Apul,OG_07795,11.751547598950939,0.8335347082380115,0.11619744604582326,0.4279763168540125,0.5588794278164563
Apul,OG_07797,458.8832762470817,-0.25612355313639407,-0.24264406066956803,0.04911908421833347,0.10564079121504473
Apul,OG_07782,403.9599742113744,0.42724755788551694,0.380292968714345,0.03071129581824437,0.07295146322263159
Apul,OG_07784,176.373979751256,0.8887278125867472,0.762684819484985,0.00208609766392164,0.00802146807487481
Apul,OG_07785,1729.5963819029598,-0.6187590823265723,-0.588199386236467,4.0084829200192516e-5,3.0095329300427635e-4
Apul,OG_07786,286.01006264822075,0.8028992811451604,0.7535481178538186,1.8722994333531234e-5,1.5965642616632694e-4
Apul,OG_07787,56.23462957117463,-0.5545552078208531,-0.27330004740673614,0.28743083730813535,0.4143185024393227
Apul,OG_07788,730.799242627642,-0.589306554761682,-0.5271790051936641,0.004107503278176399,0.014109469355930129
Apul,OG_07789,1078.1583651480116,1.3671870594808213,1.2449682794144215,5.789921085134452e-6,6.0425600028538606e-5
Apul,OG_07790,356.8064315077042,1.3454299398027978,1.1633541560280756,1.7805297668456422e-4,0.0010391609648962561
Apul,OG_07791,448.03301250609957,0.20918920750670603,0.17907381756676116,0.3799419623767391,0.5118686201630146
Apul,OG_07792,44.22870110002073,1.11791755174389,0.6481258575133756,0.04584735052608485,0.10024383115754296
Apul,OG_07798,143.16954777741287,0.8555606713809041,0.7147611801489347,0.005856905623874744,0.01894657736405349
Apul,OG_07799,1013.332109610674,0.9920406272478114,0.877881367344355,4.6802137612695494e-4,0.0023478858825374265
Apul,OG_07800,95.94242594424841,0.5360576686205062,0.4166428495399497,0.09311948288032251,0.17500174596329057
Apul,OG_07801,114.12662895903159,0.6383420062590046,0.283007944765884,0.24265385197288908,0.367097117574182
Apul,OG_07802,365.77410017944476,-0.813488993749941,-0.7578580269955095,2.3589135875400155e-5,1.9284065112283155e-4
Apul,OG_07803,216.11773186907902,-0.7555209300102744,-0.6362261508739054,0.008446153999720945,0.025547191320115157
Apul,OG_07804,26.68710494054208,-0.16383176734043575,-0.06165244388952983,0.7971871834895992,0.8655643670499551
Apul,OG_07806,158.59993992386958,-0.286710359976593,-0.18454512914649235,0.45120379206845096,0.5807171842822185
Apul,OG_07807,942.0270859898661,-1.0815463932155835,-0.9702881629502959,1.9632781051027125e-4,0.0011325364115423633
Apul,OG_07808,1071.826545680133,-1.0025239495805962,-0.8376575823519058,0.0020348133491593125,0.007873048656740655
Apul,OG_07809,96.46245187284376,-0.7031332066637952,-0.5469634987385747,0.03642842461291733,0.0830741286632968
Apul,OG_07810,120.52461711886883,-0.24551296938370343,-0.17020228632796572,0.45997955747311914,0.5888182381793179
Apul,OG_07811,440.5798774535356,0.9877867610990312,0.8222957704876825,0.003137885257510399,0.011277126889984562
Apul,OG_07812,898.4320813591855,0.6440514243826801,0.5711180104966801,0.003108195689011867,0.011201678868033575
Apul,OG_07814,446.45337634316803,0.3232370211721668,0.278265659473463,0.1471855811302715,0.2511681273754084
Apul,OG_07815,119.62104721119752,0.08214962510784449,0.06121955084297486,0.7856463946121516,0.857307861011958
Apul,OG_07816,141.79962970710773,0.28642541008859107,0.21078514373541574,0.3658782458949913,0.49814674914874074
Apul,OG_07817,37.210836566139534,1.5705428843599625,0.5161625511056576,0.04783313069084976,0.10363078794795585
Apul,OG_07818,38.98810108060472,1.9406289335271514,1.3977255939058684,0.0021866594222747396,0.008354706784174291
Apul,OG_07819,1899.1632484796676,-0.05606347616155388,-0.0504192842552743,0.7632702502817246,0.8406507691205949
Apul,OG_07820,419.51696325750464,0.6620758449808369,0.5608572214947959,0.012685450825667629,0.03560059448958762
Apul,OG_07822,21.006976013324795,-0.585702216929194,-0.09881877046696773,0.5466646268454649,0.6651295291142298
Apul,OG_07823,646.7577791013739,-0.7741749748670236,-0.6983796501237558,4.310528533118719e-4,0.0021901183744690842
Apul,OG_07824,1343.3399382382054,0.3346225614581627,0.28577164611291817,0.137973969618515,0.23871729546689474
Apul,OG_07825,150.69029260017842,0.05831365293919473,0.042640155670789236,0.8506739359642096,0.9037399804195388
Apul,OG_07826,108.13423271880004,1.0074294824246117,0.8737517382112228,9.102380188956266e-4,0.004047148035691254
Apul,OG_07829,173.00060443602712,0.3737397787208992,0.27671996536536986,0.2643193775077343,0.39142187994535066
Apul,OG_07827,572.6871183633946,1.0634319451623933,0.9056115653655867,9.189267568711242e-4,0.004079745232253533
Apul,OG_07828,214.68085606886046,0.5279030565100583,0.35773292978034515,0.16082137336195299,0.26760035497411516
Apul,OG_07831,213.43441271897186,0.9573862401405234,0.846478656559679,6.232858929874864e-4,0.002969297634527637
Apul,OG_07834,99.61328637659598,-2.954364456626431,-2.7821436860860302,2.2514239726185836e-10,1.2229572265723957e-8
Apul,OG_07835,20.567600293952605,0.8059043340224921,0.11331112284295734,0.4705218655360315,0.59756276923076
Apul,OG_07832,3578.8885039891807,-1.4210575371085061,-1.2418291003038244,1.072557796150392e-4,6.753668748525199e-4
Apul,OG_07846,154.04455696453036,-0.4568420420520732,-0.3067466420823851,0.21342275818068807,0.3317987949164249
Apul,OG_07847,436.44258778971596,-0.48033594158654114,-0.43977421903516545,0.007261313861191612,0.022637506586313107
Apul,OG_07848,201.3912330880442,0.2736268828569537,0.2391134741385597,0.20855135369461278,0.3264203360986501
Apul,OG_07849,140.74863936162035,0.7545144358944416,0.6703548812388902,0.0020643308086526614,0.007954731154538909
Apul,OG_07851,397.6584297873834,-0.4452595228857092,-0.4005600407029776,0.03740782276464595,0.08496381306519209
Apul,OG_07853,100.07302331567766,0.11921020754544175,0.09115990150277925,0.6856241825512872,0.7815768968476557
Apul,OG_07854,408.0751204718382,-1.7345825983297478,-1.6466946188384743,2.7783343461761827e-9,1.0570565738173266e-7
Apul,OG_07836,1585.333679872663,-0.5124967524055019,-0.3397344482828963,0.18179511877531895,0.2937717896052063
Apul,OG_07837,414.55554040680306,-1.2681441841347756,-1.1711981777648226,3.5133741890476803e-6,3.979911440030519e-5
Apul,OG_07838,465.500517051067,-0.08289285913983696,-0.07423372007431578,0.6494809465491085,0.753133962838646
Apul,OG_07839,666.7261054253262,-0.23121800878116594,-0.185467790448561,0.37630082512879093,0.5082541252525925
Apul,OG_07840,268.6109053422264,1.184570594131505,1.0966536825490603,5.323156281125818e-6,5.640293793996651e-5
Apul,OG_07841,313.1628383080596,0.2748621048272291,0.18290644711044954,0.45281638980075084,0.5825708166301382
Apul,OG_07842,559.5159700498007,-0.23424024025867768,-0.20162858742582704,0.27098406209439024,0.39782860434795125
Apul,OG_07843,333.4950623249347,0.3731195886746729,0.3094748420591636,0.11873512248707084,0.21234323670486271
Apul,OG_07844,2072.8108803106525,-0.15974087186907934,-0.1316075350391535,0.4961550159902493,0.6188725659405282
Apul,OG_07855,82.35902922090956,-0.7291757443596587,-0.536653835078212,0.04790850988182912,0.10376916493020735
Apul,OG_07857,52.273181724249945,-0.048373050112476085,-0.0330746004065843,0.8890131199715683,0.9303889627186201
Apul,OG_07858,100.64699425937792,-0.2878445732234586,-0.23104485404675132,0.26425281693342023,0.3913875903890687
Apul,OG_07859,2037.4545506821025,-0.8227796292212262,-0.664280834284692,0.010033768845375504,0.02930822600542628
Apul,OG_07860,179.92891910212035,1.2124441582142684,1.0626912540116134,2.782953552279117e-4,0.0015236121542744868
Apul,OG_07861,1354.0178997621904,-0.32376346588502913,-0.25401628261977827,0.2466604500310984,0.3714132378960608
Apul,OG_07865,121.23872356293232,-0.018095447249531226,-0.01035971185041049,0.9624352504137712,0.9774914101421879
Apul,OG_07864,213.4070942913982,0.1991957015204558,0.14662307950008668,0.5096036102235404,0.6313679243453784
Apul,OG_07862,972.4002000551257,0.12091818312325053,0.10368637236132662,0.554303954119054,0.6717955314907943
Apul,OG_07863,1340.5532803644933,-0.8345295624988673,-0.7464551690000615,6.494458055018571e-4,0.0030724306548847034
Apul,OG_07866,154.10879807125818,-0.18824390456923293,-0.15771869987231868,0.3990514641522924,0.5313418565063823
Apul,OG_07869,853.5374997835588,-1.6857403663636712,-1.5777257478668933,3.77611276599297e-8,9.840811795074742e-7
Apul,OG_07870,64.00414777366902,0.5502828207211607,0.319871125853532,0.23369437355881895,0.3569747867829698
Apul,OG_07871,141.18022940206328,0.8617761355212888,0.5240135910937876,0.08157046572035008,0.15800663574659435
Apul,OG_07874,556.8486473873261,0.022083164074451263,0.021233087441975846,0.8593550938314884,0.9105528649916017
Apul,OG_07875,161.53788409679802,-0.4561447121737032,-0.40124155553551755,0.033091142404097586,0.07709720803617522
Apul,OG_07877,62.71355730838284,0.014056809682193598,0.007696194753838763,0.9729462016152345,0.9835050238606624
Apul,OG_07878,1167.5667236930979,1.0497130785415851,0.9577527079478485,6.0616480151741165e-5,4.270959884856222e-4
Apul,OG_07879,314.23545476389063,0.5563414737189948,0.5089044144447379,0.0022919670229605083,0.008701754377277854
Apul,OG_07876,1285.7608623090796,1.1487059619370386,1.1287733514836165,4.5426606183706675e-17,1.7759694898158442e-14
Apul,OG_07880,3468.504436619848,-2.3002411390396325,-2.13051823264448,4.663815092866205e-8,1.164920240785999e-6
Apul,OG_07881,251.82043161744463,0.3964773721401737,0.3640987955275058,0.01948370895868813,0.0507172643419431
Apul,OG_07882,305.6871519493394,-0.6762891446617886,-0.5497358906443284,0.025883874877525404,0.06383886755214623
Apul,OG_07883,839.3609061988948,0.5942333034438811,0.45496954151542485,0.06964658170206962,0.13933952234469976
Apul,OG_07889,4474.343810686486,-1.8527149545205455,-1.6432923268481892,1.5690216865901912e-5,1.3843315604680775e-4
Apul,OG_07884,85.88672838185084,0.8022724219365371,0.5928308721686628,0.036715228863501564,0.08360131784398829
Apul,OG_07885,401.9509009105253,0.8917704344788492,0.8205345012971641,7.160887024103179e-5,4.895353926939982e-4
Apul,OG_07886,342.36312083383245,0.47821818296493884,0.4496649718553602,0.0024694802135362833,0.009270317687533999
Apul,OG_07887,207.24010672854865,0.43629907939224855,0.2802003904899583,0.2686033283654436,0.39555711446532826
Apul,OG_07888,113.1387741377575,-0.4892917542975067,-0.4422905585629765,0.011440109598920384,0.03268550958601556
Apul,OG_07890,253.3997382134888,0.002375941565275501,0.0023839088980964814,0.9909738878629992,0.9940606904951232
Apul,OG_07891,116.48583122865917,1.2127928776967347,0.9228803221145284,0.004687864320839113,0.01579024003773115
Apul,OG_07892,1053.6674662948265,0.7941081600365484,0.7413205171505466,2.20841515287298e-5,1.8224004905264057e-4
Apul,OG_07893,203.58364760904684,0.08387048049756056,0.07066809950903508,0.6807930924145111,0.7776581629744325
Apul,OG_07894,1073.9985267723182,-0.10755491413982926,-0.09207643984529056,0.5239907004621509,0.6444113674396091
Apul,OG_07895,691.9995491477105,0.07780459247569461,0.07431276586540474,0.5205669676232386,0.6412503206364402
Apul,OG_07896,422.2908572712413,0.42347657652160886,0.3757091342016694,0.038573998059276325,0.08706426545694483
Apul,OG_07897,744.2536479540225,-0.36146952376190905,-0.32253596649460126,0.061931826623447185,0.12726510498259416
Apul,OG_07898,345.4911921616009,0.38540909492444914,0.3297117438274665,0.09228510794114973,0.17386853704666677
Apul,OG_07899,140.26888647448277,0.9751228955649837,0.9133161879440649,3.27828444838121e-6,3.799523248207374e-5
Apul,OG_07900,50.038487755240205,-0.05439371412691003,-0.034430946880992935,0.8984404137911376,0.9361263243765526
Apul,OG_07901,25.929642719623235,-0.3480608584373378,-0.195671089870639,0.4332833245113238,0.5643385435676161
Apul,OG_07902,2225.9575358763605,1.1890230152598165,1.0338099245501766,2.8451750831346464e-4,0.00155202321383092
Apul,OG_07903,252.6106205500972,0.17937623545819545,0.15536131812987244,0.40521969455628526,0.537482794973784
Apul,OG_07904,82.02705766633021,-1.38848909706292,-1.154553444681432,7.219383152587724e-4,0.0033441069619131064
Apul,OG_07906,1046.07580844721,-1.3777307321371663,-1.2974588669278249,6.80000148068983e-8,1.5522940088957012e-06
Apul,OG_07907,69.72968284353675,0.5289750356272265,0.2755258262660196,0.2774033937468685,0.4037753575322463
Apul,OG_07908,411.22572242517236,-1.1352150918469195,-0.9062425832574332,0.005088247678707163,0.016905206086552133
Apul,OG_07909,30.673128264296405,-0.5235519865367275,-0.3777084496709734,0.13816013352940754,0.2389317077166605
Apul,OG_07910,77.60536569129076,1.177381517720926,0.8403146537817148,0.013041313663764065,0.03644050985626296
Apul,OG_07911,331.24844522699664,-0.3221640798911437,-0.18812446256604903,0.4449327184140632,0.5748614875970207
Apul,OG_07912,148.310507533536,-2.5237030764795803,-2.370608171833194,9.687656006322065e-10,4.256622330130785e-8
Apul,OG_07913,566.2299829737897,-0.03259320811378314,-0.0282703607408256,0.8723544672841419,0.9200141790883232
Apul,OG_07915,56.67150275290633,-0.41462839209111313,-0.30798919725794294,0.193896000732921,0.30922536940374046
Apul,OG_07914,465.5869402225957,-2.578510508999139,-2.4303996721306653,2.7882657586186187e-10,1.461732113108377e-8
Apul,OG_07916,95.79529641833028,-2.5157767400169586,-2.444871154410745,3.0354627514699025e-17,1.3685383815002056e-14
Apul,OG_07917,553.604117312031,-0.9380532908431866,-0.8810848947654583,3.487799592216764e-6,3.960892811463294e-5
Apul,OG_07918,210.7501904363317,0.17778193535568543,0.154137594181992,0.3954875017957029,0.527999822874127
Apul,OG_07919,283.32385984181485,0.24163833863840692,0.20957530666506702,0.24087653595928052,0.36510064292231176
Apul,OG_07920,66.7849592811674,-1.0471176288876995,-0.8034556081936787,0.008986128788659741,0.026901700958613838
Apul,OG_07921,404.23214923694985,-0.044873902974418754,-0.03916693029019661,0.8189838999239278,0.8814518212002416
Apul,OG_07922,393.03403131615505,-0.13481989878652298,-0.11673035528351693,0.5050261266270615,0.6272480142969991
Apul,OG_07923,162.2448810407492,1.097334433537742,0.96389071915335,4.1737850639819084e-4,0.0021359262157732615
Apul,OG_07925,815.8675036562257,0.7224358577490182,0.6508371689650099,0.0015201777284211773,0.006216527245883789
Apul,OG_07926,469.77713764720266,0.2889948950771622,0.2598706205243929,0.11037133929693756,0.2001243447497458
Apul,OG_07927,104.73359019183685,-0.449235727741108,-0.3862253015501611,0.04935687082672643,0.10593927737314739
Apul,OG_07928,32.558289643896785,0.42281016333200155,0.20438290595032907,0.4199652739156266,0.552024718079406
Apul,OG_07929,505.6019712325575,-0.5968275690867709,-0.3665664411364936,0.17225407551364164,0.2814051327509762
Apul,OG_07930,173.80525589301703,0.6853299328079537,0.5736660722931831,0.015930196455934503,0.04304053253223104
Apul,OG_07931,110.70917121675436,0.20625664171100927,0.1639170323716106,0.4389301866045733,0.5687359523801462
Apul,OG_07933,308.80209174545314,-1.6657329618411056,-1.5574690775036846,1.015498217595157e-7,2.18538124774595e-6
Apul,OG_07934,55.20458010994357,-1.48467236052839,-1.1704211604919035,0.0020639285190644893,0.007954731154538909
Apul,OG_07936,172.31838066369664,1.195256827555886,1.0694701832437006,8.004684023225426e-5,5.354468533933505e-4
Apul,OG_07937,55.03564274904606,1.3248794493263503,0.9097966170272531,0.012627301044263671,0.03547052134458739
Apul,OG_07935,431.95445749930616,-0.7857720535760441,-0.594580660113812,0.035043908781205925,0.08072872959788376
Apul,OG_07945,729.6229609645233,-1.530165548839819,-1.4481513144278966,5.236525645675823e-9,1.8516765391003488e-7
Apul,OG_07943,239.1630390153485,-0.7576955542620937,-0.6745806555561322,0.0019547500316911947,0.007613814702271923
Apul,OG_07944,136.5676347886255,0.9964223663508356,0.8522122846460257,0.0018248129410947563,0.007188439619856451
Apul,OG_07946,359.73607323786234,0.84792675057736,0.7843506332080008,7.532077408109733e-5,5.079786237017612e-4
Apul,OG_07938,2743.6169627564927,-0.4646702133825583,-0.44333840790445767,6.695939670221332e-4,0.0031495716226596633
Apul,OG_07939,507.7607817108762,-1.1158019027402293,-1.0246243201150373,2.424803899970004e-5,1.973275812681808e-4
Apul,OG_07940,253.384987297703,0.23287234020984005,0.20189084286902148,0.2669202606351795,0.39376554414133175
Apul,OG_07941,33.284988387835924,-0.1429495421065846,-0.09534635441090199,0.6832446186849848,0.7797515158438815
Apul,OG_07942,299.36082158744586,0.21937761599351488,0.16661929414149607,0.45031122221753783,0.5799545387228456
Apul,OG_07947,1811.6679229019137,-0.08719690441260967,-0.04968664835111062,0.8337153358756362,0.8911345641999303
Apul,OG_07948,1183.796638676969,-0.18537378384951989,-0.16641833391415298,0.28101082296947066,0.407703071716125
Apul,OG_07949,211.2428080677217,0.41268808750088454,0.3705790844758422,0.032893237605683474,0.07671969050451317
Apul,OG_07950,152.68188888104632,0.4334623960484502,0.3118294942231734,0.18724029418879515,0.30073846325264797
Apul,OG_07951,530.6638989443848,-0.03203949844976074,-0.0261409726477849,0.8871377722776024,0.9293602768594666
Apul,OG_07952,1330.2374557949202,0.3717652361676755,0.33625977699639226,0.041117124234295165,0.09166909650889685
Apul,OG_07953,181.3554806932213,-0.16898532295124633,-0.12238709703388743,0.5957006255539523,0.7062099054194042
Apul,OG_07954,489.36549871424734,0.380700163342861,0.3376980070392943,0.054448104266765635,0.11476357086802845
Apul,OG_07955,106.6436773841657,-0.03325681378463522,-0.026591372256081602,0.8989533438693027,0.9362280320708595
Apul,OG_07956,282.35885540975795,0.983361460186948,0.7844134096028517,0.007127223890805436,0.022328475581816807
Apul,OG_07958,89.60739096759838,1.4748690135909224,0.7942570266201786,0.023648176522732118,0.05929799991809663
Apul,OG_07959,161.06149455168128,0.168871412684774,0.1432037784061208,0.4502154870368399,0.5799418638015978
Apul,OG_07960,1492.5716425374476,-0.8212134223449603,-0.7891720467883877,5.224551458527603e-8,1.280157078846288e-6
Apul,OG_07974,31.81790496424952,0.30511267333560105,0.13752426604349446,0.5701644716862575,0.6850788062498889
Apul,OG_07971,507.78952669788714,-0.6507930908745075,-0.5937910046392376,0.0014270861531043256,0.005908189092076081
Apul,OG_07972,283.63021745355866,-2.4692597861261776,-2.128782563170066,6.963752934558227e-6,7.079161241365449e-5
Apul,OG_07973,334.37859798362217,0.9733228435810435,0.9243297496181895,2.313815662540966e-7,4.429655165420783e-6
Apul,OG_07961,340.4191797095666,1.1763684613640595,1.0081624947261165,5.507282154307202e-4,0.0026799332533938504
Apul,OG_07962,148.38695740103955,-0.07153409557977047,-0.05223822933491837,0.8295899430120385,0.8883045381949353
Apul,OG_07963,381.59715543736854,-0.592099234605367,-0.3309443412989538,0.20986816422282048,0.327969018509042
Apul,OG_07964,127.66818375832356,0.6375865029978258,0.4626662436792938,0.0788568927896798,0.1536082528158442
Apul,OG_07965,983.2099242359782,-1.1231897188738045,-1.0252311191688581,2.9032572170564806e-5,2.2943619917789907e-4
Apul,OG_07966,797.3148604258619,-0.4964758267295277,-0.4234882210066689,0.04416724835977922,0.09715932628937038
Apul,OG_07967,366.41946882856394,0.6490288989057726,0.5988710320915643,6.390296018045148e-4,0.00302951099867051
Apul,OG_07968,1115.0365593294187,-0.12019755521058938,-0.12026532987247936,0.4624213977516543,0.5909373219283826
Apul,OG_07969,78.4872972131345,-0.2855725994411445,-0.17974290402408186,0.4608027886330361,0.5896209372930448
Apul,OG_07977,532.4375318798956,-0.46824685902137025,-0.43307360000217726,0.0073737174982543615,0.022919272899606886
Apul,OG_07979,122.48125536296993,-0.8429264562968305,-0.71374815619852,0.004048047131657387,0.013926455927567593
Apul,OG_07978,8742.362211448708,-0.9157743670217976,-0.7721728378642848,0.003091676882604336,0.011153479347710302
Apul,OG_07980,721.3618515891407,0.10282721413050236,0.08737430493610997,0.6322655578455723,0.7381070086863705
Apul,OG_07981,276.057491802458,0.3679313608161999,0.31354931112113477,0.10451120024709562,0.19146231057051225
Apul,OG_07982,40.246607390462025,1.096704221010614,0.4838743566748216,0.10368562107394935,0.1901175698974489
Apul,OG_07983,169.06310783890328,0.28576230478700204,0.22180651351266023,0.29261234200930525,0.41973997580303934
Apul,OG_07984,485.5094523310853,-1.6138665702574941,-1.4513211333334304,9.888610177366136e-6,9.46556241712425e-5
Apul,OG_07975,1380.915832761292,-0.033395447299207716,-0.029847962966556993,0.8300469151251366,0.8886883203138634
Apul,OG_07976,558.1248284818332,0.5508545354809922,0.4506835738334423,0.047618072479881,0.10331380162441937
Apul,OG_07986,176.66230114812763,-0.8906463735798966,-0.7245649252247541,0.009854251252853526,0.028933827270263834
Apul,OG_07987,81.48140639630417,-1.6119890430910422,-1.495911230899143,4.2581118969988643e-7,7.1901488717675575e-6
Apul,OG_07989,27.143473717050977,1.2113245033720168,0.7091385377387953,0.030067015688637632,0.07167747564464888
Apul,OG_07988,656.2281635615855,-0.5078084587037731,-0.4839354224414466,1.1855255053512272e-4,7.346998956530595e-4
Apul,OG_07991,1178.34531428538,0.16207466722660643,0.1338927295926413,0.49436913232481117,0.6172426566287486
Apul,OG_07992,120.2306795443723,-1.670888070507341,-1.4311115079139807,1.391690985222134e-4,8.377087859644848e-4
Apul,OG_07993,273.8453182658454,-0.2959698644613347,-0.2722645425250953,0.06369620058584098,0.1300372362747388
Apul,OG_07994,3608.9674925370828,-0.7174380926577615,-0.6840886802953139,2.426930105649468e-5,1.973275812681808e-4
Apul,OG_07995,221.74969194784407,-0.15179753890308395,-0.1319185094259344,0.4554272626682673,0.5845676338049488
Apul,OG_07999,74.11233611646422,-1.418903316753329,-0.7544224241071987,0.02919934219017151,0.07002406077892992
Apul,OG_07997,153.51383730315374,0.1969762886793161,0.16147878868350332,0.4142755059580794,0.5466084631583263
Apul,OG_07998,90.94817380278218,0.9622561252505647,0.6587502799746486,0.033673507558203766,0.07817559671789993
Apul,OG_08000,417.93673574633567,-0.0044525402475088524,-0.0013598864557221636,0.9788909603330302,0.9872116977209411
Apul,OG_08001,75.80868457418968,-0.3937568447497408,-0.2736914476632128,0.26729319333297663,0.3940766004887845
Apul,OG_08002,179.43252103457795,-0.9389720697147668,-0.5861025781716976,0.05312789865164319,0.11237491488197669
Apul,OG_08003,98.60685220090734,-0.15135709836838812,-0.10186755591710793,0.6778968752146266,0.775808620866898
Apul,OG_08004,189.74370750052424,0.12148290503105069,0.0844718487793193,0.7118894214663318,0.8023485261892186
Apul,OG_08005,274.3008785422616,0.6111750717587278,0.5613430822235258,0.0017308805389331164,0.006893705750689007
Apul,OG_08006,225.4009648791514,-0.2606921014989943,-0.2194835742784198,0.24636738584332357,0.37136320931949995
Apul,OG_08007,323.44285660856673,-0.562507143859224,-0.4583728609369321,0.04246894714644694,0.09411218884726272
Apul,OG_08008,40.00597691837431,-0.6101768822670719,-0.18631579202308185,0.38405115221559866,0.5163246219663118
Apul,OG_08009,175.65196623186444,-0.19456654550309202,-0.1638101081222859,0.3746897551271876,0.5066103167556621
Apul,OG_08010,473.47825567844455,0.7869780943100836,0.6552934503184019,0.007564189623883697,0.02339838690859667
Apul,OG_08012,530.3574304499493,-0.3074431471131777,-0.24973632958429953,0.23026594846801435,0.3525739611710113
Apul,OG_08013,1193.270620691302,0.7877680288111762,0.7344543594088521,5.210350888138396e-5,3.752065057027548e-4
Apul,OG_08014,393.7022155208323,-1.1835759760875935,-1.1300085618125617,2.7407918833810253e-8,7.421537661395407e-7
Apul,OG_08015,258.78635073104397,0.3333379261929098,0.27896121294867066,0.13897526619990047,0.23997318562322914
Apul,OG_08016,965.7907792931612,-0.70702358403789,-0.6782822643591393,6.360358181343083e-6,6.517198831951202e-5
Apul,OG_08017,70.26064770178057,0.5287234548993258,0.38097647558978825,0.1345391357559461,0.23446837787231653
Apul,OG_08018,253.1909127248883,0.5836169078593462,0.4976617506793278,0.02048941409053741,0.0527564382793763
Apul,OG_08019,57.48307986973215,0.47115832119125933,0.33094691922245284,0.1934894372007871,0.3088501071409979
Apul,OG_08020,233.38388537731174,0.5776370799091314,0.4980455442969872,0.016654018627683956,0.04467994226891587
Apul,OG_08021,448.07474885607974,0.507898832303363,0.4952449326894671,1.6431217580069081e-6,2.1629239258318672e-5
Apul,OG_08022,353.88724251404756,-0.06370109523282652,-0.04991955338375548,0.8227568873379927,0.8842430099078284
Apul,OG_08023,477.57295751188195,0.6828137948689386,0.6628345854031741,2.3619580588960786e-8,6.513081289622612e-7
Apul,OG_08025,40.099243938006154,0.4337579073078746,0.20856656087370642,0.416687552187189,0.5489074737869807
Apul,OG_08024,514.5810037889519,0.877376466532824,0.8263847648543051,2.645226444336433e-6,3.171809421353938e-5
Apul,OG_08035,150.8763768368752,0.6534530766637048,0.5379880832897717,0.027768260002967803,0.06738062444745982
Apul,OG_08036,102.647376039247,0.29286471059785457,0.16694911576486732,0.5087965059343049,0.6308880767339973
Apul,OG_08027,415.71350087807775,0.9962875564997784,0.8615494236202051,0.00117415134568624,0.005002358177292198
Apul,OG_08028,364.66417390600725,0.7174191905934351,0.608081289099188,0.009782262348872205,0.02877868176175552
Apul,OG_08029,327.58834951851844,-0.5906330452375211,-0.5033222217024098,0.019897140714143436,0.05149613025816055
Apul,OG_08030,173.4119813794918,0.5609762193823796,0.4880743348065243,0.017065389120937136,0.04556666085386146
Apul,OG_08031,412.312384132085,-0.04929508721417621,-0.03882588088587395,0.8471388515794034,0.9015914735449799
Apul,OG_08032,60.345003190480575,0.35184172733848007,0.18916323997466358,0.44726360735126464,0.5767986194917554
Apul,OG_08033,652.7497958280626,0.3225443162218899,0.2893334575024889,0.08178171487157838,0.15831380914491677
Apul,OG_08034,145.8960481401057,0.3500119314880755,0.22915111159346646,0.35522897326462577,0.4882773859645016
Apul,OG_08037,1059.7448697317448,-0.04364494031614053,-0.04113276441748503,0.7528850391165476,0.8335339024375717
Apul,OG_08038,226.85703803012817,0.10419913306608355,0.07674230730273113,0.7149764637629515,0.8045604360103
Apul,OG_08039,268.44596698485424,0.3394032841178886,0.29359486454720346,0.12100249310587374,0.21579894785119927
Apul,OG_08040,138.7814188275873,0.1367877210564373,0.12434794160453672,0.39086777290663266,0.5234597814197396
Apul,OG_08041,121.57065667589723,-0.02568330338369867,-0.019963837413830225,0.9213526143496114,0.9513321805712053
Apul,OG_08042,430.2200139880959,0.036900892061973264,0.0284605601073679,0.8680884936756611,0.9166147879375522
Apul,OG_08043,262.0739440828846,0.9730933346701122,0.8817848832970551,1.3067809744659274e-4,7.961651382945451e-4
Apul,OG_08044,111.07008275936661,0.30343330905791344,0.2250022465984022,0.32499914052190276,0.45476679858566066
Apul,OG_08046,626.0632559772121,0.7299440323330826,0.6383489526242999,0.0035691454400431886,0.012546972488448122
Apul,OG_08047,327.4189854962757,0.8207852413824357,0.7113535896582227,0.0028686839509796127,0.010493680805672685
Apul,OG_08048,1683.4990226812436,-1.0784171082696254,-0.9589920968948724,2.446549663262637e-4,0.0013659776045597026
Apul,OG_08049,1123.6399029811478,-0.48336383235126185,-0.41675562875694266,0.03605417062126667,0.08249186919359593
Apul,OG_08050,1339.5058066993388,0.06546247348465575,0.0565084696649429,0.7085289540235267,0.7995001349555926
Apul,OG_08051,3675.351327828699,1.1077746364522447,1.0076244401921035,3.971759656885407e-5,2.9878336928661426e-4
Apul,OG_08053,483.9936029611928,0.21588779649121403,0.1969684471234598,0.32057271761187683,0.4501797531079728
Apul,OG_08055,458.77293501983775,-0.8051287319531072,-0.7267332013091707,6.280106439110542e-4,0.0029866940802457677
Apul,OG_08056,1894.1382674113502,0.486084272883047,0.43086449271360194,0.020763599398998474,0.053340562900504054
Apul,OG_08057,417.31678411238045,0.43040095476198786,0.35278614494231963,0.09244005064413678,0.17408770606896018
Apul,OG_08059,87.25389942114303,0.7610936013824124,0.6027670363259098,0.021484464978269748,0.05492640224243219
Apul,OG_08061,236.45808707516676,-1.4572579474603404,-1.1543214986057193,0.0018937540456181708,0.0074211126594259215
Apul,OG_08064,191.5655843130088,-0.9536786947063653,-0.7581710812686208,0.006916199845811529,0.021744551607281226
Apul,OG_08083,46.15166615407232,0.8402069757151861,0.17686820144623344,0.3214041638120824,0.4511365730220341
Apul,OG_08081,635.7816424779987,1.3626537949082957,1.2849090406775283,3.703176717381785e-8,9.706844319951035e-7
Apul,OG_08082,122.74110742879596,0.4308443218024451,0.3088804467911486,0.2063823053190472,0.32374346978644536
Apul,OG_08065,734.0430466002483,-0.11296839324014331,-0.0987694153761475,0.5561979222089654,0.6730957810439191
Apul,OG_08066,84.15860253798547,1.5902554017840176,0.9724829805758491,0.011701982498484203,0.03324410087864905
Apul,OG_08067,188.12075835730022,0.5246477065811287,0.44891783891540327,0.03232432093253714,0.07564713258465804
Apul,OG_08068,315.1456329815616,0.5674509542199359,0.4949970246737182,0.011334206759114968,0.0324776426720968
Apul,OG_08069,64.06034947756618,0.6257076839490243,0.34008057052108315,0.19433188274599927,0.30975615816168917
Apul,OG_08070,491.2214005521729,0.3530790087651627,0.3190383032550075,0.05901696370374425,0.12236283322986016
Apul,OG_08071,147.7780483406869,-0.3894432606473528,-0.3353650025794264,0.08053190919268252,0.15643175898113276
Apul,OG_08072,291.00062145088566,0.7855948964475685,0.7309631295931016,6.510174887249577e-5,4.512086622469595e-4
Apul,OG_08073,24.191459117375736,-0.4231051886027816,-0.16783746796208637,0.48154006390477694,0.6072792666055068
Apul,OG_08074,254.33035004347008,0.43797817327597677,0.40372332942862854,0.009210818806989427,0.02745585229177642
Apul,OG_08076,138.04019838670803,0.6157646930353077,0.3605677952736277,0.1587805081983511,0.26520447252211765
Apul,OG_08077,102.53755603548487,-0.9529518428607352,-0.6739930904861703,0.0228680490548381,0.05774326472345986
Apul,OG_08078,3359.011947588897,-2.5918205881505254,-2.3921037886719727,1.5117274285824006e-7,3.1018834629417666e-6
Apul,OG_08079,47.80302978432462,0.8509134094203684,0.3274464147016666,0.18006132962256013,0.29185903599445034
Apul,OG_08080,113.07383313266719,0.35703926912063816,0.24540742561280182,0.3301951648432861,0.4601808039245612
Apul,OG_08084,65.03727206462129,-0.0674701365090688,-0.03255738469712199,0.8844135259463493,0.9275129987739277
Apul,OG_08085,101.82470850223342,0.7167948315056104,0.5171495126782435,0.05791188761732568,0.12076583964972841
Apul,OG_08086,137.61815399573027,1.8379172764831246,1.4472628157578271,5.288020185534055e-4,0.0025970161194486885
Apul,OG_08087,467.82426224763856,0.9085410194418397,0.8605152739691799,8.121238608934204e-7,1.2004788284714707e-5
Apul,OG_08092,108.50029364690029,1.4545527953295272,1.2447686279945966,2.9461950668187965e-4,0.0015965048628308347
Apul,OG_08093,61.45950187574486,0.9190204469518022,0.571751699727122,0.06428717060496615,0.1308698357098105
Apul,OG_08094,57.62966864000667,0.2759312155251832,0.12608725397228537,0.6017681490314613,0.71125224797702
Apul,OG_08089,991.0163666057354,2.4143607127476896,2.290576544968834,1.4878180079752513e-11,1.2086175655777335e-9
Apul,OG_08090,67.25543248032156,1.4541285089657523,0.40635138961462425,0.06436094763863577,0.13097329380672054
Apul,OG_08091,208.09548760448791,0.7318377357209445,0.6560164706736439,0.0014441396782034928,0.005962366061520556
Apul,OG_08095,784.1569483804612,2.134489737526236,2.0512203779478706,8.467519789879427e-13,9.54395324316785e-11
Apul,OG_08113,57.84326079996913,1.5774620120172445,1.2746265167053936,9.293726703550975e-4,0.00411801148333755
Apul,OG_08114,68.52716849843698,0.12159316890643493,0.08941110125167086,0.6831639430753634,0.7797515158438815
Apul,OG_08115,92.34369229580093,0.8495457991047511,0.71184847151017006,0.005959343426521527,0.019204931978893714
Apul,OG_08116,47.85056107766405,0.6502108527016266,0.30124709240829645,0.24720022538139272,0.3718105808613875
Apul,OG_08117,205.66065944212932,0.6196200172588985,0.559800959377518,0.0029106619655021207,0.01061452482846329
Apul,OG_08118,56.24095619858166,-0.8351161078315089,-0.5474700062524434,0.06264954053898589,0.12840540290918426
Apul,OG_08120,217.23759942746196,0.03795789282831457,0.030684010331824205,0.9153288085133525,0.9471065586371937
Apul,OG_08121,698.4178643409982,0.9226484387597125,0.810082066183693,9.500980780097092e-4,0.004201586252777611
Apul,OG_08123,197.44694937343104,-0.3656413952658531,-0.2528783124820141,0.309030484771654,0.43758289591488764
Apul,OG_08124,34.6193488337461,-0.7454716429513737,-0.32944632978012534,0.20211722138419141,0.3184475554438404
Apul,OG_08096,8.174687892027105,1.8319213350777763,0.12541472135560977,0.1678993670416078,0.2763688558989006
Apul,OG_08097,1042.330653826278,-3.4718180396468203,-3.10536465915997,3.1725658444036027e-7,5.732870985768996e-6
Apul,OG_08098,15915.620724171842,-2.2055976113219486,-1.8155891616822135,1.0363238775305044e-4,6.562171631806571e-4
Apul,OG_08099,575.6369052869225,-0.9687589501161221,-0.8879987349727351,5.452998632023629e-5,3.9085603072302913e-4
Apul,OG_08100,4170.78157059836,0.6417269401605271,0.6036282565391219,7.637433153264084e-5,5.146990638488958e-4
Apul,OG_08101,126.57125095223691,-2.2946254163601805,-2.087679800515093,8.116906347315512e-7,1.2004788284714707e-5
Apul,OG_08102,224.89710033450143,-0.05759411445571248,-0.04747971349170532,0.737528637623162,0.8229545508536137
Apul,OG_08103,2649.9479837770027,-0.6929870266301374,-0.623302690081572,0.0023158012720935423,0.008773773138851878
Apul,OG_08104,62.46035429455276,-0.483165198961239,-0.30149330103982536,0.24923853889435746,0.37422265135667593
Apul,OG_08105,225.46482720153426,-0.6176279359496475,-0.5745713291230689,3.639199951657934e-4,0.0019000964657845739
Apul,OG_08106,67.10884318258681,0.7343388631613625,0.6098315804734357,0.013003576741949747,0.03637484075364438
Apul,OG_08107,335.28464160147485,0.009122154901817552,0.007809162812304117,0.9698917734202916,0.9812088097083776
Apul,OG_08108,221.53388805517957,0.5697114135517669,0.49555275053893705,0.018526284697062252,0.048589735053347974
Apul,OG_08109,522.6178654921397,-0.2859180524084678,-0.2578633587317539,0.09885085964109641,0.18306391484571088
Apul,OG_08110,252.5053449038036,0.1380484602350073,0.117948036834444,0.5402356079924241,0.6589968178121872
Apul,OG_08111,1658.7161099869172,-2.5312371939899116,-2.3961497382989694,1.8243424686593079e-10,1.0154380271543814e-8
Apul,OG_08112,242.08993712517827,0.6133791688512579,0.5459061221925625,0.005636260723013541,0.01834735124166538
Apul,OG_08125,1133.806020974993,0.7919737184151021,0.7668534857478809,4.5053356740661935e-8,1.1411407801419906e-6
Apul,OG_08126,473.08615452319265,-0.897394315302777,-0.7090993283269394,0.011138045692202551,0.031974453360901114
Apul,OG_08127,164.75927310896702,-0.3646207279955765,-0.3157103208340692,0.09708448404655612,0.18056259327763116
Apul,OG_08128,2341.378435960792,0.333077135332956,0.2956634402262534,0.08686873972339403,0.16623417361753903
Apul,OG_08129,364.6586576570834,0.09985487306519876,0.09104540958478707,0.5207499434332337,0.6413880945140648
Apul,OG_08130,308.1746709543939,0.999171875001734,0.9462049046510389,3.649470423629535e-7,6.42720211130225e-6
Apul,OG_08131,432.61094324431235,0.6374812957355842,0.4945795902253832,0.03980354812510822,0.08930295930432963
Apul,OG_08132,490.1779041318076,1.0821917144930697,1.0414926591946732,8.45570592955741e-10,3.7745099191494634e-8
Apul,OG_08133,174.51423746120219,0.3043623653866812,0.26428010492271653,0.15277881567252083,0.25768922202003747
Apul,OG_08134,402.51342258610987,0.6763433469089098,0.6088651264077708,0.0019188202567451702,0.0075030365373248906
Apul,OG_08135,280.12695792317913,0.02203154412021976,0.02466893009228912,0.8788472287113657,0.9241475756606863
Apul,OG_08136,248.2892366352989,0.893532935816541,0.833199042232564,1.321134710762721e-5,1.2069576177251727e-4
Apul,OG_08138,920.2417161862702,-0.9640936544217559,-0.7961426115264383,0.003711398124861604,0.012954168607896362
Apul,OG_08139,389.8316512591893,0.7699566287627341,0.7161694706556221,7.514170900667221e-5,5.075301798600474e-4
Apul,OG_08140,191.5790233640317,-1.0333564426217154,-0.9873636053504461,1.6201467546481054e-8,4.774138328974499e-7
Apul,OG_08141,215.47231417280372,0.2898397750382858,0.22839532456972303,0.27503322415286247,0.4021085437616266
Apul,OG_08142,507.5877977140729,0.008366240263241889,0.005850329819802446,0.9695643503522028,0.9811015186623071
Apul,OG_08143,286.9743192098695,0.41392025192708937,0.26567092069843073,0.2879192161545782,0.4147895146294666
Apul,OG_08144,85.88875840615613,0.49162578638250964,0.210811321062613,0.39847050277328533,0.5307034935064293
Apul,OG_08145,50.70882590898894,-0.276536901861083,-0.1359197378173092,0.5894240020928656,0.7005384618110386
Apul,OG_08146,712.792730220989,0.3050560113703841,0.278035134539818,0.07299458730528424,0.14460741457064386
Apul,OG_08147,146.37824483729588,-0.4991617717789345,-0.4148077379412448,0.055269500204620216,0.11625031102054129
Apul,OG_08148,147.08850493505292,1.0922136234581894,0.9452309634404483,5.43605728636138e-4,0.00265243119865371
Apul,OG_08151,951.6262771282296,-1.7236493464165532,-1.5967852324786111,2.0717154661386618e-7,4.087671413166808e-6
Apul,OG_08152,162.2278899441273,-0.8266536720195145,-0.745272643283081,4.813786289062053e-4,0.0024007694119730382
Apul,OG_08154,930.7980259581154,0.08535222014669572,0.06541738576122721,0.7618186794319999,0.8397700528653231
Apul,OG_08153,6503.840711986608,-1.6300435824146058,-1.5042869117731072,6.770410642614083e-7,1.0382447749056324e-5
Apul,OG_08155,60.73908551870005,-2.6654234724229933,-2.4328139249138836,2.3042560404613423e-7,4.426533238440405e-6
Apul,OG_08156,72.37899376002619,-0.46696779837859403,-0.37580918404745023,0.0945761763618349,0.17714860453981413
Apul,OG_08157,1225.9796664895807,-0.07327487200890684,-0.06518774191752834,0.7090458885225819,0.7996831490691834
Apul,OG_08158,217.29018994026296,1.1965328439623268,1.0609095915250448,1.5350503577962735e-4,9.10628228700592e-4
Apul,OG_08159,132.12171106598325,1.75654574742709,1.587532281239321,3.4597091780266957e-6,3.9465959695219936e-5
Apul,OG_08160,216.3945208589384,0.5654171190121504,0.44936692312656806,0.05296629503439224,0.11211199115613024
Apul,OG_08161,226.17557722466736,0.16800985083746056,0.1319332026324057,0.5087202041593047,0.6308802201766539
Apul,OG_08163,1392.6442503007052,0.9898373547336171,0.9090196011490882,3.9364312153617805e-5,2.970276173131144e-4
Apul,OG_08164,677.2613198511983,1.2068120859157012,1.165688182496495,8.367070725868574e-11,5.2593548607700545e-9
Apul,OG_08166,141.94463639616092,-0.8850255727824246,-0.6741941151403225,0.018559347272226,0.048648149521413324
Apul,OG_08167,207.4388653953055,-0.21065882469122532,-0.18463646289258223,0.2867577389556972,0.4137111251461634
Apul,OG_08165,907.5754473038402,-0.37116214048280327,-0.32011767891732784,0.07852115707572523,0.15317932242180993
Apul,OG_08168,113.83193904108336,-0.06451367420619,-0.05062299286895317,0.8126528830370616,0.8764132336257845
Apul,OG_08169,1683.5689036144024,-0.40939935038990605,-0.38530041090144007,0.02044802825161,0.052673754033294
Apul,OG_08170,258.922693275439,1.7449643618328707,1.522830586627285,2.0760385103624392e-5,1.7381280638754053e-4
Apul,OG_08172,21.546021727976576,-1.6696795700347347,-1.3068811729137004,0.0019423226398433302,0.0075785042161260535
Apul,OG_08171,411.4786750686785,0.6400960320779276,0.4836781323810948,0.06671146003171229,0.13490406707915445
Apul,OG_08173,807.893950872742,-0.16829612840696548,-0.15316799221031224,0.2936926698881355,0.4208755080539208
Apul,OG_08175,210.18129699174523,-1.7758978353407366,-1.6631663058588213,3.954228033658296e-8,1.0183421054615644e-6
Apul,OG_08176,196.94286887504646,-0.9240653146354788,-0.8467397504475674,4.323058406250214e-5,3.210956972747791e-4
Apul,OG_08178,102.29720670358452,0.6262775692235263,0.4874558152599148,0.055884401049503575,0.1172974032270423
Apul,OG_08179,295.0155528689775,1.5820581355134666,1.5056349969776304,1.101389875397249e-9,4.7517858882569344e-8
Apul,OG_08180,64.00919496183363,2.1908071529446764,1.894567241906116,5.0670430900133555e-5,3.669841569690797e-4
Apul,OG_08183,87.4870536458031,0.03153367777004669,0.022303969017121433,0.9284972945896368,0.9561740641062992
Apul,OG_08184,140.56828472977054,-0.21446990884030634,-0.17140253153031254,0.40260348420817593,0.5347786595803617
Apul,OG_08181,159.14775498498506,-0.15172947253507907,-0.13705922138008192,0.3736574127001309,0.5057443545957792
Apul,OG_08182,631.9070134601648,0.28244666265491963,0.24321201589448127,0.18123422377418377,0.2931806594495542
Apul,OG_08192,49.27341339607991,-0.609430037252313,-0.35967361926339936,0.18108543571624666,0.2930265645083427
Apul,OG_08193,72.85154744824698,-0.1718483750635667,-0.11870691864818488,0.612950136599515,0.7220080185131061
Apul,OG_08194,51.334245822054314,-2.319114484888403,-2.140481855576593,6.560094799323018e-8,1.5128484604986101e-6
Apul,OG_08195,11.739217027258032,1.0973622803558567,0.19267426789916225,0.25094918151132717,0.3760067746240673
Apul,OG_08185,54.07809564470976,0.17625388388953805,0.11211560764041006,0.639042754914865,0.7431323860030098
Apul,OG_08186,116.11656012214128,0.686684328163153,0.48767507092858753,0.07028427371860728,0.14030402836410932
Apul,OG_08187,2206.768194105495,-0.825347102545761,-0.7959033196167975,1.2012968170132046e-8,3.671896067460361e-7
Apul,OG_08188,931.2429374600099,-0.8222770780645516,-0.6752123981338093,0.008375610123816513,0.02538584083578269
Apul,OG_08189,1682.5641638889472,-0.1616508053620473,-0.1306048590907505,0.5052861992262307,0.6273981903639386
Apul,OG_08190,245.83357084090085,0.8064602836790369,0.652127280132798,0.015584586166552006,0.04227623750415146
Apul,OG_08191,61.848042427340545,0.038061711987955944,0.021315450484727473,0.930582455086483,0.9570785503074019
Apul,OG_08204,194.71991809053534,-0.3194113638628016,-0.25092915870198024,0.25012224642070624,0.37514176579765607
Apul,OG_08205,537.7059579242571,-0.18686497346023956,-0.14181648562053908,0.4962566084638345,0.6189136706111198
Apul,OG_08206,117.24606735347342,0.4459664039447224,0.38925912801410945,0.041581843628541074,0.09246448433996421
Apul,OG_08207,389.7173242155833,1.6479317453967823,1.5643983458941948,7.254547846186399e-10,3.2707128964531377e-8
Apul,OG_08210,8.06176223564665,1.660519920297561,0.15470249516761914,0.18274531188286788,0.29483171895648946
Apul,OG_08196,52.005230101421354,0.05520533913758369,0.03162422874531744,0.8975572255522662,0.9354222726311586
Apul,OG_08197,121.55648023732718,-0.31185728000398183,-0.28021498838203585,0.08775029228113446,0.16736237007620405
Apul,OG_08198,125.43068105091534,-0.04354152623908401,-0.03782544963582245,0.8144132850219432,0.8777868265650085
Apul,OG_08199,106.49330755974611,0.8963330785818667,0.7904441465540255,9.721758239082081e-4,0.004283440818578714
Apul,OG_08200,800.565926056282,0.031262786408496196,0.027821914724011448,0.8682365698621203,0.9166244175678185
Apul,OG_08201,136.5440954143989,-0.829063951642204,-0.729210095822832,0.00174606434844112,0.0069425566336055854
Apul,OG_08202,1700.9032081224116,-0.3603860252146535,-0.3343540275417556,0.05021466035058553,0.10747343754598378
Apul,OG_08203,739.859446358666,-0.21548643688630933,-0.13608889389926204,0.5601441586666085,0.6766373030184885
Apul,OG_08212,15.888416154382153,0.5800050653789798,0.13650374445653943,0.4858081137004427,0.6101019166068095
Apul,OG_08214,40.52931767375787,-0.6853921836084877,-0.3166985016783453,0.20319166362357793,0.3195289903895714
Apul,OG_08215,302.61245601141025,0.27270097436465895,0.21149170012558913,0.3213056966802598,0.45106857651656596
Apul,OG_08216,425.45947018515125,-0.019117974688924382,-0.018308759629140026,0.9097848559018074,0.943542392919437
Apul,OG_08218,155.0576432229222,-0.5442150425900114,-0.413105589637985,0.09690750005762955,0.18035395831158835
Apul,OG_08217,4299.3535072603245,0.37327755967514853,0.24935177931804,0.30740497257171673,0.43622128814981365
Apul,OG_08219,115.73512374170727,0.22404456863028155,0.13575864949831276,0.5815263694270898,0.69451963882438
Apul,OG_08220,394.15166709708507,0.3712729967051196,0.3393002315314515,0.030940016882850162,0.07326453992530937
Apul,OG_08221,575.3158849854951,-0.052380528607432884,-0.049234042741452225,0.7184926277521168,0.8075566608240679
Apul,OG_08226,120.18678989439873,1.0965721580262757,0.7417562565312789,0.022583489613146376,0.057249177914461866
Apul,OG_08227,307.88292778619393,1.7705329132690624,1.528224442856709,7.421763546033103e-5,5.039310383628049e-4
Apul,OG_08222,822.1207518918751,-1.6465283516098337,-1.4963568919871675,5.454894938015282e-6,5.75957700890911e-5
Apul,OG_08223,65.96897053292348,-1.3895821653272378,-1.1823491434796756,4.1672608238992417e-4,0.002133798458211213
Apul,OG_08224,923.6064843933473,0.889158722102932,0.8394489292845905,3.219623058370559e-7,5.7983488304968165e-6
Apul,OG_08225,106.5921219921419,1.8261544795729416,1.603202115238563,3.5516058013310684e-5,2.727838970238692e-4
Apul,OG_08234,295.68547579391065,-0.44162097412342366,-0.383010859645749,0.040916309156712745,0.09136759773800862
Apul,OG_08232,55.11510915451983,0.8620979255960172,0.5963588621634959,0.042145469737178524,0.09348725722512638
Apul,OG_08233,58.25917142093376,0.1744010258961598,0.09229869611033668,0.7104501208425914,0.8009663340382155
Apul,OG_08231,144.96242294150625,0.005504549868913925,8.01179173650683e-4,0.9854444703312668,0.9904974683956117
Apul,OG_08229,8730.802171209234,3.580082716204635,3.38582577397161,4.1641521726348547e-11,2.844557586412764e-9
Apul,OG_08230,540.3550156257579,0.264496940013354,0.23005258907895407,0.19694146127147794,0.31255510470516884
Apul,OG_08235,167.20493750476103,1.5823628110694639,1.4090754043108136,2.124952884848159e-5,1.7675922659295067e-4
Apul,OG_08236,82.664322808474,0.9383587085649581,0.8657739514532146,5.031458149735391e-5,3.6469982424569146e-4
Apul,OG_08238,36.89334652650048,0.9554088583091078,0.7281860866400052,0.015403377222532787,0.04189811535914876
Apul,OG_08237,267.7267274139587,0.9011658390517697,0.8089359927443983,3.813413672085557e-4,0.0019830190934945484
Apul,OG_08241,35.479000548082496,-1.0348399211046593,-0.44838063878715567,0.09958526610415336,0.18389521696931208
Apul,OG_08239,23.160569628468473,-0.03112410128996403,-0.005395597900988231,0.9695871886630563,0.9811015186623071
Apul,OG_08240,266.1527602096164,0.5628330233191047,0.47185348431335844,0.032782080259679505,0.076532130669961
Apul,OG_08246,22.850240042028787,3.660300559448663,2.919614706647794,1.625560000183804e-5,1.4260174588597222e-4
Apul,OG_08248,292.9277188556229,0.2588471440123567,0.2316809842099126,0.16442611505177104,0.2719424577075971
Apul,OG_08251,39.03142714664121,-0.6029976174065388,-0.27922606885470214,0.256965821890869,0.38311190740574824
Apul,OG_08249,1077.0568145337656,-0.07226769103819387,-0.06692603699709278,0.6087557893192205,0.7177237123811991
Apul,OG_08250,72.86319141560845,0.3999172173455342,0.30055482386785193,0.19540922034685881,0.31113718082251834
Apul,OG_08242,387.0311876064656,0.6369399871290815,0.5440387959945175,0.01192480010180735,0.033770704308416104
Apul,OG_08243,260.05868947077454,0.6208902004101504,0.530152378868571,0.012064291212601046,0.034133578244124135
Apul,OG_08244,126.89159993609094,-0.1928595894109687,-0.15835530978572182,0.42030439791749,0.5523808127127252
Apul,OG_08255,296.5701538134441,1.1564100392524261,1.0586435184265492,2.1765030433114825e-5,1.8021605088649803e-4
Apul,OG_08253,1506.5479722048638,-0.007363755088033738,-0.0037631958640555498,0.9754883335715799,0.9856177036572474
Apul,OG_08254,4388.651293504604,0.022741424152235526,0.02307966075165936,0.8912938782617692,0.9316338794321163
Apul,OG_08257,57.767556731426644,-0.5634726611922728,-0.3668914740235065,0.16566795992876332,0.2734946896150968
Apul,OG_08256,6568.72321972113,-0.08480469554765487,-0.07600333385601532,0.6162283642539497,0.7248279624938513
Apul,OG_08261,101.2099256785943,0.738983364412877,0.6485233330937452,0.0035342204877885563,0.012438745565335444
Apul,OG_08258,132.86960817173585,-0.8038156903672725,-0.4261964864247219,0.12957983329874748,0.22798465499605972
Apul,OG_08259,116.89839653405247,0.3877595193811745,0.18333576547033834,0.4549145463166455,0.5842421968575976
Apul,OG_08260,131.2829386184591,1.4428303507757632,1.3695227017543798,4.869080045542123e-9,1.7462600801801308e-7
Apul,OG_08263,771.8101379485536,0.1767933487061006,0.16181346507734806,0.2668919533338717,0.39376554414133175
Apul,OG_08264,3980.444492088334,0.3251869875425777,0.25359004353094955,0.2415667342116751,0.36602373422730206
Apul,OG_08265,1677.9288742935646,-1.9781593491495402,-1.8952558550250587,1.1449481174637451e-11,9.799215812441194e-10
Apul,OG_08266,118.56503321335501,0.4501346968066843,0.39559102409191804,0.0358633316966874,0.0822012358690977
Apul,OG_08267,360.1836199892658,-0.09136100698819663,-0.08000560191134216,0.6659010700553567,0.7660627878817874
Apul,OG_08268,114.7611104722769,0.9852675170988934,0.8478930509762357,0.001297103757005503,0.005460310259999356
Apul,OG_08269,640.6762194724696,0.22567862819353426,0.21266298092055874,0.1564907742412663,0.26247717844745133
Apul,OG_08270,697.727525909531,-0.696029092124253,-0.6625778000116473,6.071382117216943e-6,6.285379167731938e-5
Apul,OG_08274,42.81080161041521,1.080959321728396,0.37819821730027664,0.13929003114081334,0.24039555007633376
Apul,OG_08275,35.209404166980526,-1.0159466446917353,-0.38708820055386367,0.1319944526742986,0.23083669118777164
Apul,OG_08271,308.63822801685,1.2735608759375292,1.1002845406662698,4.103127718969363e-4,0.0021069420638921837
Apul,OG_08273,275.7824390553566,0.9453195562345404,0.8851958450455452,5.296695772114414e-6,5.618859503194784e-5
Apul,OG_08278,99.86698950971487,0.020534573343075558,0.015637485457411122,0.9415255714820312,0.9641180930442933
Apul,OG_08279,9.185070384005382,1.509472748634236,0.11659548472476644,0.2788939207949697,0.4052838813550752
Apul,OG_08276,183.60320512261652,2.104180023685744,2.0021993627198422,2.5050937480635216e-10,1.3287311956640455e-8
Apul,OG_08277,1065.4838024107498,-0.11409913351090899,-0.09964443579372384,0.4951522945790022,0.6179637702725069
Apul,OG_08280,1682.6825326974463,-1.5879567401766357,-1.4671609080971093,4.5184675892004105e-7,7.50872167192273e-6
Apul,OG_08281,567.119302517249,-1.3550436898500855,-1.242326482580444,5.670485304649688e-6,5.9385326355431166e-5
Apul,OG_08287,28.678275423598382,-0.8904549750715863,-0.5274693066682441,0.07215403609041554,0.14318066536691834
Apul,OG_08286,162.5811517057749,0.4817327574822985,0.29707617217831594,0.23500071302972367,0.35872717612815613
Apul,OG_08288,334.6929981226146,0.9796685973794231,0.7966809046399373,0.007747945312516617,0.02382749826100093
Apul,OG_08282,54.017530307237564,0.6328020490799926,0.3638532047625583,0.1834744097394216,0.29579630835336396
Apul,OG_08283,381.7581129599401,0.6006899990538476,0.53714021267303,0.00477034963016122,0.01603214409808562
Apul,OG_08284,979.0108163839692,-1.0034888844003975,-0.8787964410873976,6.907636391529062e-4,0.003227262038467231
Apul,OG_08285,456.48962056971095,0.15035999578392908,0.14074311083505334,0.2787124832300098,0.4050998380189869
Apul,OG_08291,70.43673968804642,0.5376207003265546,0.48558099452709447,0.007692204999675169,0.02370492566031135
Apul,OG_08289,27269.73077538684,-0.5160208364614653,-0.39444659213767164,0.09319754699778927,0.17507547526647207
Apul,OG_08290,293.54450129141685,-0.10381250120634633,-0.08795069968311961,0.5999824767813751,0.7099792641912939
Apul,OG_08292,307.0844657536256,-0.50202075850752,-0.4728348061722258,0.0026432197653077777,0.009808194495382812
Apul,OG_08293,249.92191792824215,0.145794609159258,0.1150567983238385,0.5604615865063669,0.6768928643889512
Apul,OG_08294,369.8986236206767,0.006863644786628501,0.0058848713554660245,0.9659050678453983,0.9793732145240027
Apul,OG_08296,239.66913985885176,-0.16067001467870576,-0.14061223640334786,0.424171950941055,0.5556818947603506
Apul,OG_08298,159.76459413087224,0.5669783193487881,0.5048371060522314,0.009006195017708328,0.026943882042029195
Apul,OG_08297,1544.0385442807751,0.13912003555887217,0.12975935980135594,0.31128340804675764,0.44028901809531196
Apul,OG_08299,41.677093012095824,0.6712347504401925,0.23689638445738245,0.28698029355459653,0.41396597456115775
Apul,OG_08302,752.4293335225142,1.2098181618689026,1.1515918251905914,1.1381999077396514e-8,3.5147769068796017e-7
Apul,OG_08303,77.99135168005236,1.5727942975197444,1.1886732673215061,0.003247753663218361,0.011581112472652871
Apul,OG_08300,142.16910397039698,0.5624878527994805,0.4931864412853093,0.013691512238863505,0.037951541917562934
Apul,OG_08301,6791.294259886136,-1.7533238538616325,-1.588221563095826,2.4273233048886704e-6,2.9537347152741082e-5
Apul,OG_08304,71.36524466160563,0.7049545455111866,0.35163030072025325,0.1975961134525161,0.31312631422058723
Apul,OG_08305,860.4396214349603,-0.35184867734295255,-0.3047121710181582,0.09192776308689027,0.17334015887797774
Apul,OG_08306,314.43872766811717,0.27405413414090324,0.25264332156106006,0.06986407119315832,0.1395888167402412
Apul,OG_08307,2359.5426803646305,-1.0636303799700548,-0.974769685446426,2.598370141822747e-5,2.087858031830796e-4
Apul,OG_08308,65.50625124868517,0.6399998097114956,0.436151023474224,0.10990182133971582,0.1994885110017386
Apul,OG_08309,324.61938540760764,0.012041715214726864,0.00862022960910054,0.966665434289549,0.9797035203988832
Apul,OG_08310,90.02654482477573,0.4674154200827584,0.24236145609732535,0.3321031399423166,0.4623398002866626
Apul,OG_08311,2389.755320464629,0.27398594079508926,0.22518399388216484,0.2665550868608137,0.3936336747828295
Apul,OG_08312,268.32095045383215,-0.15534339305662856,-0.13142853553979575,0.49193562751043063,0.6152265677200489
Apul,OG_08313,550.4893991623494,-1.3773804397364053,-1.2214621384188575,6.85766942240104e-5,4.716674689686513e-4
Apul,OG_08317,11.20488523741186,-0.31930041137882803,-0.08445387504602457,0.6887194179310907,0.7842130308731714
Apul,OG_08316,61.05356345257856,0.40802070153057113,0.27914786577319073,0.26122709558963153,0.3879895768294692
Apul,OG_08314,213.2307529929163,0.5632884885436956,0.4193855140050819,0.09548575197034107,0.17860130967878635
Apul,OG_08318,20.011996990189168,-1.9543730357565918,-0.4295243633336648,0.04642646063467374,0.10126448852028377
Apul,OG_08319,343.1214262065987,-0.5851755924157375,-0.552489076989489,1.8464021499221475e-4,0.001074822994567334
Apul,OG_08323,392.1983032396481,0.2591003684453412,0.24425660636704352,0.044856870541713785,0.09841226318117596
Apul,OG_08320,55.86433792899487,-0.1263027247368285,-0.05658544436334443,0.8165764606643044,0.8799079763157306
Apul,OG_08321,1161.4913255610768,-0.8829883005328321,-0.776324779578897,6.838649134400768e-4,0.0032049947632480104
Apul,OG_08322,293.3962252153108,-0.8237744279095615,-0.7067177757467491,0.003241547578992845,0.01156669351791788
Apul,OG_08324,637.926169294448,-0.2161093912530364,-0.18332734658432528,0.3168489271701133,0.4459923159995179
Apul,OG_08325,711.8658713828372,1.010193228998184,0.9491629936539582,1.6153074883650084e-6,2.1297289096383337e-5
Apul,OG_08326,479.5187978716041,0.826066073070593,0.7596985673015958,1.1375950586356648e-4,7.09875061848982e-4
Apul,OG_08327,724.9824415619112,1.340180325209413,1.2853887449506913,1.0051437191132495e-9,4.357394670790467e-8
Apul,OG_08328,326.87231263714415,-0.6481352686229304,-0.492142514500294,0.05561962371410979,0.11682323480785652
Apul,OG_08329,79.89585097119875,-0.030898632381258544,-0.02422832320812499,0.9185825189996144,0.9497601850498248
Apul,OG_08331,18.494164526251517,0.7286670071730189,0.09909583366466647,0.49364099387667093,0.616589671947076
Apul,OG_08330,340.93863664188217,-0.5160817897522942,-0.4591925783351338,0.015077913483617963,0.041199256327813086
Apul,OG_08336,583.7924113301567,-0.40273911562498865,-0.3805236925376212,0.0036440037264021652,0.012755427640127456
Apul,OG_08332,874.2278730321684,0.4199243290751017,0.3868969033959012,0.017932646105057543,0.0473634065405108
Apul,OG_08333,456.07390538265616,-1.7005732858596154,-1.5546939351076317,1.554316692946299e-6,2.0550254575215215e-5
Apul,OG_08334,492.0328477634092,-0.14228463520246803,-0.12601921199636743,0.3696824479588052,0.5020977004435226
Apul,OG_08335,110.51924620502334,0.6017482351032447,0.3040755363207714,0.26669069964746306,0.3937101001050496
Apul,OG_08338,237.56140268722342,0.3619441113648323,0.23169821945312044,0.32919458191498896,0.45935430905717356
Apul,OG_08339,129.99941651882256,0.3446043485718722,0.16787257439115252,0.501183471273395,0.6236780790052723
Apul,OG_08340,33.417807684186286,-1.6609533860959633,-1.199646339807878,0.004187373793084601,0.014307521596151514
Apul,OG_08337,1098.9700053249135,-0.7672309083873271,-0.3002680132052512,0.20041773920740588,0.31649056506491047
Apul,OG_08342,39.84919447142228,-1.6650770839957982,-1.1009316979144248,0.006884183544285009,0.02166655602751062
Apul,OG_08343,45.011660173755686,2.1691804749832193,1.6655038083486038,7.36853074562186e-4,0.0033985699096302966
Apul,OG_08341,529.5146507171834,0.03276149527014297,0.018061646089925415,0.9153857889013135,0.9471065586371937
Apul,OG_08345,749.6740520765534,0.30138622619798205,0.2506906946765623,0.19593641742235635,0.31176260382872545
Apul,OG_08346,867.3313257721722,0.06283237192685867,0.046073975116237294,0.8001627507479179,0.8678008484144126
Apul,OG_08347,2281.739712811377,-0.9462774962588685,-0.8146571077317176,0.0015589799271455308,0.006355028030321542
Apul,OG_08348,258.4095434190252,-0.1586827852130704,-0.12014869197985763,0.5245368755733597,0.6449071457656101
Apul,OG_08356,969.6890459586542,-2.0501638721440183,-1.9724548236223056,1.0067787691626032e-12,1.0807290668499039e-10
Apul,OG_08357,46.59477366288098,-1.2310786456528124,-1.067295422945342,3.916428266860108e-4,0.002023749781219346
Apul,OG_08349,882.0835268442639,0.5002956557653984,0.45140439375965413,0.010374604436494786,0.03015534987787366
Apul,OG_08350,182.43418328448007,0.2942974730868269,0.22765113194760128,0.31735674394195834,0.44646825429475
Apul,OG_08351,316.6841373306817,0.18296082029129376,0.14797985373631503,0.4320545803306681,0.5631723706631098
Apul,OG_08352,363.4043335206248,-0.9991000144537144,-0.9012670170108019,6.929473002916175e-5,4.7588010713857685e-4
Apul,OG_08353,557.8166051061564,0.05727064224146438,0.051479303436999704,0.753823410239335,0.8341177678399905
Apul,OG_08354,706.1574454666036,0.2803116919382482,0.22211025906233026,0.2828127782683141,0.40972410373479884
Apul,OG_08355,1639.3961739228555,-0.5117265577334045,-0.3611830691921677,0.14756225691194053,0.251382745243712
Apul,OG_08358,157.33340416108322,0.027342456202860452,0.023243106417726783,0.9032629144231901,0.9389810582607684
Apul,OG_08361,1446.2787327202755,-1.999841826475245,-1.8015280354882681,2.383284484182448e-6,2.9246968465574176e-5
Apul,OG_08364,199.43653329109372,-0.279845574837703,-0.2423587898218725,0.16657918444843695,0.2746470115508422
Apul,OG_08363,580.9155691909557,0.19947635613887815,0.17144310582935937,0.34255378837325595,0.47417984491274934
Apul,OG_08365,75.13896095343812,0.6054899898112326,0.4802833842886982,0.04972386978038093,0.10662547771930912
Apul,OG_08366,1754.370326818354,0.6489058439561235,0.5914677917466603,0.0014860478850942972,0.006112998987178502
Apul,OG_08367,934.3498221572781,-0.20514833973093316,-0.16659610993965437,0.41652065522701787,0.5488607638222431
Apul,OG_08368,297.2960291097809,0.7762492686095539,0.7078745715330279,4.2813867711514596e-4,0.002181088390704673
Apul,OG_08369,662.5007176586453,-1.1645030607269267,-0.9758763633118966,0.0013450518762002223,0.005630470869776015
Apul,OG_08370,374.33322210841226,0.5725755160253596,0.5214371950065689,0.0017407392205115893,0.006926851523103707
Apul,OG_08371,1255.889739987543,0.5274349764815426,0.48862227776536354,0.002139997866573993,0.008211217345913912
Apul,OG_08372,341.49873799850667,1.798041259101526,1.708013733504754,4.2635473428905675e-10,2.044915233555545e-8
Apul,OG_08373,265.86841486676985,-0.036806137776178194,-0.022376760876964476,0.9014076214183753,0.9375928621905052
Apul,OG_08380,103.39570186297442,0.8060577182142431,0.6336502434835412,0.018330123929914968,0.048209959824581906
Apul,OG_08381,105.37499062027177,0.6122119490514059,0.5292906689701051,0.013086993424570436,0.03654080100847262
Apul,OG_08382,268.9737561416364,-0.07804114947427858,-0.061533187477787625,0.7837898249225613,0.8559322818610555
Apul,OG_08376,47.14376910622464,0.7914015867650709,0.42875928421823345,0.12281015992210606,0.21837491855997446
Apul,OG_08378,331.8080300739876,0.1329002932224329,0.10206054072394145,0.6315958624430156,0.7376195735126295
Apul,OG_08379,290.7461954486754,-0.14106545757747269,-0.09471833195788901,0.6828536788696862,0.7796013702668979
Apul,OG_08383,53.01376699822494,-0.6291726951410304,-0.47462811484237966,0.06175543144964103,0.1269894470653166
Apul,OG_08384,677.6464805040706,-0.22899936233045343,-0.1666397687445241,0.46536374908246575,0.5937717455039753
Apul,OG_08385,41.683096897218924,0.67783053786846,0.3944940752814616,0.14898583008568358,0.25299533519446493
Apul,OG_08387,72.79731301319035,1.0217059417155732,0.6979455704094158,0.028336983340094584,0.06850256803689889
Apul,OG_08386,398.6365117735112,-1.9626045861177523,-1.8414840514917572,1.0895138970075928e-8,3.4230476687517294e-7
Apul,OG_08393,244.4766341332667,-0.049759654715552035,-0.04802803724146492,0.7805809959326995,0.8533582493119728
Apul,OG_08394,395.91416552381924,0.11120005600429135,0.09623002157183827,0.5794075256766293,0.6928149660557176
Apul,OG_08395,1326.199362283781,-1.92955354012936,-1.822870599362077,2.4296768736459484e-9,9.36256255113911e-8
Apul,OG_08388,126.7489587431533,0.7502176225031023,0.49093922523225136,0.0791863224801199,0.15421664574584043
Apul,OG_08389,87.64725905985327,0.07227235772999813,0.04773800001795816,0.8429715713184726,0.8983831489010918
Apul,OG_08390,134.09532673534423,-0.6649591390505214,-0.44828777019107574,0.08612830182856758,0.16495728495925954
Apul,OG_08391,30.505794236495273,-0.08389347609578607,-0.016636739920248736,0.9216011573711947,0.9514629764158534
Apul,OG_08392,456.42879430936154,-0.7208628934159246,-0.3104640166424416,0.2094471639773763,0.32742459736199764
Apul,OG_08396,138.70332270803866,-1.0552883740465204,-0.8343029193144416,0.005207490000655444,0.01723786245811679
Apul,OG_08397,29.284702193892237,-0.1930125322149647,-0.07527664903836129,0.7515573954786308,0.8329391635976909
Apul,OG_08398,47.836603012438914,1.7285784852171142,1.2406359652279908,0.004903182700938116,0.016393028703878012
Apul,OG_08400,11775.378866852805,-1.0288536246283344,-0.8803707821690968,0.0011408699117162716,0.004884299199995624
Apul,OG_08401,732.9492809776549,-0.110435796240409,-0.09725412609922111,0.5505059205667686,0.6683455798617103
Apul,OG_08402,516.0175694428423,0.41619787086950055,0.37851829383032853,0.01227617587258682,0.03463575361077536
Apul,OG_08403,160.9070118653607,-0.4015888978389451,-0.33632829871880787,0.099843529741662565,0.18425892502672356
Apul,OG_08404,370.1837481143883,-0.15158369888043308,-0.13493608176573996,0.3839993377936504,0.5163246219663118
Apul,OG_08405,22917.370384632122,-0.05675882667746799,-0.04437522287234707,0.8248659446941553,0.8855967563964682
Apul,OG_08406,365.6207956514596,0.37500246769381634,0.32465995155993344,0.09063923340389356,0.17144828353323016
Apul,OG_08407,205.61022992193375,-1.774778078827507,-1.430266670593464,4.62438173604933e-4,0.0023269001179663396
Apul,OG_08408,223.84784098929532,0.5040773619968975,0.4180979481790659,0.052342057332109636,0.111077507875649
Apul,OG_08409,912.1750599867977,-0.4467826544152552,-0.39342025833636823,0.03155812175107073,0.07432870112722562
Apul,OG_08410,1210.640476538247,0.7974688306440274,0.7256924253344594,3.2535540761750365e-4,0.0017417770746592119
Apul,OG_08411,176.27751117680785,0.15081253654587515,0.12791074551672502,0.4854335501998326,0.6099310682468566
Apul,OG_08412,114.11540557469964,-0.6521376984783945,-0.4095544729288381,0.11905944775658572,0.21283882641180285
Apul,OG_08413,594.4274307559497,-0.05410571910111889,-0.047210295856335634,0.7570533150584927,0.83635747878981
Apul,OG_08414,63.51810166535264,0.610968245123824,0.2925186725895763,0.27180062231129576,0.39883258118485826
Apul,OG_08417,231.39436453353545,0.8919620651324612,0.8142189150262678,1.3448333484920782e-4,8.171078449362617e-4
Apul,OG_08418,751.7582206440707,-1.5174697957405203,-1.3220209900862492,8.250587656055965e-5,5.486397411110371e-4
Apul,OG_08415,1400.2215615234168,-0.34165545559548105,-0.3281303363481604,0.003182658878821966,0.011401682602438484
Apul,OG_08416,295.2252883249138,-1.1071849030830474,-0.9610328601731088,5.345504712754021e-4,0.0026195878258099465
Apul,OG_08421,400.3569968038664,0.3295971448686861,0.28198664129825196,0.13524832802345116,0.23518290975134545
Apul,OG_08422,64.36356185291238,0.4270207596807491,0.34480161063490294,0.11564542221840393,0.20776733603550435
Apul,OG_08419,430.9255173634398,0.5981382098969774,0.4852341672959929,0.035009892179974224,0.08067574694271086
Apul,OG_08420,142.61029650970357,0.3120074690062599,0.21269749036297841,0.37209977215672835,0.5043932118967558
Apul,OG_08423,177.53728779281423,-0.7568540361001016,-0.619384560236867,0.014916632834877312,0.040870032899449626
Apul,OG_08424,288.28795805603465,0.53825597677379,0.3871098610186498,0.13110709587014288,0.22977505995356234
Apul,OG_08425,449.1885067273498,-0.06388296389876347,-0.059854353702909674,0.7616896482381207,0.8397304753836818
Apul,OG_08426,698.8014727989366,-0.6012982571993444,-0.5349468444767356,0.006461610893470997,0.020602668114012724
Apul,OG_08427,509.3439987935714,-0.6156793044242309,-0.41711220291815987,0.11044011243414216,0.2001685414710874
Apul,OG_08428,432.9429812081942,-0.22682527512584255,-0.18030632634390018,0.38355263735649253,0.5160391123610106
Apul,OG_08431,111.33978880675932,1.2151195668332997,1.0488691975938114,4.276573051163807e-4,0.0021798676767859834
Apul,OG_08429,240.04981258697117,0.3036680365266907,0.26139900497555113,0.15973038832437633,0.2665094021235319
Apul,OG_08430,387.67800770476936,-0.178771179890924,-0.15429398102593167,0.3950020199200697,0.5274297665658624
Apul,OG_08437,215.22446405057812,0.999516484149632,0.8664965663997671,8.826226335675278e-4,0.0039457651397513125
Apul,OG_08432,395.54922851306696,0.13488621603149525,0.11275084619129822,0.5403402144484133,0.6590352649372843
Apul,OG_08433,1109.90423985296,0.8698457965940818,0.7776132971362509,6.663062665215066e-4,0.0031406605359249476
Apul,OG_08435,67.62195944346307,0.24286759821933782,0.13330121192440464,0.5826723547535493,0.6954277462359701
Apul,OG_08436,496.30076789906207,-0.4343279376905505,-0.39926942825433237,0.01107273261045043,0.03180720928589727
Apul,OG_08446,681.899068640734,0.4826099160101537,0.4037769814883245,0.05927196273160241,0.12275041064558083
Apul,OG_08447,196.8913564800703,-0.20218147786026783,-0.16475997298557818,0.42709061181742525,0.558207862988509
Apul,OG_08438,1514.9484720968394,-0.01289769081914235,-0.008883263178165483,0.9551795062844309,0.9727641301295137
Apul,OG_08440,790.0291024973232,-0.4608512653746593,-0.35486046205375993,0.12325927832831639,0.2190439323386734
Apul,OG_08442,314.5513156956148,-0.4560124908242986,-0.36246875175119553,0.10751600655434461,0.19609058072421628
Apul,OG_08443,237.67529536263987,-0.022588201680511046,-0.01916532591160757,0.9202882727765659,0.9509254666713902
Apul,OG_08444,240.41662860444603,-0.36326134633693896,-0.3387101123625664,0.017703686777144186,0.04689604690643629
Apul,OG_08452,138.16663142603173,-1.7978321635438286,-1.404890927599283,0.0010316913822304198,0.004496259639232332
Apul,OG_08449,1557.1452811345914,-0.23383608700260433,-0.21530790741369185,0.13050527178476543,0.2292103692409875
Apul,OG_08450,176.50129819001182,1.060163579260851,0.9414726807732917,2.470898819306382e-4,0.0013753144847954103
Apul,OG_08451,648.4364621690877,1.5370155453389052,1.4289864294479857,3.889183470611948e-7,6.7181546656145475e-6
Apul,OG_08453,5.796060946913285,-0.8099327652799609,-0.08196752296985131,0.5399571559355956,0.6589245737002659
Apul,OG_08454,338.44983287158277,0.9985569295031154,0.9058345069302203,9.439118431542964e-5,6.105633493344542e-4
Apul,OG_08455,161.4031398638026,0.6855057139588823,0.5693056821099597,0.01661774505841521,0.044595894997538674
Apul,OG_08456,184.49456353313607,1.0597806698969572,0.8170170176930146,0.00915340664658786,0.027311802691026718
Apul,OG_08457,165.5930924617266,0.45226865703028024,0.3723476003189353,0.0833313120574551,0.16058953640138332
Apul,OG_08458,242.74895856829963,-0.08526064192656654,-0.07542151254486588,0.5954060255354885,0.7060427892828748
Apul,OG_08459,2977.2988222824374,-0.4286946218939087,-0.3327457765436787,0.15029782125165167,0.2547913995537024
Apul,OG_08460,1087.1168807286574,0.87158689879152,0.8297570218098057,1.791137703698382e-6,2.3271885697764135e-5
Apul,OG_08461,112.94742852166978,0.978300601186583,0.8646448380930774,6.108757378513567e-4,0.002922791971228288
Apul,OG_08462,120.06803848781446,0.03330061278660287,0.024623199474450557,0.8972637880001277,0.9352245493465672
Apul,OG_08463,295.4820692043052,0.19670637727419954,0.16996989082574337,0.304408988372013,0.4329425627997541
Apul,OG_08465,66.93348764314258,-0.08482016888772821,-0.04940083302360163,0.8350939093091477,0.8917624088394818
Apul,OG_08467,54.99595809724643,0.2672770179465819,0.15336489299733286,0.5407051590883434,0.6593020175117772
Apul,OG_08466,772.2022461780903,-0.2755588867143321,-0.25768284605609326,0.04916016975340525,0.10566799777507871
Apul,OG_08469,26.167066731724795,-0.7352203995716684,-0.3995269610261674,0.15475495171805664,0.26029199769478023
Apul,OG_08471,6.561247965612762,-2.413677360306798,-0.1321545972269005,0.13262987926872497,0.23172323607170955
Apul,OG_08470,1354.4730729995727,-0.5229669924550806,-0.5032439876055272,1.959772597797806e-5,1.6542413686963762e-4
Apul,OG_08472,721.6275791394713,0.45907869252620487,0.4180628748912491,0.009073904737398083,0.027119456087874878
Apul,OG_08476,64.84829223678872,1.320986128200637,1.013938831387734,0.004412650029166774,0.014980747482303013
Apul,OG_08475,661.1816549939902,-0.1865674625699865,-0.17639135438623732,0.13490133372030652,0.2348272830416996
Apul,OG_08478,185.57766538557138,0.03292364777189306,0.02593345798951057,0.8893547432471609,0.9305304850150441
Apul,OG_08477,583.9467592612615,-0.05922201141492358,-0.04506450632730308,0.7629735871368413,0.8405293628848989
Apul,OG_08479,1026.6658773768272,-1.2728700144438203,-1.1852808547518838,4.819446078928834e-7,7.844213951931643e-6
Apul,OG_08473,206.88976023479012,-0.3230273164056995,-0.28746349681021854,0.08802223101035088,0.16770555459631095
Apul,OG_08474,9229.038067083642,-0.4931168886097346,-0.42827378809581235,0.02895358191821192,0.06953791417593677
Apul,OG_08480,113.40817828938206,-0.1266396199516913,-0.09972586688141194,0.6393287920295401,0.7433267344819249
Apul,OG_08481,662.5985132017369,-0.059317332787142484,-0.041696012614629296,0.8483038636619549,0.9022481426754332
Apul,OG_08482,142.38351472452965,-0.09057224018850481,-0.06478883541747217,0.7713472494979946,0.8467540965088164
Apul,OG_08483,414.5529140809155,-0.6463931794712657,-0.4825507187897637,0.04915832976525986,0.10566799777507871
Apul,OG_08484,338.6622207823697,0.05454581341017598,0.04065372029771156,0.8728332653225966,0.9202920431961943
Apul,OG_08485,218.76313796467602,0.9986088614068258,0.8064326537491175,0.006242412637688746,0.01999567842061791
Apul,OG_08487,348.6390195635391,-1.188777055984701,-0.9647129830506164,0.0018192968352271678,0.0071698424664525225
Apul,OG_08488,224.65847902900464,0.2559240633166526,0.2174751176612473,0.24647068251441115,0.3714132378960608
Apul,OG_08489,759.9447306618255,-0.603282290615581,-0.5753382465378493,1.1126770600503506e-4,6.961442027813482e-4
Apul,OG_08490,504.0451954690021,1.2984062149757902,1.2356923957762236,1.49072334454228e-8,4.4362549167451283e-7
Apul,OG_08496,23.35059575016265,0.6927550180089878,0.36074538490106517,0.1905676775226312,0.3046717638690719
Apul,OG_08497,439.5353948722524,-1.056522194164627,-0.9783711409083174,7.965869923814593e-6,7.90189759109309e-5
Apul,OG_08499,93.41511035860539,0.5660557277562077,0.43924022605480917,0.0698355643023579,0.13956278442250913
Apul,OG_08500,82.95298668711372,0.6386541503340314,0.5743094758768396,0.003212194322147301,0.011480125328102343
Apul,OG_08501,881.9779147119395,-0.6518705856782354,-0.6025802744302664,5.190786103486478e-4,0.00255766766640096
Apul,OG_08505,63.03020139422567,1.6263206100567427,0.8678124781106288,0.017468990295794556,0.04638335850918125
Apul,OG_08491,52.449300311407946,0.7553676090674397,0.3906083176271291,0.14559315179055124,0.24906345090028467
Apul,OG_08493,481.5315511308565,3.092917743498234,0.09894934080275397,0.09999925887825628,0.18447080959599774
Apul,OG_08494,3554.1926371335708,-0.3448154664333967,-0.2725793366297765,0.22431817480517885,0.3452845650765274
Apul,OG_08504,72.14034508038472,-0.2285048917709279,-0.16280711603453196,0.48467774416289944,0.6094616977656931
Apul,OG_08506,488.926871540655,-1.346022424839915,-1.2536931333979446,2.661312420361327e-7,4.9683341810348e-6
Apul,OG_08507,91.6424056235076,0.21706081531650098,0.136887682452228,0.5767686392492442,0.6903919846157487
Apul,OG_08508,111.66460394591459,0.8058098402489831,0.5560903544210177,0.047556121758338746,0.10325369650379518
Apul,OG_08510,74.80170623229286,0.750804056141146,0.6194077506674976,0.01164066295535661,0.033132530892818986
Apul,OG_08509,404.6321966936732,-0.009810795899911946,-0.0062289324913931965,0.975628513011932,0.9856177036572474
Apul,OG_08511,461.9766774319123,0.015597839734101754,0.010434784381508497,0.9329450715423742,0.9580190992025495
Apul,OG_08512,512.0801414782709,-0.9349804541685532,-0.8003100289072062,0.002105126274766649,0.00808773907949334
Apul,OG_08513,1300.565917683236,-0.339575278901263,-0.29831754497027235,0.10423053991579578,0.19098694948602532
Apul,OG_08514,245.64124393668345,0.52221988710623,0.38467418110465185,0.12543138161314915,0.22212321797147502
Apul,OG_08515,87.26741489097456,-0.8053610742679634,-0.6772518499025909,0.006475486293135046,0.020632317987702726
Apul,OG_08516,559.849729181575,0.2306081404137754,0.18532142601908227,0.3582475889132607,0.4909446453042082
Apul,OG_08520,49.776477688426446,-0.0068144394650754446,0.001064504850095357,0.9934275328309254,0.9956573387228529
Apul,OG_08517,19725.84181245128,-0.3211857782091715,-0.24248224692410428,0.272502869180092,0.3994080577693253
Apul,OG_08518,467.6270976698189,0.522088344324294,0.4802316843158178,6.795925449659136e-4,0.003188286148781292
Apul,OG_08525,67.50374717118436,-0.42833580717019587,-0.2097163281077255,0.4209140075963481,0.5528596659135137
Apul,OG_08522,281.8810838435976,0.7923704698377095,0.7146370112091515,8.438675227518523e-4,0.003804576726326726
Apul,OG_08523,1415.252339589567,0.1660912490885315,0.1511888042107287,0.31213937881062154,0.4409463855139236
Apul,OG_08524,79.91033174702322,0.0453333029348812,0.0313419422555726,0.9041645719842394,0.9395934015883238
Apul,OG_08530,103.61394522653411,0.8962669906496423,0.6509342975882644,0.027414273515094765,0.06664721064589095
Apul,OG_08527,55.523860349884174,0.7911195019859157,0.5749165510371901,0.04057403523801086,0.09076062409852244
Apul,OG_08528,69.24333470871147,2.38221926681308,0.373253118707743,0.0221268555490782,0.05634505972494723
Apul,OG_08533,98.5959089654847,0.801818976339616,0.5345389025998891,0.0670975458981179,0.13544181136407635
Apul,OG_08545,206.95023981472568,0.628931625611848,0.3893965451390936,0.15983422503908937,0.2665480316584925
Apul,OG_08548,34.24843827432546,0.4956047233978107,0.23123295626896517,0.3780273854812153,0.5099750052190483
Apul,OG_08549,30.271754814786522,1.3676641362876583,0.9155262230661922,0.014289969756734867,0.03935634004168549
Apul,OG_08550,155.66644728212754,0.9333291616142141,0.8457763844240116,1.0404189669459941e-4,6.583479175404932e-4
Apul,OG_08551,198.5448101644788,-0.23156800718596843,-0.19211149522138007,0.3175330078777751,0.44660663422771774
Apul,OG_08553,35.12449837439221,0.5990391876807264,0.1845369198346083,0.40264082509604926,0.5347786595803617
Apul,OG_08552,341.3118869480844,-0.00898037825298939,-0.007501609461350093,0.9592055283171802,0.9753220848935513
Apul,OG_08534,39.22629841679691,1.188361613178815,0.9397658058099296,0.0036082628944956482,0.012659807984306326
Apul,OG_08535,173.14534556999803,0.17133729674799983,0.13203925791029955,0.5323133285981898,0.6521561527132986
Apul,OG_08536,261.47082491093994,0.14042440057779954,0.09792691938182661,0.6715693243288121,0.770817285829035
Apul,OG_08538,691.2198196779216,0.5801245626633652,0.557359055901177,8.729502265351276e-6,8.509613181261886e-5
Apul,OG_08539,1240.6190595317428,-1.3463344680026426,-1.1870221992270618,1.0877223212697101e-4,6.825325101523296e-4
Apul,OG_08540,2140.5652311603994,-0.4337083240063871,-0.32603466880483284,0.17572315669877153,0.28626841986500867
Apul,OG_08541,422.3100670976909,0.07169334948228603,0.05507409324387379,0.7903950177519817,0.8602283494350778
Apul,OG_08542,621.041349777027,0.022479844981665813,0.018800271906691826,0.9268315387112865,0.9549601448112662
Apul,OG_08543,692.7550032715692,1.151144256642838,1.0738808467288667,1.5367574733602031e-6,2.0377856084248458e-5
Apul,OG_08555,100.62064772208666,1.100606765716818,0.48320705316264084,0.09029369010762896,0.17100991466088852
Apul,OG_08556,419.1457401425913,0.5005036000519318,0.47435410158010266,4.648488480351207e-4,0.0023376460011555428
Apul,OG_08557,1481.3911510986868,-0.8194161512112986,-0.5541803446731663,0.051936398837107184,0.11050271550594513
Apul,OG_08558,52.66698675163725,-0.9946302144358317,-0.7690217955907221,0.009749260384430884,0.028728457806017415
Apul,OG_08559,254.12391555114874,0.3412485358300382,0.2763503768890688,0.19400577799941104,0.3093457294819964
Apul,OG_08560,79.04954797010468,0.1411766670611296,0.10963189586107616,0.5961475085391434,0.7065539017478255
Apul,OG_08561,673.3677344780882,0.10549429226986815,0.0944796267787036,0.505172560121157,0.6273434753632382
Apul,OG_08562,727.4003884238434,-0.2830159818168625,-0.2519509019581002,0.13070978044955053,0.22945498534055667
Apul,OG_08572,85.84919987786228,0.07239082781163457,0.04701152289481695,0.848369700019507,0.9022481426754332
Apul,OG_08573,164.6302041498397,-0.26417304883906145,-0.22782979795056843,0.2058819363997656,0.32320126779864927
Apul,OG_08574,47.97218172437972,-0.11602940300991077,-0.056935925019149104,0.8048744545449047,0.8708366878607398
Apul,OG_08575,271.90300929001637,0.30059671724465004,0.23968825118506148,0.23744287798205832,0.3610982128862658
Apul,OG_08576,51.367111159136094,0.8287059005937157,0.5919861888918412,0.04321909412249833,0.0954227648635082
Apul,OG_08577,133.38792752660854,0.7498187420159385,0.6183525796106496,0.013590746459028958,0.03774184195289933
Apul,OG_08563,28.125896898095828,0.8658285492421417,0.24232259801403663,0.2920739580732649,0.4194347634888724
Apul,OG_08564,99.07709748478908,0.7334765756118105,0.5377866582263305,0.04917266927350878,0.1056696756051546
Apul,OG_08565,2928.952438562519,0.1264416729206707,0.10860571734152223,0.5437806400531389,0.6621566551464082
Apul,OG_08566,2844.4176675511935,-0.8086544037560839,-0.6967275662766499,0.003023482525970975,0.01094159804080913
Apul,OG_08567,202.26091556877333,0.2027375925949827,0.1385266954310557,0.5398425221161106,0.6588738524527571
Apul,OG_08568,102.91888992249808,-0.13622913974249695,-0.0756774973456088,0.7590163658946779,0.8376065710296555
Apul,OG_08571,1275.0546861454,-0.6596909653579928,-0.6291876990432231,1.1516317703662099e-5,1.0727545117140614e-4
Apul,OG_08594,418.4966490723867,0.18800622280168405,0.16209318107241763,0.3485060095049011,0.4808689652189278
Apul,OG_08595,626.0296872773741,-0.03349982736720329,-0.02933407499786886,0.8547277686176609,0.9071108186751744
Apul,OG_08580,16.9825816907218,-0.3900234579838394,-0.17887579923351885,0.4736990174329688,0.6003294504839184
Apul,OG_08581,218.72576247820734,-0.3126480064433013,-0.27001071287552353,0.16875661923082624,0.2773243002741681
Apul,OG_08582,1133.943908459992,-0.24885720517503565,-0.228365346083926,0.11837289258606831,0.21177943897789248
Apul,OG_08583,484.5629842796301,1.42276103648515,1.2808906591709779,1.8434011162497565e-5,1.5755400820117587e-4
Apul,OG_08584,369.18712818735446,-0.2494429762747049,-0.2258317991362718,0.16208082227897155,0.26920709992450653
Apul,OG_08585,94.33457657316063,-0.7482752119046842,-0.6093729246566312,0.015907735566469457,0.043010510225743655
Apul,OG_08586,484.39717701854204,1.0653137364594636,0.9860978406931381,1.0960780634175033e-5,1.0305876848629435e-4
Apul,OG_08587,31.43903465917503,-0.37281241149538585,-0.15055834668313514,0.5185254101278232,0.6395217648916128
Apul,OG_08588,162.57491113028328,-1.5374406106814213,-1.33125003564826,1.114328842239e-4,6.963203860338921e-4
Apul,OG_08589,702.8913866173136,-0.6991622109190812,-0.6439817466855984,3.995932104729369e-4,0.002061288317411025
Apul,OG_08590,246.57996688019375,0.6362926629702346,0.5619071086188328,0.00648458630721319,0.020650515486172444
Apul,OG_08591,386.2947464011844,-0.35442221370248433,-0.3207734844159897,0.04926130103117797,0.10580970733638204
Apul,OG_08592,364.6846773818202,-0.18412075141731743,-0.159860797403309,0.37819750432225047,0.5100518840074383
Apul,OG_08593,805.8475607365808,-0.5908114422189462,-0.5596715350071966,8.429691121224641e-5,5.566002441157689e-4
Apul,OG_08597,452.3274809371845,1.4194173502598655,1.266681321188635,5.30758476408286e-5,3.810389475934327e-4
Apul,OG_08598,110.82235749907946,0.5704176152188644,0.4170822898416006,0.09572548972196167,0.17886747145206303
Apul,OG_08599,1006.5029373092495,-1.2277143154714343,-1.0903564585107037,1.2989666694895375e-4,7.935489470723007e-4
Apul,OG_08600,563.0401225669468,-0.10190484177666728,-0.08546514083960603,0.6293344481863954,0.7359238385808232
Apul,OG_08601,1539.1505340723022,-0.5424205375495116,-0.5179845314250235,3.9151549360786054e-5,2.9591745229355225e-4
Apul,OG_08602,198.3949323210204,-0.23360256111687647,-0.2011246047783514,0.27014568371626907,0.3969209108798433
Apul,OG_08603,632.1505029848871,-0.173396330403306,-0.14561085726606252,0.4444842388388627,0.5743643424491294
Apul,OG_08604,218.7326600853641,0.9033215232220724,0.8215933345055377,2.2890044004797883e-4,0.0012932301177397399
Apul,OG_08605,876.3191627231133,0.36764188991321095,0.302239069937932,0.13842680207806402,0.23916932858458637
Apul,OG_08606,140.64907565021184,0.8515993736617992,0.719090362288501,0.004676829215625145,0.015764848238239974
Apul,OG_08607,14.212593283707605,1.566019288679365,0.43129235189527726,0.08301168891094672,0.16011045965989446
Apul,OG_08608,80.625849239758125,-0.4136305900099087,-0.2994190092856986,0.20984441952207677,0.327969018509042
Apul,OG_08609,679.8612115437563,0.006081998999270159,0.006503722836017265,0.9696769140865565,0.9811015186623071
Apul,OG_08612,31.288293330278464,1.397867129280741,1.0544220332444063,0.005364548773787325,0.01763475621335775
Apul,OG_08610,62.30235061856796,-0.03273617123272742,-0.02449511082623812,0.9076135846456886,0.9418617875892669
Apul,OG_08611,457.93664638051234,1.62040559388852,1.3418570281581406,3.9745965673485326e-4,0.002051456053107139
Apul,OG_08613,126.2396812921495,0.4121260559388632,0.34068229461583716,0.10886207395896143,0.1980648347231548
Apul,OG_08614,1345.3770983880217,-3.6317649258138065,-3.5577845155041583,1.2102410874679102e-24,5.456371942849073e-21
Apul,OG_08615,318.1404981446992,0.645730372519956,0.4774923637889443,0.06361394203393736,0.12995205032084783
Apul,OG_08616,358.78560986931353,2.5498773217125814,2.4192813719251007,1.159985393149147e-10,6.926879662268781e-9
Apul,OG_08617,469.41692876110767,0.34287763332114135,0.32134798805317655,0.015933159320459935,0.04304053253223104
Apul,OG_08618,247.2247268687726,0.4050382333439082,0.35318668231945766,0.05310176287298955,0.1123459868197435
Apul,OG_08619,953.5370394674953,0.05417251878345298,0.04400850134867049,0.8256001196907277,0.8859670077744509
Apul,OG_08620,215.05648539216955,0.017930797693747568,0.010051262011107225,0.9513514102597498,0.9702902009175619
Apul,OG_08621,58.17612490640348,0.24977878773000609,0.09407985643860894,0.6929178497063382,0.7877998046654963
Apul,OG_08622,947.191675866908,1.133756360031414,0.9976662344110013,2.4900781657005407e-4,0.0013842574921822527
Apul,OG_08623,254.48683907064793,0.9125369172595901,0.7831100309071792,0.0017206707732015135,0.006859101839946087
Apul,OG_08627,184.81448749158574,0.0813361690742923,0.05591417393105164,0.804479327458638,0.8707226138152131
Apul,OG_08631,32.16943072672078,-0.7903106891571305,-0.3174133171423394,0.21691750570322194,0.3359576002964535
Apul,OG_08628,526.9640288252548,-0.20913869909522848,-0.18707138071881077,0.24021915018870477,0.36441051097771715
Apul,OG_08629,39.95892335441913,1.0981805961571267,0.6163646607877334,0.05485884852224523,0.11549433507473389
Apul,OG_08630,135.17194883882377,1.3643911884721656,1.0388199209128872,0.004784504740561124,0.016048797081318684
Apul,OG_08624,231.87952352546253,-0.6409322249964765,-0.5260757910278713,0.025502356147933197,0.06303584029219124
Apul,OG_08625,130.57157247599338,-0.6492072813777554,-0.553544467745574,0.01495795394244047,0.04092107727517771
Apul,OG_08626,494.6349988225156,-0.41152301539268216,-0.3188315975760645,0.14980908252587066,0.2540106237562572
Apul,OG_08633,296.21026051193917,0.880975290099196,0.79078642222232165,3.4770345368831325e-4,0.001835621804395504
Apul,OG_08634,72.75307466913267,0.5986799581487217,0.49856160569213437,0.027459775960520395,0.06672185390353338
Apul,OG_08635,776.0116321426934,-0.2267909097303771,-0.1510098111969793,0.5417344993514976,0.6602892647543194
Apul,OG_08636,661.9743614646223,0.15660263759074586,0.150391685234097,0.21781240977693397,0.33705414432102515
Apul,OG_08637,730.2352912066278,-0.7489347534394123,-0.6813536213629501,5.607321441105512e-4,0.0027208041198211494
Apul,OG_08638,186.52864794050015,0.01760272744036604,0.008485281848866419,0.9669696000115614,0.9799016501802933
Apul,OG_08639,4494.824356938886,0.2641431837802779,0.1830562575588351,0.4410480732627665,0.5708239524343858
Apul,OG_08640,256.8155665192086,-0.15168497939909725,-0.13470623457545772,0.44505549490691787,0.5749377360423608
Apul,OG_08641,429.49048294873194,0.6987291404047125,0.6486532669151299,4.936956002101834e-4,0.0024526333984785415
Apul,OG_08642,48.049869602853164,-0.8654806617215348,-0.4921161576615448,0.09276139593733881,0.17447424012661328
Apul,OG_08643,469.9512208744947,-0.14464768861505126,-0.12977151559656805,0.3945981152134283,0.5270656901460417
Apul,OG_08644,341.7733550571211,1.3138028665006485,1.1738766877540872,4.785406201358079e-5,3.516708045447905e-4
Apul,OG_08645,1526.555501779037,0.59574546238435655,0.5493358254005275,0.001081691925264802,0.004677993328591232
Apul,OG_08646,149.24793622533792,0.7917113737835207,0.6665586478028231,0.008494288992911285,0.025667896732265768
Apul,OG_08647,14306.445533213282,-1.2045503386472394,-1.0729044196614357,9.129472949080566e-5,5.926598817988442e-4
Apul,OG_08648,2146.5943426275653,-1.3596889032958124,-1.2813729657672015,5.709391194690994e-8,1.3655591618707876e-6
Apul,OG_08649,1442.1548572885797,0.2245443755345572,0.21165135076478211,0.06479215616247065,0.13172525177323935
Apul,OG_08654,96.39577002527281,0.5677533271029855,0.36321411160065725,0.17147695556009704,0.280414890875117
Apul,OG_08655,136.30079473056344,-1.114353771422032,-0.9727488702755708,5.115851192252956e-4,0.002523502746200487
Apul,OG_08650,563.3793883205044,0.5599584533219684,0.45285030797338177,0.046843524911865185,0.10202610244692956
Apul,OG_08651,386.3368242214611,0.6669885255527299,0.5567143205456371,0.016083549389308748,0.043342906408666164
Apul,OG_08652,65.27139924805752,1.4544763154855438,0.9811521011378395,0.012802183096889012,0.03587236947938106
Apul,OG_08653,350.6478899973813,0.9612107570086287,0.8560254444166691,4.4818828809609345e-4,0.0022662124906606866
Apul,OG_08656,1033.3498529133233,-0.35089749222118854,-0.3166808971513978,0.09196979873780653,0.17338316437775483
Apul,OG_08657,321.49248390937817,0.19240172141813422,0.15525241436584902,0.45005240658575696,0.579814623543902
Apul,OG_08658,862.1219807658179,0.13022128061297342,0.12289164788179459,0.24650058372413017,0.3714132378960608
Apul,OG_08660,360.446185315427,0.38143308857523056,0.2876145976254028,0.21931976709879297,0.3387909536249384
Apul,OG_08661,614.7876812351815,-0.6213010844603508,-0.5280151831283031,0.017105385107189296,0.04560399495283856
Apul,OG_08662,114.52824030979016,-0.04542878470613812,-0.03851425127923909,0.8154325648689195,0.8787803797565492
Apul,OG_08664,163.53418094140108,-0.09566763656602162,-0.07500252228895435,0.7315260678663527,0.8172680651655188
Apul,OG_08663,93.1974913010469,-0.5070465860808766,-0.3179740841128892,0.22525392287935517,0.34654745309727786
Apul,OG_08665,290.34892776321686,0.043385501799507994,0.0341261665157624,0.8719265314395932,0.9198738193507444
Apul,OG_08666,65.94168002400424,-0.8531420128570638,-0.6656718743333411,0.013475354660908384,0.0374791094933408
Apul,OG_08667,253.00774698565274,-0.026836129073151985,-0.021516843759839765,0.9309787350598127,0.9570985533550237
Apul,OG_08669,65.19767962648558,-0.3459336706952021,-0.2275172589311326,0.35924678993395176,0.4919253310302875
Apul,OG_08670,172.9346660852927,0.7126020216413749,0.6525437446116072,6.110084136370549e-4,0.002922791971228288
Apul,OG_08671,285.6998686841738,0.6416216601265844,0.5831139133257094,0.0016748369176623724,0.006726705853701813
Apul,OG_08672,86.9135883888224,0.7653045057982943,0.5606970012998197,0.041132656590329005,0.09166909650889685
Apul,OG_08673,12672.327122405666,-0.276579583038616,-0.22498586637780058,0.266737828717062,0.3937101001050496
Apul,OG_08674,578.834006126413,0.24566691692393802,0.2098148847137652,0.2560063794334014,0.3820552500668631
Apul,OG_08675,137.90080258044827,0.18960006754104086,0.16945049983408111,0.27690734512107695,0.40350250985080005
Apul,OG_08676,1000.9668939123519,0.017974018400632737,0.016156598653440147,0.9064253720190474,0.9411835075421177
Apul,OG_08677,1406.6701722890741,-1.7540735541817554,-1.675977422957762,1.2152284281532151e-10,7.2090228530641715e-9
Apul,OG_08678,1169.5974357398582,1.0758235556883544,1.0303598173996305,5.029138802233305e-9,1.7924009715311348e-7
Apul,OG_08679,776.7494664666967,0.4733184150813409,0.3708303055032335,0.10864431572639359,0.19782831076431565
Apul,OG_08680,224.76674616787244,0.44129616175822967,0.3718247095375182,0.06972025712589268,0.1394353691810182
Apul,OG_08684,168.89459947473154,-0.004583044463197573,-0.0027975855907631784,0.9878718557631552,0.9919421518281036
Apul,OG_08682,346.9383866652573,0.31131054561824956,0.2371870938592243,0.292516961417195,0.41973670291197446
Apul,OG_08683,941.9066983678671,0.4285064399026037,0.368691681022078,0.05810284580497655,0.12105207038435156
Apul,OG_08685,1169.251262702614,0.9362143041220465,0.8101391707425397,0.0013924204778276595,0.005788591723638546
Apul,OG_08686,196.96957822923304,0.3190055529641965,0.2689155998789375,0.17027994772513155,0.27901404481873726
Apul,OG_08687,152.2279497202468,0.17997358214699657,0.142369535754026,0.475641562003061,0.601691914223008
Apul,OG_08704,38.05568859631556,-0.29953049849157953,-0.09049798889195726,0.6726049862201455,0.7712375957359436
Apul,OG_08705,67.1998444781037,-0.31689140731390825,-0.18534524352815526,0.45452331326619005,0.5840724976088408
Apul,OG_08706,453.2939976135969,1.1241591277677385,1.0428915070956184,3.7612231367070647e-6,4.218277241752189e-5
Apul,OG_08708,256.0697215936019,-0.16719347372523655,-0.1411918702057974,0.4411779079072208,0.5709100452926822
Apul,OG_08707,419.79909818817634,0.20424880852477692,0.1686048283145769,0.36405731463641594,0.49661307053453063
Apul,OG_08688,176.91514529774275,-0.2293205811293667,-0.21107950636983042,0.17478637802850053,0.2848967409043726
Apul,OG_08689,238.0757936948027,1.9338941659357567,1.862177321885927,2.2975276873127022e-12,2.290977752948004e-10
Apul,OG_08690,172.3145582014443,0.46007318711055584,0.4138005240679645,0.016890305148861667,0.045166038412599537
Apul,OG_08691,21.14155911694548,0.5892274408160539,0.1577268579297838,0.46839468004832735,0.5957842897440778
Apul,OG_08692,683.1446382109804,-0.17095559425474574,-0.14488219509134748,0.4995617265916128,0.6223470694496508
Apul,OG_08693,481.42787343754117,0.16119887644197436,0.09023691154720452,0.7053544884134557,0.7975420848109757
Apul,OG_08694,527.4923612554925,0.3293843745845368,0.29016935916473174,0.12150484559147472,0.21648077310775096
Apul,OG_08695,1177.2514049006013,-0.24949481124995457,-0.23076738777427436,0.10357669846665218,0.1900979218550382
Apul,OG_08696,208.06108260092543,0.0735909154699324,0.05569271002948342,0.7972177074803013,0.8655643670499551
Apul,OG_08697,268.2613549149618,0.9916706135031794,0.807022667581129,0.005295743688684938,0.01744036553720675
Apul,OG_08698,1737.0364617779683,0.6240008873301193,0.5653252328655668,0.0017546875919757698,0.006960852625097016
Apul,OG_08699,169.601580207494,1.2734937345513981,1.1602257421519189,1.667834347557e-5,1.4586675375287555e-4
Apul,OG_08701,69.86399856617689,1.07574719409946,0.7385697927368727,0.022670449313042663,0.057437325500338775
Apul,OG_08702,167.17295473779512,-0.12823076450621243,-0.0987990405999015,0.6224350169316374,0.7307938213115331
Apul,OG_08703,153.63703627409419,-0.010709746340751277,-0.008409952061390058,0.965028472392312,0.9789258199405172
Apul,OG_08709,20806.91682868788,-0.6226681343459889,-0.5539759800344068,0.0049234376937353054,0.016448550457358744
Apul,OG_08713,102.97450985810792,-0.6161984399045733,-0.4336196846508012,0.09641803214526223,0.17962838757310529
Apul,OG_08714,157.3696857030811,0.10873533978679044,0.07717609567021258,0.6839268277945887,0.7802199380850519
Apul,OG_08715,61.43266404191526,-0.19046069693523765,-0.09749229229690883,0.6941349355790623,0.78898458516531
Apul,OG_08710,99.99156417142632,-0.36720560488666326,-0.2748364894575873,0.2336620970889647,0.3569747867829698
Apul,OG_08711,281.39091879469737,-0.41874456761418033,-0.3774323445755743,0.023929453266315088,0.059853503495801146
Apul,OG_08712,2869.366767543937,0.07348242708606426,0.06709025322236223,0.6488238422192796,0.7525773970619986
Apul,OG_08716,1637.4050419306377,0.1865070944059596,0.16446667746654484,0.3069727274890455,0.4358343009018818
Apul,OG_08718,205.2332711727945,0.8493846809486483,0.7852928991818533,7.662313193009654e-5,5.159901274187308e-4
Apul,OG_08717,284.2347327672402,0.12433096596247065,0.10520738879375685,0.5744749345466854,0.6887435826096878
Apul,OG_08719,436.24585349634833,0.3392795870825687,0.31659632652455694,0.023112052411886373,0.058277789876392455
Apul,OG_08720,2531.46071548535,-1.183564571294362,-1.0676368238641158,4.742278907831702e-5,3.490704400972935e-4
Apul,OG_08721,6265.083051443987,-1.6177882183166021,-1.4896104489873905,1.124600254495959e-6,1.5721737201224905e-5
Apul,OG_08722,398.99563852773633,-1.0488208090144415,-0.8753516734290051,0.0019587463823595337,0.007619506527064675
Apul,OG_08723,121.6743376014834,-0.13151857096528702,-0.10681804818524879,0.5588932853782125,0.6755416560663997
Apul,OG_08724,116.55596085149747,0.5486285327111955,0.43130630621447413,0.07119613559293825,0.1417164579782614
Apul,OG_08725,317.9764166424923,-0.2153908801197572,-0.1873969724313983,0.32266315035935744,0.45255150517814996
Apul,OG_08726,1487.9662697000474,0.5994743594764014,0.5731668025549855,1.166516492007934e-5,1.0854983703235851e-4
Apul,OG_08728,55.34117466693998,0.7563892790503367,0.5672818886745727,0.03867910114950312,0.08726148310455259
Apul,OG_08727,1126.1004526315578,-1.2735217414233722,-1.1613842792655646,9.232164502571391e-6,8.90336121066163e-5
Apul,OG_08729,252.6506382639296,-0.7627187602478913,-0.720444768869094,1.290757195551159e-5,1.1828005723866667e-4
Apul,OG_08730,212.82129851549084,0.46257138883990934,0.4100509833482773,0.026360636563907584,0.06464342123925881
Apul,OG_08733,356.7740204327864,-1.1783928392727419,-1.1278482269178387,2.7625419028540536e-9,1.0555017092387712e-7
Apul,OG_08735,529.6631667804171,-0.21360111607449928,-0.14833079781699365,0.5373294397862138,0.6564286083934819
Apul,OG_08737,319.5484945213918,0.9312481793022838,0.8505304275772733,1.1776744976990344e-4,7.31342351635826e-4
Apul,OG_08738,57.76694255162486,0.3956364897845183,0.24643028664572533,0.32588191451399917,0.45578985934120214
Apul,OG_08736,220.10097775891117,0.47442036779685864,0.3797905656967211,0.09540608474610353,0.17851767299348734
Apul,OG_08739,76.13271073052734,0.3739094013720831,0.2723465452263292,0.25742766013688523,0.3834834315966123
Apul,OG_08740,431.5101891450373,-2.168901239619196,-2.105950407095579,3.494095563936897e-16,1.0864227482765172e-13
Apul,OG_08741,192.1553647741233,0.5088980355617408,0.3887058206061347,0.09955479984796696,0.1838766141395162
Apul,OG_08743,726.01130882138375,0.6169401563627286,0.5628738941515026,0.0019410074848654501,0.0075766512948189455
Apul,OG_08744,215.08706461515106,0.16270815596398527,0.11083383759412614,0.6355446067665327,0.7404012557123806
Apul,OG_08745,461.85395575856575,-2.4354902806630134,-2.193393854932737,5.607469193538994e-7,8.872084804636221e-6
Apul,OG_08746,88.1789603116435,-0.22834777759087677,-0.1412471911925814,0.5628899285433884,0.6787347533666399
Apul,OG_08747,374.8763380658113,0.6368364472065314,0.5570531933288958,0.008148308809937287,0.02488090096146445
Apul,OG_08749,163.2764575229958,0.05149767838911623,0.04127417282581798,0.8416775587750903,0.8974112034379792
Apul,OG_08748,1113.5674441300187,-0.06703057412074394,-0.059655896162027516,0.7017108092940594,0.7949901202920635
Apul,OG_08750,428.41306689075947,0.4024173800593678,0.37407978867906927,0.013125236647072587,0.036606946751207396
Apul,OG_08751,797.6399501423605,-0.8461394348894893,-0.8097035691945452,1.810587113595901e-7,3.6360944328049527e-6
Apul,OG_08754,165.06375078649563,0.6509441941820749,0.482205467387784,0.062331151708281164,0.12785259211864677
Apul,OG_08756,169.5142309692165,0.7050364437356018,0.6600287987089071,9.266406106850703e-5,6.002527576542585e-4
Apul,OG_08757,320.6653521118626,0.3844318499949448,0.3495459252422293,0.031211405658439658,0.07380887616631272
Apul,OG_08755,1895.881610416399,-0.2938086803207596,-0.275009540870159,0.03751721140151743,0.08507730489044076
Apul,OG_08759,100.44538986798665,0.4889932212125751,0.36384641904057435,0.14102576293003594,0.2427700084650886
Apul,OG_08760,518.9657367061376,-0.7005484234066419,-0.6652096151242781,1.0674685071175469e-5,1.0100066661782708e-4
Apul,OG_08761,295.67333993528723,-1.0425810951814036,-1.0093700806137822,8.399102805266584e-11,5.2593548607700545e-9
Apul,OG_08762,439.30629628351414,0.07050636870726781,0.062068670423688,0.7314042448764202,0.8172680651655188
Apul,OG_08763,110.564386989639,0.17777781173682608,0.14211101492729222,0.4913711180405198,0.6146058220795348
Apul,OG_08764,641.6960059102196,-0.48706507508594316,-0.4601722990484863,5.654516772264937e-4,0.002738280222100587
Apul,OG_08768,6.992531626848269,0.8830051108574789,0.07631048584035881,0.46836947521805417,0.5957842897440778
Apul,OG_08765,127.60100836445045,0.8496259308747998,0.6408998004155382,0.024099664788947296,0.06019575551300216
Apul,OG_08766,131.62022146619088,0.3786483096728854,0.29582373872369644,0.182566971674698,0.29467226274444563
Apul,OG_08767,256.3396381853035,-0.31798847155029863,-0.2809679823838946,0.1028606353461266,0.1888990527323877
Apul,OG_08771,286.4799060520048,0.8422890399169207,0.7773161996097077,7.442343492050602e-5,5.045685057730848e-4
Apul,OG_08772,247.75304180504236,0.7861040026265038,0.7070623903748304,7.757078401062459e-4,0.0035415481489812755
Apul,OG_08769,208.82219375366316,0.2562889830897186,0.22444835610720598,0.21801940329257027,0.33725869951777426
Apul,OG_08770,467.94572986414295,0.16101076179464022,0.14223280708280417,0.3926557716441413,0.5251523424674016
Apul,OG_08773,3995.4222752118158,-0.8197745367081904,-0.7279390019499743,7.704805723564515e-4,0.003520200380004425
Apul,OG_08775,125.2794421816129,1.4448856906278775,1.2473680249002066,1.913109543208705e-4,0.0011100713482054627
Apul,OG_08774,345.99942625016786,0.13637644641578833,0.10047413384507016,0.6528162563680668,0.7557381157620823
Apul,OG_08776,636.2836265246686,0.7621200349453063,0.6992068148782022,3.462956033475979e-4,0.0018306982816885904
Apul,OG_08780,12.524465460121911,2.3882401953121577,0.33447734917387006,0.04775089175690285,0.10352383640854707
Apul,OG_08777,705.920104322989,-0.005855244127506824,-0.003952805013654837,0.9661986646150292,0.9795607554344185
Apul,OG_08779,49.23496876797105,0.7815327503311483,0.26666734235263256,0.2560452341304263,0.3820552500668631
Apul,OG_08786,136.15129824290284,0.8743087500622022,0.5891366850733136,0.042127290709807086,0.09346992626238447
Apul,OG_08781,3432.577161505348,0.40309472129974305,0.3111251191093172,0.1710974314640342,0.2798886989807184
Apul,OG_08782,86.87211094776829,-0.09959750503499996,-0.07242080952174049,0.7583759977119027,0.8373791944985379
Apul,OG_08783,802.9454658649406,-0.8746379070240434,-0.8296027692872602,9.861218517859398e-7,1.4125776144666089e-5
Apul,OG_08784,66.07162416714444,-0.7394866365429684,-0.523924760646985,0.06611113060543299,0.13387021438787092
Apul,OG_08785,503.93197032997784,0.5874683313610807,0.5426753950746821,0.0013785519589788687,0.005738874891095319
Apul,OG_08800,446.3930699323747,1.6596530369959976,1.4895698490454108,7.402326435294879e-6,7.466082490721916e-5
Apul,OG_08787,177.5124636212363,0.17247985263313856,0.15853834566108255,0.33983242076120174,0.47128098092952264
Apul,OG_08788,238.66530514336824,0.7430139136909066,0.663002482130738,0.0016423217716125238,0.0066377478326446115
Apul,OG_08789,318.5434620295106,0.29914547512662415,0.24457357796955792,0.2349933682202467,0.35872717612815613
Apul,OG_08790,765.860997960169,-1.8904969794166768,-1.719575386057556,1.5443855970753541e-06,2.04489352846233e-5
Apul,OG_08791,204.4914189904021,-0.06714036316716387,-0.058127708905800844,0.7406785920042465,0.8245894272148127
Apul,OG_08792,102.91753111396562,0.6987570362787274,0.5337145266703314,0.042800180150831944,0.09470655813988997
Apul,OG_08793,73.80150356264149,-0.8016806748551301,-0.3829256820887,0.13793911609568693,0.23871729546689474
Apul,OG_08795,39566.29503740421,1.0134137829960526,0.9119157716207642,1.5412571187665977e-4,9.137091019012762e-4
Apul,OG_08796,570.3817906145853,-0.42198419891472383,-0.33312616517946986,0.1361802511823345,0.2362326519644306
Apul,OG_08797,153.27938446241447,0.8257123966533194,0.7386141382600755,7.93022770934464e-4,0.003605994112716118
Apul,OG_08798,292.3708045368375,0.05178040614315561,0.03527520094505905,0.866356748074637,0.9158047729832448
Apul,OG_08799,116.21172720975032,-1.0832877735983608,-0.5707216372488623,0.05544393412432585,0.11653565361283129
Apul,OG_08815,296.022702329705,0.3823056570420317,0.3113004119149052,0.15183276829043885,0.25657347670069097
Apul,OG_08816,1225.3842955134455,0.19531712651938363,0.1490685671493887,0.48974823428360137,0.6133416428521158
Apul,OG_08820,142.61706096746883,-0.03518312137045786,-0.0269953480173757,0.8826239980363447,0.9263257549215362
Apul,OG_08817,171.8595011790971,-0.22605237364579228,-0.19639264218967317,0.2623908414783639,0.38936415855267276
Apul,OG_08818,119.40209199952888,0.7260454326683717,0.5715546566233742,0.029834453252082806,0.07120626388936757
Apul,OG_08819,233.04237712472886,-0.26058656923318413,-0.21966048993819262,0.2458212845184361,0.37091206869189064
Apul,OG_08801,511.23021557919344,-0.2708280611504623,-0.2405428006850218,0.14870174942449085,0.2527032933585816
Apul,OG_08802,104.70826176353164,0.9209136861388993,0.5305126899198231,0.07811394724978878,0.15255652206007048
Apul,OG_08803,63.949708471962296,0.29796203394975296,0.17090740627915124,0.4940227393854024,0.6169721112698319
Apul,OG_08804,55.25321626059571,0.8917049206548633,0.4935540391708831,0.08637092378025493,0.16535172393345196
Apul,OG_08805,189.26695281040003,-0.06308967104522867,-0.05483733953721907,0.78219286212265,0.8546023310020521
Apul,OG_08806,144.11029257127478,1.154717795045944,0.9738886172395205,0.0011436909203154082,0.004892154188085406
Apul,OG_08807,212.3283143692673,0.34205420194504993,0.2877027826686994,0.1464535221513511,0.2502504091792179
Apul,OG_08808,290.9101682418498,0.8655847793786958,0.7205441698896151,0.0052610104703871,0.01737038865305034
Apul,OG_08809,122.18410138466734,0.5424476116410517,0.4129889678754132,0.09367113411498744,0.175745446590687
Apul,OG_08810,116.07924233449258,0.36461912986255235,0.30053888542537516,0.14627241199692517,0.24998831292196252
Apul,OG_08813,265.3785562948336,0.6021917599947878,0.5334197701151727,0.0072309352567244715,0.022600118963564838
Apul,OG_08814,220.83540361779555,-0.3478617951394956,-0.2991784812469983,0.11181483876558887,0.20225063357847
Apul,OG_08821,725.1732856395707,-0.4641549132238146,-0.40243012398653594,0.03762502112679605,0.08528527287589742
Apul,OG_08822,176.20394304079682,-0.15738518268582533,-0.12485943445673232,0.5534262648772255,0.6710002888314263
Apul,OG_08824,211.04938221320873,1.0615716843082021,0.948573513965455,1.6138654950036973e-4,9.529944445611224e-4
Apul,OG_08825,59.96983522776022,0.895197519713567,0.7323163425608602,0.00817057627326935,0.024927211722681232
Apul,OG_08826,290.88999580501326,0.21248800889329542,0.1870233385192444,0.2729344372990148,0.39984562487818304
Apul,OG_08827,797.8673355258468,-1.2596084619374646,-1.2160382693404979,2.3311386342372082e-11,1.7846517868968726e-9
Apul,OG_08828,142.66215524554883,-0.12023443457700224,-0.10132021334996164,0.5836436838043343,0.6961477610869684
Apul,OG_08829,439.1896806344794,-1.0870336228446345,-1.0400851241942621,7.1030836482105115e-09,2.372166861330155e-7
Apul,OG_08830,2225.8510843538784,0.1743033796230386,0.15869033563708232,0.2890873768928898,0.41613998682043224
Apul,OG_08831,354.4417563997835,0.9744511677001609,0.891428047389516,5.97941343736052e-5,4.2221120567486145e-4
Apul,OG_08835,56.760159140761914,0.9312774272984335,0.529137584261705,0.06859049783083633,0.1378690412261817
Apul,OG_08833,150.88407582993824,-0.05989399163540499,-0.051509438836465485,0.7643269949828795,0.841313018495958
Apul,OG_08834,1013.2463829478471,0.014119367701981803,0.012852268063080527,0.9466275286134698,0.9673002527053397
Apul,OG_08836,265.5167934365754,1.0782300556222215,1.0022128971401383,2.626171863916364e-6,3.161574325358325e-5
Apul,OG_08837,475.5594575685541,-0.3713231319272062,-0.32698777681301994,0.08057606343525534,0.15647564500695543
Apul,OG_08838,651.542708421765,-0.19028384257043282,-0.17790074965716612,0.13465436261673525,0.2346169302708825
Apul,OG_08843,136.48805315535827,0.8009307220454382,0.6842677383696468,0.005168618109664984,0.017134349078988663
Apul,OG_08844,117.10587882912041,-0.47653573434732027,-0.34620790798793544,0.16547140367034158,0.27331762843669244
Apul,OG_08840,3048.550781155908,0.8013344273501996,0.6659888167344945,0.007262981762693115,0.022637506586313107
Apul,OG_08841,90.6618743897371,-1.1890034495797313,-0.9523263012827986,0.0030634774884237327,0.011067057897883332
Apul,OG_08842,345.5620706881325,-1.3900867380211956,-1.1153497473866998,0.001703148557262322,0.006807309636894662
Apul,OG_08845,432.61505329025715,-0.6240954443210963,-0.5771828545985429,6.675410785910051e-4,0.0031431947288016156
Apul,OG_08846,3110.7839249555996,-0.08822316386998098,-0.08169813911564448,0.5744340256820585,0.6887435826096878
Apul,OG_08850,834.0873667888229,1.1772733573355194,1.0062664404335928,6.655605452719718e-4,0.003138786316274775
Apul,OG_08851,130.04606142140975,0.5278100716560513,0.44678801935685514,0.036150743316192425,0.08264991188694398
Apul,OG_08853,670.3625270570967,0.908726374562794,0.8606456668323218,1.1114765318742074e-6,1.561087833007746e-5
Apul,OG_08852,1051.9777029213872,0.5430019330171065,0.4495962240980126,0.033030386441164725,0.076999740056872365
Apul,OG_08854,300.7657493297671,-0.16610353244951825,-0.13395352073245698,0.517949227245194,0.6390733691940221
Apul,OG_08855,284.69854122753014,-0.4743849798312889,-0.39852159165131074,0.057696817926883054,0.12040088110314845
Apul,OG_08856,435.25608137657446,0.7215442450891608,0.5877494779362964,0.015903227737508532,0.043010510225743655
Apul,OG_08858,21.595519969088635,0.47322221102403605,0.15089916728753255,0.5047502658899956,0.6270781410209548
Apul,OG_08860,334.2733135486508,-0.6302487216812528,-0.5786423804807692,7.364131257252416e-4,0.003398278994198825
Apul,OG_08861,1291.744591452619,-2.0341453096313176,-1.9282148315621228,4.059253897732483e-10,1.978502291667773e-8
Apul,OG_08859,10009.509848654634,-1.6266453370240146,-1.5852179210814903,6.298427144741787e-17,2.184342983236027e-14
Apul,OG_08862,357.7519739674293,-0.13322181905801095,-0.11847621810093317,0.46095846524215306,0.5896527849465873
Apul,OG_08863,104.30500101593103,0.7620359778227072,0.6067980059933139,0.01867711186717745,0.048914178828445856
Apul,OG_08864,787.4180640179565,0.5341586029340718,0.5005290919218269,8.631614802684536e-4,0.0038722025211844007
Apul,OG_08865,887.713066117266,0.9658650819702596,0.9099839858752683,2.236879873335992e-6,2.7782294514973335e-5
Apul,OG_08866,499.14526656264013,0.07201498032591519,0.05947902018038056,0.7882254126120072,0.8592152497004919
Apul,OG_08867,116.38095529646075,-1.0724835118084108,-0.9694660532373193,8.002856365065247e-5,5.354468533933505e-4
Apul,OG_08869,810.1612612343378,-1.2788343441740861,-1.1834925384482944,2.1680483320720805e-7,4.240627290736215e-6
Apul,OG_08870,295.7837491324533,-0.2247480847279394,-0.18862801865294312,0.30662854264388245,0.4355497115658299
Apul,OG_08871,127.04321253639114,-0.17409636228194447,-0.11615446052839147,0.6184256252319624,0.7269383213031685
Apul,OG_08872,823.7003677903701,-0.36900505060192795,-0.3447133164844062,0.01510352841279421,0.041256745137281246
Apul,OG_08873,83.42201653178743,0.6451323943905999,0.2194148808614572,0.3305916936081343,0.4605198982333612
Apul,OG_08874,489.5306078771008,-0.5102209508516209,-0.44202207678202154,0.027585891494954776,0.0669741474448054
Apul,OG_08875,480.76040090714486,-0.26496169964038757,-0.22641111950989679,0.19266081497198906,0.3077453620199159
Apul,OG_08876,789.2797094736331,0.2893496114555852,0.26194817532272663,0.07787581618818816,0.1521903412589711
Apul,OG_08877,450.74225199671827,0.10696418967949829,0.09366364659099728,0.5679944112904041,0.6834274895390411
Apul,OG_08881,58.56137291430741,-0.8325579426051598,-0.7075753997478286,0.004177614617406269,0.014290421473881763
Apul,OG_08878,1681.9464483018303,0.5804331830708775,0.48364634041245397,0.034543433864549014,0.07983093854106522
Apul,OG_08879,749.1145437507238,-1.0303940710789026,-1.0042312593540017,8.588907298430177e-14,1.3587048615779809e-11
Apul,OG_08880,705.2262355900497,0.20175977307621196,0.18059723763475113,0.24222706293837729,0.36671615623158965
Apul,OG_08882,1023.3473613181828,0.32243214376013696,0.2774607223860578,0.13887114044957236,0.23983931688063473
Apul,OG_08883,932.5295284503093,0.6062785291780908,0.49779020633638366,0.03049871404043663,0.07250379765426235
Apul,OG_08884,98.67534533353282,0.4874263705634954,0.3584326029195213,0.15448916626388393,0.25994193174126545
Apul,OG_08885,103.9478897354393,-0.20200063235453092,-0.16261057659858505,0.43579212998405864,0.5665423350729898
Apul,OG_08886,1844.6672204040747,0.27107614202052766,0.2047562081458162,0.3575498347033099,0.49019718101258103
Apul,OG_08888,724.327735062087,-0.030777905169297546,-0.02704554365990165,0.8645559097266248,0.9145589673867874
Apul,OG_08889,270.2068874331192,0.15785595684411857,0.13444784330283052,0.46190602247963763,0.5903623819559025
Apul,OG_08890,398.37780740066836,0.14784653230459555,0.13620280594298312,0.3919950342979257,0.5245020365431661
Apul,OG_08891,808.693322717507,-1.614903232953245,-1.4604155717668668,5.0729975743372735e-6,5.413398713349017e-5
Apul,OG_08892,327.22419265503504,0.5253664951536237,0.49128171021616573,0.0011300370969588983,0.004859105628649683
Apul,OG_08893,357.03755561427266,-0.016229088313378746,-0.014783778556864158,0.9476814650568282,0.9678608868974312
Apul,OG_08894,68.87110532658929,0.9690447333195509,0.5512485125372476,0.07370216869199685,0.14557994635174928
Apul,OG_08895,641.8372157799173,0.24239398637140788,0.21552636387129392,0.19648317511375782,0.3120818724679856
Apul,OG_08896,1224.2950787486093,0.6097854375507242,0.550366205783779,0.0028937007534987082,0.010572325645987785
Apul,OG_08897,414.2329387994597,0.029028836694131942,0.025845263332467002,0.8801333680418142,0.9251763324356539
Apul,OG_08898,9885.828623872856,0.7589107789698288,0.6777120158094204,0.0014365008147893777,0.005938985716164979
Apul,OG_08899,686.987549105551,-0.8298430368272077,-0.7795419413400652,6.935261379823783e-6,7.058154837682963e-5
Apul,OG_08900,321.3345285163574,-0.6049691594256501,-0.5655046867347793,3.736487983411988e-4,0.0019475093726257742
Apul,OG_08901,482.00013168057495,-0.6012234458356333,-0.5546451082174604,0.0011361796267879308,0.004875427344794709
Apul,OG_08910,219.8470869469126,-0.68194657635029,-0.5975740447889859,0.00528517073413172,0.017417143177655935
Apul,OG_08911,356.0847000536204,0.17105720059718454,0.1546208903312651,0.39351258760289853,0.5258303204527766
Apul,OG_08912,1075.2721737967818,-0.05494481691366995,-0.05506155772732306,0.6709635484598229,0.7702346851666266
Apul,OG_08902,233.68084604842502,1.2290984317247273,0.9665962998722615,0.0039347062340390785,0.013614445937195078
Apul,OG_08903,625.144408753297,-0.004409417916773877,4.895758931987183e-4,0.9926022429978385,0.9951405854026585
Apul,OG_08904,82.91664559328142,0.7599608789858899,0.47563524194133205,0.09289721434470528,0.17469326000963661
Apul,OG_08905,653.4467658529252,0.48114445232564873,0.4247315414830877,0.024932077634383362,0.0618296325712967
Apul,OG_08906,623.9068037786567,0.2550879742122166,0.19279813388941286,0.3976055696078223,0.5299644377167382
Apul,OG_08907,106.10807844236547,-0.1988705832008099,-0.11544462960730834,0.6433070166997334,0.7472239301277208
Apul,OG_08908,4005.708043470923,-0.5916743418823684,-0.5664975532848842,1.2327905770284669e-5,1.137776113926887e-4
Apul,OG_08909,7712.984127475778,0.5790774812612898,0.5426302421975596,4.793982289248445e-4,0.002395833748238031
Apul,OG_08915,121.76899857466955,-0.021267969328793136,-0.01490923796202172,0.9495910788028445,0.9692622546485454
Apul,OG_08916,86.27637218017477,-0.4651683163034914,-0.3125627010207428,0.20919628196111092,0.3272025801289397
Apul,OG_08913,196.4748229450535,-0.3090493171727316,-0.2719614996570095,0.11929556564995436,0.213134161970604
Apul,OG_08914,679.8686518209888,-0.6319672963444936,-0.536518285482281,0.02566981651899299,0.06339762682874824
Apul,OG_08917,511.99704354958374,0.5411661068416319,0.5025984699558225,0.0011694859457993389,0.004985936063013068
Apul,OG_08918,169.06660607976048,-1.8385157280212672,-1.6890172960021312,5.440867979743181e-7,8.68324010147686e-6
Apul,OG_08919,233.1512803947725,1.2756262909075622,1.124716642920301,1.4265854915506166e-4,8.547190283928179e-4
Apul,OG_08920,182.77628783493333,-0.3716897297424352,-0.3091877101588931,0.13929985018840454,0.24039555007633376
Apul,OG_08921,757.9304523127619,0.004233242362049894,0.003996956329539259,0.9842044451566653,0.9894716782225054
Apul,OG_08922,424.35184183690933,-0.2338958639387344,-0.21454940344466195,0.15213296028083215,0.2567920072729808
Apul,OG_08925,10.035057889307286,0.2513492366084712,0.01817578670909427,0.8496415628042979,0.9029738912125906
Apul,OG_08926,69.89499434693833,-0.9531888946504637,-0.33003038335594553,0.16536617896147116,0.27319656205488924
Apul,OG_08924,317.1385513385235,0.45448068019949267,0.3902045510730474,0.04759160642250688,0.1032812310738254
Apul,OG_08927,146.15515873359064,-0.36953730428271403,-0.2576122671482373,0.2892904763506377,0.4162994295010693
Apul,OG_08928,1352.1638583621723,-0.6833987324950525,-0.36816508936274106,0.179403248722725,0.2910541730357703
Apul,OG_08929,302.9926345475758,-0.6982623946354374,-0.640519456644742,6.029745022096386e-4,0.0028915236913851314
Apul,OG_08935,277.60332079191215,0.012475081887518285,0.0080674690136676,0.9664347677068043,0.9796899719406693
Apul,OG_08930,563.703390677686,0.998128714549341,0.8605986823144937,0.0010401385247998357,0.0045243266175205585
Apul,OG_08931,189.66132331925252,-0.02187403557848139,-0.015698252134226914,0.9252817124596183,0.9535160229998146
Apul,OG_08932,834.6534214199548,-0.05515406740128892,-0.04750195564988536,0.7775040679534253,0.8509229494763971
Apul,OG_08933,997.6913646510151,-1.8638114000636492,-1.7508852541121174,9.835097074878614e-9,3.1336773966141506e-7
Apul,OG_08934,262.4016034191646,0.3307846587120019,0.24137014195054723,0.299319344297044,0.42718621834859855
Apul,OG_08938,183.81457475369368,-0.006635643547472213,-0.005541808905854959,0.9805432495357147,0.9878836291691105
Apul,OG_08939,133.7474715225821,0.8881038372850258,0.7434799995821753,0.004774896156782844,0.016041445098998103
Apul,OG_08940,154.37267199877195,0.1905367400513783,0.13805592571594447,0.5638451916639534,0.6794368089835576
Apul,OG_08936,672.2251653395926,0.37616109151763705,0.3356608043059882,0.05161939891099625,0.11000995508873863
Apul,OG_08937,470.6039381684298,-0.9279500666508671,-0.7162962259152604,0.013096724373117905,0.03655003518180258
Apul,OG_08941,794.9858621937474,0.08867202361318548,0.06421751356038514,0.7889461680261071,0.859399195163019
Apul,OG_08942,640.4959360372579,1.9178817708754419,1.7714722023153964,4.017687734880441e-7,6.846155002148941e-6
Apul,OG_08943,590.7699814875274,-0.7861708665537939,-0.7072786192490883,9.110794088776269e-4,0.004048892572621765
Apul,OG_08944,72.16791697842511,2.2180552942566165,1.9724685873291001,4.6990615061232504e-6,5.0866071549475814e-5
Apul,OG_08946,137.57073230352162,1.3490118247515255,1.1251579927652937,7.830195039787776e-4,0.0035695080219295436
Apul,OG_08945,4252.082015247955,-0.38126601266991494,-0.34239470531395066,0.04554062041162916,0.09965144393772858
Apul,OG_08947,136.7779798607131,-0.18748896650661454,-0.1623786086953396,0.35700107208499665,0.4898917466124509
Apul,OG_08949,1986.0992651843947,0.6957144407734288,0.6682635710683194,3.596280722505812e-6,4.063616951733697e-5
Apul,OG_08950,229.7273923331803,-0.3412236363003284,-0.27454395338456816,0.20274221997445493,0.31910047085174725
Apul,OG_08951,289.139440423613,0.17629462358541564,0.1414233434695027,0.48089580306062535,0.6068062491180602
Apul,OG_08953,15.898742851133651,2.2335191061694766,0.5657665308209624,0.019035645836447315,0.0496800053566557
Apul,OG_08952,652.0288318539958,-0.25689779472112567,-0.16197150411986747,0.511224924154417,0.6330287202829413
Apul,OG_08955,642.5052475826077,-0.5323776342361933,-0.49786268567642694,9.705591824888882e-4,0.004279477823228511
Apul,OG_08956,483.11304311138,0.9097297214419195,0.7600281849082479,0.004648180102620213,0.015685868257981458
Apul,OG_08957,345.71829922909274,1.0022454606476927,0.9385051247628209,2.9970349829292992e-6,3.5279718591479756e-5
Apul,OG_08958,128.30702952318217,1.0437760482734209,0.949099337169179,6.73242479022799e-5,4.641947968453133e-4
Apul,OG_08959,691.1833946538898,-0.8761524313094321,-0.6294002735419646,0.0281762699572553,0.06824212361121973
Apul,OG_08960,238.94466615629943,-0.10561274586968143,-0.08108977766221029,0.6997138961729257,0.7933670462819281
Apul,OG_08961,291.46580230812305,-0.5606314531068934,-0.5263354739585766,4.8650387080339543e-4,0.002423649393941556
Apul,OG_08962,401.6523552661321,-0.7407001129118415,-0.6524875891911319,0.0028305246705425335,0.010392036219170205
Apul,OG_08963,475.54436366055916,-0.6270431723710851,-0.5912378747301903,7.419812666423822e-5,5.039310383628049e-4
Apul,OG_08965,340.1961181721103,-0.16116765958843868,-0.13558037760431912,0.46342443883487666,0.5917997684427252
Apul,OG_08964,899.6638345639833,0.41906499236254247,0.373606830214999,0.031748656640460574,0.07466813691367578
Apul,OG_08966,37.99467824724769,-0.1320434698849465,-0.05798727170249917,0.8063217586098425,0.8714615003457928
Apul,OG_08976,350.2072263128539,0.4669308584401481,0.42529861861078627,0.010145137160425772,0.029585608594941522
Apul,OG_08967,695.5000005048602,-2.1652494669235596,-1.987261742279013,2.401230086411614e-7,4.5582929871944255e-6
Apul,OG_08968,433.9536955612044,0.3894751209669638,0.3629987431281124,0.012506359371215641,0.035174623346928086
Apul,OG_08969,9342.969384085787,0.18334288794226958,0.168125130209049,0.2456618967148828,0.37085774697440116
Apul,OG_08970,1254.109003632327,-0.06917889955253918,-0.05892899506410473,0.7390487228214412,0.8236478533048079
Apul,OG_08971,370.8877679098422,0.6523662803811068,0.5879137105872394,0.0025620936268516163,0.009562250924387842
Apul,OG_08972,387.84232381250064,0.34851462150659024,0.33179433128999775,0.009688510657529235,0.028607056945164924
Apul,OG_08973,252.01113841908668,-0.46676360211580314,-0.4039956670018066,0.03584876306573333,0.0822004445914054
Apul,OG_08974,32.30384270834794,-0.23756754977862213,-0.08290406129513865,0.7112608167799379,0.8017800706219154
Apul,OG_08975,589.6380392785838,-2.414834031001474,-2.1844415940604383,9.087365855073073e-7,1.3152612827478956e-5
Apul,OG_08977,251.50301299169638,0.0943781356657635,0.07704357309665408,0.6968633132049995,0.7910885679427774
Apul,OG_08978,278.23087438244823,0.6480687336690483,0.5750017721259912,0.002931411246501849,0.01066688265121355
Apul,OG_09003,67.45597759842535,1.138541549597567,0.7852658204817446,0.020451459783804183,0.052673754033294
Apul,OG_09007,92.4296649979352,-1.4468352698396738,-1.168400207698673,0.001813360814462655,0.007149573442942615
Apul,OG_09008,649.3630959912932,-0.2893692274763499,-0.24048481923805917,0.2206339696123748,0.34048545336210567
Apul,OG_09009,518.8043131750159,0.04699635756664368,0.030592353834521246,0.8947786578260928,0.9340301105626937
Apul,OG_09011,53.26657659479506,0.5272535666987649,0.3001747032139377,0.2710934351450112,0.39786869808778647
Apul,OG_09010,2238.880887411885,-1.5601884322467123,-1.4654125358424348,7.960716214092684e-8,1.7900692793634346e-6
Apul,OG_09012,121.03485645820376,-0.04830281883463214,-0.03597200001131073,0.865185697747462,0.9150104898649852
Apul,OG_08979,297.4414074154638,0.6687657177538713,0.6218533955498082,4.6636222335867493e-4,0.0023414188017957527
Apul,OG_08980,703.6142996894672,0.36537013238898025,0.29682648405852147,0.18758571633190202,0.30107874762633685
Apul,OG_08982,1001.05832470924,1.5696615779509873,1.477057013559482,1.9104529312958663e-8,5.486163720221282e-7
Apul,OG_08983,963.7437755240793,0.9130815362401007,0.8030971232289168,6.27054825661621e-4,0.0029837220912880403
Apul,OG_08984,7227.568052486813,-1.404963632108738,-1.1521558508439,7.903244094406815e-4,0.0035973524482214156
Apul,OG_08985,200.42856056996013,0.8633445419604808,0.8168985116786345,1.7883775795031926e-6,2.3269553584964338e-5
Apul,OG_08986,231.13011751617108,0.5271152881536955,0.3569706496437803,0.1663239630855106,0.2743767243216335
Apul,OG_08987,127.22332575631535,0.4709250591605069,0.37619044291803444,0.09610630264903236,0.17924988230578368
Apul,OG_08988,1522.9440906773489,-0.6852413828239662,-0.6446289636537655,1.0074107261032135e-4,6.437861458024576e-4
Apul,OG_08989,152.54096233118486,0.3424138631485626,0.25474620935696346,0.27790704899029184,0.40430588266303025
Apul,OG_08990,4609.608773769638,-0.13850300961708154,-0.14078068894688128,0.28507477857810704,0.4121403364500227
Apul,OG_08991,640.6221397088365,-0.16978540134356393,-0.1511401583453378,0.3474135450252417,0.4797587920859188
Apul,OG_08992,168.75817045445146,0.007382502639165394,0.004885935717470713,0.9823259974895269,0.9887713672759746
Apul,OG_08993,855.4605475749865,-0.23185042895924254,-0.2015438968637343,0.21433342081307957,0.3329275547754588
Apul,OG_08994,616.2217401131603,0.6217243854654976,0.5082008080253325,0.028958064514876633,0.06953791417593677
Apul,OG_08995,210.7945828757062,-0.6588431843560448,-0.6083675013765318,5.570280897543626e-4,0.002704750826771722
Apul,OG_08996,1193.1192852558152,0.11245085884161173,0.09032088361034409,0.6770564647837864,0.7750435626450936
Apul,OG_08997,195.39269022126877,0.1835316282188306,0.15427881582053743,0.3981585282391644,0.5303907007753463
Apul,OG_08998,52.70308633892351,0.5348910552084754,0.36597481328090586,0.16300355280277415,0.2703728932995577
Apul,OG_08999,309.86617535428945,0.5705402506090984,0.5058480929926092,0.005624413036239858,0.01832201313142153
Apul,OG_09000,120.76675283045147,-0.6067421186996055,-0.47878326377719754,0.049422072071103655,0.10605397997742542
Apul,OG_09001,389.36279810107203,0.2092871899728899,0.17581221938696548,0.36713953387285986,0.499245540179698
Apul,OG_09002,193.22042760448215,0.18265919785008924,0.1649473575371226,0.2718955807521212,0.39884211023944643
Apul,OG_09020,319.3360470344385,-1.2404522520842824,-1.031570262465554,0.001206377490668066,0.0051166066948983785
Apul,OG_09019,576.8935599919578,0.7923562440607146,0.7183727401683764,5.290804714902119e-4,0.0025970161194486885
Apul,OG_09013,49.25724360881327,-0.42731614088004233,-0.20341699888927686,0.41340795627175847,0.5456234692187422
Apul,OG_09014,272.7482839032181,-0.23832338347179854,-0.18988469368198366,0.3604275817004271,0.49286859329583727
Apul,OG_09015,512.7847894508277,-0.5973591044684488,-0.5145446298563253,0.011675627049522125,0.03320049982214474
Apul,OG_09017,207.06086282873326,0.0920893523598843,0.07544313961386952,0.7080701693531863,0.7994196580808801
Apul,OG_09022,19.10572945982959,0.1794991846402562,0.09722083762612937,0.6951424870654429,0.7897259641938595
Apul,OG_09021,858.296304051784,-1.2061787453770678,-1.082833479654085,6.118512365006292e-5,4.3068404367885814e-4
Apul,OG_09023,66.4226273984435,-0.3131640319054903,-0.23761419060543945,0.2921986095668758,0.41948015641848735
Apul,OG_09024,1579.7116561139705,0.42244093255634846,0.35918324817946135,0.07435098883805782,0.14658493833109826
Apul,OG_09025,225.7262646442632,0.11111663248316454,0.09995674867876073,0.4781686691575688,0.6042106067536152
Apul,OG_09026,622.2188965839212,-2.933325127581826,-2.8111912747051453,3.181591827880853e-13,4.2188843400002426e-11
Apul,OG_09028,220.74417386762084,0.24803257756710562,0.20272169298313172,0.3079074970031611,0.4366098286644919
Apul,OG_09029,555.5730682540341,0.5796611343510173,0.49164524409782745,0.022548552389986872,0.05720886238056039
Apul,OG_09030,937.2739222682656,-0.1516385364381427,-0.14750011488026196,0.20745768800695988,0.3249906137523901
Apul,OG_09033,82.1332788218714,1.5513619706356387,1.3089057790827052,4.2984925757400726e-4,0.0021873311261539634
Apul,OG_09032,801.2577387114412,0.3314615760882382,0.31323637630826595,0.01673849649235836,0.044822262325689144
Apul,OG_09034,743.0271166894469,-0.3755615007109405,-0.34446092617776525,0.025930561710600375,0.06393652582567229
Apul,OG_09035,135.97030712742156,-0.5560658564581429,-0.44084022421173624,0.05629105544757427,0.11795873738572557
Apul,OG_09036,166.17613961339356,-2.0504596385292464,-1.8785047700703883,2.108698158356773e-7,4.142512264466889e-6
Apul,OG_09041,552.7215593936303,-0.6443712320392425,-0.5998016076173555,2.820910311651572e-4,0.0015406510163635508
Apul,OG_09040,2842.0435243309903,0.03611116198984505,0.033581897109036925,0.8062191822741409,0.8714550906935902
Apul,OG_09042,600.0571343784762,-0.06087916700392533,-0.05209777093141305,0.8391663549981115,0.8953689531437666
Apul,OG_09043,381.4619793899533,-0.08204266316690845,-0.06914061669802113,0.7202116383176966,0.809138841603622
Apul,OG_09037,122.43247582105428,-0.3018310761175694,-0.25268403333824513,0.20897848874588756,0.3269753657854708
Apul,OG_09038,256.23412568423157,-0.16081317645370113,-0.14103677190610905,0.40741459146292935,0.5396088970653987
Apul,OG_09039,178.70084202815187,0.4197783905357704,0.3039449988895189,0.20854413429451618,0.3264203360986501
Apul,OG_09044,66.81675846523498,0.6955596337767816,0.4902531456950496,0.07346738657567708,0.1453038310664354
Apul,OG_09045,70.10795402571476,-0.4221621937998734,-0.29145653223062323,0.23242881706951932,0.3554189418571021
Apul,OG_09046,289.90942563880816,-0.7863219020182898,-0.6845432101750211,0.0029311555576566565,0.01066688265121355
Apul,OG_09047,248.24619992737377,-0.9785726115768486,-0.9011082231198838,3.3672293826786305e-5,2.6084456480767365e-4
Apul,OG_09050,19.9845675297417,-1.0147358292594648,-0.24577883475645992,0.2404759710076183,0.36468996684731897
Apul,OG_09048,103.56585450085427,-0.30702170339032425,-0.2638692994873973,0.15498432972287918,0.2604834484829826
Apul,OG_09052,1079.6355530060634,-0.8573168265834434,-0.8244573533773505,1.905503520353381e-8,5.486163720221282e-7
Apul,OG_09053,738.6757274485724,0.18467824920545808,0.1711557607208448,0.21171619588867113,0.329942090965805
Apul,OG_09054,544.9298018117934,-1.4748085693267379,-1.366492870653372,9.92461299489171e-7,1.4182287698088518e-5
Apul,OG_09059,860.4564067991271,-0.38516262719608724,-0.34993810953321713,0.02629913889216931,0.06458042902796586
Apul,OG_09055,26.88293399685228,-0.7880807896523031,-0.4046385895280091,0.14286497176565885,0.2452805503448107
Apul,OG_09056,400.0247207950763,0.65482602434935,0.6056521824178753,3.634057651609654e-4,0.0018985108832308374
Apul,OG_09057,466.21725399543794,1.535662931611471,1.4931253013577228,7.473347403612546e-15,1.643589598496935e-12
Apul,OG_09058,495.2220668042576,0.1236605706523836,0.11175339791144037,0.5020175053272924,0.6241615226368841
Apul,OG_09060,7.796559963929129,-0.5943748968428804,-0.03679897561166536,0.6889390045579488,0.7842369495580074
Apul,OG_09061,472.3777253786849,0.2566335602387317,0.22788059063392915,0.17839939115993958,0.2898878356846975
Apul,OG_09062,615.9734384831801,0.40423028913926423,0.3660215646460272,0.026238641529752013,0.06447653658316986
Apul,OG_09063,83.2952422567183,1.0026573750389616,0.8365069895397117,0.0032364874923877817,0.011557785235192328
Apul,OG_09064,17.22478438703595,1.468882878124707,0.8652929398340576,0.019649760764168432,0.05103165115509987
Apul,OG_09065,85.31414615326891,-2.1994194477514535,-2.0309614142191488,8.92697053272036e-8,1.987518352926901e-6
Apul,OG_09066,1252.6436472132768,1.3773322699139756,1.3291525641130706,5.551721715652156e-13,6.548370318748734e-11
Apul,OG_09071,417.1439221276436,0.5277695814100778,0.4569871808859821,0.017718721696730402,0.04692208914520353
Apul,OG_09072,51.060097415173075,0.4575040974054717,0.20211172110431005,0.408743027566624,0.5407481850190086
Apul,OG_09073,75.92896464393479,1.1660928774949915,0.9319875343697014,0.002911136730707521,0.01061452482846329
Apul,OG_09074,357.5860229450079,0.8448617699826946,0.7747372813302158,1.5119349657274377e-4,8.986893596548652e-4
Apul,OG_09067,297.6557135590573,0.26712088220746116,0.23423727092195726,0.17842713630365653,0.2898878356846975
Apul,OG_09068,40.85170461573044,-0.2707930295280223,-0.19822207498343966,0.3872938945365997,0.5195996201512452
Apul,OG_09069,79.39242163107284,-0.8982861927514254,-0.7945081176867828,9.011916164985009e-4,0.004010880950625362
Apul,OG_09070,45.06551536077606,0.7313874677457133,0.31776851438643466,0.21905917743257275,0.3385767231589833
Apul,OG_09075,30956.789075024175,-0.2968710698710862,-0.25294327657838656,0.1765720757416317,0.2875425129648432
Apul,OG_09076,293.9624022566444,0.49235905536420577,0.4268784058756073,0.032514054760915574,0.07605168139537632
Apul,OG_09077,67.86957478075401,0.4850459660035632,0.33716033393149253,0.1825811169960317,0.29467226274444563
Apul,OG_09078,193.9610851741684,0.45541169846782525,0.4074335226863755,0.02169934688398928,0.05542861497250179
Apul,OG_09079,305.05306518882907,-0.14809216791639335,-0.1355625490545362,0.320276223459945,0.44983344344833703
Apul,OG_09080,170.773270115155,0.5699494569492508,0.4629203557890877,0.04810851121350227,0.10406393444484884
Apul,OG_09081,202.37206342692727,-0.1388897950951457,-0.09113079794948782,0.6974398178340673,0.7916433581835077
Apul,OG_09082,138.37164900954713,0.4125698418896304,0.30642899053179284,0.1956678089105757,0.31144512496851917
Apul,OG_09083,1137.2102839868123,0.11659946029941876,0.09867530351518818,0.5965281190614,0.706912084318129
Apul,OG_09084,759.2343379198958,-1.1172158769989817,-0.9841058727822709,2.855653750720692e-4,0.0015558567897431105
Apul,OG_09085,382.35344053329334,-0.12169261665787573,-0.11121142555334819,0.3740263706111104,0.5061677598379682
Apul,OG_09086,673.9169174586644,0.6874141160546915,0.5954258653487692,0.007385958114412546,0.022941503381900766
Apul,OG_09088,315.29843183215166,0.05759485252790987,0.051425299686253985,0.7408135624686645,0.8245894272148127
Apul,OG_09089,263.60270200093555,0.17786108868930905,0.13627037123884359,0.48838114371736474,0.612309896120617
Apul,OG_09091,91.3872114954982,-0.48409653603330177,-0.3528266370303249,0.15416179178466305,0.2594879366291407
Apul,OG_09087,266.9892355049129,-0.025910069537931547,-0.020953496626948058,0.8996741815570176,0.9365277824434396
Apul,OG_09093,1503.4525590172436,0.42309155776987367,0.30720355694802076,0.18685679645755543,0.3002829680373868
Apul,OG_09094,3835.7957387520355,0.8821512799433898,0.7839739592343004,7.626777695707582e-4,0.0034908961666088967
Apul,OG_09095,51.2916366639525,0.14479771138682151,0.07944783970934176,0.7520771193844543,0.8332079353101886
Apul,OG_09096,251.45599420341486,-0.13132753529457813,-0.1191310027360017,0.4321350150011633,0.5631723706631098
Apul,OG_09098,23.984834131460467,-0.21439197520413203,-0.09220996127052491,0.7031836606045752,0.7960580273738408
Apul,OG_09099,930.9233772919406,-0.3148029130929237,-0.27592065445451563,0.11701827346543574,0.20977212163774037
Apul,OG_09104,99.05687228357293,-0.25650125839275106,-0.19698109441901376,0.35893483818753064,0.49164749140771136
Apul,OG_09100,511.46042948401134,0.07413820351151959,0.06661033273942597,0.6537865416113842,0.7562838923925264
Apul,OG_09101,785.0652709019271,0.016831687433246995,0.015274351088885757,0.9221830975233394,0.9519547785195137
Apul,OG_09102,236.4779889042398,0.46139383858398114,0.37514236975556653,0.08703613230763532,0.16651916083555013
Apul,OG_09103,165.1997437340886,0.21377375979809726,0.1708509757463625,0.41716245213519254,0.5491319461172308
Apul,OG_09106,330.4602851897585,0.5598260336357018,0.3831861709146994,0.12912966305364668,0.22745891223964293
Apul,OG_09107,1284.4846374837161,0.14277554493492675,0.13409470561641804,0.2791844816915687,0.4056407462798703
Apul,OG_09109,117.37168468896769,0.34215041829386456,0.27351547233931855,0.18919174255151525,0.3030630560644898
Apul,OG_09110,57.79489934440428,1.1600948144603522,0.42150089997764434,0.0857268536526684,0.16446788072044913
Apul,OG_09113,1295.2237696646457,-0.02893289480489759,-0.023726294680405383,0.8638294078847297,0.9138976617266934
Apul,OG_09114,1449.34371233398,-0.015184511168558195,-0.014824008589996433,0.9356409015368563,0.9601313314166192
Apul,OG_09115,1302.8505218810271,-1.4438164417036174,-1.3577071162244814,4.61865433953921e-8,1.1587484358097705e-6
Apul,OG_09116,832.2793115077741,-0.6894837684608125,-0.5962614942765239,0.00658287202147536,0.0208932618858301
Apul,OG_09117,449.02836313684804,0.5427835041992028,0.47437273409606595,0.016947499930850745,0.04530554606477354
Apul,OG_09118,109.57461724468446,0.26625129898824745,0.2313701852357498,0.20016467089779014,0.3162026694963864
Apul,OG_09119,29.48011188377398,-0.3745284909654445,-0.2246651651477095,0.3772520981012943,0.5092338575717621
Apul,OG_09120,1707.2513820101565,-1.3225835199143259,-0.9274063335688985,0.008446344118155502,0.025547191320115157
Apul,OG_09123,104.74019891361354,0.050087198097168335,0.03454873465163763,0.8824889750482994,0.9263257549215362
Apul,OG_09122,390.0537388329832,-0.5355224430431871,-0.45065639069644314,0.0368483661859843,0.0838198077444552
Apul,OG_09125,44.75498313045091,-1.7136723301477697,-1.490624736675052,1.0099778903036123e-4,6.449695918461524e-4
Apul,OG_09126,24.907990551439756,1.036142892796452,0.5353222284396949,0.08444858716231088,0.1623592667692185
Apul,OG_09128,322.57957740538853,-0.3800077670339831,-0.27319605520327855,0.2468610457891896,0.3714863234114023
Apul,OG_09129,451.67036637675693,0.5000544720105404,0.4137403480702196,0.058008582501477585,0.12093951177244472
Apul,OG_09130,62.9502597403407,-0.44226272509676917,-0.08899584568981295,0.5869533125799139,0.6986517810921457
Apul,OG_09134,1496.8693862654006,0.15636787106620872,0.13851512168829244,0.3697742337350687,0.5021467267453485
Apul,OG_09136,435.7721811430545,-0.18907747683447113,-0.16926501034737257,0.289071071752942,0.41613998682043224
Apul,OG_09137,356.39054936985667,1.2805983673501777,1.1873164978588169,1.9808279387432207e-6,2.5191996507260396e-5
Apul,OG_09138,489.8017073736145,0.7890250886622131,0.7289498292602554,4.183393382273437e-5,3.1226538185397004e-4
Apul,OG_09139,10610.517944232988,0.784107929365094,0.715632774218539,3.2985282990547496e-4,0.0017588899865509568
Apul,OG_09140,337.75058585784706,0.182784353120699,0.13530263177595248,0.5418458237594582,0.6603356930448757
Apul,OG_09142,410.47818263940496,-0.27697921014839305,-0.21598522757079427,0.3169600969244524,0.4460095496204412
Apul,OG_09143,549.842305121434,2.690967113587313,2.6289805606888326,1.042296055083346e-19,1.1747979410858163e-16
Apul,OG_09145,504.3772182046213,1.3415245175302595,1.2506206950385372,4.585725767391313e-7,7.601009052310196e-6
Apul,OG_09146,319.88867994288745,-1.5037921795856282,-1.0542204236747403,0.003462614644640709,0.012239277244502262
Apul,OG_09147,569.0638780839826,-0.1362917308785637,-0.12222677774840456,0.45985805799141605,0.588746288358455
Apul,OG_09149,67.70575427866505,-0.09803414181147706,-0.053733822127563426,0.8281997630540718,0.8875537513024204
Apul,OG_09150,9.790413318104275,-2.943428014984714,-0.3700992168588857,0.009715135356724497,0.02864662377749666
Apul,OG_09153,1083.9802732682188,-0.10115668343287385,-0.08265272322442549,0.6349620813977425,0.7399138133837482
Apul,OG_09155,359.1951503449738,-0.29401377113858473,-0.23477350317280588,0.27202814229278854,0.39890677493154564
Apul,OG_09156,57.0007485250954,0.15791322488766485,0.0873604994791294,0.7287696101374278,0.8154455964440143
Apul,OG_09157,334.08602116402267,0.9358835910363982,0.7879119817737651,0.002932805494344188,0.010667651126462906
Apul,OG_09158,632.9246916766067,-0.38307028835189305,-0.35303212192178646,0.02272030355971004,0.05749901128203913
Apul,OG_09159,195.59782277923495,0.7785054075160517,0.6259391247954701,0.01753168124071914,0.046533180269721836
Apul,OG_09160,1022.6288468099247,-0.27424316552106087,-0.24272180506430485,0.16000415483366628,0.26665205567100353
Apul,OG_09161,153.75246224592053,-0.6218892908634416,-0.5683473309388601,0.001660551808975303,0.006688988190496563
Apul,OG_09163,915.2302145873267,-0.019960736826778954,-0.01742244027301392,0.9107328734843164,0.9439317622689332
Apul,OG_09164,535.6641603473174,-2.5105067191416097,-2.091650412455849,4.5369887318348e-5,3.3532809340126553e-4
Apul,OG_09167,221.6757743236832,0.8440063268787329,0.7353727168011137,0.0024579535099369266,0.009236527157153437
Apul,OG_09165,907.7106403893662,-0.872292810647101,-0.7728847488211941,8.791131818285325e-4,0.003933976953125497
Apul,OG_09166,316.23185414169245,-0.07431015588170442,-0.06767716512845534,0.6366434436684685,0.741489787078091
Apul,OG_09168,180.17902464533273,-0.3669160859471303,-0.28985557861634437,0.18946037934132973,0.3033317188424663
Apul,OG_09174,47.875107751795746,2.01367555417807,1.4373560445606821,0.002850751138787386,0.010451329847219493
Apul,OG_09169,99.54777291990541,-0.1517882692037595,-0.11996759273572812,0.5617792234351939,0.6778486896447402
Apul,OG_09170,376.527550024565,1.1678923455856132,1.0849760828117292,2.417102160394281e-6,2.9492571285893413e-5
Apul,OG_09171,244.77090271415105,0.30758455851349,0.27932349071356627,0.10303521605276693,0.18914261871901455
Apul,OG_09172,244.0817611208816,-0.00854400645610407,-0.009864998929584968,0.9616665656109866,0.9768330992581126
Apul,OG_09182,48.45554285765942,1.0129463201296454,0.7072052669551959,0.026216312173453712,0.06447653658316986
Apul,OG_09180,409.43691939508955,0.45994526675809955,0.3917429392279825,0.04552096977852344,0.09965102803907401
Apul,OG_09183,77.48087966224402,0.2733218654725285,0.2068817722153514,0.35328302612957607,0.48619551993443033
Apul,OG_09185,19.40979626255804,0.3525170142482749,0.14043183780690793,0.5665486401443666,0.6818413106150722
Apul,OG_09186,64.61218628292264,-0.742234224931717,-0.5896358191672767,0.022803143429656867,0.05766010776926976
Apul,OG_09175,789.176789381299,-0.3220281097875272,-0.30778969729097266,0.007122091859907319,0.022328475581816807
Apul,OG_09176,303.1706084477642,-0.3439332100392549,-0.2804781473349695,0.19768349744699967,0.3131609445677435
Apul,OG_09177,186.5740953115124,0.46965887566632203,0.31078489768005835,0.21413695777815311,0.3327370236576954
Apul,OG_09178,143.68973736852496,-1.3232531040003768,-0.7827595196509475,0.02487497931648378,0.06170702116441729
Apul,OG_09179,288.2640332887189,0.5043137466190674,0.3847293132067523,0.10017823447890498,0.18468761813459134
Apul,OG_09187,226.09822070650415,-0.1546485966155145,-0.12744129139020405,0.5214582775918758,0.6419094638205979
Apul,OG_09188,411.58581260463916,-2.1032894735495584,-2.011578976429259,1.1519539493387675e-11,9.799215812441194e-10
Apul,OG_09189,47.99688196371738,0.8560163891784041,0.4200193908860566,0.14006520596530242,0.2413929591340084
Apul,OG_09190,45.172816282364,-1.4607202688522793,-1.1546683536647109,0.0017814796688150538,0.007057821693192153
Apul,OG_09191,29.941076501837575,-0.8870058209053038,-0.6491234565164369,0.02739376173742808,0.06661809685542737
Apul,OG_09192,652.4844090704071,-0.5631376944587992,-0.46413351642266587,0.03610639270325229,0.08259039650056466
Apul,OG_09193,127.56021905999212,0.4380565518315684,0.31204392012520055,0.19605161391081852,0.31183509965583467
Apul,OG_09194,439.6011151785554,0.20137787959045933,0.19313375905937513,0.10982057412072867,0.19948672780955085
Apul,OG_09195,405.13489829484945,0.6116879737308036,0.5090203498138104,0.025771754668161926,0.0636089109922
Apul,OG_09196,405.26347503975364,0.5939800073749079,0.5451505124363848,0.001496535518708264,0.0061449274918909
Apul,OG_09198,348.9252207648127,1.081715166367611,0.9218449366580362,0.0011831851522212278,0.005034818554779996
Apul,OG_09199,479.72218754654176,0.33004164158436344,0.27298593207919847,0.18597888642469607,0.2991387118964475
Apul,OG_09200,287.94001508657135,0.6892985628930168,0.5455138706802715,0.02941759327127639,0.07039767476833843
Apul,OG_09201,27.828836027658912,0.38184144805521786,0.2402564747526056,0.34134368622711947,0.4728677244906954
Apul,OG_09202,407.61586796982385,0.9627798312026172,0.9032646796839349,2.2462015084939013e-6,2.785969601387828e-5
Apul,OG_09206,10.031100338594225,-0.7747881956607215,-0.09837969868147667,0.47787229056564395,0.6040997200614354
Apul,OG_09204,254.4029574635134,-1.1670577895703778,-1.0414205242868377,1.404715709336851e-4,8.44421436739359e-4
Apul,OG_09205,347.5976564774372,0.3555963933289768,0.3359078801465068,0.011983462352958767,0.03392617897539378
Apul,OG_09208,31.60979569312024,-0.8442036607890547,-0.3467710481967532,0.17226974967121975,0.2814051327509762
Apul,OG_09207,662.1238498283213,0.41539537213400635,0.3728574370857771,0.0282957915874518,0.06842133353286481
Apul,OG_09213,2390.7893473095146,-3.1969351966928357,-2.9420757675944196,1.2574553161834805e-8,3.7794915286754815e-7
Apul,OG_09214,561.4169950389899,-0.6488442124442769,-0.5960916810167436,8.180186547040219e-4,0.0036991345082578566
Apul,OG_09215,22.97307281935576,-1.9426862038718677,-0.6914241357759215,0.016018808352086415,0.04323897142993484
Apul,OG_09216,2638.5158858660166,-0.5826103188984249,-0.5584631398934551,1.2316841687037213e-5,1.137776113926887e-4
Apul,OG_09217,706.7546937031999,-1.1365196534772113,-1.0701653441733745,3.695516934252577e-7,6.482972022598343e-6
Apul,OG_09209,340.7476847261327,-0.14065796108155257,-0.12320023390236746,0.540212355320209,0.6589968178121872
Apul,OG_09210,6730.465796628794,0.3975841082704812,0.29834530799393427,0.17017577494639333,0.27889403175056865
Apul,OG_09211,587.5117415769103,0.9059537884057197,0.8701210810820771,2.9400582318212115e-7,5.388314039904851e-6
Apul,OG_09212,256.03012279519317,-0.6050596716185573,-0.49678635171308727,0.029927166944617188,0.07139082270040031
Apul,OG_09218,187.95935231528244,-0.29319634529471733,-0.26098429772539716,0.13847899784065182,0.2392078780707198
Apul,OG_09222,46.78857899237711,0.06363622715451536,0.026845102980115745,0.9108645546576747,0.943945028082778
Apul,OG_09219,198.18552839548607,0.10194463499455199,0.071775114329494,0.7580252817316354,0.8371235719992843
Apul,OG_09223,17.610576048619347,0.21307331584178651,0.02778126797112633,0.8283450492635267,0.8876039583136329
Apul,OG_09224,151.39810052456,1.3594707374205361,1.3123248993638061,9.143374387188402e-12,8.244580684927782e-10
Apul,OG_09225,419.8866916959578,0.5109773095220433,0.4779274016770464,0.0010103693309707626,0.004422572940467654
Apul,OG_09226,1373.9822137474878,-1.3325229719248066,-1.2232833770989753,3.83554595916186e-6,4.290957557538771e-5
Apul,OG_09228,72.62317425648527,-0.11137548055520874,-0.08889409835794579,0.6618477366188628,0.7630572503183122
Apul,OG_09229,469.1492865078961,-0.09638727282781825,-0.08333944429130845,0.6268096886458694,0.7340185665610136
Apul,OG_09230,165.0967305450089,-0.34311714552521927,-0.2596110487172887,0.24767648046948662,0.3723405842603136
Apul,OG_09231,1283.8971094884241,-0.3305455917987074,-0.28366021723986007,0.13018450612692684,0.2287361051727395
Apul,OG_09232,352.24323169490924,-0.34388723786107167,-0.3086892473755218,0.06534616478410471,0.13264888965742283
Apul,OG_09233,46.32852643675265,0.274790734609369,0.10728925788647789,0.726673942980957,0.8138639850775419
Apul,OG_09234,288.0170877659652,-0.30291656714905996,-0.25119807195091043,0.20279424037428684,0.31912664318585415
Apul,OG_09238,476.37615492311653,0.9133132269487656,0.86495498644421,1.1080557366728637e-6,1.560885194018037e-5
Apul,OG_09235,446.22854719874067,0.2743187265816968,0.22038791398810242,0.29930914215918125,0.42718621834859855
Apul,OG_09236,855.3327997282455,0.09247372266708502,0.08518606110338896,0.5461411220641046,0.6646210585841125
Apul,OG_09237,299.2957308709723,0.2631158328403463,0.1922949608940298,0.38941602352310845,0.5221359530271924
Apul,OG_09240,52.73506233251235,-0.40715882657944213,-0.21383375122106552,0.4164716163943745,0.5488607638222431
Apul,OG_09241,268.320563031452,0.48309427531590776,0.29670552493535834,0.2272864831779175,0.34907889947458387
Apul,OG_09242,667.5294822665073,-0.5405398873151308,-0.5066899891662897,4.538878143657662e-4,0.002288985694706999
Apul,OG_09243,736.0992561796129,0.7685512769423738,0.6893007830766952,0.0010113307390309152,0.004424633320641321
Apul,OG_09244,46.75986095673177,1.5543300490538363,1.25002371819112,0.0014867442834646867,0.00611307487642548
Apul,OG_09245,116.28738498674508,0.022350204542097796,0.016456378964677238,0.9433990311609414,0.9653460011051049
Apul,OG_09246,114.57381786519679,1.1743522517310085,0.9404004214975906,0.0032481571967771,0.011581112472652871
Apul,OG_09247,9203.898991479404,-0.3868805603780841,-0.3296239292319502,0.09214202707826091,0.17363524726534557
Apul,OG_09248,987.3734314239884,-0.2865457289695379,-0.26541574398244533,0.05869320277852185,0.12194391922901648
Apul,OG_09253,144.5007595170913,1.0189972767759907,0.7781953924280037,0.010244110577748778,0.029835641175568712
Apul,OG_09249,427.1668682612897,0.8653584666063626,0.8103481197334812,8.216819575088607e-6,8.106243119099998e-5
Apul,OG_09250,424.10288900290107,-1.8311844405825262,-1.6394197451184378,8.483534095696479e-6,8.311348526203867e-5
Apul,OG_09251,284.9758714791463,-0.10664071837147863,-0.09161151708071323,0.5997043933918713,0.7097433410177849
Apul,OG_09252,347.33153963491566,1.3733214339154909,1.2048485294259403,8.407505192490945e-5,5.557952662807247e-4
Apul,OG_09254,226.68759465198883,0.45092293689523694,0.3840903192397629,0.05560023289064734,0.11680971574440054
Apul,OG_09255,432.31804555948656,-0.1499940341389969,-0.13167210993843323,0.4161208617718082,0.5485616682158471
Apul,OG_09256,684.640146176336,0.15788507024050674,0.13863884877078372,0.4176766266846202,0.5495680932168715
Apul,OG_09257,7797.555030006188,-0.38521134302730403,-0.3096476546414777,0.1469011604133727,0.25077769092150354
Apul,OG_09258,957.3860166735361,-1.891831717550709,-1.7777331920899342,1.551016744055339e-8,4.5854157315236044e-7
Apul,OG_09259,2230.3775833423438,0.15839330039673455,0.1493120321162512,0.15480974594054006,0.2603355984979205
Apul,OG_09263,761.7730972761889,-0.02270256460657294,-0.02775393369360601,0.9069010459977405,0.9413522196111
Apul,OG_09264,41.82843977079877,0.4193681616171598,0.3057034927152263,0.20629229395078702,0.3236710656958842
Apul,OG_09265,226.38410707164007,0.4592747464960147,0.4052442699422297,0.03142610928308484,0.07409951715164047
Apul,OG_09266,320.59485125535826,0.2654838663719186,0.2080924243067418,0.34285000814320576,0.4745170412014254
Apul,OG_09268,188.7800131056523,-0.47014322000495545,-0.39264755850219285,0.06368677457061515,0.1300372362747388
Apul,OG_09267,327.891349337332,-1.1775730486336895,-1.0024399280841245,7.937364590062004e-4,0.0036074201869248533
Apul,OG_09269,754.8450133987446,0.7007754704050885,0.524468419659044,0.0443633180878139,0.09749550065752327
Apul,OG_09272,41.84489373861139,-0.8860302485656005,-0.4883358650344147,0.09763809746035051,0.18141412009066157
Apul,OG_09270,64.97540295513537,0.9653688705745893,0.5402880467596037,0.06897703937031557,0.13836840133529155
Apul,OG_09271,180.4508660207994,-0.060714033836628004,-0.05419791934546982,0.7386490479863245,0.8234914027809951
Apul,OG_09273,30.359546516701023,-0.16589197620502408,-0.024245763267650294,0.8666036318909187,0.9158655589264433
Apul,OG_09274,10.41723228417262,1.7695523988700734,0.20997029505975687,0.10536619069492224,0.19271540395458697
Apul,OG_09276,243.78585663007726,-0.5258585760318449,-0.39351423540415364,0.11096848723685249,0.20100499184706686
Apul,OG_09275,171.16453006582336,-0.037732086525196704,-0.0337816835113589,0.8293584631795509,0.8882676401579773
Apul,OG_09277,95.13388171967674,1.1700367101883802,0.937100228865244,0.004440309447117662,0.015051981310022543
Apul,OG_09278,1830.508158683458,-0.1514237380644654,-0.13655132410926493,0.31030376262899323,0.43898481563889963
Apul,OG_09279,24.56888594861449,1.3528596450653518,0.4327213327293341,0.07657740397853108,0.15001451373869074
Apul,OG_09280,556.5030519436131,-0.20020964462093807,-0.171969853863483,0.30822020299013925,0.4368471503241254
Apul,OG_09281,496.11429178682573,0.38762851710903495,0.34162327878167403,0.05804250495498006,0.12097426004909068
Apul,OG_09282,771.2829134703077,0.15527590293228968,0.1336898163787909,0.4386861420975497,0.5685014290447837
Apul,OG_09287,50.00309917263737,0.8523052913675602,0.507212015892417,0.08612104010932757,0.16495728495925954
Apul,OG_09288,59.85838570599625,-0.017642071633250406,-0.009738390815702883,0.9700246255355408,0.9812331218817558
Apul,OG_09289,234.73330316982373,0.572220129783535,0.44372059770025785,0.0670333842186722,0.1353826691875894
Apul,OG_09283,350.99348241795934,-0.910979721363352,-0.6772789435931322,0.02145443825086358,0.05487685975994895
Apul,OG_09284,228.51909494862107,-0.0565805563841065,-0.04602482554737084,0.8021104710855398,0.8689135818940023
Apul,OG_09285,214.57201467443846,0.4068069698974681,0.3142762678886685,0.1653414513321214,0.27319656205488924
Apul,OG_09286,9856.709731119527,-0.1897963318671909,-0.17409824438230198,0.38124812160988636,0.5133981948262165
Apul,OG_09291,15.928125079492768,-1.5387712259091328,-0.9421466450682934,0.013873314010903396,0.03839646176682503
Apul,OG_09290,411.65475116982225,-0.06528433851992611,-0.05785764614826213,0.7038105043727909,0.7963433519507656
Apul,OG_09292,239.896767316043,-0.5131738818360233,-0.48770804950594204,3.39382108912431e-4,0.001801182151891342
Apul,OG_09293,1672.052741337787,-1.125212660277086,-1.0812225759284502,2.64888788123659e-10,1.3967849137491422e-8
Apul,OG_09301,472.0903064291929,-0.09187471294932519,-0.07401332755510723,0.7191995299637606,0.8082031607282191
Apul,OG_09302,67.18699793512867,-1.66168970824114,-0.9381743958340715,0.012312345875387187,0.034726438147752975
Apul,OG_09294,167.60632304808416,0.17281850809548194,0.12754435048203835,0.5746602351527177,0.6887825788079297
Apul,OG_09295,478.100130160793,-0.5144843464888365,-0.40938788352190547,0.06955454508079904,0.13918627008290388
Apul,OG_09296,373.29830707653434,-0.15976152624901582,-0.13063361274698415,0.4894988785160564,0.6131955580785913
Apul,OG_09297,512.0503699629619,-0.20204461779239236,-0.17587739463206808,0.32337043174903246,0.4533319625436918
Apul,OG_09298,180.91070748545278,-0.3790175425713239,-0.33596619225568636,0.058855877959805736,0.1221974330102621
Apul,OG_09299,10876.77725584081,-0.34083379925004426,-0.24845318843105332,0.27501422731578734,0.4021085437616266
Apul,OG_09300,207.88887020992144,0.17405336813094316,0.15043584228606408,0.3998329047269879,0.5322251700506716
Apul,OG_09303,328.14328204046615,0.028091293812673848,0.025263955159705042,0.8649310411612259,0.914848468991293
Apul,OG_09304,228.0291161024892,0.5667078721958446,0.44176993101867507,0.06268521029706094,0.12843275193106077
Apul,OG_09305,120.8036463953759,-0.2509339673279472,-0.21497699891394698,0.24494829366368168,0.37009027546337425
Apul,OG_09306,187.12500704368625,1.070935624082707,0.7707921720250888,0.014608564080350774,0.04012349141410994
Apul,OG_09310,161.18206847898142,1.3657707459818298,1.1535578194088554,7.13706953855037e-4,0.0033155567248381603
Apul,OG_09307,1257.664617850386,-0.4321719207194315,-0.3526777535506665,0.08720674463137028,0.16669608262033303
Apul,OG_09308,514.6820010661156,0.2968320248292781,0.2119098158205759,0.35659307544605306,0.4897045021774384
Apul,OG_09309,1880.3951848038014,1.6170329579444922,1.5203614795468912,1.826379973076614e-8,5.295327401039173e-7
Apul,OG_09311,173.60178208764012,-0.26635257607991447,-0.23215475448508888,0.19882680138070047,0.3146404471831829
Apul,OG_09312,487.41681539246656,-0.005421248190935316,-0.004488065700572561,0.977232369128634,0.9863018086979859
Apul,OG_09313,73.91919188371952,-0.13629773043902477,-0.08775035530156318,0.70485998777245,0.7972919466774897
Apul,OG_09314,120.6272876833008,-0.44623750480302,-0.3907627221068407,0.03551014133609057,0.08155755079661962
Apul,OG_09315,144.30507202851882,0.34677453838995925,0.261441032853099,0.26635997122251304,0.39353636799162844
Apul,OG_09316,313.22685988107116,1.3506726931931485,1.2657695304453036,2.557430933727264e-7,4.814270298417274e-6
Apul,OG_09318,120.69975724638952,-0.20817100288816817,-0.16229852731333816,0.42462111567165556,0.5561895119133234
Apul,OG_09319,31.158069534984065,1.279298465104144,0.4176938897063652,0.08186912068998223,0.15841499168703213
Apul,OG_09322,272.5443777452041,0.3133082380664967,0.2754157653933055,0.12560355730407974,0.22237723860414038
Apul,OG_09321,661.0187520478466,1.1885183266469999,1.0984045303854457,5.651707430678129e-6,5.925749523537755e-5
Apul,OG_09323,887.5370658940747,-0.08939899781801354,-0.07650590804746886,0.6325368204226819,0.7381369884497635
Apul,OG_09324,332.19020549921345,-0.2098224628255015,-0.1513892874904971,0.49553004451557214,0.6183496279265034
Apul,OG_09325,203.09247996062416,0.18839603473419775,0.16339414930042706,0.365889533061119,0.49814674914874074
Apul,OG_09326,1425.5177285835912,-0.6324470587032636,-0.6028724187048945,2.1357411570587814e-5,1.773294476353502e-4
Apul,OG_09327,1595.3026074862669,0.25657589396538005,0.21414983469294946,0.2070227337641134,0.324534768837102
Apul,OG_09328,278.72275815799094,0.17754086680192935,0.1575278384320444,0.32363145701982365,0.4535568616642446
Apul,OG_09329,312.27621480678533,-0.39380189998408777,-0.29628358805613014,0.19966358731736447,0.3156322873142839
Apul,OG_09330,156.9186446148086,-0.12328700721016456,-0.09365833366058246,0.6947887801711805,0.7895287247389459
Apul,OG_09331,491.48412363802254,0.20283315320421313,0.18094021770490037,0.3138346390525243,0.4425785017730077
Apul,OG_09332,289.26195642735723,0.5639860692295151,0.5138818875463694,0.0039771944222361764,0.013740368622721686
Apul,OG_09333,143.1026904452261,-0.0915375652970231,-0.08130293422913837,0.6281154987252866,0.735070402596484
Apul,OG_09334,573.7424712788319,1.6771864689568978,1.5531895515283691,2.0186907198565737e-7,4.000556971636643e-6
Apul,OG_09335,479.5157671909925,-0.5458238370092907,-0.5081521880802343,0.001102541625101674,0.00474993685310167
Apul,OG_09336,289.0782784657012,0.6937255554448939,0.49889752128245735,0.06424431030446724,0.13085079472898983
Apul,OG_09337,194.4671248852385,-0.34406677476057623,-0.25240194375660097,0.27681888497704654,0.40343880488734907
Apul,OG_09344,304.81592907422197,0.698935442108976,0.5653080359254452,0.023853873051265406,0.059699281898275815
Apul,OG_09338,435.0463805209115,0.9695914896196346,0.8842299759935602,2.2490918764613504e-4,0.0012746738812100564
Apul,OG_09339,85.61582021611503,0.3124443728787782,0.27239458704751374,0.13386494695075285,0.23362174847606076
Apul,OG_09341,728.4463603659325,0.026150737882796107,0.019796036258046282,0.8770377861747399,0.9232037250684176
Apul,OG_09342,315.0462431179028,-0.7374343752919323,-0.6846272240081779,6.327372462485477e-4,0.00300441903603115
Apul,OG_09343,83.32299268719328,1.6982804814486354,1.5316480500171188,1.079394457740866e-5,1.0191518141831821e-4
Apul,OG_09345,1636.1145612415257,1.4770369504995857,1.3522674802997157,2.3923944032445328e-6,2.93100819756195e-5
Apul,OG_09346,428.0101719169944,-0.2530989592111149,-0.23195056400321046,0.13673680129119437,0.23706128383824257
Apul,OG_09348,328.05617956599394,0.33108453904633267,0.28515243156758363,0.13360211355561272,0.23328769569338192
Apul,OG_09347,567.9721561000928,0.7932491173545984,0.6274665823823035,0.01731421614963987,0.04608095838881426
Apul,OG_09349,84.59090709339279,1.4405465747928274,1.0205167728210356,0.005470404864654712,0.01792392466009867
Apul,OG_09350,14.804266671335963,1.123014802562449,0.1624742753937342,0.2735591960574195,0.400500612250325
Apul,OG_09351,184.37404210789393,0.037854292179284904,0.022337273249016052,0.9301257430029826,0.9570330454520182
Apul,OG_09352,81.60817195132998,-0.8755510276644727,-0.7520672956676802,0.0026569443365700197,0.009851014425514748
Apul,OG_09353,276.37434527841776,0.25302991073774744,0.17942606687127524,0.4238373780667132,0.5556472285588184
Apul,OG_09354,53.935781775901624,0.7235750338960926,0.3409884717594328,0.1932489118726638,0.308575427369543
Apul,OG_09355,59.65395517986017,0.19100843554267913,0.11754180702357006,0.632090301899748,0.7379979609258096
Apul,OG_09356,735.3966749424692,-0.4942990370299411,-0.44794171331934574,0.011679270870116795,0.03320049982214474
Apul,OG_09357,125.23185204502033,0.24611898784710165,0.16447568569418558,0.5016813464256829,0.6241615226368841
Apul,OG_09358,9585.155545101949,-0.5442370959297348,-0.43808730638050797,0.0532820663972384,0.11267457615007002
Apul,OG_09359,245.5860370973009,-0.28247626505603346,-0.1946931468603574,0.4008209703027664,0.5331468784806085
Apul,OG_09361,71.02175722726557,0.7442031974797985,0.5730005136975015,0.03414261820681055,0.07910174418571704
Apul,OG_09363,143.48683693656932,-0.2209841570775881,-0.19376852721440255,0.25954331500211025,0.38599737281445295
Apul,OG_09364,223.75217896516642,-0.5235443779322747,-0.4619999672174461,0.015055817970900909,0.041163829788845814
Apul,OG_09362,494.1618975941551,-0.02934984911168963,-0.027446358597752026,0.8591546331754243,0.9104474470963451
Apul,OG_09365,577.574092246143,-0.33980331305384526,-0.2859565935291179,0.13981214922684532,0.2410028961151719
Apul,OG_09366,812.8572634587922,0.25107439988062596,0.2359644445810995,0.11915984886923862,0.2129760866707482
Apul,OG_09367,84.24776199901916,-0.38752540607860925,-0.21525462192363054,0.4016994915573105,0.5341578403439418
Apul,OG_09368,67.35114921457637,0.7980071003880734,0.3215415621373256,0.19733344840013867,0.31304639412808766
Apul,OG_09369,304.7049169451608,0.9555324860801626,0.8776077042122539,4.1748836429862486e-5,3.1188836627014916e-4
Apul,OG_09372,1527.0237069682778,-0.629128728177353,-0.5922919707033586,1.1556587104057235e-4,7.196529414177078e-4
Apul,OG_09373,191.08303357714425,0.2966710482999911,0.2488883197322625,0.20045221438235594,0.31649056506491047
Apul,OG_09374,655.8839041890104,-1.7168732809911027,-1.49464431198887,5.2092655441550985e-5,3.752065057027548e-4
Apul,OG_09375,1937.8872381095655,-1.8417041786970805,-1.6624488925758623,4.317655280434389e-6,4.7421347053219224e-5
Apul,OG_09371,28.349838447808004,-0.530400438667046,-0.2776977460932789,0.3052877181198814,0.43398697056392416
Apul,OG_09377,122.90361351840681,-0.30205829958084696,-0.22362125190019783,0.32859491050554,0.45880153422552716
Apul,OG_09378,35.7815411668764,-0.24400860651245881,-0.128683793012698,0.598573120494986,0.7088696910301141
Apul,OG_09379,708.5322687004792,0.7175719202467343,0.6041913208177355,0.01137753821887019,0.03256865464112778
Apul,OG_09380,234.70643126244917,-1.4133061024077762,-0.94376569553946,0.006801999546998176,0.021455647851405663
Apul,OG_09381,13.942415719203817,-0.17359067875616171,-0.0773853768001554,0.7467483007547936,0.8293967825727898
Apul,OG_09383,50.22156593384099,0.8466788007867204,0.33832124036664085,0.1975511385913967,0.31312631422058723
Apul,OG_09384,586.2978384339551,-2.2096370170264046,-2.131337688602539,1.0714029274506491e-13,1.611909404076075e-11
Apul,OG_09387,172.5802011712213,-0.16986150307342593,-0.11898484068878525,0.61875174785468,0.7271901988803114
Apul,OG_09385,6.429468948878561,3.0460293209643847,1.6025826693018534,0.006986947135126226,0.021944027278799433
Apul,OG_09386,128.8046664542253,0.25173665449535254,0.20674041239846871,0.3173851070233279,0.44646825429475
Apul,OG_09388,80.77413878832242,0.4311712647649685,0.19202745114157416,0.42900936783429955,0.5600662327728216
Apul,OG_09393,639.3954799882868,0.12661768767276324,0.11718328521726247,0.41494553020719516,0.5474124134423232
Apul,OG_09389,140.64779272202873,-0.19049669555413687,-0.16379788345571566,0.33463390636995,0.46535995276647735
Apul,OG_09390,12097.867669036441,-0.9771372261792923,-0.844778721840701,0.0010674021115928067,0.004621334313020165
Apul,OG_09391,2100.6024846873747,-1.5993722869552773,-1.4444885732421637,7.781414165740366e-6,7.74360047282772e-5
Apul,OG_09392,133.54910317002546,-0.2648104655136737,-0.20743254296733143,0.3365788231624448,0.46755989037987444
Apul,OG_09394,376.7646050364918,0.0029984559215149153,0.012729264970610261,0.9863025751441978,0.9911390081439019
Apul,OG_09395,480.3099028197747,-0.304450635263868,-0.26137023170322005,0.13922064655457644,0.2403508653996967
Apul,OG_09396,200.1380961965445,0.5652590310647806,0.3614649463272612,0.15411079654417853,0.2594638391772002
Apul,OG_09397,1828.503665976797,-1.5168008957738928,-1.365561955360234,1.0915477457508258e-5,1.0273993761414611e-4
Apul,OG_09398,1674.0634225391452,0.12160168176050275,0.1157685862940245,0.30800875675161826,0.4366847420800852
Apul,OG_09399,182.75260659371452,0.4905697701195698,0.4459743546514583,0.011573593614262604,0.03298327864089946
Apul,OG_09400,2386.0280576739588,1.2294996970000096,1.1419134339397925,2.486137471766719e-6,3.0090606151571144e-5
Apul,OG_09401,136.18168361861592,0.389736113201492,0.28455120549459645,0.27188676185230326,0.39884211023944643
Apul,OG_09402,103.93184047070017,-0.1195894861815792,-0.09963689520349145,0.596679442830156,0.7069984935610402
Apul,OG_09403,2785.6931473121194,-0.11285951427680026,-0.09854357056676132,0.5556566501495428,0.6728922930967536
Apul,OG_09404,858.1761174109208,-0.14455503452811216,-0.12290130267389054,0.47324253604653926,0.6000039296304337
Apul,OG_09405,260.2183906835829,-0.2632360765997441,-0.19483774383040725,0.374481512561524,0.5066103167556621
Apul,OG_09406,133.71142066319308,0.45974497373374423,0.3643063711693061,0.11364031229152112,0.20477511909125617
Apul,OG_09407,50.31805731794751,1.2844375717050305,0.9099312817686166,0.012047710493364458,0.034097365197321816
Apul,OG_09408,128.26912856081623,0.2612761679561813,0.2112674770156563,0.31326530162739297,0.4420521478519879
Apul,OG_09409,968.8103702291112,0.19012801171900445,0.16616017934997793,0.24913996806294253,0.37416640440099147
Apul,OG_09410,252.62498217560398,-0.09767476081493699,-0.089669274347337,0.5131981826879908,0.6349489590144913
Apul,OG_09411,206.81689649734594,-0.19906967898859876,-0.14333020023557266,0.5387839200338417,0.6578489650568924
Apul,OG_09412,2096.1733453156776,-1.9601324946343621,-1.8448579486296077,5.44362116977207e-9,1.89321717860104e-7
Apul,OG_09413,321.1867453986542,-0.10846322752037575,-0.09584108573384295,0.5534434206372263,0.6710002888314263
Apul,OG_09414,880.2783373002867,-0.005970201737706743,-0.0028960602030888775,0.9709027357006415,0.9817909574759093
Apul,OG_09415,244.66841997835564,0.47063280840387733,0.4062000545565572,0.03807320018166904,0.08612795936731305
Apul,OG_09416,156.60347521979065,1.1498556441887708,1.038333267511041,6.29384822601254e-5,4.4110606519600693e-4
Apul,OG_09417,70.11609928877047,1.0631549350399923,0.9736454393711709,3.1813980290211075e-5,2.485846276229058e-4
Apul,OG_09418,322.26839399558185,-0.14016101300814718,-0.10780913743971468,0.5664971175358569,0.6818413106150722
Apul,OG_09419,415.74729194267303,-0.3509565772903686,-0.3224597653944559,0.033300522400187285,0.07742929615329776
Apul,OG_09420,612.9260554873492,0.9388873247045093,0.8590718327855826,8.549762177348525e-5,5.627592313259662e-4
Apul,OG_09421,118.67190485313638,0.45279236468528933,0.37691561541748947,0.07433017935708759,0.14658493833109826
Apul,OG_09422,41.50687710099703,-1.7781238349694728,-1.4985954616448298,1.303897019525663e-4,7.954063997146474e-4
Apul,OG_09423,417.2009853648892,0.4773393674317456,0.4302036541813983,0.013854613846473733,0.03835647929188015
Apul,OG_09424,320.08869511036295,1.2419361095494545,1.0839645630666943,2.2869900644061718e-4,0.0012929021574138214
Apul,OG_09425,341.45509142127304,0.7033621686468757,0.6341647531912263,0.0016008832459327008,0.006501455291420584
Apul,OG_09427,448.26198312458166,1.7757558275818872,1.6864865128471207,4.213308919124766e-10,2.031626017312728e-8
Apul,OG_09426,2730.376553333682,-1.4306567767921092,-1.276178689508681,3.551375665036422e-5,2.727838970238692e-4
Apul,OG_09428,795.668220646656,-0.39683023807141415,-0.3375348595925315,0.08977320049621237,0.17023868535738107
Apul,OG_09429,212.86530918995908,0.6513167297235265,0.5882217594280851,0.0027651875486785753,0.01018949576070074
Apul,OG_09430,171.0390345175807,0.7301024316202411,0.5954716569996494,0.018381338555030442,0.04831418578717022
Apul,OG_09431,968.5275253562029,-1.1809349050388067,-1.0710993061859635,6.377283564069198e-5,4.437034405649071e-4
Apul,OG_09432,24.050409705061217,-0.14735992836780584,-0.05681524184310155,0.8067205539891104,0.8714746897471914
Apul,OG_09433,116.03670218361933,-0.5453446549823454,-0.4503005774743098,0.040864458298034416,0.09127441676328371
Apul,OG_09434,119.00967928084512,1.4278369327822775,0.7073560153345607,0.030322804330987007,0.0721426719399762
Apul,OG_09436,3314.809272216343,-1.8287188991101568,-1.6833446858315873,4.7106172651303944e-7,7.736909996298864e-6
Apul,OG_09437,684.5123304348078,-0.49969952319304933,-0.4519386977764431,0.009755648826891361,0.028734540182214142
Apul,OG_09438,2189.5454723900234,0.31531979707885616,0.2488601941928168,0.25453079685388114,0.3803619813111445
Apul,OG_09439,35.25671258130853,0.20281047458007226,0.11226070975374419,0.6488340562005075,0.7525773970619986
Apul,OG_09440,1241.1395782180493,-2.2081245854096423,-2.082954446709029,1.3988456534293006e-9,5.866693607893955e-8
Apul,OG_09441,63.84191767838151,0.13724552456922748,0.08319237623968767,0.7253663769571392,0.8129043774574353
Apul,OG_09451,23.29218842457468,-0.07886241943625355,-0.03965497049415814,0.8694999793633305,0.9175012679952694
Apul,OG_09452,164.67320183332163,0.6749160202183959,0.5334497839447352,0.031672517756566904,0.07454740083815291
Apul,OG_09443,13493.188414207698,-0.9041115780950405,-0.7962421995982377,8.71819217069411e-4,0.003907154016061073
Apul,OG_09444,104.16178520728195,-0.4198717940466579,-0.36485360615232365,0.05272600868691786,0.11173452886720055
Apul,OG_09445,6.10675919905295,0.25512695534758967,0.028577150369542805,0.8548411219357227,0.9071108186751744
Apul,OG_09446,433.6839911287034,-0.6482929042799329,-0.5670934189307374,0.009925135560531224,0.029089805979574945
Apul,OG_09447,34.378469815052384,-0.5068532259731593,-0.35381791112969313,0.16344456256870926,0.27086557998199806
Apul,OG_09448,34.53791138357505,0.0897712407383058,0.06215394749873662,0.7850830696191127,0.8569294321214792
Apul,OG_09449,52.78803566861035,0.37060224285522125,0.22625452174250762,0.3603747621648376,0.49286859329583727
Apul,OG_09450,36.83274710996171,-0.246962837378089,-0.14322287382711882,0.5563974046045532,0.673171294414877
Apul,OG_09456,51.71834660617195,-1.059234691844511,-0.6936721476848666,0.027867062652900385,0.06760218023707365
Apul,OG_09457,28.90846767228482,1.1982222740894475,0.549199402525633,0.06190756686241321,0.12724425128752676
Apul,OG_09458,169.7569538137315,0.8716135716735068,0.762144017967499,0.0017462258450723596,0.0069425566336055854
Apul,OG_09455,998.2549100881739,0.4557422199396671,0.3633270859680953,0.10653409305050743,0.19461461006395447
Apul,OG_09460,642.0434836855313,-1.4982050487310092,-1.4109117770684514,2.1977515598086038e-8,6.154386899004404e-7
Apul,OG_09461,395.28769792806315,-0.46431429546818187,-0.43090836551793793,0.0027103539825072682,0.0100119876527112
Apul,OG_09462,497.09547684233365,-0.06043372122013191,-0.046954612924430573,0.8179450667519725,0.8806911421144067
Apul,OG_09465,501.10047494427465,1.2419730246354472,1.148123201542555,3.1548790602595626e-6,3.684915088906797e-5
Apul,OG_09463,2097.9552984484844,-1.4502168031334706,-1.3631562635935184,6.628507680291121e-8,1.5247258610506387e-6
Apul,OG_09464,7.1920633379896755,1.685490011218781,0.18438721603727534,0.14835766155185592,0.25230875786742457
Apul,OG_09466,149.63598551405906,-0.026375566538139227,-0.016566004930893684,0.9433730195763006,0.9653460011051049
Apul,OG_09469,777.860670606802,-0.43434747912046107,-0.39027794364763363,0.036793783178088305,0.08371676581297559
Apul,OG_09470,545.218548682428,-0.20567873941308112,-0.17996909080868934,0.34504983584485494,0.47682978847709684
Apul,OG_09471,1002.3767354043712,-0.32207441086096905,-0.2815405741758883,0.09940989718772446,0.18368423011100643
Apul,OG_09475,34.08912227297682,-0.4334652641731449,-0.25706048295010364,0.31344382215933525,0.44216566714811106
Apul,OG_09472,994.5906111313368,-0.6072952275816569,-0.26528498752308316,0.27256789567999196,0.3994384390291707
Apul,OG_09473,55.6545706193413,-0.5520381594848838,-0.39904560098378594,0.11858457878708874,0.2121160775487362
Apul,OG_09474,57.454660222306075,1.0502861000511048,0.48485038070768893,0.09894848294316393,0.18316996668950436
Apul,OG_09477,351.2022634799137,1.387145309268633,1.2346617864229676,4.992825689032314e-5,3.6248236101452797e-4
Apul,OG_09478,561.3347619132064,-1.948979854073168,-1.8591106678841127,2.8122277804450347e-11,2.092253818058812e-9
Apul,OG_09479,85.08343567018156,0.24204972964713908,0.13826284001584457,0.5713191503947779,0.6861460813944741
Apul,OG_09480,409.75310031529807,-0.6592857370636114,-0.6288745611652528,1.314944342567764e-5,1.2037414352216779e-4
Apul,OG_09481,131.65364582770994,1.100602939158761,1.0033739656795142,3.34063608001259e-5,2.592299099266224e-4
Apul,OG_09482,208.76543877990048,0.4576827901092136,0.36601489667562565,0.10568643769413971,0.19322275115329637
Apul,OG_09483,365.29512006727407,0.07585379936120776,0.06512246768030555,0.7271247428583463,0.8140655334434701
Apul,OG_09488,423.33908541702624,0.19826944369087932,0.1843843824792218,0.17013874655193661,0.2788840352042924
Apul,OG_09489,79.25121273543662,1.8115209977904732,0.8019634693649519,0.014189043166906192,0.03915012308322923
Apul,OG_09490,141.1102349521715,-0.5664173096740894,-0.41845530224098243,0.09755581991171244,0.18129860431655215
Apul,OG_09491,178.3863146753161,0.16691227455120525,0.14504762294037812,0.40811498601324653,0.540219146929161
Apul,OG_09492,287.26581504116814,0.23687619282829092,0.19399270588923165,0.33489197728135933,0.46557523267746176
Apul,OG_09484,316.5715371909643,0.9127382300876382,0.8563879856488235,6.229517691851534e-6,6.419606974562889e-5
Apul,OG_09485,118.00006268636135,0.09081268788253632,0.07081781955074747,0.7472181415550659,0.8295574959864602
Apul,OG_09486,692.177975298077,-0.3115631405802072,-0.2260284751232402,0.3249501916521885,0.45476679858566066
Apul,OG_09487,1195.0279255363016,-1.4234542214190515,-1.297167575623578,4.8897071757596e-6,5.242626587850691e-5
Apul,OG_09493,182.3612893629059,0.6933308171484429,0.6181451666427727,0.003004195135935602,0.010892170301862214
Apul,OG_09494,126.56065544688985,1.4827142979691255,1.3342571408884878,2.0844409421629716e-5,1.7435439680411422e-4
Apul,OG_09498,25.120574608050894,-1.2395880939972985,-0.6951206769774644,0.03737649380483712,0.08491404500836892
Apul,OG_09499,17.217884149385913,0.25091189126862307,0.07158835707947722,0.7087978274049336,0.799512267240278
Apul,OG_09495,176.7566332653078,-1.881055320804632,-0.4123879761041553,0.04231881393757847,0.09382560739492134
Apul,OG_09496,112.97007676184678,0.6193130519614265,0.4247879701077722,0.1133364849832579,0.20443190339948722
Apul,OG_09497,220.97084395337265,-0.7316646741855591,-0.6257695700653608,0.006624501497823009,0.020995827770077354
Apul,OG_09500,951.9807681480648,-0.7144883658861786,-0.5783606460928288,0.020181859105384767,0.05209843216526036
Apul,OG_09501,284.3722149892394,0.6269034690861279,0.498424099386658,0.03259626245137822,0.07622419567533127
Apul,OG_09502,732.8977881794128,-0.05339956954487496,-0.0513876436853429,0.7380507883568187,0.8231715279088142
Apul,OG_09503,141.14802038928843,1.615857624143333,1.4140880341797237,7.94852238732941e-5,5.324801364528179e-4
Apul,OG_09504,1315.674468256396,-0.19680031324140315,-0.19787009817061899,0.05240929763586197,0.11116787503706596
Apul,OG_09505,1400.7094174069302,-0.10680585208660848,-0.10200765790707236,0.3644397100531431,0.4968336822396672
Apul,OG_09507,96.46349603009305,1.4413719763763932,1.1216035622093368,0.0026940695739378503,0.009964079306069563
Apul,OG_09506,2065.2246661092863,0.02045122938076491,0.016845153576352176,0.8445725341649692,0.8998594517978882
Apul,OG_09508,171.26443247341658,0.8734973303616917,0.6873235920961183,0.011407630941298277,0.03261044620083554
Apul,OG_09509,428.9924237090313,-0.24620987563128502,-0.20262317143638792,0.31243255467664144,0.4412222937383361
Apul,OG_09510,1033.247598351419,8.871239338257507e-4,0.0011667326742016454,0.9948139647570969,0.9960898476422104
Apul,OG_09511,629.8649689816194,-0.9733745802688514,-0.9075050517093052,2.884941958242808e-6,3.4318630128595515e-5
Apul,OG_09512,334.74982227266753,0.10698508277594576,0.09812332171288399,0.4932643149990665,0.6162955997835626
Apul,OG_09513,78.46056033190803,0.09429866489333695,0.05845658149986726,0.8013224744918048,0.8683481255248893
Apul,OG_09514,380.39342081754984,0.38822557909934774,0.23301972433959373,0.35073915018402235,0.4831370175999587
Apul,OG_09515,135.40025963377133,0.47068263565290497,0.3946832380308601,0.07496521793024546,0.14755760097730264
Apul,OG_09516,152.99339089729932,0.8488936600643792,0.7367238559323296,0.0023790636304683974,0.008994556291796033
Apul,OG_09517,50.77954124990149,0.4711382442286139,0.3251740792982835,0.19802676294656063,0.31359454188428826
Apul,OG_09524,504.5690387366678,-0.04561376093049983,-0.04042469109342286,0.7997978137710917,0.8676738998304826
Apul,OG_09525,188.81270356072133,-1.1395892235678027,-0.922853581515036,0.003021894849358377,0.01094159804080913
Apul,OG_09518,347.97616490870587,-0.7624453363289473,-0.62897073129814,0.012439029694454453,0.03501802396343921
Apul,OG_09519,300.98239910700664,-0.017058935461458414,-0.011795858843438468,0.9514656470452186,0.9702969621586447
Apul,OG_09520,114.8835512128347,0.40882527868938795,0.352808761875247,0.06746802475591308,0.1360678101597111
Apul,OG_09521,2524.7458831088124,-0.15475108320032113,-0.13199410176906146,0.45909389649791815,0.5881855164424166
Apul,OG_09522,401.4927119535983,1.0760905539398504,1.002261776401105,3.445935740396738e-6,3.938149882275968e-5
Apul,OG_09526,1659.6002003915764,-0.3973967960178778,-0.3417938910545739,0.07435727048091864,0.14658493833109826
Apul,OG_09527,399.51842719262635,-0.12500599264982515,-0.10086339217255065,0.6232443213076743,0.7313630980259368
Apul,OG_09528,54.53177374562222,-0.7253907751722025,-0.44585929281405157,0.10526616983981966,0.19257152636349237
Apul,OG_09531,65.35807059236694,-0.48190021290502294,-0.29021714437304846,0.2577484344176212,0.383897858134075
Apul,OG_09530,2131.6955311348993,-0.1959435535999109,-0.16237716426641913,0.4023089939358645,0.5346529400618556
Apul,OG_09534,14.377333737194991,0.539277929677664,0.17269187528186425,0.4480407134189861,0.5776355608949096
Apul,OG_09535,376.54469479644297,0.5428017945295042,0.3380733410029413,0.20088001742356218,0.31683314974781535
Apul,OG_09541,483.2581322781539,-0.3181791606163126,-0.2669924002799039,0.17302101656933594,0.28252997218502396
Apul,OG_09543,421.86295484256306,0.08938923518425143,0.07892723702885056,0.6532196293456964,0.7560109610846034
Apul,OG_09544,185.71048251789705,1.2670828180423004,1.189640086191912,3.545080695185116e-7,6.2678416918596445e-6
Apul,OG_09545,467.71224779479735,0.056841884211664764,0.052939920820960606,0.6796939977585301,0.7768792974760635
Apul,OG_09536,1003.10080727116,-0.6089008959185754,-0.535054351203414,0.00760613449744961,0.023487847521747648
Apul,OG_09537,528.806522933475,-0.62640747022276,-0.5743735467399361,0.0017201031492406994,0.006859101839946087
Apul,OG_09538,102.48149345236091,0.15773844082746075,0.1335318514682873,0.4855367869442095,0.6099310682468566
Apul,OG_09539,120.92609677560434,0.6790215311577505,0.5604152165394976,0.019935019525845876,0.05155502107193298
Apul,OG_09540,3498.377020318499,-0.32954715922364464,-0.21752978956439425,0.35586783905173835,0.48905704150633833
Apul,OG_09546,97.18817643217764,0.1682498855593269,0.06115084027286868,0.7960798137594566,0.8646412527907756
Apul,OG_09547,1984.1183452110224,-0.966154669510736,-0.8158421642546599,0.002433870009382374,0.00915569706908672
Apul,OG_09548,208.7958679909479,0.3765302270206567,0.34671030740077086,0.020654801618362296,0.05313676068267413
Apul,OG_09549,126.60000258868254,-0.9399868638888426,-0.8437788637160736,3.220262682435499e-4,0.0017253183961687994
Apul,OG_09550,1422.2928576703093,-1.1575605990393703,-1.0717866984891085,5.187326891890842e-6,5.509319974579473e-5
Apul,OG_09551,235.27213267214992,1.198224621902931,1.049250657735707,2.96168662527961e-4,0.0016039356336424169
Apul,OG_09567,13335.39342264914,-0.5068260124711991,-0.3993455003314669,0.08107461988245855,0.1572236805324842
Apul,OG_09557,10.727404539269418,0.8474384090964924,0.1791547640895548,0.35965284379441576,0.49204938807628845
Apul,OG_09553,149.78061898681088,-0.6067407607173487,-0.45127237748630805,0.0740917880261466,0.14618942070716934
Apul,OG_09555,28.83596667389774,1.1000664701750462,0.41502467968801654,0.12171766748011444,0.21674015360766552
Apul,OG_09556,279.29282416484904,0.437014385578151,0.3667946483020799,0.07607577841688301,0.14928733274973538
Apul,OG_09558,1077.9284881160927,0.319774437367288,0.2774219207381249,0.12982425325806227,0.22823655520139352
Apul,OG_09559,140.5550210839297,-0.7573821762074205,-0.4557767800140273,0.0997337853651597,0.18409407218784954
Apul,OG_09560,390.80422221379035,0.8148542896206387,0.5699926343187753,0.0392579606532503,0.08832061656945059
Apul,OG_09561,185.72052626935994,0.3341245833969865,0.2684656778082427,0.21018498821925177,0.32835031856773966
Apul,OG_09562,309.0162358810383,0.37541380267917335,0.288163099595141,0.2067226401116895,0.3241206826442539
Apul,OG_09563,146.62584116584097,-1.3487606522590658,-1.2171349432192364,2.1282603077640077e-5,1.7687118152173324e-4
Apul,OG_09564,1200.4297880349586,0.9925560440779331,0.9144825973103523,4.71686383344992e-6,5.099755537915819e-5
Apul,OG_09565,1108.5267523840155,0.578775931492556,0.5302407845814101,0.0015000683711747812,0.006153829164186989
Apul,OG_09566,64.95605738707411,0.840798456589452,0.37653731332053014,0.15715351909154177,0.2631971176910164
Apul,OG_09590,1752.8462114022336,-1.8813501486806377,-1.739197132247292,2.387397637913308e-7,4.541595886300485e-6
Apul,OG_09591,402.1600489419165,1.153284736968919,0.9742942052292226,9.326453891165763e-4,0.0041304830420747386
Apul,OG_09592,112.91197475420363,0.6210537651328947,0.46466038895411177,0.07397435596903226,0.146021621666542
Apul,OG_09593,559.6207194369945,0.6931211243884636,0.5425676915249718,0.03625621731078941,0.0828280495291077
Apul,OG_09568,102.8732628364663,0.06096800357720471,0.04794167937820811,0.8110695266075848,0.8751243175087462
Apul,OG_09569,378.63562430048665,0.5058524766439781,0.4379469924411667,0.02658528526612786,0.06510578958301871
Apul,OG_09570,344.9000337628578,-0.42644020811879385,-0.3660079214405718,0.060421132609110556,0.12467216309756292
Apul,OG_09571,410.1178644049519,-0.008769285948173828,-0.007676348264432026,0.9653767291633812,0.9790576950698694
Apul,OG_09572,787.9655037925183,1.3914623855334272,1.3121344740077419,3.3189553532971594e-8,8.776252322780201e-7
Apul,OG_09573,14129.925993496905,0.31057154501570683,0.2760322478235662,0.08198300418807998,0.15853329375164427
Apul,OG_09574,219.65753304689457,-0.48670737846420825,-0.3980763379784435,0.06930650003649849,0.1388748246286904
Apul,OG_09575,444.7077837813564,-0.790642420360754,-0.6478085113309676,0.010275750576668326,0.02990847093280126
Apul,OG_09577,52.56002037687349,0.1402517539434925,0.10852420602158278,0.6317839641401808,0.7377358203382556
Apul,OG_09578,6.258509338721071,0.6454804685889293,0.13464500539237625,0.47617703181604354,0.6022003220035435
Apul,OG_09579,233.972787546181,0.16099689748915047,0.13218949999436191,0.54021428290858,0.6589968178121872
Apul,OG_09580,271.22246410941614,1.280096591740278,1.128881468189309,1.2604568956968223e-4,7.736922960175798e-4
Apul,OG_09581,160.4313284582039,1.0104920205986785,0.8673652062925093,0.0015162497476423529,0.006206093497272399
Apul,OG_09582,133.40038593137035,1.2400428246824589,1.0756943478551468,3.521624177811318e-4,0.0018515734817098923
Apul,OG_09583,469.8493293637788,1.0026557120514688,0.8952542903181785,2.850479000337493e-4,0.0015539763691682694
Apul,OG_09584,3684.915900114088,-1.5288711647607411,-1.1898066728781107,0.0021981068165058573,0.008387782126294251
Apul,OG_09588,482.7861355679248,-0.2066119786104153,-0.18546168269801191,0.23681258029752333,0.3605164674223819
Apul,OG_09589,161.6824131729667,-0.05926879666206827,-0.050330011389181264,0.7750508573386143,0.8494753349486186
Apul,OG_09621,171.26282684517406,-0.19447067288792402,-0.14874174717825434,0.461357892016304,0.5899126648200529
Apul,OG_09622,1961.8228359742207,0.21363735739930687,0.19874014622491568,0.1857440344984051,0.29891060861487745
Apul,OG_09623,135.5250116434185,1.2911006058088124,1.1458360344470702,8.014634122841583e-5,5.355946424252776e-4
Apul,OG_09624,377.95112117228257,0.6702427204026493,0.5758330352527118,0.0071291650438117535,0.022328475581816807
Apul,OG_09625,789.7699376511262,-1.7953553348696776,-1.5471863111028015,3.715891976660908e-5,2.832734712890597e-4
Apul,OG_09626,583.1743906526892,-0.3413972413935758,-0.2728780403210012,0.2042299654105899,0.32088196516941786
Apul,OG_09629,75.2363742420587,-0.05312969159056334,-0.03066248122128472,0.8954726478665254,0.9342215510601016
Apul,OG_09627,139.45619122030283,-0.5161657542736099,-0.2724139545263873,0.2838086757814478,0.4105732118596687
Apul,OG_09594,96.47868394526881,0.05620362360940311,0.03770947983029395,0.8630338311825503,0.9134846878475238
Apul,OG_09595,373.3501533131483,-0.06411926997274955,-0.05813426611545035,0.7038767345067762,0.7963433519507656
Apul,OG_09596,42515.7602026452,-1.9703482883138594,-1.8827530136617165,1.6485210084573777e-11,1.3154614100230242e-9
Apul,OG_09597,1450.389931307413,-0.9843738187749855,-0.845856715651298,0.0011744474061580995,0.005002358177292198
Apul,OG_09598,4229.621770512975,-2.3246882328758094,-2.2429521316082397,1.2564749980388956e-14,2.6347988505387726e-12
Apul,OG_09599,31.699760260401185,-2.029849551706297,-1.2050172761377351,0.007836335520266908,0.024058643985783692
Apul,OG_09600,885.5854921591588,-1.368172528888633,-1.2825493320152652,6.177735401472052e-8,1.450641669663372e-6
Apul,OG_09601,209.8921232901549,-0.748307490204457,-0.6721337758464355,9.903696777768972e-4,0.004349811682666479
Apul,OG_09602,1149.9162375379592,-0.4758896838231509,-0.4070185439055738,0.03631301377924143,0.08290747435990477
Apul,OG_09603,56.59994335577991,-0.7808757317159137,-0.5814464474122334,0.035067897403205865,0.08074750533317347
Apul,OG_09604,323.7133948862999,-0.19840554112569614,-0.1706474567589206,0.36227500420328035,0.4946447172775559
Apul,OG_09605,202.88631772583363,-0.2513843713258534,-0.16506078473272512,0.46310017787895313,0.5915532375597847
Apul,OG_09606,325.3804075393749,1.636517948972239,1.591371788511289,1.708716740515991e-15,4.785372316997374e-13
Apul,OG_09607,471.0086660210438,0.1204142692981495,0.09403352896447054,0.6493834082487705,0.7531177096050371
Apul,OG_09608,300.5339535831985,1.007919741949663,0.8761106175695152,9.008762415043219e-4,0.004010880950625362
Apul,OG_09609,667.9119701164897,0.07018597501444501,0.053196610339324095,0.7951634455657544,0.8638540709236635
Apul,OG_09610,1516.2302678032613,-0.03323106797951714,-0.030466943063990237,0.7911742704357532,0.8608191808011129
Apul,OG_09611,470.70488152570215,1.3374835868895458,1.1108851398903017,8.783401331810391e-4,0.003932469206004682
Apul,OG_09612,362.2586595860681,0.007196648887420234,0.008172124791459751,0.9780434275976649,0.9866381510833124
Apul,OG_09613,1273.9308015967533,0.1190001214683413,0.10934049331954449,0.48300431250435427,0.6085007196185425
Apul,OG_09614,26.488796846450697,0.6694864619840223,0.24889161789053293,0.28738985171740833,0.4143185024393227
Apul,OG_09615,1487.3516507493355,0.4036840246925547,0.3420867817191793,0.09071868939487827,0.17156258856409762
Apul,OG_09616,1053.0498453819857,-1.3504100771857996,-1.175577570605459,1.9226924429386e-4,0.0011141977993558711
Apul,OG_09617,243.97692753650932,-0.22204868992070811,-0.17894455028428982,0.36474539039026005,0.49696421655318446
Apul,OG_09618,185.6677677887725,-0.6194047853444588,-0.5360190180979072,0.011685934201529217,0.03320897216993034
Apul,OG_09619,131.5462924313462,0.02801049347846086,0.017275065512636672,0.9407166297608498,0.9636948251026564
Apul,OG_09620,134.55207691006382,0.8850939192237581,0.7389377924283852,0.004472112578461253,0.015148399368889977
Apul,OG_09632,730.4603861600392,-0.0013130550421243893,-7.020647290687048e-4,0.9934884390991582,0.9956573387228529
Apul,OG_09630,231.65048282406556,0.5727313476594296,0.5254031030261521,0.0023707143108293977,0.008966749555683171
Apul,OG_09631,201.83703513160066,1.2947726535090467,1.1998674060212713,2.625744233316698e-6,3.161574325358325e-5
Apul,OG_09633,86.87107223915902,8.752984188139753e-6,0.0021936128954002493,0.9999863506550021,0.9999863506550021
Apul,OG_09637,96.460913303843,-0.07436628655931174,-0.05479819459774628,0.7912242841831678,0.8608191808011129
Apul,OG_09639,1007.820111734333,-0.05963631524713444,-0.054888860684364486,0.6962305280106863,0.7904697394953862
Apul,OG_09634,130.82271323137618,-1.1458056567398927,-1.037791138704797,6.300828550378965e-5,4.4110606519600693e-4
Apul,OG_09635,889.5440824960958,0.22967790055262982,0.20231123820688793,0.2608087798410743,0.3876236637262184
Apul,OG_09636,78.84818770909324,1.2626101521096897,0.823722729522902,0.016351047380801613,0.043983181526820354
Apul,OG_09654,235.92746511964023,0.8062351194104705,0.6905001397830035,0.004185915159897297,0.014307521596151514
Apul,OG_09655,106.22475563617172,1.901269715317396,1.3149414359657041,0.001985808342793633,0.00771147020972015
Apul,OG_09640,4749.391209181794,1.2629599752371035,1.1762479835804982,1.3665382832196863e-6,1.8585332880530787e-5
Apul,OG_09641,794.6829830761575,0.3680879218301161,0.3197793834464033,0.08768343599792996,0.16736237007620405
Apul,OG_09642,736.011316560894,0.4442829321856519,0.41456211894907136,0.004692830313960041,0.0158010645784084
Apul,OG_09643,196.43277590163024,-0.09422115633986539,-0.08186384793054415,0.6207690663112999,0.7292176486358769
Apul,OG_09644,510.43544571188914,0.4406866217330034,0.3851826100924266,0.04845018665609579,0.1045656613398793
Apul,OG_09645,453.61598350587,0.674642355598542,0.6309020991610916,2.144437011373373e-4,0.0012222748755722948
Apul,OG_09646,462.2301415111401,-0.5525181631101543,-0.464605250508492,0.03089546847764192,0.07320801169956825
Apul,OG_09647,138.14884314698583,0.02721942169618659,0.02036378858022296,0.922616743514614,0.9522794730560075
Apul,OG_09649,1983.9609869026124,-0.5011101312847832,-0.3683625084368111,0.12244901057950346,0.21781864833209363
Apul,OG_09650,7278.725454736455,0.7550629701791733,0.6463185277236487,0.005568910887919734,0.018174038898433675
Apul,OG_09651,5501.9480566966695,1.0393183151146406,0.9288310049819465,1.951239259783596e-4,0.0011278413080428645
Apul,OG_09652,443.6680585438359,0.9216091474090496,0.8347222351464444,1.297966090638008e-4,7.934752704598589e-4
Apul,OG_09653,467.30427754308187,-0.4309250479080065,-0.3928022087063718,0.015606056071894896,0.042315383287767315
Apul,OG_09656,3596.423784004675,0.5147250881356699,0.4738384958257359,0.004140559431084247,0.014195978855546255
Apul,OG_09660,116.02079490901447,0.2776363500113221,0.2337604337509721,0.22970177851754067,0.35206883170026587
Apul,OG_09661,10.494967425388932,-0.25368889891217916,-0.0726854275449203,0.741916133723755,0.8255007129549727
Apul,OG_09657,1505.0716888505349,0.05332674820367629,0.04980162188515523,0.6553935438127216,0.7572953453442592
Apul,OG_09658,118.27275247013299,-0.3809272938939621,-0.3107053880421739,0.14419789758041351,0.24714549372411873
Apul,OG_09659,55.322085019026666,-0.7821756215444491,-0.5290868502654644,0.05925739268156016,0.12274842862614932
Apul,OG_09665,632.051379869431,0.5752335861722657,0.5155007101690434,0.006500082461304865,0.020681455029493992
Apul,OG_09662,1013.9888989852776,0.18021041340182786,0.15107486155774771,0.43058581598257967,0.5617176363881541
Apul,OG_09663,246.40094132339487,0.3757909483130522,0.32975918478887883,0.0805242542652043,0.15643175898113276
Apul,OG_09664,505.93977261783664,-0.13339659314780714,-0.11473904212403646,0.5378234048162469,0.6568540757453742
Apul,OG_09666,71.76369667241721,0.6996062010563838,0.43271805215756665,0.11066959213551461,0.20050386021417224
Apul,OG_09667,289.2178704018098,-0.05382155475540229,-0.048001201381707485,0.798267439289887,0.8663911290415154
Apul,OG_09668,147.6360067672252,-0.3005201088941069,-0.2555775493110627,0.16308729806546463,0.2703728932995577
Apul,OG_09670,2275.9851661640478,-0.2979107985801052,-0.28056594169760535,0.026405754463370217,0.06473645676895302
Apul,OG_09673,952.6727906506296,-0.6001774486179285,-0.5387934932421772,0.003916745161502006,0.013562707803864666
Apul,OG_09671,623.4740479681789,0.4648349049023941,0.42232342515053284,0.011454326764086857,0.03270540355660899
Apul,OG_09672,2404.377571232152,0.07475838691674729,0.0664753776420205,0.6746155501925968,0.7729362663388367
Apul,OG_09675,887.2428278428555,0.44092527869790105,0.4115078611226496,0.007359417630054975,0.02289060668168531
Apul,OG_09676,188.0584625489927,-0.33595500926438,-0.27822585035229996,0.1696977092065853,0.2784270341700327
Apul,OG_09677,490.7363746259198,1.3540549726860807,1.2869231022061856,7.58185203705988e-9,2.494216263940761e-7
Apul,OG_09681,78.01877967942035,0.2064969810250076,0.12989997140741233,0.590466039676302,0.7014798787564183
Apul,OG_09678,265.79908977014486,-0.3193848176517918,-0.2769993415768183,0.12997289239158005,0.2284533276208338
Apul,OG_09679,22.418515095457188,0.10880264043356204,0.051412837387328846,0.8331810389306432,0.8909859378602478
Apul,OG_09680,248.4848178769783,-1.2536080269337952,-1.1795693226238997,1.7768635522596413e-7,3.5763345202511574e-6
Apul,OG_09682,387.46914643203297,0.19295961380505922,0.1679853330097177,0.35476053322215195,0.4877078408391743
Apul,OG_09686,32.64980261640153,-2.090814625365172,-1.824554525393448,3.0436751979552593e-5,2.3927479738415495e-4
Apul,OG_09687,63.03073532059269,-1.3554071370746623,-1.0240748655306102,0.0035328659918664198,0.012438745565335444
Apul,OG_09683,525.3317599452391,0.14618898796258625,0.12696693204154055,0.4654449792201197,0.5937913663876371
Apul,OG_09684,483.24533512384386,0.5973776427700741,0.47454043892570485,0.044450629389758696,0.09763978689584756
Apul,OG_09685,474.3329161694398,0.9178876869593864,0.7526761675793151,0.007057012051035772,0.022148652162961906
Apul,OG_09696,553.0028465884218,0.2573670795419845,0.18817048342117204,0.41682559149219683,0.5489156434181932
Apul,OG_09697,168.10461932811754,0.5617972995103999,0.47035679851567397,0.033213104619067686,0.07728582305809893
Apul,OG_09698,599.9423814186066,1.4113797763527558,1.293081318773773,4.342763688941466e-6,4.7594363439836676e-5
Apul,OG_09699,358.0302569788165,0.48270875951358283,0.4377357510351874,0.010100186379139894,0.029473585948448035
Apul,OG_09701,482.98441792602597,0.15550324020526732,0.1302724008809157,0.45360024079639927,0.5832187895709585
Apul,OG_09688,30.347010207113623,0.8399302374770643,0.44796971763596205,0.1267424716737622,0.22403913133893288
Apul,OG_09689,121.14517313721554,0.006845305704861712,0.0074271691854917955,0.9792306468201504,0.9873334163454429
Apul,OG_09690,35.12191019893135,0.17743713611828926,0.11094566233791894,0.6506476980491682,0.7539052034578964
Apul,OG_09691,668.3798983102346,0.2983327743452627,0.27980706023825974,0.060846138825676716,0.12537697298700343
Apul,OG_09692,354.3265015576336,0.11285498040910555,0.09458715284138385,0.5746099424473785,0.6887825788079297
Apul,OG_09693,2242.0087901606976,-0.5897704875322397,-0.48002969752812263,0.04490502408471304,0.0984939436078466
Apul,OG_09694,5454.198164347104,-0.2652802743933339,-0.1927460956981715,0.3404006353233389,0.4717372414834011
Apul,OG_09695,198.21531976098575,-0.28270360136913114,-0.22253411588297592,0.291407747726363,0.41867808496631853
Apul,OG_09702,493.4515113185051,-0.035851485604110396,-0.03156970610312477,0.8304356895924419,0.8888934725848823
Apul,OG_09703,924.7391594206676,0.44795770365761345,0.409972578938362,0.013940556770286305,0.038535254567036055
Apul,OG_09704,202.69419558620734,-0.2803754007347793,-0.2378220388164905,0.20110779465787104,0.3171369332686294
Apul,OG_09705,877.7014053059013,-1.7273434095523712,-1.532364829334188,2.0706075657989535e-5,1.7351922324172086e-4
Apul,OG_09706,322.80362663852713,-1.6636312492621879,-1.5187353325456656,2.7142628369184042e-6,3.245955968235179e-5
Apul,OG_09709,330.7043854319144,1.3842934391360349,1.2754701546956129,2.260454979479132e-6,2.7997970535663917e-5
Apul,OG_09707,10219.602175223592,1.5331241728383578,1.4774799063916726,4.213291004957961e-12,3.957421353302702e-10
Apul,OG_09708,324.5965585368038,0.6692470303978663,0.5727121251912535,0.011291605784334793,0.03238435412129352
Apul,OG_09712,803.6881309561485,0.05451273069248898,0.050254162130962544,0.7212653935478331,0.8096783578851375
Apul,OG_09710,1060.1930193701428,1.5986531763576217,1.5222837458167062,1.3977613409672425e-9,5.866693607893955e-8
Apul,OG_09711,333.99710563018505,0.5672773340360738,0.4860308499239424,0.021079548166208367,0.05404443725183419
Apul,OG_09721,872.8765905875077,-1.0940794606244173,-0.9848687165441918,8.793905103767883e-5,5.758507067587146e-4
Apul,OG_09722,172.64747008793648,-0.44274032983943934,-0.38765804735395715,0.04187524916265556,0.09302515932487439
Apul,OG_09723,175.83181682560988,1.2523112047871,1.1511661851659436,7.654125306978815e-6,7.6600719082162e-5
Apul,OG_09724,332.07274078852663,0.9897203032504309,0.8645929382433692,7.186461861396831e-4,0.003333350133961688
Apul,OG_09725,222.52122202144477,0.3488753260504853,0.2956634951920223,0.13183945078305012,0.2306103448517484
Apul,OG_09727,213.37168246101697,0.36100844768417434,0.2690763749590112,0.24591254939528723,0.37092563698516307
Apul,OG_09713,40.87543946134218,0.37972583951197175,0.11055063820447522,0.61525653213795,0.7237792759671096
Apul,OG_09714,1196.0426428374092,0.7183034066703528,0.6751616896002245,2.2881079836930798e-5,1.880753845848724e-4
Apul,OG_09715,140.36745392330783,1.0220537388658177,0.6208316891546205,0.05267525357289851,0.11165321144025056
Apul,OG_09716,556.1584379859111,0.5996623751143024,0.506309048864129,0.019819115073288943,0.05139294461100969
Apul,OG_09717,2495.387562224617,0.21132712615964394,0.18752354181423278,0.19600630656477336,0.3118187837499226
Apul,OG_09718,297.2139893118558,0.680627924334542,0.5698754626878907,0.015343533120776295,0.04179029592560327
Apul,OG_09719,2358.963156478946,0.6078879162044322,0.5430835459293589,0.005626500736135685,0.018322194704852104
Apul,OG_09728,546.5419963657827,1.2922515351438035,1.177305733675031,1.1378413697547392e-5,1.0637330274762362e-4
Apul,OG_09730,260.5191898063261,0.6046138500633981,0.4668678499128786,0.06160629939890711,0.12679844822641986
Apul,OG_09731,441.8763559817027,-0.7631971998817663,-0.692515397332124,6.831245526997931e-4,0.0032031898552751085
Apul,OG_09732,206.43218756560987,0.4299807630573498,0.33526572671245086,0.1431859214919251,0.24559776566343705
Apul,OG_09733,93.45999781852848,-0.3782213157063599,-0.3131876678847725,0.13031851220844706,0.22892694809732458
Apul,OG_09735,188.75940240178898,1.5949402512040505,1.0919667855390867,0.005071497722706582,0.01686198191948571
Apul,OG_09736,633.9245057711398,0.11148170086216033,0.10159548843666891,0.5983539861419463,0.7087032566717365
Apul,OG_09737,1412.1608909899364,-0.11104052806035077,-0.10137964506232085,0.44544257851103625,0.5751082088250307
Apul,OG_09738,52.95723424033199,0.6048669320105555,0.33209838267413466,0.21444898069532514,0.3329923297623122
Apul,OG_09739,1004.2814038102906,-1.1696098117454248,-1.015447465587129,3.7807784181713834e-4,0.0019683186487673998
Apul,OG_09740,607.6954270717561,0.9579337720343112,0.8704020519391095,9.076686816590069e-5,5.900828047959096e-4
Apul,OG_09741,138.3586009130242,0.5692041736115002,0.36631429677783756,0.16437355644956414,0.2719054042388038
Apul,OG_09742,35.45731576515307,0.32821338085870394,0.18216943862467053,0.4641065086573799,0.5923352283883361
Apul,OG_09743,143.14823902609191,0.6590428228676014,0.5257231491436162,0.033982826134681746,0.0787738847800967
Apul,OG_09744,243.95984258675998,0.25509747921270937,0.17525860809065055,0.46827909323420636,0.5957842897440778
Apul,OG_09745,727.304134821896,0.9388498760089918,0.8679613001293028,3.3281534148046325e-5,2.584837152566182e-4
Apul,OG_09746,228.34310316852938,-0.38035351608449874,-0.2684236293513122,0.26049073267906947,0.387342502732053
Apul,OG_09747,226.94579820834187,0.8888112603281901,0.8187909772355829,4.9232424379178865e-5,3.5887531982785434e-4
Apul,OG_09760,482.54965017891874,-0.31774307893141485,-0.2849377871165978,0.09897041923633643,0.18316996668950436
Apul,OG_09761,467.1910535206345,0.9232896520008113,0.8793135824159762,1.6176873880172306e-7,3.2927059091989545e-6
Apul,OG_09748,247.68704839490005,0.39510335850434125,0.26506065713012544,0.25079884916701767,0.37590645328108346
Apul,OG_09749,1176.412514344731,0.0554329743434478,0.0458910435777331,0.8144078397317076,0.8777868265650085
Apul,OG_09750,2168.5290539285775,-0.16678934479616578,-0.13858604661133853,0.466337201812866,0.5943438762464859
Apul,OG_09751,3254.746236014213,-1.483266874122453,-1.3979940215985132,2.9510267426546195e-8,7.919466707891877e-7
Apul,OG_09752,1006.6309047005434,-2.275243326913156,-2.1538140485419492,1.336195309003362e-10,7.874819020446612e-9
Apul,OG_09753,1254.1357068087414,-0.92014746730325,-0.8905362566362149,3.712030260517771e-10,1.8390866406092714e-8
Apul,OG_09754,775.4610086728096,0.11822386920742348,0.09757849054199516,0.6242945672460812,0.7321191459042677
Apul,OG_09755,193.60851756242204,0.6807425732760085,0.594527029676545,0.005786093610441601,0.018760591904117913
Apul,OG_09756,225.5128846949181,1.6101974248133812,1.5199396795067213,1.2225309957737958e-8,3.711637033297076e-7
Apul,OG_09757,143.21411057574187,0.7139458725395272,0.5930729114198363,0.01356288052956453,0.037676060916538315
Apul,OG_09769,313.188315482215,0.3979926668414457,0.3590105075323563,0.03292767168999286,0.07678014368468208
Apul,OG_09768,1290.8455340185121,1.2875138209482802,1.2333822726165504,5.687081474743373e-10,2.6297648029621025e-8
Apul,OG_09762,196.9483825072778,0.5736811018502944,0.4450132458454606,0.06629244424950616,0.13414698604079825
Apul,OG_09763,118.30992959746197,0.7062123897332272,0.3637020653775649,0.17719676394578396,0.28835647365080924
Apul,OG_09764,251.79050171418103,0.023296032552058445,0.017901284151361715,0.9270194332307575,0.9549793475884543
Apul,OG_09765,1590.7540875202676,0.2963679940748257,0.22028308454091144,0.32839234672310125,0.4586607482035632
Apul,OG_09766,166.4250564248113,0.5852530624434514,0.47257405216853826,0.04398575916403425,0.09685460082590888
Apul,OG_09767,275.3982886228621,1.0353687316961429,0.9283091334352545,1.9993748302690552e-4,0.0011497680385545964
Apul,OG_09770,510.0203439397381,-0.7257635683868139,-0.5801440075001777,0.021548846305235483,0.055075381840790354
Apul,OG_09771,122.7795050122805,0.6524154418585133,0.5363229205472948,0.024805652206244817,0.06161134853930787
Apul,OG_09772,1163.0040850234811,0.15407889427807397,0.13020160467339026,0.43158795306380554,0.5627807046675827
Apul,OG_09773,6.742407163545488,0.18395397465493982,0.05048172595380745,0.8054501418087918,0.8712445876179244
Apul,OG_09774,92.69465306057612,0.39603277467304615,0.2340982474405983,0.35831282142031656,0.4909446453042082
Apul,OG_09776,43.44611139792608,-0.09739233466851177,-0.05640851677275467,0.8178808743183327,0.8806911421144067
Apul,OG_09777,194.42629014453337,0.5501961205650417,0.47202420834895686,0.026319924941867114,0.06459628829635704
Apul,OG_09778,212.66074331582826,0.4888886899152651,0.3666038457374381,0.1315877306282141,0.23041637450182337
Apul,OG_09779,40.293567477399606,-0.08622827785794067,-0.03532207210627811,0.8823744613177996,0.9263257549215362
Apul,OG_09783,342.89820252242674,-0.6259009548774697,-0.5216424858289573,0.020575410885650527,0.05295153634394951
Apul,OG_09785,68.6819833646095,-0.3441543967322033,-0.2701888645286467,0.21704050584887358,0.33608137012600403
Apul,OG_09786,34.95402874344589,0.7204175787464333,0.2789092214209932,0.2786474224279321,0.4050998380189869
Apul,OG_09787,29.103425327992664,1.2945498962719737,0.9648317114617887,0.006658968480636596,0.0210976524209066
Apul,OG_09784,624.7374395363405,0.4010366463438806,0.3575113415201518,0.04121323453674774,0.09182597870468355
Apul,OG_09788,40.84033652800498,0.30796714493301236,0.1650350007880186,0.5203040740718186,0.641060296110614
Apul,OG_09794,134.82139559808957,0.31162297948383016,0.24670150412837397,0.23640558715170615,0.36020094277575776
Apul,OG_09789,1228.2681182008284,0.588718905784596,0.4293734615099647,0.08870927827925763,0.16868232016956267
Apul,OG_09790,137.49633911959486,0.09836354050591896,0.08008534471605529,0.6885302436591427,0.784154420865376
Apul,OG_09791,518.6034867773003,0.4874377889065925,0.41302021340742673,0.05283975166060133,0.11192296000085557
Apul,OG_09792,554.8411718779512,1.782818799677596,1.7251286665109353,5.977493730934638e-14,9.624832316399577e-12
Apul,OG_09793,576.0479691926695,0.5479306361869467,0.5073630684301462,0.0022017978032677034,0.008398312517793943
Apul,OG_09802,239.03721122725878,0.328048300613992,0.298621409257959,0.061985472876822406,0.12732193814353276
Apul,OG_09800,783.006333190049,0.023708225863864823,0.02280447997189932,0.888185888684607,0.9301287228186892
Apul,OG_09803,107.67542307332371,0.43152162593776583,0.2793241339623541,0.2793797184984817,0.40579364073788815
Apul,OG_09795,430.31280601921617,0.2504228100742472,0.21757678497554805,0.2660981756250827,0.3933588230301867
Apul,OG_09796,819.9170625834191,1.2733225739473273,1.1500068220651638,3.89323842420203e-5,2.9475508707833505e-4
Apul,OG_09797,53.398899446132894,-0.14261384642629,-0.07451680352287414,0.7644313586045673,0.841313018495958
Apul,OG_09798,7224.4665013259,-0.4223778992268366,-0.3348463332611442,0.12972522453072208,0.22814560096877803
Apul,OG_09799,103.85776752188949,0.17361274020847695,0.13136938247322688,0.5688521442402694,0.6841856455401507
Apul,OG_09807,11.336712658570239,0.021265242120124338,0.007823480870891962,0.9774348099306072,0.9863018086979859
Apul,OG_09808,926.1382444423214,-1.47943135472507,-1.3143868664813962,2.4639048937334598e-5,1.9961393015987966e-4
Apul,OG_09810,54.91179387687199,0.9002937396541856,0.6561577127458066,0.0282948395078928,0.06842133353286481
Apul,OG_09809,347.19370705100516,-0.1132994849330225,-0.10066872154474414,0.5332424170603496,0.6527622691600831
Apul,OG_09804,178.65865512019496,0.5570338395838659,0.3937342183255421,0.123757170315362,0.21979877973874712
Apul,OG_09805,82.82668857383595,0.06668727804188866,0.04691862100830728,0.8257467302336687,0.8859778993951679
Apul,OG_09806,3467.0663898103107,-0.4600226956809146,-0.37886441832100987,0.07657943958513845,0.15001451373869074
Apul,OG_09811,639.5970353270602,-0.36583932453458234,-0.2896370148022673,0.17489953994562096,0.28502966775522576
Apul,OG_09812,114.7296207236438,0.3027359858592859,0.17813953536024257,0.4745924565770797,0.6009549474730413
Apul,OG_09816,77.50198635409808,0.718253203431549,0.5119124735911954,0.06168971454970365,0.1269121962342409
Apul,OG_09813,247.3230919018677,0.17802979791045156,0.16534867759064711,0.22584802979161353,0.3474021979923199
Apul,OG_09814,452.28589135975506,0.2084138589005971,0.18510898653514044,0.29406916034795866,0.42122662730064225
Apul,OG_09818,138.5014937091488,0.5844461668257366,0.3004386920815112,0.2426822577198291,0.367097117574182
Apul,OG_09819,353.1332017370652,-0.28338056244161086,-0.24927985050041737,0.15495870637604758,0.2604834484829826
Apul,OG_09820,534.7116571862963,1.5695609091299365,1.4070962063672978,1.69256644208021e-5,1.4748348701487494e-4
Apul,OG_09821,426.74703776407085,0.5964635305449101,0.4866978917134259,0.034209558324152706,0.07923647249136526
Apul,OG_09822,331.4389388799078,0.3052512112172503,0.28349497362775516,0.05670527346010036,0.11866127890223369
Apul,OG_09823,1529.8820486370882,0.0471888657881897,0.042932930739128315,0.7755453062414122,0.8497074151128571
Apul,OG_09824,175.546460600874,0.4974610770684666,0.42358646276521095,0.03750869848701462,0.08507730489044076
Apul,OG_09826,204.0504551255094,-0.26879281211021894,-0.057344311865890694,0.7315087211877522,0.8172680651655188
Apul,OG_09827,68.64028308360444,-0.38616325478079955,-0.24577479862057916,0.32236865392673136,0.4522087978309485
Apul,OG_09828,314.82555273669396,0.12529689310229664,0.10725049695866541,0.5504640711417201,0.6683455798617103
Apul,OG_09829,958.4201146627063,-1.397173947669568,-1.2252239121005506,1.2473411315226047e-4,7.672083890135966e-4
Apul,OG_09831,392.53583832621564,1.3533758598693668,1.2781069562656069,9.70041372562463e-8,2.117884517287101e-6
Apul,OG_09832,156.82104143283073,-0.46597897430612617,-0.3806101225571999,0.07957488728901081,0.15480620467853518
Apul,OG_09830,1523.2726597780015,0.3093347900675258,0.2577738704596573,0.1777904539464439,0.28916603954456793
Apul,OG_09836,68.57759164997111,0.28150081238865127,0.22703272047920603,0.27419052953988204,0.40124414191457564
Apul,OG_09833,1697.7240031867073,-0.04428788715425578,-0.03577576953392371,0.8487943285424843,0.9024382101718642
Apul,OG_09834,245.21868934462609,-1.3337958277646842,-1.1771209389202524,1.0247798125365418e-4,6.521128842372617e-4
Apul,OG_09835,986.9423383812806,-0.8090024821391822,-0.769355533562154,1.4884797811225416e-6,1.9795902929766897e-5
Apul,OG_09842,729.9912396417653,-0.1147306035178848,-0.0917336092667991,0.6377535926127507,0.7423033618935294
Apul,OG_09837,2358.7191665906075,-0.6030084446571425,-0.5643546953258984,3.2587090217922707e-4,0.0017417770746592119
Apul,OG_09838,7.075491539638459,1.2180853847739084,0.18158668396795782,0.25918375545077316,0.3855898239398815
Apul,OG_09839,297.56607664193973,0.260666648119076,0.21742150875990368,0.2462530098714021,0.3712528657432591
Apul,OG_09840,720.4282082667121,0.7515084793071194,0.7081400314994082,1.6023060936699038e-5,1.4095603947923436e-4
Apul,OG_09841,1019.3809068079843,-0.03599620359747854,-0.03256959241619115,0.8231689284065244,0.8844750032699751
Apul,OG_09843,710.227619072122,0.32233451975998834,0.2902690231070739,0.09446088598089696,0.17696941801158278
Apul,OG_09844,901.3502901040049,0.5273097865400058,0.488099432730654,0.0026686025018772827,0.009890172116492995
Apul,OG_09845,146.72925277339033,-0.5977664867957182,-0.3888923257865755,0.1377998939649185,0.23858326495423773
Apul,OG_09847,2065.400531077758,-1.0473422180402516,-1.0088097222755816,1.7052551340611434e-10,9.610178464893332e-9
Apul,OG_09848,312.28937659722345,-0.27958998532525664,-0.268971359926205,0.010126899094562835,0.0295419764269405
Apul,OG_09849,269.3379811711223,0.5723795825393523,0.5114893737788148,0.008276990296101756,0.025137629336459928
Apul,OG_09850,21159.677309244333,-0.08063096352053309,-0.06495463569872036,0.7359270626561408,0.8213707542976139
Apul,OG_09851,308.39841808186895,0.2552081305494015,0.2281675412256133,0.19031366681277442,0.3043868245208717
Apul,OG_09852,814.9751783977661,2.7608179844470677,2.681997427123538,1.0725512972962318e-16,3.453998231328615e-14
Apul,OG_09853,704.1783863155954,-0.03345049353086933,-0.02568866925563566,0.8451599336637498,0.9003789132615821
Apul,OG_09854,113.57924192522057,-0.04329646612934836,-0.035215277646289365,0.8515236069172475,0.9044867903843586
Apul,OG_09856,182.67765813374143,1.243287537010739,1.069178916555145,5.352966052643624e-4,0.0026218193860232243
Apul,OG_09860,92.9689789920118,0.1425251967457648,0.1070964346548153,0.629667217762874,0.7361290985669559
Apul,OG_09855,7702.425675599156,0.6461574457237572,0.6065120179422389,1.3456860926365182e-4,8.171078449362617e-4
Apul,OG_09857,283.61963642245803,0.18146038268788658,0.15971681187345926,0.3294531663110628,0.45957289613658003
Apul,OG_09858,402.66533636252177,-1.403317934398438,-1.1788692647391255,6.030444253400585e-4,0.0028915236913851314
Apul,OG_09859,69.96203745461,0.27968699108566414,0.1448302253360771,0.549390676478051,0.6674556359205854
Apul,OG_09861,138.90024998631054,0.216573783275356,0.17247757491919583,0.41365199056196805,0.54586565182164
Apul,OG_09862,313.8733585716644,0.9071027847935759,0.8141312736169812,1.3025229115176296e-4,7.951827415812096e-4
Apul,OG_09863,24.732249567818585,0.7740307468384297,0.3957151490400477,0.14296240523655324,0.24535439817624677
Apul,OG_09864,277.2392588580129,0.7422181698006127,0.6562143180194263,0.002777726670944934,0.010223167915065497
Apul,OG_09865,249.18279965281369,-0.016543180132886172,-0.01339964800492849,0.9401300725239504,0.9632033705202205
Apul,OG_09866,623.1980938757968,-0.8634142186183458,-0.8143797390479753,2.1530026784425495e-6,2.6925971083934077e-5
Apul,OG_09867,378.57790748192394,-0.3698249704142105,-0.32922611829689846,0.05838339997527881,0.1214402159161338
Apul,OG_09868,95.48788166045641,-0.5612100452047091,-0.4256943835351758,0.0871321706021574,0.16666753973688023
Apul,OG_09869,308.3742377368597,0.21629545996425584,0.16547509008445918,0.44574719906503385,0.5754191115203164
Apul,OG_09870,30.165950467466978,-0.7609871785942449,-0.3904984753692759,0.16290672162187475,0.27027229233936423
Apul,OG_09871,73.48298469502666,-0.33316771373650605,-0.26513569749680843,0.21163595264253537,0.329942090965805
Apul,OG_09872,1026.0292939195303,-0.21764985722488245,-0.16238507292923185,0.4609177595276984,0.5896527849465873
Apul,OG_09873,2621.8358931727375,-0.5052671776534651,-0.44050634431807645,0.026610372069974478,0.06513184716475566
Apul,OG_09874,195.98736910548308,1.3270973775467945,1.2288464310725205,1.4019067736031681e-6,1.889535631925227e-5
Apul,OG_09875,254.3593906620335,0.4012439061488165,0.3548806182589039,0.05174376269311548,0.11017084018980455
Apul,OG_09878,542.332417986614,0.3176830999649886,0.2811485268940406,0.10011858745983103,0.18465316079470168
Apul,OG_09881,215.08572367407118,0.4480126723830276,0.3643621730141963,0.09062925345840513,0.17144828353323016
Apul,OG_09882,61.864766402758235,-0.596321545032165,-0.41084785373518695,0.12113761941136157,0.21595451052436682
Apul,OG_09883,214.03028476745266,-0.031128670404627273,-0.026067422596624458,0.9020907017418994,0.9379787658679322
Apul,OG_09884,437.8609947244689,1.3213301802742003,1.2627934576458693,8.708351729745497e-10,3.868138302813554e-8
Apul,OG_09885,203.25202959309934,0.2816124176928384,0.178261833955611,0.4385616273326193,0.5684217613422781
Apul,OG_09886,288.3437479010117,0.328756932691253,0.2695622782540895,0.19522245730393034,0.3109009003019321
Apul,OG_09887,408.20968746274514,0.6282785655916389,0.5849414350781322,4.6843148527058115e-4,0.0023478858825374265
Apul,OG_09888,2335.1840295625543,0.5862726975516758,0.47779075979120467,0.03633434066186627,0.08292248791395802
Apul,OG_09892,669.5522028135003,-0.976915216481774,-0.8857103813686356,1.162355175640844e-4,7.233234381472388e-4
Apul,OG_09889,258.52456318958696,-0.14610617711970378,-0.12181750962853069,0.5143057761733829,0.6358830637262298
Apul,OG_09890,235.33687861429524,0.2615760605109517,0.2335637411871091,0.15814791315744992,0.2644204956315086
Apul,OG_09891,3036.759329046316,-0.37559115412566807,-0.3033363129758516,0.15992693432231544,0.26665205567100353
Apul,OG_09914,188.70880835698247,1.1516354529672774,0.9845078675155966,9.101587139250632e-4,0.004047148035691254
Apul,OG_09915,674.4930674444531,-0.783398235138821,-0.6764552626885527,0.0035664396888739143,0.012542350497104556
Apul,OG_09916,446.2789535573596,-0.617166269918392,-0.41778601520208314,0.11022311341335103,0.19993599148022254
Apul,OG_09917,126.94509024566548,-0.03672289624310737,-0.027005523968892615,0.8989409509561033,0.9362280320708595
Apul,OG_09918,83.40767893619532,0.5289822004776237,0.426818410353561,0.0630947908402299,0.1290666354370129
Apul,OG_09919,128.0035217543895,0.5836870888159705,0.4955150921490773,0.02336747009536926,0.05877391292885484
Apul,OG_09920,130.92561899326307,1.9395119475897162,1.5143149375613227,8.190801163508285e-4,0.003702077899316
Apul,OG_09922,92.22946681848201,0.28825844672095446,0.23270395674990899,0.26740388526694836,0.3941125912801689
Apul,OG_09923,29.14844690744504,0.20290064767185018,0.06818427189085438,0.773554558345499,0.8481446318824617
Apul,OG_09924,59.297215068825736,0.4830056832752001,0.3543521382742926,0.14741248632910464,0.2513719078242617
Apul,OG_09925,33.93582526611974,0.7698824389900596,0.4932512701279777,0.09201282298299658,0.1734280152252676
Apul,OG_09921,433.97322178272117,-0.5253262483815052,-0.4846893796824949,0.00286283081084539,0.01048077361810511
Apul,OG_09926,514.7242257352422,0.009993809048820006,0.007473239993409371,0.9695095771439405,0.9811015186623071
Apul,OG_09893,483.8825549481168,0.6545694968590482,0.5437150167679241,0.017319900333646818,0.046082484894804765
Apul,OG_09895,152.95540983107335,0.4053190990330139,0.24283781901180082,0.34357792838226486,0.4753056428694204
Apul,OG_09896,5061.609018584795,-0.8109691378252553,-0.6545388036475348,0.010377292965625149,0.03015534987787366
Apul,OG_09897,16.488816440675542,-0.8083145206052226,-0.15236387358824596,0.37478280472163406,0.5066103167556621
Apul,OG_09898,260.72430422842564,0.6770957419813902,0.5475467851766215,0.02692646806430478,0.06578053712702145
Apul,OG_09899,239.14779187322011,0.7811758025856728,0.6793411011451523,0.0031120311802059555,0.011211020835763924
Apul,OG_09901,171.8983060373322,0.6916816950482801,0.6495990332313882,6.039183941832051e-5,4.2609797811815023e-4
Apul,OG_09902,25124.68980575898,-0.4590029615080014,-0.3483527845915502,0.13497600754490496,0.23487259415709674
Apul,OG_09903,48.866633251527425,-0.8928819669692389,-0.6274885336374048,0.0335915723903207,0.07802555596175213
Apul,OG_09904,83.37016586594136,0.06404918724533812,0.042970478906867594,0.8581831962598545,0.9096318185817689
Apul,OG_09905,68.43216433425911,-0.13228310170736785,-0.04380513890422002,0.8342809336073775,0.8914030219502895
Apul,OG_09906,372.3863531301261,0.49999967797605777,0.41443835788140576,0.04333403017572322,0.09562969899522669
Apul,OG_09907,502.73125907327506,-0.3433867214957797,-0.30224828043102503,0.093163088303846,0.17504721134315052
Apul,OG_09908,182.89363576515797,0.4138296786835298,0.3632153343303217,0.0523273208438448,0.11107237571773743
Apul,OG_09909,682.1842794520849,0.11316461619540072,0.09058981507818337,0.6608956933455847,0.7624483708926737
Apul,OG_09910,1397.69196879872,0.9879117430942344,0.9364076081869509,7.952148911628141e-8,1.7900692793634346e-6
Apul,OG_09911,125.81961759732619,-1.2218450497698872,-1.015934864026124,0.0015352394392453988,0.0062667514819718245
Apul,OG_09912,137.76485474852575,1.2424285787953846,1.1391110393456534,1.6257579546498774e-5,1.4260174588597222e-4
Apul,OG_09913,134.23545271117203,0.12999083232223027,0.10948625233563018,0.5329906949096912,0.6526760941851388
Apul,OG_09929,346.52525387166116,0.4096129329370762,0.32955443464651085,0.13110683545519827,0.22977505995356234
Apul,OG_09930,56.423833399673086,-0.24948361499068897,-0.14339353029762056,0.5610830580544892,0.6774319474981574
Apul,OG_09931,88.34894941776363,0.5430669257170173,0.34271687771220677,0.18913548426166918,0.3030267700048811
Apul,OG_09932,213.605215413586,0.8074155593222238,0.752752463335943,3.877135772620623e-5,2.940297162465951e-4
Apul,OG_09933,188.82826339466675,1.2371294769552266,1.0526131212903338,7.54481654341807e-4,0.0034639313020366973
Apul,OG_09934,571.9520629602964,0.47848561021784536,0.34462157620253503,0.15587942197920254,0.2616951681225972
Apul,OG_09935,176.86759644693774,-0.3997108090428009,-0.18594781761626797,0.4606150222451217,0.5894643280704317
Apul,OG_09927,387.65102376508963,0.2822579054336375,0.2539080104936518,0.12414875946528388,0.22027732469469988
Apul,OG_09928,46.39256700040036,1.3678660578558797,0.7430379080332518,0.031016925516059186,0.07342599563620522
Apul,OG_09937,385.7221249969123,-1.1230788091995638,-0.9066398670635826,0.0037122736700459353,0.012954168607896362
Apul,OG_09938,281.4318341243253,-0.675429139462582,-0.5742909377905764,0.012276352283468787,0.03463575361077536
Apul,OG_09940,164.26848823463177,0.10506224754682632,0.06646516759400817,0.7855453745947317,0.857307861011958
Apul,OG_09939,236.1800621758004,0.06439434932361511,0.0488333600663615,0.7940178434641694,0.862921404666315
Apul,OG_09943,34.3422320675772,0.021826881304392733,0.012861436988897502,0.9644413250775059,0.9788797195209221
Apul,OG_09941,260.69288439346195,0.10626153967662938,0.09407591759377266,0.6424975406708168,0.7465722067305097
Apul,OG_09942,491.0486704865501,-1.62481000637759,-1.4708266864304262,6.540980307427786e-6,6.694667358918995e-5
Apul,OG_09946,117.5533183391328,-1.4924702772129048,-1.3798379622220884,8.263383099993568e-7,1.21353298717658e-5
Apul,OG_09947,358.3678062672046,0.44569134376699404,0.37291102245086677,0.07514817649484185,0.1478531764027905
Apul,OG_09944,31794.064887572964,-0.42378610242069714,-0.31428185256505614,0.1766771057760812,0.287614634912967
Apul,OG_09945,379.3862020589057,-0.4513577848288448,-0.3528733474911596,0.12067676895870989,0.2153458194539258
Apul,OG_09956,110.10124408541091,-3.0198440264894715,-2.8514151438270994,9.724566929210842e-10,4.256622330130785e-8
Apul,OG_09955,43.88195325513757,1.2674321509578068,0.6648964019075371,0.03549396581542089,0.08154116936500641
Apul,OG_09948,201.743331054095,0.6599646940384507,0.5214385926580133,0.03470179988523379,0.0800680986604793
Apul,OG_09949,388.43256103223615,0.9268209677547474,0.7282666345166607,0.00817630462323408,0.02493261372597284
Apul,OG_09950,30.087639455976387,0.13945578410733447,0.05610838818178729,0.8073685440614771,0.8717967880715771
Apul,OG_09951,5702.414857125986,1.0430402261870262,0.9817841716960689,6.984240419746089e-7,1.0674050146584828e-5
Apul,OG_09952,526.2633988082978,0.8742162934664385,0.8023418514193805,1.3185584707521117e-4,8.02256527042631e-4
Apul,OG_09957,714.948945694479,0.2718108960271137,0.2588239901137062,0.046374529055878515,0.10122467404910591
Apul,OG_09961,100.84672865072484,-0.6503074055798553,-0.5651368573341968,0.00884391887755186,0.02652881454387396
Apul,OG_09958,244.03800881062162,0.6070440532668866,0.549126373115873,0.004817303275147254,0.016147815476580965
Apul,OG_09959,284.63796710852563,0.5558326760636337,0.5114460923227236,0.002542603967158807,0.009505248744556783
Apul,OG_09960,353.0330936281573,0.8538754642028398,0.7825747889218784,1.6209430944520934e-4,9.559761897322402e-4
Apul,OG_09962,152.07027414694022,-0.1548007264774518,-0.12019297219514996,0.561608862478568,0.6777338213288607
Apul,OG_09963,16434.088683059905,-1.2909439644134986,-1.1871568708260556,4.0429816727900984e-6,4.489601692555212e-5
Apul,OG_09964,452.6388602173536,-1.4153023537207337,-1.300221534615546,2.0224159906279916e-6,2.5612535094792977e-5
Apul,OG_09965,421.73087937408326,-1.2992432700525631,-1.1939946216484654,5.496361955345049e-6,5.7830450118257066e-5
Apul,OG_09966,1312.1999122176937,0.7002551280355659,0.6630403029687645,1.757398187556296e-5,1.514957883097048e-4
Apul,OG_09967,2553.5451467009334,1.0213701640805892,0.9646334850158798,5.628071984309547e-7,8.872084804636221e-6
Apul,OG_09972,13.449908453176139,-0.47558620773971616,-0.0725822529276775,0.6644548202874473,0.764867404784696
Apul,OG_09968,70.21505596752311,0.9928448304080933,0.4327381466136853,0.11742396358124178,0.21037390812876158
Apul,OG_09969,471.05051559089424,1.0321053454346405,0.8066196729067796,0.008291383360484817,0.02517286321935744
Apul,OG_09980,272.9573363250623,-0.030678640022599474,-0.020143101403817247,0.9212077006909732,0.9513321805712053
Apul,OG_09973,518.6473717298534,-0.2919784937243014,-0.2480373566105439,0.15134402271850594,0.25598744191573214
Apul,OG_09974,501.4112439127636,-0.3374803373967621,-0.29984211350363565,0.07740368603223638,0.15136608912441454
Apul,OG_09975,775.5462837834268,-0.5998657162142809,-0.5440571702109647,0.0028597716901537043,0.010473826697853758
Apul,OG_09976,343.4098804049407,0.2387928902440065,0.21763768401811587,0.14967820880052973,0.2539319677806917
Apul,OG_09977,186.01196362855617,0.23856328073755942,0.1999857448606186,0.27517251223468436,0.4021443343306562
Apul,OG_09989,70.3649568091197,-0.052773442281316744,-0.03179313402337626,0.8866527338497823,0.9292128894843662
Apul,OG_09991,151.44874977205774,1.0276789718529034,0.6787947147434633,0.029634818340400295,0.07080878676243345
Apul,OG_09990,3795.2159961738353,-0.6517719736275884,-0.4935184811954008,0.05115164136857297,0.10916789354329526
Apul,OG_09992,514.1618189062503,-0.44199301551762726,-0.4047444031700275,0.012143934185628293,0.03433736423700543
Apul,OG_09981,170.20271632544615,9.270644258117601e-4,0.002978474878682561,0.9980650867563036,0.9985080314303327
Apul,OG_09982,92.58975679839723,0.2921866565644824,0.21428778464849216,0.3583014970472692,0.4909446453042082
Apul,OG_09983,179.51153645640875,0.5555255829196248,0.4000568928326837,0.11549802031620328,0.20762473070000098
Apul,OG_09984,1420.1766130910946,0.5929467288107932,0.5508245455349045,0.0010482217477330988,0.004550705584645811
Apul,OG_09985,39.725189778380724,1.2270177577801342,0.7624297740766879,0.026125628114214133,0.06432954361165177
Apul,OG_09986,261.39633584990327,-0.8896045021253947,-0.7706806729692158,0.0017847767920800013,0.007067778802892126
Apul,OG_09987,171.52694918312278,0.8312956545322785,0.6054630610695164,0.027473430352293784,0.06673704781428692
Apul,OG_09988,980.5367150233833,0.8051591073550699,0.7585785118228534,9.530820633571226e-6,9.161983971525773e-5
Apul,OG_09997,216.18261744864986,0.4690810619499425,0.40593322974322466,0.04386843368122732,0.09664345626768307
Apul,OG_09994,63.055168704717815,1.1396633233307807,0.9899197636779951,5.813689973559893e-4,0.002806319191198584
Apul,OG_09998,421.06340625470057,0.533186574870519,0.4556342313833419,0.027232084881810812,0.06632947309002919
Apul,OG_09999,462.21787740951424,1.3262965151085253,1.212562947552791,7.541309426969484e-6,7.580823534334875e-5
Apul,OG_10000,92.53426913700358,0.40200661191522946,0.25806699231360436,0.31358638838422925,0.44229758549360165
Apul,OG_10001,434.4622815574383,0.46143482526803237,0.4143532599616534,0.01680688239095241,0.04495629146224203
Apul,OG_10011,611.2395234609421,-0.5817487875485995,-0.4119146623828379,0.1012641476104762,0.18638473545696344
Apul,OG_10012,432.622378931586,0.6213171230771365,0.4650682586284521,0.056783469171829914,0.1187973414205082
Apul,OG_10016,50.68214394232264,0.283891873658906,0.18424387555851177,0.4560980400740532,0.5852619933609986
Apul,OG_10017,190.29618664397864,0.08205400866155657,0.06687047128804648,0.7520642448116318,0.8332079353101886
Apul,OG_10013,418.43944051874814,0.39286711152019826,0.3685225649207887,0.007348734094914594,0.022865264090353655
Apul,OG_10014,240.17912268017986,1.4498179858119487,1.3146968419298117,1.3487801177758344e-5,1.2272401939439657e-4
Apul,OG_10015,116.32697665219757,0.57553720169859,0.4782629319220627,0.03212946326419598,0.07530838842039386
Apul,OG_10018,412.9657950413496,-0.44138815233132456,-0.39176783581228114,0.029269884706045902,0.07013727089939302
Apul,OG_10002,4080.4357827512276,-0.8521168464930057,-0.731508002593231,0.0031982491958076602,0.011439354620625812
Apul,OG_10003,171.28001049871793,-0.341445381093846,-0.2593594743956529,0.24665576270290085,0.3714132378960608
Apul,OG_10004,574.1834874639985,-1.6235229800145023,-1.3991514544624526,8.23651271098103e-5,5.481080082281619e-4
Apul,OG_10005,193.99208369944634,0.3944916799309393,0.309166116223041,0.15353216762499336,0.25871791356280416
Apul,OG_10006,2195.3791581496985,-0.7142780628134561,-0.6472387167714762,2.126862483122435e-4,0.0012137923424249998
Apul,OG_10007,14899.544680544854,-1.6779625609383837,-1.5382150794199412,1.6727570897890552e-6,2.195524116248604e-5
Apul,OG_10008,555.9542383166846,-0.9315128826502478,-0.7785605095153192,0.003600360957946574,0.012637000684236769
Apul,OG_10009,13250.522418175347,0.36962621998468265,0.3205638217639004,0.08846734105559244,0.1684353915325754
Apul,OG_10010,572.9615554750583,-0.2641260567466007,-0.2272851008601838,0.23449771956104673,0.358080599031661
Apul,OG_10023,24.436841453035164,0.21220500073863355,0.048232674455864044,0.7962055360143865,0.8646736502760114
Apul,OG_10022,141.09966472621392,-0.5300836208241978,-0.3634017867226847,0.15552843955624693,0.2612518516167434
Apul,OG_10019,236.72056630400493,1.0030296031927766,0.9209374556328837,3.069119020674019e-5,2.4064561921232724e-4
Apul,OG_10020,321.8451027531327,0.276180442477415,0.21983169483630463,0.2817905412634249,0.40851052205609567
Apul,OG_10024,70.91043701032629,0.5074466300014964,0.21274394756681156,0.3734362993548418,0.5055968635559471
Apul,OG_10025,11.450036080271154,-0.08948381184674126,-0.01323902052073147,0.9302866411652367,0.9570330454520182
Apul,OG_10026,48.36981294520224,-0.2628767284688696,-0.09204617211778064,0.6807963228181728,0.7776581629744325
Apul,OG_10027,181.9636044489892,0.49008836546148576,0.4049800494893267,0.06851762096561544,0.13781471966249262
Apul,OG_10028,89.05858351234228,0.04386017233850198,0.030297560217160454,0.8927780286628445,0.9324892255824011
Apul,OG_10036,53.52782069566557,-0.06152107703251656,-0.040495621876845474,0.8634165782754287,0.9136753064557611
Apul,OG_10037,305.0077619819999,-0.48527202767856886,-0.4353939704905618,0.01563026222704236,0.04236190997933302
Apul,OG_10038,65.69815286247166,-1.9055267128498665,-1.675801831096472,2.03767338516676e-5,1.7107728970250163e-4
Apul,OG_10030,39.80565836125184,2.2769458995493137,1.625483445026855,6.604534301479884e-4,0.0031163310202220883
Apul,OG_10031,1576.7305323138442,0.8475876747958113,0.7907468763669742,2.0209460397345775e-5,1.6983103858608282e-4
Apul,OG_10033,814.6318207223233,0.5614806566228827,0.43347775965668217,0.07576747279808844,0.14887672743960853
Apul,OG_10034,405.9212980457278,0.36067964041185696,0.32243540152966843,0.05036447972798573,0.10771738939925221
Apul,OG_10035,7156.139209187025,-2.45170754752703,-2.297862143468518,4.045629703399057e-9,1.4829041884369632e-7
Apul,OG_10039,176.4209524008585,0.8526317980958458,0.5194106910029663,0.06863488685444173,0.13792751833441075
Apul,OG_10040,528.0058648962652,-0.8833660159130944,-0.805229279752053,2.3068475011896379e-4,0.0013008657860054387
Apul,OG_10041,178.5780805805391,0.6905154517306821,0.6291695033367437,0.0010460142297114,0.004543309397547058
Apul,OG_10042,279.24089779429517,-0.18732721961169238,-0.16051115139055278,0.3645110278156394,0.4968336822396672
Apul,OG_10047,66.39955933043964,-0.6424248229916014,-0.4672318001640687,0.07853476849906035,0.15317932242180993
Apul,OG_10043,20.912422010341068,0.3799978518245074,0.07798081397240647,0.6595451868958415,0.761182509950058
Apul,OG_10044,40.78484385704911,-0.07688838418473032,-0.05030753200949812,0.8286587538070842,0.8877604398174817
Apul,OG_10045,455.99024813848564,-0.6019908402642393,-0.4328156837704212,0.09557492036009727,0.1787223261897547
Apul,OG_10046,800.5912818809056,-1.9209123893846085,-1.8365372748142779,2.869113530875333e-11,2.1033168055205595e-9
Apul,OG_10048,410.3161256926287,0.7133918996201074,0.6397294951108751,0.0018694056426886395,0.007344849969552707
Apul,OG_10049,733.8821928356185,1.1072358710563663,1.0458643517171957,1.0648722926424174e-6,1.509741110496333e-5
Apul,OG_10050,39.48300561326228,1.3165847044932353,1.0828045502345391,0.001370619920581464,0.00571376783351043
Apul,OG_10051,1794.0536742883455,-2.6377985064778695,-2.4989042340530023,5.2006679353468834e-11,3.42295056737393e-9
Apul,OG_10052,2004.4882909634148,-1.9563527053158623,-1.8628233784961004,4.202006168498016e-10,2.031626017312728e-8
Apul,OG_10053,312.11961676738974,0.8978219988102716,0.8050245281208332,2.5267271740859966e-4,0.0014003379796394242
Apul,OG_10054,550.6277686642561,-0.4792540845348517,-0.44852318218484133,0.0014804560851733523,0.006098342859757021
Apul,OG_10058,56.879164955409486,0.8755007322520509,0.6671377095184671,0.02207835207422714,0.05623742956308083
Apul,OG_10059,307.3029505384368,0.5839067527092479,0.4746241999995101,0.04093987934906344,0.09139759645716888
Apul,OG_10060,86.98299031049103,-2.031542131480006,-1.7613201217683676,4.346633138278645e-5,3.2258099594945305e-4
Apul,OG_10055,1466.7673259561896,-0.533116808618318,-0.47512823314951796,0.011853198817034283,0.03358903008585736
Apul,OG_10057,365.3968394909124,0.5523753320806137,0.49938357253464516,0.005785368712451796,0.018760591904117913
Apul,OG_10062,119.35745851046325,0.5565390095162952,0.4526032583219669,0.05034007311224242,0.10769073291888254
Apul,OG_10063,1026.8531638141512,0.4222727093485218,0.37407052063175655,0.03283815513667187,0.0766308604729219
Apul,OG_10064,160.60572247164333,-0.2988605034749831,-0.19344037003752632,0.407305726160036,0.5396088970653987
Apul,OG_10065,199.30622183757657,0.6001142814813608,0.507379606939742,0.023405481992459808,0.05883669671759412
Apul,OG_10066,198.42662277912046,0.05261896279844288,0.045373031328726665,0.8005601280158506,0.8679373105057439
Apul,OG_10067,49.28832078654323,-0.5556918761636759,-0.3113495342746014,0.23267766567176423,0.35572304363552015
Apul,OG_10071,25.60443690329704,0.16420792606925536,0.07154118535158524,0.7714749851370556,0.8467874147041912
Apul,OG_10069,52.797804391866734,0.40001670151337554,0.2450185619661202,0.3327820654921737,0.46298001174841846
Apul,OG_10070,528.7231570928577,-0.7621437415828816,-0.6968183309977508,3.3370931872426206e-4,0.001775254824151428
Apul,OG_10073,342.43363182194423,-0.0639426520883319,-0.05818525335762304,0.7400497489660508,0.8243657080741482
Apul,OG_10075,16.05620188935584,-1.7053703176760697,-0.4860906344629218,0.04971745081585341,0.10662547771930912
Apul,OG_10072,209.53978352760888,0.4744115479624025,0.3982853590307873,0.044109672194002275,0.09708003763078314
Apul,OG_10076,818.1334514388307,0.20016716316125502,0.15152703687429958,0.4928500728054762,0.6159430501021453
Apul,OG_10077,492.792985147402,0.47385619386252725,0.3295922733615884,0.19040627481842165,0.30446770350021424
Apul,OG_10078,387.74928629064635,-0.708515097724128,-0.6668710009313177,3.7164524402235515e-5,2.832734712890597e-4
Apul,OG_10079,346.1733838373955,0.8615603537535034,0.6388818291183304,0.01888836900707239,0.049352774076143656
Apul,OG_10080,1035.1363713124897,-0.8035734753660703,-0.7140612115342404,0.0011911833459298882,0.005064073658769355
Apul,OG_10081,4006.729582548656,-1.075004904303828,-1.0147065847868413,2.975064292619102e-7,5.441410695039847e-6
Apul,OG_10082,516.2705804816057,0.224673984783433,0.21023438949524867,0.11569875030029786,0.2077784567731101
Apul,OG_10083,302.0993329237517,0.6828425389450632,0.6402657100475401,7.297440309223942e-5,4.973622015742425e-4
Apul,OG_10084,170.02591079175878,0.9663768754767322,0.7712910805882897,0.007202186877989181,0.02252588244149443
Apul,OG_10085,209.25667169932026,0.5052179544398808,0.4390689834846454,0.03496112170762805,0.0806045600710003
Apul,OG_10086,515.6907785187952,-0.48382925758142903,-0.44129701488831635,0.004565957092832058,0.015431497416066964
Apul,OG_10087,427.1526280115304,0.7018880129070451,0.5739771483043556,0.019379228151669148,0.050474436812131915
Apul,OG_10088,1170.01237483184,0.2585140753969734,0.23226108197838452,0.15112356230837656,0.25572173884974264
Apul,OG_10089,762.0081939338605,1.4532366911371588,1.2002397490500316,5.322386584411711e-4,0.002609676989213725
Apul,OG_10091,538.7179296087983,-0.40436722848808937,-0.3775733012159098,0.015437998817696785,0.04196696874861981
Apul,OG_10092,237.901806492902,0.03292150203410466,0.023664418072687786,0.8913544049999955,0.9316338794321163
Apul,OG_10096,105.4621201089114,0.35255765733264377,0.25268463980820627,0.28336796646757195,0.41019890088908273
Apul,OG_10090,4988.025154346277,-0.17441432638664217,-0.16035441164880898,0.25073626142704386,0.37587512373859594
Apul,OG_10097,21.712932564202074,-0.04573598556236132,-0.010342134361521916,0.9612524368644233,0.9765224451562083
Apul,OG_10098,81.54154924528243,1.295469021812208,0.8221846622635153,0.02094853654986817,0.05376969942219222
Apul,OG_10093,377.8700587022546,1.2290047785696032,1.0417868698526136,8.28300478063962e-4,0.0037371809087995483
Apul,OG_10094,1794.17365745854,-1.0972878551955514,-1.0571480670178346,4.8302138862363076e-11,3.250301388969611e-9
Apul,OG_10095,380.86233086382526,-0.7835747785234584,-0.7579131834425982,3.1177418246460562e-9,1.1665011631881116e-7
Apul,OG_10099,1942.3389924502476,1.6269278954004756,1.5257363554042107,8.364888300886335e-8,1.8669850942844576e-6
Apul,OG_10104,17.001558953570417,2.5563924748135785,0.29748683239679385,0.024977442404013592,0.06192510260021737
Apul,OG_10101,553.8646826255401,0.566997097141128,0.47915285037862543,0.024552038279411017,0.06113938944088626
Apul,OG_10102,429.58239026009704,0.8753225029216447,0.7650680593717111,0.001681390312794109,0.006741261205186519
Apul,OG_10103,37.703732849534035,-0.14576312115454534,-0.08999477669279662,0.724983393878984,0.8127782248671888
Apul,OG_10105,545.9283224320097,-0.21959470094997063,-0.19299393172947873,0.24817518469065297,0.37290378942769836
Apul,OG_10106,169.25512592083828,0.5418819850142771,0.4659271578017331,0.017452496275874366,0.04635321323109253
Apul,OG_10107,154.7265518074602,0.9389930048424573,0.8197049008922864,0.0010774890799750212,0.004662053279335301
Apul,OG_10108,424.5022352829568,0.4028103278258335,0.3531863748562193,0.054508607416373075,0.11486424703749382
Apul,OG_10118,155.09712674443082,-0.953168723098713,-0.75637830795605,0.006897971812013245,0.02169480705578076
Apul,OG_10119,408.28492767213527,-0.7890093623290284,-0.6918734703263755,0.003009858825058016,0.010903936129187677
Apul,OG_10120,368.86719246655485,-0.8654645819414019,-0.7278411679384171,0.004600041385538954,0.015529229941372052
Apul,OG_10121,294.9196679215162,1.5792725326310997,1.3668752029565878,1.8888201755255544e-4,0.0010980974547204335
Apul,OG_10122,753.3922354852831,0.05687596368093946,0.05473146061355527,0.7220870747249006,0.810096531133403
Apul,OG_10123,635.663298038103,-0.52862967295198,-0.46672642910534373,0.013784181589693235,0.038173208044921345
Apul,OG_10124,483.34311667388556,0.15743938412801886,0.13186461720809978,0.45840054855006696,0.5876311837185035
Apul,OG_10109,189.45854486409127,-0.37371053227449746,-0.2805257285548585,0.22239386522851554,0.34284928753043675
Apul,OG_10110,98.56228966543597,-1.5839344853053918,-1.3694600724453116,1.2319994767638148e-4,7.603654539342449e-4
Apul,OG_10111,321.24808021791785,-0.2534388382799634,-0.21146302077066081,0.25722693323332935,0.38324772917464156
Apul,OG_10112,301.87567513776344,-0.6734382174037092,-0.577792979905839,0.007636935940882778,0.023558758596968873
Apul,OG_10113,663.7982345077543,0.006313367507574988,0.0035886058268211033,0.9880152988026162,0.9919757208888977
Apul,OG_10114,843.8225728453788,-1.5830553001715792,-1.4463867843406355,2.9702382705426763e-6,3.5052479974482816e-5
Apul,OG_10115,143.97224885395872,0.47218378724586846,0.3044533255306355,0.22954158617211212,0.3519429489056172
Apul,OG_10116,533.465316883585,0.2610720775965647,0.21605465138167443,0.2801148108291764,0.4066648284087399
Apul,OG_10117,339.7207027512069,0.5974052724820131,0.5635761322644968,3.5100973961589257e-4,0.0018476677303657346
Apul,OG_10125,325.78629564404145,-0.19337503286068888,-0.1635255368799505,0.3448984654390837,0.47669366383571704
Apul,OG_10126,315.3211568420589,-0.48238297762135046,-0.432191779612878,0.013089363120479824,0.03654080100847262
Apul,OG_10127,3791.255096339519,0.4497261937560738,0.3842464281247729,0.05231497177291137,0.11107230997794722
Apul,OG_10129,284.41333681516153,-0.4311743865581039,-0.39701358690004257,0.008423787032496657,0.025506140924117647
Apul,OG_10130,328.743479096356,-0.3047005036489156,-0.2707595811669901,0.11454957011077009,0.2062075211996035
Apul,OG_10131,98.50652964699806,-0.3001406375920077,-0.24277960135275067,0.24577141791156287,0.37091206869189064
Apul,OG_10132,1941.2557799166134,1.2741788265905563,1.1401307031588788,6.336729695864038e-5,4.421678743462021e-4
Apul,OG_10133,939.7862833841436,1.0091777425740418,0.9315100960200341,1.671103907187027e-5,1.460110846037347e-4
Apul,OG_10148,243.10672992302716,0.6851319234513071,0.5294425222773436,0.04346778379026359,0.09588186092981951
Apul,OG_10149,208.29045429591815,0.05764588866881619,0.04976907858834846,0.737907790607691,0.8231715279088142
Apul,OG_10150,81.24376400082905,-0.16222847788630196,-0.1332068857295926,0.48665959707361794,0.6108309558481086
Apul,OG_10134,402.7279230198451,0.1718087267507465,0.15555497286731856,0.30616224608753406,0.43509298234378163
Apul,OG_10135,3951.9838035295406,-1.0984966548332928,-1.0228868344204323,3.168459458620941e-6,3.6959895133745186e-5
Apul,OG_10136,5577.0705662681985,-0.7759763586400892,-0.6788300239637107,0.0027496923446834304,0.01014068542822515
Apul,OG_10137,103.07100103083594,0.6777336870940158,0.43848567913496256,0.10598501336378993,0.1936900821851021
Apul,OG_10139,46.56572757733083,-0.28415540470770423,-0.14905310654978976,0.5534612977635587,0.6710002888314263
Apul,OG_10141,781.2495220443882,1.0207329433312564,0.994061514722461,2.5331164308463643e-12,2.48272944097192e-10
Apul,OG_10142,281.82210774912227,0.2086656477574808,0.19699058670686664,0.16185886301680938,0.2690098092975671
Apul,OG_10143,1488.6216493879263,-0.6183835437774227,-0.5937552374354919,3.3558299388810185e-6,3.874413230714077e-5
Apul,OG_10144,39.603111722808436,0.5228316732776862,0.3348634536424243,0.20932074355002758,0.32734046905837644
Apul,OG_10145,293.2148689774233,-0.29721397867355803,-0.227922703815718,0.29624350324110565,0.42360096237314454
Apul,OG_10147,10.16794806735124,-1.5628658623755431,-0.3678504374575397,0.0744381694407988,0.1466482354921745
Apul,OG_10151,243.1441079873328,0.07288918626758331,0.058405180166729534,0.7768831686737487,0.8505531243238457
Apul,OG_10152,252.20363212058473,0.02517273011238826,0.021942691342532874,0.9051084370760977,0.9404658650743458
Apul,OG_10153,57.74360246509826,0.45455821886577097,0.3245649457761909,0.19762691074962427,0.31312631422058723
Apul,OG_10154,216.89145400910184,-0.04684042754766361,-0.033311894759929725,0.8946500078447983,0.9340301105626937
Apul,OG_10157,20.682069709894062,-0.6188813440024695,-0.13651555683155597,0.44512065190147404,0.5749395384895561
Apul,OG_10155,481.62909935098253,0.7856670378681045,0.7519147669875663,3.983591489446988e-7,6.828905790939828e-6
Apul,OG_10156,292.6576320988701,0.35777787194252897,0.32797481675862583,0.03815386533245225,0.08628878949152795
Apul,OG_10158,673.2120702161357,-0.6703845337769181,-0.6051656000298131,0.002365124346307786,0.00894936056678863
Apul,OG_10159,399.4752851913071,-0.9691166100474626,-0.9177055181461327,4.984918883108978e-7,8.069840856192758e-6
Apul,OG_10160,269.1545284334877,-0.3573800885180299,-0.25704678650441265,0.28293248262827986,0.40983167804967063
Apul,OG_10161,240.61150397425928,-0.2472913158671498,-0.20627103768846328,0.27799713552018795,0.4043717004332206
Apul,OG_10167,148.67526470211607,0.5477719574450365,0.48185503700043447,0.014530317703531933,0.039932909092577705
Apul,OG_10162,570.716443621854,0.6610842899119376,0.5712667071537693,0.0093033547230006175,0.027704210547323836
Apul,OG_10163,231.56146142985185,-0.1749097402276144,-0.13054938245171596,0.5681767729480416,0.6835556986887913
Apul,OG_10164,2918.9506243051283,-0.6114717801857191,-0.5041142622190158,0.0344265330066618,0.07967763042121906
Apul,OG_10165,2398.379992505138,-0.07551678576301395,-0.05359217286467357,0.7878813959939671,0.8591518379099773
Apul,OG_10166,778.9490572607779,-1.067587769775076,-1.020087996989714,2.18895634366494e-8,6.148853380319865e-7
Apul,OG_10168,576.3468603107365,2.45805919672581,2.373256684067374,2.633582324955614e-14,4.749402364824954e-12
Apul,OG_10169,638.7985881719835,-1.4401213577012015,-1.263250162019375,8.342595364970183e-5,5.531263412201187e-4
Apul,OG_10170,1434.1829603448425,0.5987818043877103,0.577055573648955,4.2675972935000855e-6,4.710027514747891e-5
Apul,OG_10171,578.4525017694375,-0.18820057811091515,-0.17517419702503007,0.18516178306294054,0.2980903049238591
Apul,OG_10172,142.98630758529399,0.40014858033767425,0.2824651483246332,0.2360061831966558,0.35989930128420405
Apul,OG_10173,302.6556038614638,-0.9318413823907612,-0.7905212988372164,0.0025738183343127223,0.009594096701321959
Apul,OG_10174,290.97752579230666,0.4507940042209587,0.37806226933708836,0.06995946442666641,0.13974844721649335
Apul,OG_10175,111.43271029171635,1.5010473054828397,1.1645797554464656,0.002885001632002069,0.010549091531128409
Apul,OG_10176,1786.2552306013736,0.02307696226261037,0.019471896162967905,0.9198347029254388,0.9509254666713902
Apul,OG_10177,263.67262898494977,0.27708295764734464,0.1815200077317358,0.4510710697870688,0.5806292414375446
Apul,OG_10178,86.83295492024213,0.10076451563170868,0.08058280361433018,0.6840034766193044,0.7802199380850519
Apul,OG_10179,45.42848671049104,1.1734721370515926,0.743765908005821,0.027394909963394106,0.06661809685542737
Apul,OG_10180,938.2812752888401,-0.5341880827168359,-0.44846403447460087,0.03535011316964714,0.08127281245556049
Apul,OG_10181,190.50446595618266,-0.08053320562304571,-0.035585802693712046,0.8888912500044512,0.9303694023552103
Apul,OG_10182,159.02692914446038,0.07163776201367483,0.03882419830621666,0.8675821595737891,0.916577426230446
Apul,OG_10183,73.37612154413111,0.21138121125194706,0.1132565640982028,0.6508361832740348,0.7539420240247225
Apul,OG_10184,476.43843262859974,-0.3666212366648224,-0.2934691584290804,0.18736142869404745,0.3008794305492833
Apul,OG_10185,156.32159642070644,0.740612205974105,0.6487816895739972,0.00374686045803526,0.013054652530952063
Apul,OG_10186,690.4508552952991,-0.8763346390639986,-0.7926443266892437,2.6934242522978525e-4,0.0014808906392054717
Apul,OG_10192,8.664301802201162,0.5286244582803421,0.14016671081240947,0.49073574189060715,0.614086663061535
Apul,OG_10187,6535.704469355087,-0.41594787236982295,-0.3444379338754046,0.10196735907039808,0.18738220370502331
Apul,OG_10188,473.52007326880437,-0.09624632592158625,-0.0885849155672177,0.6461790618369723,0.750173374608469
Apul,OG_10189,40.05850509326028,1.7437507359185889,1.3233754372639515,0.0014989342225915567,0.0061519753687337584
Apul,OG_10190,446.00808390823823,0.1202812979167376,0.10170122409561407,0.5830315699936242,0.6956723126415918
Apul,OG_10191,277.7155090682284,-0.5350755401108016,-0.43516701473136155,0.051657030109308055,0.11003813855318467
Apul,OG_10193,645.845200531385,0.5044246774349282,0.4480287837033778,0.01601092900300231,0.04323766002398079
Apul,OG_10194,115.31568675442199,1.280316186171927,0.6629061592933567,0.031980224796613346,0.07505613924806417
Apul,OG_10195,556.333477202014,-0.08167931419792201,-0.06294685680363576,0.6859624233172336,0.7817639164249539
Apul,OG_10196,140.84298658364796,0.2594421974424776,0.20098697906922475,0.3547324857640167,0.4877078408391743
Apul,OG_10197,69.06970809337267,0.29355888317777884,0.1751318138776911,0.4824488323566286,0.6080851441654627
Apul,OG_10198,242.36838476132638,-0.12294398408581661,-0.10387718187526213,0.6084090245630477,0.7174086798071141
Apul,OG_10199,152.5987892700932,-0.031068372962774597,-0.024870317003497622,0.8899979389157056,0.9307579117713588
Apul,OG_10200,64.2036432037922,1.134408823900682,0.7606579510206436,0.021760785353596712,0.05556981068631593
Apul,OG_10201,127.79405696059924,0.35242263780363287,0.3103751500768251,0.08287722276384128,0.15988530544748755
Apul,OG_10202,170.04545315297574,1.1210450384714377,0.8449577312665819,0.010703535654533304,0.030973613927126706
Apul,OG_10203,247.98422727779706,-1.4292529520132604,-1.3079826544362367,3.089486790831927e-6,3.617909401679413e-5
Apul,OG_10204,363.5917728954196,1.1611273712828014,0.9468563098861167,0.0024487709637485812,0.00920790983324477
Apul,OG_10205,1089.072020714742,0.49529715994378615,0.37238785550698933,0.13160079058272045,0.23041637450182337
Apul,OG_10206,168.71964820076593,-0.09679466390473691,-0.08243765851501729,0.6283156845667761,0.735209256130109
Apul,OG_10207,3378.1860702354993,-2.46462535242241,-2.3780843308646813,5.117990161595772e-15,1.2472680347867317e-12
Apul,OG_10210,295.82641830160867,1.3252139967405578,1.2263469889595477,2.4615818047864374e-6,2.9873597757414947e-5
Apul,OG_10212,111.82953578499772,-1.3246342430047748,-1.1954278357173538,3.4840366998232794e-5,2.6850905061800436e-4
Apul,OG_10213,111.00797463614624,0.49781037544777357,0.4080142053621222,0.06644146909157533,0.13441838160169056
Apul,OG_10214,169.98617077159983,0.2250148109393513,0.19472291030106662,0.2811778008956571,0.4078797024897265
Apul,OG_10215,118.17980806279851,0.8594397804044451,0.7885378280900734,1.3146110322437366e-4,8.003948465727058e-4
Apul,OG_10216,97.52469841195541,1.640183358554448,0.9563117756997905,0.011024670501273105,0.03172979697094784
Apul,OG_10217,7.374858212622826,1.011125328621588,0.12879170918389804,0.32431731536620473,0.45421893504315275
Apul,OG_10219,837.5084042325489,0.15420549402936615,0.14585475458937625,0.21169151682939683,0.329942090965805
Apul,OG_10221,3378.9351710199635,-0.18489990264568093,-0.17993951323209456,0.024809893151405887,0.06161134853930787
Apul,OG_10222,21.28146385158457,0.05875451557654544,0.02131958147973672,0.9297764981935547,0.9570330454520182
Apul,OG_10223,304.1783927443441,-0.08267187820153847,-0.07130263041323102,0.6952250974571207,0.7897259641938595
Apul,OG_00101,10.429107643132836,-1.4212874895356633,-0.5257589243621698,0.04719496659443636,0.10264279155379466
Apul,OG_00125,8.72228734585827,3.1390782948259957,0.6329416901761886,0.009686640752121207,0.028607056945164924
Apul,OG_00823,15.18869100138123,-0.24279256559835363,-0.06246462280539364,0.7525274164900699,0.8333996210379466
Apul,OG_01457,35.4009240168647,-0.5755294566361921,-0.19064168750169058,0.4221687770494801,0.5540130497377255
Apul,OG_01500,7.853931615036186,-0.35190364874954616,-0.062176953083120046,0.7220257510303894,0.810096531133403
Apul,OG_01563,28.105864371433842,5.0875429104513605,4.709188701636145,3.0577840700739517e-10,1.593759477448371e-8
Apul,OG_02101,1183.2127399894503,1.5261567686597057,0.2606308141349063,0.15587445337976075,0.2616951681225972
Apul,OG_05148,7.508510020947971,0.851694043163291,0.12036438432259669,0.4617671628884378,0.590352262549985
Apul,OG_06243,44.14206623363397,-1.467227844576215,-0.08776899055668413,0.28543599470035225,0.4124641609315827
Apul,OG_06630,8.450981138612375,-0.20890881171259193,0.013552286583457066,0.8961129470562728,0.9345651681247296
Apul,OG_07821,9.11369935118925,0.7226193671213343,0.06664981584262902,0.5446753483554136,0.6629775399731054
Apul,OG_08213,12.513998425276995,0.26136084283303457,0.032240506979087535,0.8237738994591444,0.8848087256013228
Apul,OG_08252,8.7713730285958,-2.5880305703473785,-0.12394442250659056,0.09729995134353475,0.18089766211642327
Apul,OG_08362,14.390781691888211,-0.1333820241295965,-0.021226862270891614,0.8968457462300187,0.9348985707890493
Apul,OG_08758,6.408946275833719,1.5273265665504363,0.25360662961760555,0.11830910614425233,0.2117073248864305
Apul,OG_09092,43.223506478125465,3.7755341905336866,3.442316314742534,6.247615225806353e-8,1.4594493909610334e-6
Apul,OG_09221,7.651969297574595,-0.9472063172772555,-0.09131501896916495,0.4678079248759667,0.5954080732828733
Apul,OG_09781,20.395891916947935,-2.2477784612711638,-0.38124234111872124,0.024746354302079773,0.06152133353786968
Apul,OG_09817,18.834116634796196,1.1942138964722961,0.25949748372031545,0.19417770593449832,0.3095651298464235
Peve,OG_00686,8.294099257214585,0.15942544523931973,0.021400529848809146,0.8152752140457535,NA
Peve,OG_00683,176.3538731151292,-0.39128790965014953,-0.26951383729014966,0.07975711226217486,0.25745325475137626
Peve,OG_00684,16.37505523487623,-0.01574503471657115,-0.002167060695846846,0.9752539981323629,NA
Peve,OG_00685,644.6853731094205,-0.01784476207378327,-0.003160674420790158,0.9330284689785089,0.968807017599569
Peve,OG_00689,62.47257594429965,-0.03107588480389937,-0.004373305544214526,0.9492726288648011,0.9768416704973734
Peve,OG_00687,332.2777590035719,-0.022608691771159702,-0.015141094431019042,0.9060452882994152,0.9554862304260795
Peve,OG_00690,54.21608474172903,-0.09824077871730709,-0.060176286128449115,0.6549214060463359,0.808759307927088
Peve,OG_00693,11.393716876059402,1.2663002531561716,0.1717622652406287,0.06959185204087721,NA
Peve,OG_00691,300.7614286339645,-0.3396994678686932,-0.22097801029679778,0.1414664306566834,0.35555634072669556
Peve,OG_00692,281.3040474819204,0.14982598006260303,0.10033734899000789,0.44935896745952775,0.6619574896900218
Peve,OG_00694,168.83882300104372,0.3939336665915016,0.2218525030568051,0.15011296241071057,0.36754047952683006
Peve,OG_00695,132.84538981752658,-0.8398112124692433,-0.630487986585521,0.004492430660376771,0.04621641408200142
Peve,OG_00696,12.33196812672943,-1.318057940643251,-0.10878130662238386,0.12439428384893213,NA
Peve,OG_00698,13.058424214731103,-0.21632825171730002,-0.01687201134926785,0.7994563678067947,NA
Peve,OG_00699,1875.6155880040403,-1.2094688389563544,-0.23061282886320406,0.03949743501896077,0.16951631547855953
Peve,OG_00700,308.64153175873685,-0.2631254799360488,-0.2205163637479214,0.059538782690717405,0.21575049569849417
Peve,OG_00707,28.651122031772747,-0.42896891728602793,-0.11025184880649597,0.35555817846303017,0.5910011457524177
Peve,OG_00703,524.5371115623269,-0.9352291292732006,-0.6852979175162321,0.003597153888263873,0.04047182694323675
Peve,OG_00704,24.862901550040224,-0.05958336996636335,-0.019393699316268248,0.8767155097545353,0.9408112062699041
Peve,OG_00706,222.441580341722,0.9347537034881491,0.49783433700526936,0.020229874077990068,0.11273678180404413
Peve,OG_00701,244.5281181068591,0.142347282337901,0.11336976565823435,0.3241647367167162,0.5608106856641136
Peve,OG_00702,176.133743353108,-0.05734419801644712,-0.02379611456438773,0.8589988161377575,0.9321727893643073
Peve,OG_00708,1760.4188487163935,0.11913737276939497,0.08660946129021478,0.4899167536126257,0.6946186169776629
Peve,OG_00709,74.20582719615487,0.2952435118708407,0.1445074714164714,0.32414342802355556,0.5608106856641136
Peve,OG_00717,14.05605031465717,1.3295462886679579,0.19266955225989826,0.05947272065778173,NA
Peve,OG_00718,97.50752897062948,0.4013856190977765,0.21698976183460306,0.16293972238180293,0.3830456101780532
Peve,OG_00719,7.613575381057497,-1.168006805099278,-0.24349817434374255,0.050876724801365375,NA
Peve,OG_00720,467.23894927367587,-0.4650696108380774,-0.2352725535357183,0.13717199158032684,0.35028949570610285
Peve,OG_00721,729.8244304256094,0.06398378768452324,0.03873616469683873,0.7548383548175417,0.8702397494434241
Peve,OG_00723,50.221522258311886,0.8849535565016174,0.7132131702990455,0.0016682491104323238,0.024989800029937483
Peve,OG_00724,17.722870659177023,0.3424398848248195,0.03617099535285006,0.6519426941709972,NA
Peve,OG_00725,31.536547246137317,-0.08729651768290557,-0.029967453752481773,0.8854175934079874,0.9448492195023364
Peve,OG_00726,21.534654275374702,1.3876587400365792,0.336616605226206,0.02009597634016167,NA
Peve,OG_00710,183.539535954113,0.7416692316307857,0.47058627282804544,0.021657392647870474,0.11726085088235769
Peve,OG_00711,9.004460678125065,-0.024717830493444063,-0.0014537550198571343,0.9809197303127253,NA
Peve,OG_00712,50.97169338976077,-0.4349444800546384,-0.07174773654696107,0.4601219782801744,0.6702120899690954
Peve,OG_00713,22.762609143354105,0.4397313274587829,0.06978319289530253,0.4678719297751911,0.6759431748582222
Peve,OG_00714,209.43008873618302,0.08229525226739759,0.0145900530470431,0.8838175207233558,0.9441763950176026
Peve,OG_00715,7.688079382354385,1.1734919208862165,0.08342461195706873,0.21891640272309768,NA
Peve,OG_00727,8.164220518681246,-2.3774348518550936,-0.3653994739641533,0.0031287727873718836,NA
Peve,OG_00728,604.099311809788,-0.5417074967541591,-0.2422838694144868,0.12471992049743781,0.3309852316375351
Peve,OG_00729,201.79144785404142,0.12251402595491048,0.055508560309875984,0.683721686167234,0.827213779280622
Peve,OG_00732,13.581998992594864,-1.9496268132866232,-0.2976868530970299,0.006500739534430707,NA
Peve,OG_00731,187.73970077404837,0.08337760894807097,0.03652767808845291,0.77960371078521,0.8846435246475461
Peve,OG_00730,33.11413599052319,0.4551784551531482,0.301435345328834,0.06304596573732768,0.2232580337898683
Peve,OG_00744,21.090937787568226,0.8243874551075066,0.023183764190229123,0.5103542053692014,NA
Peve,OG_00733,64.85282872880377,0.6028569196668763,0.4086505348172289,0.02679307241988649,0.13437105049025364
Peve,OG_00735,47.98050476440812,0.23217446277763118,0.12291031231667778,0.3855263411961496,0.6149371162546624
Peve,OG_00736,54.21745372261585,-0.1706050806544906,-0.06756001004487859,0.6140905804520838,0.7807313154011973
Peve,OG_00737,120.84882635257516,-0.32309987839748106,-0.23197479939949595,0.10510615337912556,0.3020364679148165
Peve,OG_00738,9.990714396145759,-0.04881393987012391,1.3394158665320689e-4,0.9633148024585882,NA
Peve,OG_00739,70.595641095218,-0.5205557946539606,-0.2950104286007478,0.07698552114991732,0.2525980287992026
Peve,OG_00740,115.49159034572918,-0.5246309098036233,-0.35036632779678273,0.04091211136377816,0.17334174881493997
Peve,OG_00741,808.8146860011403,0.3545376564535332,0.1670173478305107,0.23789784685965856,0.4726932178865099
Peve,OG_00742,26.241906618861613,-0.5853142744707682,-0.24987658642504174,0.1115379572237147,0.31082088408972997
Peve,OG_00743,36.71173161697767,0.051545981356596625,0.030173157082919247,0.8239617104814195,0.9116834147345612
Peve,OG_00746,59.32104609825622,0.5548515526243452,0.3209628180831768,0.06339828199434087,0.2238859312834773
Peve,OG_00747,400.6399428048888,-0.010551301516190622,-0.01032527160700912,0.9344942111798817,0.9693223289548256
Peve,OG_00748,36.7499316917614,0.8613943567832174,0.4606997875735166,0.024499935937150615,0.12696633467293428
Peve,OG_00749,60.858266775911595,0.3645486291933841,0.13724779354964892,0.3187435999729932,0.5560913855281732
Peve,OG_00750,136.62957810942248,0.5376876126347668,0.42815232215776994,0.008958836597334954,0.06955482024901162
Peve,OG_00751,54.028030870385216,-0.15745525507908445,-0.07832011261879014,0.5806268525667313,0.7564373047267359
Peve,OG_00752,1725.4562538503271,0.10799986530914561,0.054443142654550046,0.6923426575661796,0.8334807783405745
Peve,OG_00753,6.783014403741127,-0.036243873620558704,3.227827711467285e-5,0.9707422375195396,NA
Peve,OG_00754,56.418313070790326,0.42059716926190543,0.18822824183816808,0.20627690021969033,0.43771230911251935
Peve,OG_00756,36.920905218164265,-0.409698307905453,-0.1525798095598263,0.2736887144201787,0.5120237294825446
Peve,OG_00757,504.8818764001707,-0.10914545096148097,-0.06108523876201009,0.6514702499300428,0.8066217031419394
Peve,OG_00758,28.429937150094798,0.221972814342965,0.11136066122553519,0.4306983349437584,0.6497148347725845
Peve,OG_00759,487.494157863657,0.46754083706120203,0.24812483611884686,0.1118925714705276,0.31082088408972997
Peve,OG_00760,128.0546754354204,0.3115480322665304,0.22147237641570197,0.11688543876962726,0.3184511198378414
Peve,OG_00761,48.88318230958809,0.31629582091427494,0.11626718889310501,0.3815014379940295,0.6115974828252689
Peve,OG_00765,199.53136120313025,0.025432168017326687,0.007505014205677722,0.9254250504456766,0.9650544513945174
Peve,OG_00763,11.931660043369085,-0.6846261634562912,-0.09484440266481925,0.29813840738389824,NA
Peve,OG_00764,684.0866356397273,-2.478804451353656,-1.6169407614651607,6.664824684506545e-4,0.014558588608833262
Peve,OG_00766,9.229813885711323,0.038924269027234136,0.0031543041084802726,0.9572295744733221,NA
Peve,OG_00768,71.31617561230219,-0.08511800009188131,-0.04216089545773017,0.7572336307741373,0.8720919909013386
Peve,OG_00769,81.7059267272259,0.5016824262275368,0.17619549629284356,0.20925149365232737,0.44071824126166154
Peve,OG_00767,18.98564671577725,-1.377415650493473,-0.24699251725347485,0.04029393125146958,NA
Peve,OG_00770,73.15747452322522,0.38531430077658896,0.20041511238943194,0.19364450709667538,0.42280993266336286
Peve,OG_00771,95.62483382350338,0.43725384794007893,0.267697663402874,0.09631435935039065,0.2875031448120361
Peve,OG_00772,24.07606459082073,-0.481693661418108,-0.12205688960383977,0.31292145892589496,0.550872474018502
Peve,OG_00773,89.27247661232997,0.367440805146488,0.2409394631144179,0.11196801265263068,0.31082088408972997
Peve,OG_00775,28.233221369734643,0.4856098982273207,0.17064059718080007,0.21750442610647766,0.4522239951089375
Peve,OG_00776,568.5146462019266,-0.029135650741313013,-0.022639936666529588,0.821789320872645,0.9102051535922957
Peve,OG_00780,59.62692708592682,0.11135822972268546,0.03897915322967751,0.7636704301618618,0.8765468339570684
Peve,OG_00781,95.89676617478038,0.12056970692780453,0.06415263506716165,0.6605418793082134,0.8125315738042902
Peve,OG_00777,184.31271533045438,0.4687068135110722,0.2527547345500048,0.11384327433789812,0.31324973768244885
Peve,OG_00778,11.03393730840886,-0.158965412555039,-0.016295054836120634,0.8309569474209121,NA
Peve,OG_00779,625.8764714843114,0.44509986516898975,0.3077668855790742,0.0521629909060942,0.19988816132928855
Peve,OG_00783,51.79932742578915,0.20132995402611734,0.08772950364710017,0.5422774022610647,0.7305227198214392
Peve,OG_00784,270.94336859024264,0.3910057985150646,0.31174446817716256,0.027134532036774447,0.13528197974878778
Peve,OG_00782,560.0375009522437,0.02927139097178649,0.02290709383549512,0.84288628535315,0.9231034677717506
Peve,OG_00786,147.46612051810587,0.35425140875834904,0.16959740810886412,0.24120761784285447,0.4770281459841982
Peve,OG_00787,168.6322972202074,0.3763140351064828,0.288986045050976,0.04450206773351425,0.18207129537804057
Peve,OG_00788,44.6695199384666,-0.25399609982251226,-0.11687990774146718,0.4005120005690136,0.6265420052955688
Peve,OG_00790,16.61063675780541,0.6986608317758084,0.002427785154477174,0.7582118995614953,NA
Peve,OG_00789,46.18915601602938,-0.08592218303089603,-0.01944476834158878,0.8631943529141911,0.9343300057545194
Peve,OG_00791,81.19156992692692,0.6148554740284163,0.49230838294259943,0.004999266034063557,0.04895168206619046
Peve,OG_00792,28.739161653722817,0.2150536869670061,0.042062553149152145,0.6815360143993031,0.8260630558408625
Peve,OG_00797,17.6607811769465,0.5329190133130632,0.03983192000076836,0.5152115766278409,NA
Peve,OG_00796,56.03683465702065,0.3850927433621655,0.18194121681323747,0.2182611631909743,0.4529320460879439
Peve,OG_00803,35.90211806953968,-0.4885427891878947,-0.12775899142663508,0.29982649173087444,0.5376201616930448
Peve,OG_00802,875.4342912014265,-1.2683610987423033,-1.012528831028782,5.427114109593848e-4,0.012879674544201225
Peve,OG_00798,190.80840560465552,0.28042385936198205,0.20172782868586925,0.14076202178925265,0.35501304194362093
Peve,OG_00799,175.29800157582144,-0.33051654639371403,-0.2317268618756492,0.11093857811581875,0.31046025533656163
Peve,OG_00804,8.676927302033825,-1.3388437780130558,-0.1807444851236094,0.05697847179419818,NA
Peve,OG_00805,444.096196438689,0.4842091042726065,0.38228788072103864,0.013056288647593015,0.08681014836473244
Peve,OG_00806,25.679890318779172,-0.020158080133783028,-0.006255889211009505,0.9592042829157492,0.9807808339147949
Peve,OG_00807,1117.1547050794743,-0.7485900317131207,-0.5411799909319849,0.008585628381424001,0.0677775305799876
Peve,OG_00808,189.27300042909187,0.7023125921080322,0.5693165754489059,0.0023515201891677775,0.031372821017653464
Peve,OG_00809,148.00842120119532,0.09578256859927121,0.07133083683720637,0.5576226926534338,0.7414853678886121
Peve,OG_00810,223.89736023851333,-0.03631690017450843,-0.02162095643515085,0.8620364552217354,0.9335968575777857
Peve,OG_00811,82.17715674259654,-2.5754229982721117,-0.19994937876686378,0.003314093009512498,0.0381594188384164
Peve,OG_00812,38.16457283739112,0.4054732279535386,0.21943567334769898,0.16346988917673527,0.3835880710978483
Peve,OG_00813,413.4932015109091,-0.07783656996020277,-0.03659960937930056,0.7858218397940212,0.8884521780277314
Peve,OG_00815,40.424583712774044,0.5591923511942775,0.23037926062488284,0.13451404205957407,0.3460834164823396
Peve,OG_00816,659.6508694415787,0.42914490591563786,0.31023462826211734,0.04701800252434333,0.18861671576116243
Peve,OG_00817,9.794650702404414,-0.24081928072024988,-0.04047335536178825,0.6770448930223982,NA
Peve,OG_00818,7.258965215943831,0.4714693164338921,0.049644966267470544,0.5392128284482391,NA
Peve,OG_00819,18.447652192626602,-0.43681467800291685,-0.12949329430483875,0.3254716139669188,NA
Peve,OG_00814,157.54576646607612,0.34054350402712025,0.29607437106391016,0.010548898248785363,0.076534768437378
Peve,OG_00824,11.934316183342283,0.5983641606034561,0.06278026534858973,0.4198166209729218,NA
Peve,OG_00825,282.2658157391286,0.16666492652473242,0.12435002192292902,0.32037131415119313,0.5573506523948795
Peve,OG_00820,810.7262692941584,0.30458958964581173,0.2542145643631336,0.028002317134980036,0.13807387146709713
Peve,OG_00821,104.82301250536773,0.39540047062439704,0.27089208550060884,0.0803464917266184,0.25858875115056146
Peve,OG_00822,18.64156297104505,-0.6063100791426228,-0.06444263401221546,0.41366888815891956,NA
Peve,OG_00830,160.52128024876018,-0.22654166000935214,-0.15400916293454223,0.25892168276711536,0.4971398274262734
Peve,OG_00826,118.67264588288947,0.07260539557544632,0.03878223035506557,0.7764065041878202,0.8835770464449977
Peve,OG_00827,395.9956565745397,0.1912074993004696,0.09123033424392087,0.48509988457519415,0.6907459664848279
Peve,OG_00828,44.27497708485584,-0.32835474967952466,-0.1230315149276858,0.3710271547898413,0.6025335461924985
Peve,OG_00829,17.220943474516385,-1.1417301299840261,-0.36898815413715025,0.031993291059567906,NA
Peve,OG_00849,274.2945997050886,-0.5597135686637371,-0.25755465777193415,0.10557901457876136,0.3027101742796402
Peve,OG_00848,518.8706699970179,0.2027409599082482,0.13982955037665762,0.3027457615459229,0.5405008698047435
Peve,OG_00850,25.821507965186242,0.09166862959080538,0.03151286661222775,0.8098399333551154,0.9027451876352457
Peve,OG_00851,39.18471320242194,0.9444660231503856,0.6440336904581687,0.007409935948411438,0.06203174951098719
Peve,OG_00852,533.9721604429978,-0.07162594286061275,-0.049826669450225514,0.7208506349511539,0.8500681326715
Peve,OG_00853,372.38830309415766,0.6432162217170009,0.21995172479850233,0.12064271298966543,0.32429646702726583
Peve,OG_00854,36.51411008299533,-0.047787707697555484,-0.01914482044718836,0.8848399186057274,0.9448492195023364
Peve,OG_00855,20.559973476175724,-0.2582678522354298,-0.09428844513149344,0.4790522396677727,NA
Peve,OG_00857,28.850842129783892,1.1882476828290718,0.16350369035376555,0.07359669891274287,0.2463438175472549
Peve,OG_00858,191.32986758923863,0.3026182216633624,0.2065637778734942,0.14947920004902185,0.3670265055434166
Peve,OG_00831,28.956350362630843,-0.2976641334800806,-0.12139052547296401,0.3813231733361044,0.6115620914683038
Peve,OG_00833,54.01040066853964,0.1824498292955633,0.05994898896219695,0.6378046742186032,0.7976450757548997
Peve,OG_00834,104.62378167668281,-0.634912372375913,-0.42936391227165,0.021568071272020317,0.1169434640215308
Peve,OG_00835,103.64233856285011,0.18101153851096788,0.0995073336207247,0.4794570561956595,0.6856607809590846
Peve,OG_00836,293.90387448442925,0.48531307006216107,0.3963181568076788,0.009361297381510762,0.07160076651842268
Peve,OG_00837,49.668320883308866,0.8175595626025017,0.6350575911608315,0.003137686582258298,0.03688718577722796
Peve,OG_00838,605.739625064873,0.6059803319554938,0.41966760111440204,0.022471483637539254,0.11962806593345496
Peve,OG_00839,224.48156436985008,-0.6565706349900584,-0.5850762033913713,1.287847512447196e-4,0.004980112867930325
Peve,OG_00840,81.69283381349992,0.5113779961465863,0.05229816617088822,0.4983762435090327,0.6994905148740506
Peve,OG_00841,168.59132578965486,0.015770465688137916,0.006905865692395831,0.9520249489367962,0.9779421895258326
Peve,OG_00842,12.009215634803729,0.9603984941329731,0.18340482184902268,0.10493553936164027,NA
Peve,OG_00843,4134.301294950426,0.07781805606619656,0.02716100939443955,0.8336410024670379,0.9175265352532169
Peve,OG_00844,249.7497491384,0.4595927937150028,0.2854365580608101,0.0799952875299213,0.25789424477483724
Peve,OG_00846,51.182376054461066,0.17572455192797487,0.06094486915489198,0.6388128521226655,0.7981318599220999
Peve,OG_00847,155.27561889686064,-0.10463864375354433,-0.0746398943138562,0.5494613102737766,0.7353227011833924
Peve,OG_00862,27.272050225482406,0.5832166457389589,0.19792517007906707,0.17367416455714071,0.3973122479268162
Peve,OG_00863,470.4308557190855,-0.7211213596407788,-0.42152364112094104,0.02958402661441851,0.14227974415949507
Peve,OG_00859,61.75383801379576,0.16950338488307734,0.07681577966887984,0.5679534015347183,0.7485022217812151
Peve,OG_00860,9.807266493951206,-0.3174632813072373,-0.02105506136439947,0.7226148889198621,NA
Peve,OG_00865,1942.1237410754252,-0.9720546433305076,-0.5920498402460046,0.012424019400070159,0.08495916364135066
Peve,OG_00866,253.50456977983293,0.2930409908464614,0.13050705039635863,0.35534505750634604,0.5909230840609788
Peve,OG_00867,114.2111092493119,0.23835495804081558,0.09164152118914735,0.5012642812875077,0.7005971164368788
Peve,OG_00868,16.818504685833098,0.20903278245049736,0.032641895201013425,0.733388499980034,NA
Peve,OG_00870,6.507984176159124,0.7324459597985863,0.08666817179117492,0.3107041830976162,NA
Peve,OG_00869,47.04917447804755,0.43438324442186843,0.20021084294900238,0.17779594657210993,0.4030355608425367
Peve,OG_00872,92.01936582961469,0.18886355023672932,0.09247067541845239,0.5055990141475156,0.7036268340839924
Peve,OG_00873,60.03117446208513,-0.4187847342837547,-0.21117853862346023,0.16625546934890162,0.38637480401172225
Peve,OG_00874,20.661267495590426,0.15970450167384506,0.05237449537809418,0.6859011854377921,NA
Peve,OG_00875,11.737011497675846,-0.7297133082896013,-0.1964380269616263,0.1440055366132289,NA
Peve,OG_00876,135.9209925263766,-0.3750033411952036,-0.2566113299366947,0.08865463822588539,0.27498820602801094
Peve,OG_00877,7087.378432286903,0.8120964481241237,0.33998915487453124,0.0475842177333011,0.18978878046716635
Peve,OG_00878,723.4177727944847,-0.20175527694393094,-0.11360557264645291,0.42648947627143924,0.6464378890242387
Peve,OG_00879,61.549607485417006,-0.17655065401731065,-0.0533033003379725,0.6762412212165114,0.8230716765022182
Peve,OG_00880,870.8651290290209,-0.2553256312123119,-0.16932893805888471,0.21438539657202352,0.44744875372210274
Peve,OG_00906,150.39695887294093,-0.532532424515205,-0.3805559063408937,0.026863187520679666,0.1346320533778722
Peve,OG_00907,11.621979536584927,0.1213234514649216,0.017640517250832585,0.8458114503612482,NA
Peve,OG_00908,48.212976142280375,0.2393914168992769,0.13436537958603964,0.34803301657870933,0.5838615988321091
Peve,OG_00910,37.3407038669842,-0.26438532402581366,-0.0876007305086964,0.4995999826051921,0.6997522830458456
Peve,OG_00912,42.66450528039621,-0.32143189493997554,-0.10637894536083604,0.4161731762031787,0.6395132578656383
Peve,OG_00881,33.77747384470913,-0.14190698623172918,-0.0342196232705956,0.7654399960762902,0.8772423151774917
Peve,OG_00882,33.62124925737245,-0.35536021402738566,-0.13389222099422957,0.3290975716598431,0.5657333307656898
Peve,OG_00883,8.6650841401098,0.3332963979458958,0.057853545910558225,0.5592296847439693,NA
Peve,OG_00884,65.5993322412636,0.5516270604666438,0.4293563693429514,0.011140618064774085,0.07916905635956062
Peve,OG_00885,31.947514252564012,0.8805620848173998,0.6243277272645563,0.006962339211193677,0.059728716341073684
Peve,OG_00886,27.778717040778186,0.48179319092113776,0.06791181361449573,0.4685879644513675,0.6765927053052536
Peve,OG_00887,331.21003621415946,0.3558615736259323,0.21711582318174266,0.1512626536997618,0.36800190225204665
Peve,OG_00889,43.00484930496027,0.20809283742653353,0.07388806704610561,0.5717200995212741,0.7511128719236907
Peve,OG_00891,19.548293107700704,0.5027710701275165,0.061652725003918704,0.44521473905711695,NA
Peve,OG_00892,357.62321599410814,-0.7392087354436285,-0.5139732250780698,0.012840060282677321,0.08618112707791703
Peve,OG_00893,77.34222540625619,0.32392354341696233,0.1031501034315832,0.42123802747428346,0.6428986918141775
Peve,OG_00894,36.022831664397515,-0.3615719671847736,-0.13891189960614006,0.3188452678944224,0.5560913855281732
Peve,OG_00895,27.668399503200106,-0.03242455571290373,-0.007582664399715617,0.9387526347382341,0.9716851889373813
Peve,OG_00897,13.74681298352076,-0.2589668397029434,-0.07950525175588975,0.5259257640724904,NA
Peve,OG_00898,18.928951718895945,0.14354352966500109,0.0325559608812649,0.7661697708750256,NA
Peve,OG_00899,24.12013477534693,0.28678746058964577,0.06783635986915865,0.5412895640064392,0.7301740510827429
Peve,OG_00901,95.92331837925909,-0.1859363314549816,-0.12109369644958573,0.38247704968266605,0.6123344453430477
Peve,OG_00902,70.61387935160617,0.8334706541630873,0.5941862904261724,0.0074474392376284015,0.06214084568702428
Peve,OG_00903,99.05682752235305,0.09745651316030383,0.06855553892047918,0.567093427518445,0.7484129459659773
Peve,OG_00904,742.8638875810345,-1.2526855968496358,-0.46417941081314423,0.013354422882608828,0.08781036888447273
Peve,OG_00905,25.186903477958825,-0.36979678003766975,-0.10822653286345892,0.3738015850162905,0.605618986527882
Peve,OG_00918,29.3784839838865,-0.24470760023007987,-0.0719124853430656,0.5618973651644534,0.7450886210309497
Peve,OG_00914,31.150024060828095,0.8532991206333936,0.4959530278564033,0.02114698511657485,0.11581432970385852
Peve,OG_00915,44.38353423204423,-0.205363628213225,-0.062302722861084105,0.6043141466234937,0.7735168215073344
Peve,OG_00916,38.07825559014843,1.14572526042281,0.05311038518188272,0.23346077719964337,0.46827388117611457
Peve,OG_00917,72.10705211815235,0.16804153921499668,0.0848313646239966,0.5419889652677687,0.7305227198214392
Peve,OG_00913,891.9090982195569,0.03826490222613246,0.020619285432505033,0.8946867805915351,0.9489500211610725
Peve,OG_00921,28.182162788079765,1.166524530421622,0.7333316754949122,0.006718907314384618,0.05856365666016249
Peve,OG_00920,589.2181274795578,0.24285051018014397,0.16206085587414878,0.24141207817344654,0.4770291746743374
Peve,OG_00922,131.08212871667777,0.09220332065110043,0.04807661892598929,0.7257918171123585,0.8524033619480467
Peve,OG_00923,38.32367220556673,-0.4955556599603989,-0.18858809619903813,0.18811837422829697,0.41599006527464916
Peve,OG_00925,52.827014472559114,-1.0848710884243915,-0.8687497103099419,0.0011072594088095394,0.019375644695262918
Peve,OG_00926,21.165101511776633,-1.3891542810434734,-0.8123245034229686,0.007515015517445477,NA
Peve,OG_00927,157.73243992001997,0.34110148336460056,0.2565627986816772,0.06468199852443803,0.22659630660166308
Peve,OG_00928,46.416259428125635,0.5192321240604445,0.35774689219831934,0.03835532128263467,0.16674487693946055
Peve,OG_00929,13.63853336519141,-0.8109897936422295,-0.09218665434397028,0.27358311204747504,NA
Peve,OG_00930,69.02859306274307,0.5632235477784179,0.27875808674379177,0.08846497492824383,0.2748475444548783
Peve,OG_00931,82.29838546814864,-0.5237702724832578,-0.2749102546732792,0.09641750823574517,0.28759145565383976
Peve,OG_00932,226.57961750342398,0.4463068935715865,0.3363202369009332,0.032221720232332794,0.14976514016468045
Peve,OG_00934,105.58019301566965,0.19468535699023068,0.1129289311832713,0.4163934789151396,0.6395132578656383
Peve,OG_00935,26.904892658203327,0.332380937708989,0.11884340208935897,0.37798091246104243,0.6092067604202217
Peve,OG_00936,385.111817118705,-0.4495980371914657,-0.23308362565617025,0.13409155316575047,0.3456884778398264
Peve,OG_00937,17.955498232226173,-0.7601638377575667,-0.19073642436573413,0.13549179397201286,NA
Peve,OG_00938,62.32101988804276,-0.46092551102940227,-0.10898866687165307,0.33802193090054283,0.5733121629961225
Peve,OG_00939,50.669201695089626,-0.21041876812116383,-0.06979460606373641,0.5749202426102947,0.7527917511524965
Peve,OG_00940,139.5941740700038,0.48400119968499766,0.3769445630248116,0.017935593409490375,0.10526452279930484
Peve,OG_00941,42.88469662447501,-0.41042954918409885,-0.15920657008549938,0.25380687694275766,0.49144114564608765
Peve,OG_00942,333.9264014828009,0.16584074992255743,0.10748005207902214,0.43566114662058025,0.6529034986921253
Peve,OG_00943,52.288471955718194,-0.47352669564483746,-0.11420158234542499,0.31709216458358896,0.5548020463476758
Peve,OG_00944,219.51122767791347,0.35263089652664803,0.307685631346804,0.008961509030423686,0.06955482024901162
Peve,OG_00945,72.27137338075143,0.17867629838845794,0.038146401687791896,0.7217126553702289,0.8508279730124321
Peve,OG_00946,349.36333987550074,0.4464918257879263,0.1922383041320195,0.19225322086515725,0.42122089058118145
Peve,OG_00947,55.58990755938337,-0.2897967513716284,-0.09633497924956684,0.4622545372603153,0.6721616844529646
Peve,OG_00948,365.14774493210507,-0.26655283351750064,-0.10439024499698643,0.5115632604455348,0.7062550763874087
Peve,OG_00949,111.26165546266948,0.02284765736738497,0.013888852929748731,0.9202438764204868,0.9629287766935469
Peve,OG_00950,14.37877045543862,0.08891432608749081,0.014192150977573675,0.88824333459926,NA
Peve,OG_00951,241.25340702819818,-0.20289591047430244,-0.143129029835778,0.27052623146749294,0.5081037552562527
Peve,OG_00952,336.15028237514946,-0.9341828686933278,-0.3945188876672361,0.02745664867526388,0.13617496719281266
Peve,OG_00953,304.02486590458926,0.20663529734835331,0.10270650705928218,0.4576946553596909,0.6685940334669463
Peve,OG_00954,219.12189989856162,0.3170471106741435,0.22005092867384027,0.13011505091698258,0.33969035568388395
Peve,OG_00955,102.3249048992068,0.1527104199548854,0.09690779676701743,0.4787110806303007,0.685375290484913
Peve,OG_00957,117.38502468256033,0.3946502422935653,0.03825022629845471,0.6157990994558666,0.7820457200918516
Peve,OG_00960,354.4366315847494,-0.9241293460042418,-0.8663297273872409,6.589600844785647e-8,3.5856842311126464e-5
Peve,OG_00961,50.990907983126306,-0.030376364991952124,-0.010342824917809816,0.9297632812726788,0.9666898698969929
Peve,OG_00962,108.03997939944068,0.6348288361226929,0.30810548198853466,0.07400497413836575,0.24737599516720943
Peve,OG_00965,99.46967940203675,-1.2544104184426157,-0.28641197162082976,0.023700512026975217,0.12417503481533508
Peve,OG_00966,184.76551834117134,0.3132745702537423,0.03871502914796873,0.6421762181674255,0.801195288240984
Peve,OG_00968,7.7817728148627365,-0.22884663582776812,-0.02701194492746334,0.7730655892154416,NA
Peve,OG_00963,170.694948123855,-0.03631614419611039,-0.028830707775890904,0.8598539177337537,0.9325693543985957
Peve,OG_00964,28.302010747779196,0.0855521698049795,0.03888185955690838,0.780146721099335,0.8849496729285546
Peve,OG_00969,53.37713556833852,0.5588611765172966,0.22595861045948928,0.13776415254932187,0.35099910171262005
Peve,OG_00972,249.98590226154585,-0.5962860274153744,-0.4977458229673468,0.0022539061395275015,0.030282640160353626
Peve,OG_00973,261.09522228001003,-0.015648966247671352,-0.011126914557970184,0.9221971927133593,0.963234939887049
Peve,OG_00974,126.49374392739374,0.11375757400002738,0.07506243676645248,0.5683036034106784,0.7485022217812151
Peve,OG_00975,54.81404994332913,-1.2594275861857487,-0.791311628975875,0.005045043143485909,0.04921016474657574
Peve,OG_00977,419.0543811796413,0.068709478191658,0.05350412322771701,0.6563378269434705,0.8097136138713131
Peve,OG_00978,66.20057098358556,0.3471343565019983,0.17801766524943335,0.22901420365545802,0.4648628306547507
Peve,OG_00991,7.931167208357662,0.04209518618941362,0.006381551773032057,0.9490168570021602,NA
Peve,OG_00992,120.1774596633068,0.923631425486786,0.6349824013536645,0.008084434834644548,0.06574349055186313
Peve,OG_00979,113.74658757834626,0.3483016559058405,0.2554307636038441,0.07699299328849415,0.2525980287992026
Peve,OG_00981,86.18631113865194,-0.021672651303648715,-0.01201831835303241,0.9269549761259278,0.9653510605778972
Peve,OG_00982,1288.8324798172616,-0.2702529840506987,-0.20559367855357344,0.1190056657919952,0.3218504757616146
Peve,OG_00983,15.77622861077208,-0.7165110144390036,-0.2833036496831669,0.08375645524585346,NA
Peve,OG_00984,13.144357009580096,-0.768455327840316,-0.09783137302135606,0.29430497392191357,NA
Peve,OG_00986,654.414446702928,0.1442800458024337,0.0844490450602836,0.5396985791749032,0.7286472650396989
Peve,OG_00988,27.65015293112912,0.1191567882428876,0.046028840629292356,0.7321508569702612,0.8563121437733935
Peve,OG_00990,20.69997448677846,0.2022850387128353,0.058873464121506,0.6302783402207331,NA
Peve,OG_00996,20.61808486442236,0.33492194599514463,0.1394727014405553,0.3162835426068599,NA
Peve,OG_00997,45.90153919641025,0.10443613831171185,0.030001645041820818,0.8034318537670516,0.8991543796088437
Peve,OG_00998,18.682243593212263,0.5320961522089359,0.11173970263867174,0.30740898939122335,NA
Peve,OG_00999,36.10019345038457,-0.4205937332127746,-0.15659812004691454,0.2564849366841458,0.4942833917682324
Peve,OG_01001,14.545030192181471,0.15048771174752446,0.018444061230242424,0.834043551841587,NA
Peve,OG_01002,219.60434946486083,-0.15269161948343105,-0.07399491662681884,0.5925901881934074,0.7665486022217362
Peve,OG_01005,7.206412306309309,0.22913284582094964,0.021657697326866475,0.7721572119057577,NA
Peve,OG_01003,29.56687819816417,-0.22225653076729368,-0.070286192280485,0.5800170463039196,0.7561885169168305
Peve,OG_01007,114.4011388648428,0.31656851669503033,0.22512222948125543,0.1130782109018768,0.31154785195316365
Peve,OG_01008,22.69941437031481,-0.008611048220336016,-0.0027402223439766823,0.9825804746424122,0.9919557455374896
Peve,OG_01009,79.23346629067419,-0.5587495957434566,-0.2327583722459464,0.12383694180985258,0.3293958878168495
Peve,OG_01010,59.58134943538431,0.5110223158049227,0.33820237307260914,0.045533952469675024,0.18508274660410295
Peve,OG_01011,27.82846911244834,1.3955063647244834,0.24180829487456185,0.024691143151407215,0.12760999221670297
Peve,OG_01012,294.4067715670052,-0.06398026414000622,-0.04293955710013232,0.7360172545967512,0.8592605249346158
Peve,OG_01013,23.905491037038168,-0.7267587054590359,-0.1470664460043206,0.1823895493155449,0.4081796670639898
Peve,OG_01014,120.64330987346224,-0.3432369742216593,-0.2412149252178939,0.09714634658269433,0.2892867553773002
Peve,OG_01015,26.617857486779634,-0.20898108006944718,-0.06178778433289765,0.6109385595161831,0.7782825997314855
Peve,OG_01017,70.61681051179703,0.20276116300405544,0.10208552744274936,0.46950277095769616,0.6771216395754803
Peve,OG_01018,754.0365157726869,-0.06296137399982504,-0.050706607239221484,0.6756461466031767,0.8228732765504396
Peve,OG_01019,53.86783994523001,0.907224320648466,0.6886287533292036,0.0030961499205503003,0.03660880081753513
Peve,OG_01024,6.722119244278677,-0.1092874217024379,-0.007155236230177195,0.8978048655620157,NA
Peve,OG_01021,66.9692883939874,-0.30159777020669826,-0.16795229074520762,0.24937222606536702,0.48758958243176803
Peve,OG_01022,20.930489801799002,-0.45785514555121554,-0.0863047453625284,0.4167581976804791,NA
Peve,OG_01023,239.99903008521645,0.3106909700144526,0.11018208751158524,0.4129702826856719,0.6363284007887233
Peve,OG_01026,10.91871398144571,0.2527428340794479,0.05524132571786752,0.6181178469717181,NA
Peve,OG_01027,33.67908818759498,-0.3882565101773043,-0.11574744945763948,0.35513021761034935,0.5907584722876279
Peve,OG_01029,1355.0520509559458,-0.4918958424592156,-0.4223053466345631,0.002681423790499587,0.03370806342578524
Peve,OG_01030,99.70670294310885,1.00930541842192,0.33206780366883415,0.02770564712595725,0.13696406217102033
Peve,OG_01031,52.01133481233692,-0.6405563671022929,-0.41220990603653923,0.029430044096013356,0.14198738183877754
Peve,OG_01032,6.658307485289364,-0.3813936950420872,-0.015515642643677332,0.7289165328813227,NA
Peve,OG_01033,411.745171782599,0.1824132228170787,0.13309324135624245,0.30271770584684377,0.5405008698047435
Peve,OG_01034,5596.97365415681,-0.837938015536731,-0.3996634881486728,0.032852852258652664,0.15186470176360195
Peve,OG_01035,6.660082891242923,-0.8330967000056494,-0.15064018407557328,0.16538863316793131,NA
Peve,OG_01036,28.37537164812183,-0.07602117841591798,-0.028601091751074517,0.8241561749315915,0.9117661546077352
Peve,OG_01037,8.375407301567101,-2.106268996700842,-0.4125312945096776,0.005443924145000265,NA
Peve,OG_01038,175.98303777337324,0.26286206936121304,0.13640493310671167,0.34572276492357135,0.5812659508249319
Peve,OG_01039,338.86576694879676,-0.7831291811523182,-0.6647311325736143,6.538556014554402e-4,0.01447986038339402
Peve,OG_01040,26.49324635263456,-0.2310404728391644,-0.0441829418335205,0.6777729315534232,0.8237508145485978
Peve,OG_01041,127.12972274186757,-0.33542972203765764,-0.19881523487193944,0.18823332260895673,0.4161234624593826
Peve,OG_01042,34.540387005440685,-0.02467655306997227,-0.005556023295393968,0.9551010017358452,0.9788725186632138
Peve,OG_01043,12.161543162637864,0.3589376431574557,0.037499861321147104,0.6305150770723195,NA
Peve,OG_01045,119.971388874359,0.10664316910193569,0.06548927113132323,0.631684303576278,0.7931714232147826
Peve,OG_01046,31.606371560177482,-0.6567683332191043,-0.2773546535552546,0.08464132883599806,0.2668864416691363
Peve,OG_01047,19.510672444691153,0.8214954629605219,0.3520119082171876,0.04637839714315265,NA
Peve,OG_01048,46.314527213906864,0.3221897245250723,0.153666655521746,0.290780767267237,0.5291899835701719
Peve,OG_01049,122.62137348754652,0.5359290748472666,0.3873698889190149,0.024280226564754568,0.12608504837784615
Peve,OG_01051,395.9597746897785,0.7610797868464626,0.406299220447266,0.03090615403873468,0.14648998513376685
Peve,OG_01052,26.283439460171667,0.9991163025078549,0.7100692903537162,0.005317764431601368,0.0507017890362193
Peve,OG_01054,99.7360787975766,0.7923315470759447,0.5276259787423494,0.013390630305724283,0.08781036888447273
Peve,OG_01055,694.3628156568328,-0.23835768072085506,-0.04787810557662074,0.6493210458464804,0.806148586580588
Peve,OG_01056,340.56141825987,-0.8356496296102238,-0.5421003001641124,0.013382516602236048,0.08781036888447273
Peve,OG_01057,18.97540053754332,-0.48441978238612166,-0.10837274084287318,0.3382935514753688,NA
Peve,OG_01058,689.311114105346,-0.10046903173529621,-0.07609401628465379,0.5086096446770809,0.7045181966274402
Peve,OG_01059,57.30056221918032,-0.4359063834625379,-0.25159850523986915,0.12007598674287995,0.3237046452513081
Peve,OG_01060,219.86142505703356,-0.348429179287628,-0.13822097872501485,0.31045278643820384,0.5479678700385164
Peve,OG_01061,24.273244121088577,0.11877761455729736,0.04325464084401221,0.7392633046190238,0.8612210331714355
Peve,OG_01062,105.81484848868223,0.5706033751343945,0.3580489482189274,0.04345427044448778,0.17942256490303954
Peve,OG_01065,231.2579249864385,0.2572591826978115,0.19635325807824064,0.13249599860105357,0.3427349804220123
Peve,OG_01066,63.43864661780365,-0.07467680397040682,-0.03279095941148228,0.7960526167358324,0.8939842990021631
Peve,OG_01067,106.61081914535212,0.13532475989855114,0.09427050908396573,0.47726402561385517,0.6840043771632028
Peve,OG_01068,39.5576142721564,-0.2902821216224399,-0.028849241926626728,0.7049537555570349,0.8416138081544415
Peve,OG_01071,112.36791593751727,0.6353289686210657,0.4685498020732043,0.013262747421209023,0.08770452244337702
Peve,OG_01072,592.7923225224978,-0.4041464979216485,-0.31907529933695344,0.02187234997367288,0.11813210465273806
Peve,OG_01073,43.418384517306016,-0.021933826062132875,-0.006987990282188024,0.9592803877000704,0.9807808339147949
Peve,OG_01074,14.438332959051907,-0.029304315624188806,-0.00413594555971984,0.9610002389857447,NA
Peve,OG_01075,19.91020804900741,-0.037648248577632645,-0.012489294252762134,0.9207473264901006,NA
Peve,OG_01076,1298.6825136584905,0.06902284264279977,0.05652904532107723,0.6084368839669347,0.7762310841142583
Peve,OG_01077,1540.342596415309,-0.24979357495729082,-0.20024608720017903,0.10118172711872886,0.2958934346220639
Peve,OG_01078,805.0099145812743,-0.7702877690162832,-0.6758513573680462,1.553491502194683e-4,0.005689662626788027
Peve,OG_01079,210.7189811111255,0.41268043701097673,0.31966697487898055,0.030645074770691828,0.14563579513607633
Peve,OG_01080,424.90972500727804,0.03410255387011124,0.021790122086578708,0.8696280446611852,0.9383812701842076
Peve,OG_01081,199.43372722968138,-0.14114275101987594,-0.07000130757625096,0.601946048551408,0.7725288128574715
Peve,OG_01082,234.0408913015534,-0.13153844892022393,-0.0982324565222463,0.42128514958471697,0.6428986918141775
Peve,OG_01084,423.65779113179434,-0.5075149108191633,-0.4110544500040537,0.00945319350303646,0.07223112147054338
Peve,OG_01085,264.9492434601517,-0.16722708281172416,-0.10031095014159344,0.46172903508713753,0.6715257329694184
Peve,OG_01086,86.2782964735121,0.5845996051702328,0.36862407018701665,0.03923424891776421,0.16886243404267104
Peve,OG_01092,117.8132281075193,-1.7808138241631253,-1.3448166116428402,5.797849512042616e-4,0.013465859019128246
Peve,OG_01093,428.4129351825628,1.1336291786741848,0.9444986947925609,2.866173843384448e-4,0.008376003696754501
Peve,OG_01094,67.03062020681709,0.4853251907215105,0.25898253333820276,0.11201607381941651,0.31082088408972997
Peve,OG_01087,230.03723656907235,0.10782023709098099,0.0643680358364345,0.6641650779366082,0.8147519426281934
Peve,OG_01088,286.9404879894023,-0.0256818344671824,-0.013563816992507144,0.8859343713849936,0.9448492195023364
Peve,OG_01089,1584.8588363728597,-0.5193132085235374,-0.14600002129255188,0.23620265719201555,0.4709436378742849
Peve,OG_01090,404.070139937136,0.03415397040707072,0.016223052655920625,0.9048485415574611,0.9547280040976092
Peve,OG_01091,65.63407772933766,-2.0049246474218774,-1.244686913734482,0.002204182387825445,0.030038392541063042
Peve,OG_01100,248.6658957586641,-0.04052709288997183,-0.02015528679872031,0.8902594576746727,0.9465400223550284
Peve,OG_01095,495.391514136019,5.1652781303929585,0.024942418472106997,0.00316832214793553,0.03701883147695225
Peve,OG_01097,57.86110780057587,0.6439899116254537,0.08369353475068561,0.32856372105707327,0.565269918700882
Peve,OG_01098,231.80453964547212,2.87448088904094,1.9589837428132097,9.558934169096388e-4,0.017856372668642557
Peve,OG_01099,378.23437837249594,0.2561564169238537,0.19038623612738392,0.15215201234583298,0.368903235563033
Peve,OG_01101,263.7760758331521,-0.30839820654573713,-0.16657341799745337,0.25149577896820163,0.4890238396829949
Peve,OG_01102,27.869956695495315,0.9366232538678811,0.20675304778313172,0.097175742584735,0.2892867553773002
Peve,OG_01103,268.59631450870705,-0.2001593637401066,-0.13000161668656293,0.33802020514950465,0.5733121629961225
Peve,OG_01104,31.876543738228285,-0.059094367298648844,-0.012776392050966954,0.9072824056926758,0.9561042144925722
Peve,OG_01108,11.152685471493614,1.1337913816734664,0.029227816669858155,0.4261532849058048,NA
Peve,OG_01105,318.0669011148957,0.8107762375967809,0.6754522076798527,9.193729527004091e-4,0.0174657934006776
Peve,OG_01106,102.30712812328555,-0.041521759691025596,-0.015914102904781686,0.899677680352234,0.9521269162521581
Peve,OG_01107,1127.7246482129317,0.41610293652632774,0.24973211374468182,0.1127378714354348,0.31139851508163247
Peve,OG_01109,42.73861613929881,-0.7062967023117281,-0.13748210781548312,0.19302507073683442,0.42218345933769874
Peve,OG_01110,113.91939424559929,0.10592141788342695,0.07737878193363111,0.5348811119559105,0.7247819834365219
Peve,OG_01111,115.20124862909415,-0.0975957954851086,-0.040964522768845546,0.7565732695651828,0.8715522709129839
Peve,OG_01112,186.12933806554244,0.014395462236081197,0.00799562724975008,0.9359837092196908,0.970244100807675
Peve,OG_01113,131.40994261305914,-0.32288558708737275,-0.17770229258143994,0.2297486612264012,0.46573318286927207
Peve,OG_01114,763.1764275565066,-0.23733516487801162,-0.1921941553757654,0.09997667025510854,0.2938796582571084
Peve,OG_01116,60.59726385732887,-0.34623244357950955,-0.1323891251773381,0.3381322589054317,0.5733121629961225
Peve,OG_01117,393.8559078500131,1.041684765485596,0.4136563393813479,0.020824136876641343,0.11467648332846903
Peve,OG_01120,6.480571533084073,-0.2092326609991409,-0.04386327600103557,0.6900220256126297,NA
Peve,OG_01121,731.353766464091,0.46218171112415674,0.2846721579942592,0.07609214652354071,0.25133592683051265
Peve,OG_01124,30.12291219304177,-0.9488484624993401,-0.2888812902053393,0.049756735194624833,0.1952842909390273
Peve,OG_01123,789.8748966115814,-0.15392263933010453,-0.05746726025406749,0.6663520289192941,0.8162517697872942
Peve,OG_01122,493.644250525786,0.1918879481144679,0.12145519952822606,0.35024209579295373,0.586018951405825
Peve,OG_01125,265.98887116500754,0.18254434179281695,0.078568022974511,0.5695905947726978,0.7494198879064614
Peve,OG_01126,225.13731353014785,-0.14860566941194164,-0.0762150014287266,0.5845413700538251,0.7597741267821259
Peve,OG_01128,64.31438507430082,-0.13504117200054921,-0.05208847659928824,0.6879691063793052,0.8304309310653725
Peve,OG_01129,43.671110576629744,-0.6927991204801592,-0.29037057999446003,0.07838491319403035,0.2545337888798479
Peve,OG_01130,276.81043960622964,-0.6405085218810188,-0.33031025501400896,0.05869080179007524,0.2140873106745253
Peve,OG_01134,195.80358321587926,-0.0307512835576247,-0.017558877551341983,0.8994848736624955,0.952101676748769
Peve,OG_01135,197.98743308089195,-0.3408631580657642,-0.2136344017205004,0.1521536185333243,0.368903235563033
Peve,OG_01136,163.68023849012374,0.16095469216581376,0.10450274553563102,0.4287994864771033,0.6486486274786681
Peve,OG_01131,71.01431823396662,0.7584045435720754,0.35582553073598355,0.04342125621749942,0.17942256490303954
Peve,OG_01132,11.270627139148838,0.088169806416091,0.00860955972666068,0.9098171480712812,NA
Peve,OG_01138,60.337886869278044,0.07931624243195494,0.03821878454387211,0.7790753038843236,0.8843683005499593
Peve,OG_01139,20.706651381221935,-1.059187397308844,-0.13293055243406066,0.13625823427073722,NA
Peve,OG_01140,24.061582347088553,-0.673256684902169,-0.2170493791691688,0.13064952222704693,0.34026942233355334
Peve,OG_01141,92.94811801495544,-0.1283704154744336,-0.06341177163777123,0.6407750348480826,0.7997090785505723
Peve,OG_01142,862.9439972402154,0.13938811147634492,0.08833208394722127,0.5097849391648352,0.7048169993752659
Peve,OG_01143,103.58440449874898,0.5993910222889197,0.2342680731712223,0.1195143109026956,0.3227437151565881
Peve,OG_01145,1888.799076397506,0.12878389790503272,0.047347210726191045,0.7158048544889494,0.8468589548783537
Peve,OG_01146,12.259049356178624,0.21812432431161785,0.04227663219645942,0.6832232150428449,NA
Peve,OG_01144,2756.652611269092,-0.22790025330494795,-0.1457022734328607,0.2957974035731658,0.5340668631049287
Peve,OG_01147,120.20027573162638,-0.44282332915950917,-0.20500156120785187,0.16609383375852949,0.38623407374007257
Peve,OG_01148,144.30975019600675,0.46896787796384076,0.31595450881048187,0.05536436982949171,0.2061691439050941
Peve,OG_01149,168.7515545996068,0.012605681324802278,0.006982928460225386,0.9535331632185342,0.9785821955272523
Peve,OG_01150,787.3862867665772,-0.22736906297053244,-0.09473939005031835,0.4800872803536424,0.6860448136811195
Peve,OG_01151,359.73788222977345,0.5351999667739797,0.3879078313215409,0.022592678349961304,0.12001331149064166
Peve,OG_01163,222.45949762028394,-0.4087905602926744,-0.35026959045166084,0.008038976981470936,0.06549831726721454
Peve,OG_01164,52.79524863814286,-0.8648126754363827,-0.4805300316299387,0.023192464581831024,0.12218547384812499
Peve,OG_01165,30.102374330789416,-0.6254530808135337,-0.06133325523441564,0.3940182378837878,0.620299842157201
Peve,OG_01169,9.32376914915398,-0.37483016082007686,-0.0299436359158315,0.6595996396727362,NA
Peve,OG_01170,31.761500102330537,0.09984441943104082,0.03554168229664498,0.7851639581136447,0.8881176387952618
Peve,OG_01166,1187.8030719544408,-0.6618529619553545,-0.5709674841355151,6.212339858255106e-4,0.014085001500055774
Peve,OG_01167,173.43512832734672,-0.21892772517017642,-0.11143587881542215,0.42871965828757036,0.6486486274786681
Peve,OG_01168,133.96743188465393,-0.6517803902074497,-0.2862994606015589,0.07506000464755355,0.25002497394187273
Peve,OG_01171,1350.3103135495571,-0.9963318951073149,-0.8099142413614032,8.741445913166459e-4,0.017031287715217922
Peve,OG_01153,163.45257754344956,0.10374735836834087,0.06994399906656036,0.5932141653107457,0.7669900732072744
Peve,OG_01154,15.614117901508884,-0.9140252464345625,-0.1270653595473104,0.1591884921474345,NA
Peve,OG_01155,1040.597153080693,-0.2633665541391158,-0.12204392042437799,0.3879624829178179,0.6167567184615894
Peve,OG_01156,182.55233312030842,-0.5725773198331212,-0.3559160002610004,0.044758462927178666,0.18292380395882354
Peve,OG_01157,81.64875809782643,0.17063946423398313,0.08497416400612982,0.5462637470412335,0.7332973509595494
Peve,OG_01158,416.60870970156293,0.23474146121365855,0.13427985339050108,0.3382517643048449,0.5733871696649552
Peve,OG_01159,38.151755982614866,0.11018510300180043,0.034829956593367926,0.7825813495806594,0.8863182444824297
Peve,OG_01160,1195.0624657763037,0.5306700010629137,0.4288036941990363,0.007472327486835733,0.062144313094666614
Peve,OG_01161,11258.054066737799,0.11703375720673044,0.09320111245974722,0.41248678401723776,0.6357386500030435
Peve,OG_01162,9.509597874236508,-0.42475981853601924,-0.04242278206842956,0.5730240553730785,NA
Peve,OG_01177,1947.4047694606047,-0.17358561394757346,-0.021552273538742946,0.7913022111791348,0.8914729731976706
Peve,OG_01172,38.64730363818715,-0.8317855847562864,-0.3267138214587936,0.05288618330179951,0.20184716652961357
Peve,OG_01174,268.8212839183769,0.49390119244184233,0.35249609009086713,0.033922898989914185,0.15483801348422183
Peve,OG_01175,554.2439499111997,0.1229700148701748,0.07873529151898974,0.5558719530164813,0.7410977490513746
Peve,OG_01180,102.26095840103815,1.5979918783605913,1.1646344261709007,6.841657550488722e-4,0.014558588608833262
Peve,OG_01181,269.78370182025793,0.8922511126858346,0.3845373513183618,0.03095942190409092,0.14648998513376685
Peve,OG_01182,52.48655522922029,-0.7549432888841436,-0.38863825627095366,0.0407577233893345,0.1729762321893873
Peve,OG_01184,19.103565818900726,0.4130024555162215,0.0350426410645612,0.623303802038064,NA
Peve,OG_01183,644.372696800615,0.5691434860714695,0.34522856705855987,0.048776055723703284,0.19264965345747415
Peve,OG_01187,75.85338560363093,0.3590589996229841,0.1733768710822002,0.24340909816956097,0.47988884830634454
Peve,OG_01185,455.417539663169,-0.4975044350285623,-0.2076434869260139,0.15236106514958805,0.36894043048619257
Peve,OG_01186,363.8027858938552,-0.4392771176579795,-0.2640124147460119,0.1007290163642791,0.2951715155029891
Peve,OG_01188,136.4705002030184,-1.0756535159269207,-0.8859776328100255,4.1156223496414436e-4,0.010450937019856173
Peve,OG_01196,49.86331974128374,-0.6849320451689619,-0.29450100423571846,0.06973021608774851,0.23749574551758715
Peve,OG_01197,28.38933415123262,-0.31058809852270924,-0.08471749025923511,0.4822367747173913,0.6884707177280898
Peve,OG_01190,1986.6910329980965,0.4867621743018627,0.1615934174202837,0.2254290933798201,0.4617689791254287
Peve,OG_01191,15.69365305740879,-0.21369806237643643,-0.01647327694413085,0.7886481984471522,NA
Peve,OG_01193,1548.023803039512,-0.38715270548343755,-0.2511842706355238,0.10370261164020143,0.29935344126657487
Peve,OG_01194,31.835319123087928,0.3283066635868776,0.1417965697393052,0.3219792255686586,0.5586401444769925
Peve,OG_01195,220.12566718077196,0.45070431583037596,0.36131712935087457,0.017935430576977385,0.10526452279930484
Peve,OG_01198,91.47763174521324,-0.013868371452628848,-0.004478854544305531,0.969564182594306,0.9852774043893626
Peve,OG_01199,26.297668354128483,0.7774561817946142,0.26455487188185506,0.08171467655242902,0.2618805606048934
Peve,OG_01201,15.428614155894769,0.0031495496886687836,0.0022099350102132735,0.9973965754543924,NA
Peve,OG_01200,805.1338377031628,0.2917152097015735,0.10312490694026559,0.4199211023143399,0.6422322741278139
Peve,OG_01202,60.626125570862456,-0.241878586823364,-0.09891075250574108,0.46593430610388187,0.6747395062779677
Peve,OG_01203,303.01631232572396,0.2234536195483447,0.1704133667374402,0.16994821306217547,0.39184790772023387
Peve,OG_01204,163.31694932100302,0.774232261502223,0.6604534609866207,5.338999332028432e-4,0.012710155284810187
Peve,OG_01205,6.652331050542273,-1.436345650968175,-0.08486516773993612,0.1385758378868206,NA
Peve,OG_01206,27.695809261767575,0.9436899739287268,0.2123493817576018,0.07686403629596313,0.2525011765858763
Peve,OG_01207,135.14259795141388,0.2562341441873528,0.14388156959315446,0.3197554358411717,0.5569503378502213
Peve,OG_01208,146.57364492439532,-0.778970555791118,-0.5760903312547104,0.007020509505186685,0.05995766974272664
Peve,OG_01209,28.083889539805465,0.40894614098041954,0.16636870257814196,0.24961924015278225,0.48758958243176803
Peve,OG_01210,299.4230304084703,0.6478812293100299,0.21979632273459795,0.12186342784077742,0.32608204892555054
Peve,OG_01211,22.601162646996393,-0.1448346848406604,-0.041659685136069415,0.7271108608636456,0.8528046033498139
Peve,OG_01213,225.06022162275525,0.18577000155376908,0.05207825466980783,0.6643090675230139,0.8147973718226242
Peve,OG_01212,3145.474259696835,0.0014736778205867798,0.0010645526175189085,0.9967282071719086,0.9981695125851978
Peve,OG_01232,533.7466667735549,-1.8973586102894087,-1.5595792246114417,1.3094573599010283e-4,0.0050381041251141585
Peve,OG_01233,78.90530917252724,-0.41100773227973325,-0.2097535561678163,0.16730262318814929,0.38776608827539155
Peve,OG_01240,526.1501445398343,-1.253590823795505,-0.882137765074006,0.0024983729947305857,0.03247884893149761
Peve,OG_01241,368.957450285098,-0.10890469463234884,-0.026519274548317127,0.8094078386847987,0.9027451876352457
Peve,OG_01234,271.94367324201323,-0.3029815548252765,-0.1951933435604579,0.17964366767822468,0.4054890252956194
Peve,OG_01235,6.796541412917203,-2.159416019890279,-0.10615078549920566,0.0495580288476317,NA
Peve,OG_01237,572.7677167409902,-0.3486490409850841,-0.1643796470106414,0.2573647603011293,0.495227265464512
Peve,OG_01238,65.65080831088609,-0.6796732226171283,-0.5192241692075761,0.007064817406375194,0.060133831286889636
Peve,OG_01242,196.53449843257042,0.14480353495120432,0.07814638227253022,0.5806771908599757,0.7564373047267359
Peve,OG_01214,2471.027771512718,0.30356015046386836,0.10231866310157785,0.4381738763899692,0.6549520382639584
Peve,OG_01215,62.3477127048157,0.2166861585276621,0.09109107277323904,0.501505974981825,0.7006171908197734
Peve,OG_01216,2324.4569621579417,0.15706813911659498,0.11173011360825108,0.3525070762494091,0.5881294145571613
Peve,OG_01217,112.49137015198242,0.8771146808712093,0.6541222720889934,0.003860310636025292,0.042011209178915244
Peve,OG_01218,1103.2666932196369,-0.1976843401577016,-0.1447402196653716,0.2609320636161431,0.49968063172223326
Peve,OG_01219,138.79253496909686,0.1096989022989184,0.058378750064666696,0.670575195087179,0.8191636717347751
Peve,OG_01220,35.79682698645875,-0.42484149131027277,-0.07284176750328791,0.4709750592443173,0.6782396977926671
Peve,OG_01221,5419.497077987285,0.3655176399768534,0.3107182756988001,0.013374610343679967,0.08781036888447273
Peve,OG_01222,96.86934935788842,0.09852250493960739,0.06730770417028184,0.6016484413069605,0.7725288128574715
Peve,OG_01223,108.16367637318375,0.09069537782887921,0.020533778296054853,0.8510366273810481,0.9284257521679543
Peve,OG_01224,14.881718337259901,-0.8519599277543795,-0.16544622340827558,0.1434643409986783,NA
Peve,OG_01225,28.67349570155234,-1.0836407031005548,-0.25397934790914767,0.05212406867113216,0.19988816132928855
Peve,OG_01227,79.38068561023702,0.3082093485323958,0.12929442288030818,0.35881299507864167,0.592936528526918
Peve,OG_01228,14.390086686756193,0.34026518520231297,0.024441044295050007,0.6850015201941678,NA
Peve,OG_01229,36.22587208082865,0.8474087566957353,0.561327654407819,0.011788312761009183,0.08216227503510336
Peve,OG_01231,225.33306430750307,-1.2123605745212855,-0.31522140162299456,0.02655808459285076,0.13345612693162076
Peve,OG_01243,844.6915588472883,0.303438232508347,0.21166147092945573,0.13709946067915504,0.3502426866042264
Peve,OG_01247,32.08037153107794,-0.4467547969114762,-0.2036886688928168,0.18128755565166213,0.40714876148418694
Peve,OG_01245,73.97579332491064,0.18639960428878613,0.05487750918297566,0.6613267658919961,0.8128408038988749
Peve,OG_01246,148.6615296894836,0.2506266978805686,0.15219402147555683,0.2837949608801788,0.5219579942021251
Peve,OG_01249,294.4054454140692,0.8031330678327783,0.6240216008688245,0.0028496573557801126,0.034901430444265115
Peve,OG_01248,136.49387943490368,0.34418433465166237,0.1770053453009144,0.2238614333793,0.4599181228380549
Peve,OG_01251,37.26139806602323,-1.1708753782731864,-0.11744124188166288,0.08180058033490314,0.26194065615438933
Peve,OG_01250,144.04331157890556,-1.3261161763618663,-0.5445345002698935,0.01124144241786354,0.07944091682679448
Peve,OG_01253,152.34054257494415,0.13868623714755338,0.044437583915055985,0.7171738474287618,0.8478871156974209
Peve,OG_01254,147.8674444934698,-0.49804639543059004,-0.34471470157300793,0.0390419190892135,0.16858468266774862
Peve,OG_01256,21.264369401993672,0.2797894261498853,0.06889019587940107,0.5433261420314309,NA
Peve,OG_01255,143.93302870460641,0.5638790632504416,0.41812830748874835,0.01646522310257375,0.0996738906316119
Peve,OG_01257,320.1722256106755,-0.28550486312075773,-0.18813260016216146,0.19175353923612082,0.4204889067071872
Peve,OG_01258,66.00198454197577,0.39860452244983285,0.16866273321042624,0.24334125102869078,0.479879277850522
Peve,OG_01259,1524.9808558395912,-0.11511662165874265,-0.08856470327837969,0.45260763584413993,0.6647320165530476
Peve,OG_01266,173.8295888162158,-0.2569100231627402,-0.14643830690381876,0.30718789745962033,0.5442226518249739
Peve,OG_01267,45.62521839665979,-1.041201286444516,-0.5295801064793983,0.015832884988997292,0.09782018350195106
Peve,OG_01268,24.284210857587308,-0.28936303224973403,-0.11928494295857883,0.38328968898704785,0.6129094984683733
Peve,OG_01269,145.9210634537998,-0.7419065052732472,-0.5204663028859488,0.012506668280241783,0.08503229277158884
Peve,OG_01270,89.4918819004521,-0.6195754429189174,-0.2857778095064741,0.08249677868237458,0.2630946811067259
Peve,OG_01260,64.26184147017892,0.6931795848971264,0.4502676655455702,0.0252858415691622,0.12919922777157447
Peve,OG_01261,83.43284026925473,1.7395528017418855,0.18641892098444626,0.01649892046291187,0.0996738906316119
Peve,OG_01262,242.26337107459815,-0.11360706233042932,-0.06553558280625396,0.6306737495254136,0.7924249750758041
Peve,OG_01264,36.831476453571305,-0.6562452168088088,-0.3554252797104344,0.05318064916132199,0.202127338593655
Peve,OG_01265,912.6898866062298,-0.2354415873048979,-0.1362607938517424,0.33666379024830456,0.5722232829343115
Peve,OG_01272,111.13301925838756,-0.42037597196537557,-0.18400797731769797,0.2099638111707534,0.441833276521748
Peve,OG_01274,57.62345049554757,0.09868558130924968,0.04412074604932954,0.7389318344170857,0.8612210331714355
Peve,OG_01275,1392.314248926598,0.046511551411513925,0.011923562747364709,0.9164742687663283,0.9611547426270466
Peve,OG_01276,142.90739144056187,-0.48821401321283636,-0.28029388235864167,0.09153242819855481,0.2802628770163145
Peve,OG_01277,41.49358217458071,0.1044881202971061,0.0378414177709397,0.7835919608989538,0.8867746281378132
Peve,OG_01279,705.3841851404889,-0.28466164087878176,-0.2200014818561944,0.08931169738195753,0.2761676220497334
Peve,OG_01280,62.43351476024388,0.5978134803576968,0.4524887057641892,0.012534895078850113,0.08503229277158884
Peve,OG_01281,51.056523977594594,0.3950932185247392,0.22570047380529704,0.15010693115749654,0.36754047952683006
Peve,OG_01283,44.423392194685746,0.568930809452289,0.20949095846659624,0.14718633445097784,0.3639290801192954
Peve,OG_01286,14.91596354051814,-0.22912889122789779,-0.030382967594496324,0.7234648425090406,NA
Peve,OG_01284,37.8663566826269,-0.2039510576351642,-0.0454567909434209,0.690615529899974,0.8323222760287932
Peve,OG_01285,544.2413046934829,0.28256672225994445,0.20087259599675575,0.14706464505568195,0.36374625520590426
Peve,OG_01282,168.2875758452978,0.07984550945538188,0.04110362899874621,0.7474226328859377,0.8672440612997141
Peve,OG_01287,251.52029986427715,-0.647465599228348,-0.3509897015638434,0.053096690326003136,0.2020432502015444
Peve,OG_01288,161.2971257341726,0.11730848752107607,0.07261763262072214,0.5719865204533848,0.7511452013125126
Peve,OG_01289,1578.0670560995047,-0.1789835345935343,-0.05729811582507523,0.6361193514141364,0.7967703418403308
Peve,OG_01290,1823.0852886262487,-0.019381837397558933,-0.01665632208159164,0.8569172987923108,0.9313733745469859
Peve,OG_01291,75.8933013990415,-0.008386262424247282,-0.003069376576125783,0.97722731694332865,0.9891732262123675
Peve,OG_01292,102.27484899606311,-0.5151915284541053,-0.3173163199794748,0.06083388147531635,0.21821833570528293
Peve,OG_01293,437.97409728176524,-0.7510011237216464,-0.6909183454525674,5.909897811950032e-6,7.630779920582262e-4
Peve,OG_01294,615.2924895909883,-0.1141524107309899,-0.07807003967832683,0.5414671015735947,0.7301993945455204
Peve,OG_01295,7366.5571670108875,0.2596801309393656,0.20794563421999007,0.09426955004192739,0.284526716410223
Peve,OG_01296,56.005575687609415,-0.030776850571624128,-0.013217834613497077,0.9196588167562907,0.9626107788762421
Peve,OG_01298,38.15068371690344,0.22275419045818254,0.11133462945283629,0.4332464561894021,0.6516231990623623
Peve,OG_01302,129.9748594541189,-0.30258488791653015,-0.15114450692614903,0.2942752142616534,0.5322344614950603
Peve,OG_01303,186.79542757267566,-0.5482247573996029,-0.33421262092768983,0.053709685120986964,0.2034611542773141
Peve,OG_01299,818.528713588771,0.3632207836300523,0.22391288861903313,0.1398678144850443,0.353755979663701
Peve,OG_01301,54.37130816584816,0.0988771095085451,0.03655128433092767,0.7787399742890684,0.8842079288423838
Peve,OG_01307,14.721276480755417,-0.4056006292794068,-0.06918177535590526,0.4834883076689486,NA
Peve,OG_01305,213.8471816456544,0.5024905683546941,0.35431708002234186,0.034705806874830214,0.15662845780358803
Peve,OG_01306,39.4339293458777,-0.11459240640014551,-0.042973896783525346,0.747677660653737,0.8672440612997141
Peve,OG_01308,47.496763618614544,-0.46467947871698395,-0.27217761780176425,0.10059549034432184,0.2951715155029891
Peve,OG_01309,10.376886495991792,1.4218154098814986,0.8460513034852997,0.006219534755398712,NA
Peve,OG_01311,627.5394874302882,-0.4551004551615198,-0.37591186815530275,0.010261381882909352,0.07560078064216967
Peve,OG_01312,684.0982745712228,1.0746185688551617,0.3252859369762676,0.03934993090227784,0.16907375838327837
Peve,OG_01320,1045.027922942986,0.31550189039003695,0.24897356755249064,0.08091515055413931,0.2598614250806345
Peve,OG_01322,1224.3358173487504,-0.745808315714712,-0.6401604962707479,4.65908393524078e-4,0.011339585117784108
Peve,OG_01314,99.31878162909507,-0.018855126837323516,-0.01292854196365278,0.9260655205988773,0.9650544513945174
Peve,OG_01315,156.9262588245281,0.2067352204566157,0.10377121755223417,0.4613921105688572,0.6711638530291301
Peve,OG_01316,11.733740593593629,-1.2645301705158298,-0.14870188272686544,0.10103460968681155,NA
Peve,OG_01317,523.8435795708693,0.8679682413227131,0.4850467456799767,0.021102121244205015,0.11565176952399554
Peve,OG_01318,58.65419483207212,0.5210267461105202,0.14518188541649601,0.25451133331176146,0.4923482318864903
Peve,OG_01319,74.6639780349803,0.11384910383507278,0.05896220424885082,0.6621444654505309,0.8134521105954111
Peve,OG_01323,8.865711550380519,-0.3699422602252887,-0.013353691478495128,0.7382514838697839,NA
Peve,OG_01324,24.86610404618246,-0.6326393830852862,-0.027781581469665233,0.5872336920358137,0.7623630310035495
Peve,OG_01326,622.983691207824,-1.1169934834404949,-0.14297899003265863,0.09500006953167665,0.2856598115650864
Peve,OG_01325,144.8148813723703,0.6188650482148278,0.3889636438605838,0.0334882497773067,0.15349788616337093
Peve,OG_01329,72.06837278915332,-2.3992809364481875,-2.2333986218275417,1.0802957982921712e-8,1.2172358728255393e-5
Peve,OG_01330,2857.5968145264123,0.8750828000781736,0.7218940102605671,8.550808846737867e-4,0.016788675720218832
Peve,OG_01342,162.94428069815658,0.06257541166537244,0.03785781893074216,0.7784013221015508,0.8842079288423838
Peve,OG_01343,337.5505868293071,0.4478484637496801,0.31202309646701454,0.04872070469764853,0.19264965345747415
Peve,OG_01344,57.51723375849308,0.0587525575138289,0.03665127194374587,0.78117504250266,0.8854324466277732
Peve,OG_01345,12.968780983634373,0.5087485631988523,0.08158147409634281,0.4034040789525183,NA
Peve,OG_01347,13.820495133803533,1.0793726087532312,0.0675288583932446,0.20988297372423773,NA
Peve,OG_01346,2331.361105049938,1.69867191619754,0.0743269404366972,0.06201613724261295,0.22117927598980594
Peve,OG_01331,164.81982076389704,0.15108653037822828,0.09138938314252051,0.5114780736239594,0.7062550763874087
Peve,OG_01332,88.05354952060806,0.1913512718076215,0.13628769534536755,0.2971653456575455,0.5351711022562723
Peve,OG_01333,64.46091766280848,-0.8345202301946341,-0.048489839793795425,0.41003886717971455,0.6351517060136367
Peve,OG_01334,54.13528622690861,0.4695517888071159,0.26486630611519274,0.1063571467393538,0.30379780422212116
Peve,OG_01335,55.28174331123327,0.5376461034732825,0.25901157749728887,0.10618268902714596,0.303413250190847
Peve,OG_01336,35.07724617499819,-0.02687374149729654,-0.01254517541045304,0.93349485186624,0.968807017599569
Peve,OG_01337,77.50934326274333,0.6756046530506951,0.2067401001971942,0.13662994783158897,0.34947141700621287
Peve,OG_01338,18.06202534556425,0.2061093439168398,0.04015792309257066,0.7017429489657454,NA
Peve,OG_01339,26.436889114012452,-0.12922135078625668,-0.026004701956358588,0.8045413455838315,0.8997351689162696
Peve,OG_01340,284.54994592199074,-0.15421110968520463,-0.10321916823804228,0.4355629462938629,0.6529034986921253
Peve,OG_01341,60.98627634790053,0.9214886131131209,0.5858357729341526,0.010527451431723237,0.07646441686832993
Peve,OG_01350,13.317449334026525,-1.0833566915725208,-0.11079582123770546,0.15708240059085063,NA
Peve,OG_01349,4223.342819961453,-0.46779210254007497,-0.17095475322061007,0.2192067838361111,0.45415210205697426
Peve,OG_01351,116.55778529056785,0.4480570375943341,0.2846847808133492,0.07923422273935189,0.2561996217437957
Peve,OG_01360,43.46615569746922,0.4842201116807157,0.2535020665134295,0.11619385740969354,0.31726337123550014
Peve,OG_01361,184.16868888933527,0.0030866308786128087,-3.3234588838635564e-4,0.9913262677448175,0.9969535983735999
Peve,OG_01362,54.707026818500324,-0.13377228111098516,-0.04770341007127945,0.708348429210438,0.8423662712652383
Peve,OG_01364,16.281112834833447,-0.17891152026532572,-0.027778521657135267,0.7660506333722477,NA
Peve,OG_01365,7.887131238033766,0.27522798456808195,0.03010892819177229,0.7023914300247782,NA
Peve,OG_01366,1013.6433165676526,0.0039646328371586975,0.0022842026068694604,0.9893860434961979,0.9960542988441965
Peve,OG_01367,853.9406279592079,-0.17912240161949508,-0.12614713347072998,0.327864315778213,0.5647032893986228
Peve,OG_01368,33.12861340081342,-0.6825883252479296,-0.19091260081323536,0.14413379033007304,0.3589444964807115
Peve,OG_01370,217.09161057770288,-0.7593161699248704,-0.4584957748661471,0.022215699537919277,0.11926652507390349
Peve,OG_01369,811.7540014176365,-0.008667309635435105,-4.199211634750727e-4,0.9418506370811057,0.9726200560232972
Peve,OG_01371,1449.6538566932952,-1.1715639574120913,-0.8875176958107086,0.0014260314508076214,0.02291879238871827
Peve,OG_01372,48.706408795775566,0.7499720579690103,0.3831622133780848,0.04003837214013611,0.17116291748796683
Peve,OG_01373,122.68340875449059,0.6269855746133367,0.35590131565804733,0.04719697800728083,0.1890416783308626
Peve,OG_01352,137.38983943838332,0.213295758509358,0.11001867468816764,0.4371713845496409,0.6540111994432618
Peve,OG_01353,343.6892888387065,-0.8035654312438478,-0.5258648695300681,0.013306182267005773,0.08779413198999914
Peve,OG_01354,595.1937422346251,-0.16930819280475287,-0.03365610789598401,0.7323411466720051,0.8563121437733935
Peve,OG_01355,33.12214915239881,0.10554918436820827,0.038530696670166634,0.7695203127847958,0.8794188032995162
Peve,OG_01356,104.01109573760523,0.1751311220962819,0.0964540845564595,0.49082358610642907,0.6952573594196312
Peve,OG_01357,69.9054956226585,0.16302404456139546,0.08765049878832772,0.5247033714953151,0.7168562202387573
Peve,OG_01358,21.22765697602486,-0.10017816418320899,-0.03467701790133297,0.7862822995929506,NA
Peve,OG_01375,66.98635343846426,-0.23038690843003198,-0.08790965948866372,0.5106945236385704,0.7055623650849889
Peve,OG_01376,25.83481157334155,-0.6823069356009208,-0.15433072013878676,0.19662778567070763,0.42602686895319986
Peve,OG_01377,34.647072575730554,0.04996084708794116,0.023545675455383726,0.864433746528695,0.9351777988618964
Peve,OG_01378,1044.430779599172,-0.05862417599845881,-0.038820847729076624,0.7411170106477305,0.8627489894734736
Peve,OG_01379,86.13027046653245,-0.1284715429298657,-0.07787354871398675,0.568215250661708,0.7485022217812151
Peve,OG_01380,405.1917192421526,-1.030083053637555,-0.9098710971604409,2.9271898499200336e-5,0.0020458103006138362
Peve,OG_01381,59.49666817259572,-0.6367950848785293,-0.3310486185211727,0.06316710764372105,0.2235053534741602
Peve,OG_01382,140.86068450529385,0.6730390925133175,0.5820617755966415,3.981041730014777e-4,0.010211305016583358
Peve,OG_01384,85.64322559003976,-0.3647695574603747,-0.2308541316853936,0.1308653163722515,0.3407149624483294
Peve,OG_01383,49.2934115685535,0.9454005937150858,0.7018295799302449,0.0039003754421263596,0.04232629646455642
Peve,OG_01385,47.19745309331479,-0.12626907332500828,-0.06559616336939621,0.6316285978590115,0.7931714232147826
Peve,OG_01386,50.522060540211235,0.29090000381509257,0.10696335513244715,0.4230039512489448,0.6442297538246807
Peve,OG_01387,456.14522118167474,-0.6755381105501371,-0.5802950734750804,7.254870014687078e-4,0.014937189127536799
Peve,OG_01389,56.11315096125993,0.5688290507610337,0.23586965577753732,0.13595922832261548,0.3486444952164397
Peve,OG_01398,11.349774030825941,-0.6366487332174005,-0.0719263435809933,0.373019766955012,NA
Peve,OG_01399,424.66264467033193,-0.829433432183437,-0.7416835613879178,4.1833909242598365e-5,0.002489771254766518
Peve,OG_01400,204.43864110387534,-0.10569041124398736,-0.0730559724573244,0.5799227554738215,0.7561885169168305
Peve,OG_01390,7944.930159795723,0.24741268314609563,0.19134912677084856,0.13437555328702175,0.346069291731079
Peve,OG_01391,1659.668661320588,-0.20316601283338953,-0.11025801252138431,0.4330124438277317,0.6515285003120007
Peve,OG_01392,29.97319507832296,0.5876203307532979,0.23035826338689,0.12338072286793883,0.3285265105934841
Peve,OG_01393,236.03075776192074,0.04541505474341447,0.029231421676315605,0.8217046926765552,0.9102051535922957
Peve,OG_01394,17.69014238302914,-0.6955689644281992,-0.14177055782497286,0.21387886643973042,NA
Peve,OG_01395,451.4487628655953,-0.3560502057885918,-0.19367454644761714,0.19719297721496476,0.4266447317306451
Peve,OG_01396,15364.249002414823,0.052576107121682196,0.009229628157687105,0.9269136543592575,0.9653510605778972
Peve,OG_01397,112.13314592095377,0.5362050454257702,0.3051601145602997,0.07378961632874503,0.24676439736276543
Peve,OG_01402,540.0627688787163,0.011257618378936523,0.013565971922822061,0.9619753039905383,0.9825587056730111
Peve,OG_01403,627.0655861614545,-0.7937856471707281,-0.5224488763444664,0.013177552568708405,0.08731640495739568
Peve,OG_01404,568.9282869870319,-0.0878746684079169,-0.051511770637014655,0.6909948470837406,0.8326476977355166
Peve,OG_01405,93.9055929140156,0.029822630040891942,0.014888345225108693,0.9129858648937774,0.9586666187127217
Peve,OG_01406,47.16115970244427,-0.3122667723048311,-0.15167156981277627,0.29299314022509154,0.5306756400938534
Peve,OG_01407,196.8481145415016,0.403562834097458,0.17030434087131857,0.23571953824148695,0.47045099353514475
Peve,OG_01408,454.7035092651008,-0.7261332405186104,-0.6395046032752547,3.0875203121104213e-4,0.008615651918555747
Peve,OG_01409,117.07590756660538,-0.835794324360515,-0.4716063725935297,0.019938254468776062,0.11184802838227985
Peve,OG_00001,990.7652179270253,0.08928950639406742,0.06242263411714993,0.6312785621252908,0.7930541039364223
Peve,OG_00002,29.4821444048148,-0.27310463580176475,-0.11994376789086342,0.3930613635364284,0.6195616526837392
Peve,OG_00003,171.08928436134792,-1.1472736726859012,-0.7933225210109413,0.003981420059362574,0.04296098868586982
Peve,OG_00004,85.18093425149088,0.22913878199168589,0.14819690672924796,0.28390206229616827,0.5220289429331909
Peve,OG_00017,50.62867828639704,-0.7011099300372747,-0.24217653337466744,0.11090401838044059,0.31046025533656163
Peve,OG_00018,278.34782684065425,-0.004200359665075212,-0.009475201071087774,0.9863020539723216,0.9943164661734781
Peve,OG_00019,397.1102167175358,0.18805070332864968,0.0473942622605719,0.6754649942169586,0.8228732765504396
Peve,OG_00020,83.14803369426686,-0.20086469025338735,-0.06169372886408596,0.6139163561286018,0.7807313154011973
Peve,OG_00021,34.25126283413427,-0.17671733122251673,-0.05373639414570447,0.6524450016292657,0.8071331637563731
Peve,OG_00023,10.796117662071033,-0.28963543676262227,-0.03252611485538447,0.6844186247710032,NA
Peve,OG_00022,98.16925508853603,-0.881913614951401,-0.6293599892928611,0.007860277822541657,0.0647346988671593
Peve,OG_00005,56.661234545897685,0.04742619838517635,0.021970355311274108,0.8713960877241307,0.9389259294638499
Peve,OG_00006,16.121221994087886,1.7085289511880197,1.2112527658290357,0.001710211225045678,NA
Peve,OG_00007,286.12839639540493,0.3282033615691358,0.21283436424784652,0.1504241812449306,0.3679736957786388
Peve,OG_00008,24.379724264551854,-0.12471482368168893,-0.03204330157638103,0.7785122383370666,0.8842079288423838
Peve,OG_00009,131.15194852748314,0.2422338298948031,0.13768924951654338,0.3325256571990104,0.568615141760283
Peve,OG_00011,46.53471016376279,-0.22468038628219034,-0.05378780405221564,0.6461211305673981,0.8041416063817086
Peve,OG_00012,105.23598058690295,-0.10221875344641015,-0.03833180625520711,0.7538768562003114,0.8701566500809049
Peve,OG_00013,156.16059482439306,0.20787539453298073,0.129131652935165,0.3500362343992504,0.5860045399831574
Peve,OG_00014,63.37134406200872,-0.1574167570009044,-0.08987760950937781,0.5057146353616571,0.7036579390876843
Peve,OG_00015,17.7687616731792,0.07601979653190101,0.015833771082438382,0.8877769178192632,NA
Peve,OG_00016,631.0691591862576,0.48548661154978134,0.3721549331731345,0.01594801550570811,0.09832181746081527
Peve,OG_00029,38.60129904358241,0.03715152064263055,0.01651818343181375,0.9065800315326411,0.9557606809044644
Peve,OG_00024,31.68633915572973,-0.4642474538152811,-0.16798512956813855,0.23103391693849804,0.4667240464697635
Peve,OG_00025,176.22044856989302,-0.11689011910208189,-0.06397001957587418,0.6445421968279552,0.8029636067760201
Peve,OG_00026,6.928057158952109,0.37681983746061026,0.04974695873914293,0.5730974283367207,NA
Peve,OG_00027,20.506373966293012,1.0498255763275504,0.3858129328505581,0.027682035382874094,NA
Peve,OG_00028,967.3752620580991,-0.6318361187143338,-0.5129618069092594,0.0037847817881979263,0.04154534245315822
Peve,OG_00030,86.31935724617232,-0.25319606585967286,-0.0855355807636821,0.5095119476293284,0.7047407159353465
Peve,OG_00031,35.00394501341329,0.4929609555729673,0.12337114138532086,0.2984549617956681,0.536613145848336
Peve,OG_00032,118.43939464603088,-0.08902129314792182,-0.045844384008034644,0.7393711494092657,0.8612210331714355
Peve,OG_00033,5020.775653917371,0.11926527183911607,0.08593151976005743,0.49692324230749935,0.6988298430678476
Peve,OG_00034,28.113996640319144,1.299667831307039,0.7456763614454911,0.007378003174491373,0.061832374239026704
Peve,OG_00035,215.3099361892777,-0.8436367083138695,-0.5114651634805117,0.015614434514643553,0.097023460140746
Peve,OG_00037,268.2970816929534,0.521541325279731,0.4363645960211635,0.003955213661561973,0.04273874847344555
Peve,OG_00041,2154.46937836551,-0.4076643053860085,-0.2611692114568868,0.10701889831742267,0.30420521170974846
Peve,OG_00038,82.99710697238636,-0.4884835389216721,-0.30160200173828294,0.06916238413053939,0.23657310943359605
Peve,OG_00039,51.70803792924322,-0.5767316349072401,-0.3306787718127306,0.05847935724096585,0.21346226327823567
Peve,OG_00040,171.96964255046765,0.19738022851360273,0.1545919080944044,0.2085553681862652,0.44025367729386355
Peve,OG_00046,10.302187280334369,0.15923237766401552,0.01822132544604851,0.8143121777995286,NA
Peve,OG_00047,6.383372373226863,-0.6216541029959342,-0.043243459052862414,0.5600373798874536,NA
Peve,OG_00048,101.88896533518546,0.27715267398431154,0.1544203056496692,0.2885100980526359,0.5269407640769552
Peve,OG_00049,295.52717682683516,-0.3152890760299352,-0.11958704089933216,0.3763789815377374,0.607984538031061
Peve,OG_00042,1633.8867419612197,-0.5444520632942084,-0.40238424993408195,0.018477038625091854,0.10749413751131838
Peve,OG_00043,582.2614847887365,-1.2060633926948099,-0.6722362486466936,0.007918685564993264,0.06495260537142873
Peve,OG_00045,83.48149600361407,0.3301972961344667,0.23269857791918833,0.10689887311946196,0.30420521170974846
Peve,OG_00050,445.228110094132,-0.35467513178435095,-0.2894305566247497,0.03144966358224984,0.14779983785908654
Peve,OG_00051,276.07592281749663,0.6902950797644932,0.6120046965727359,1.6037933704894826e-4,0.005791512127035224
Peve,OG_00052,30.45316465685748,0.4705782460351151,0.1460304995844342,0.2652126212422571,0.5030889322258243
Peve,OG_00057,87.09456293864233,-0.43550298564051243,-0.10072827441477,0.38518958897640576,0.614657370930511
Peve,OG_00058,658.5498725765256,-0.17025274334927187,-0.11058188648431902,0.4118654732595411,0.6357369021752649
Peve,OG_00053,416.0048431353818,0.04547360899619075,0.02477829805191471,0.8496786377024017,0.9272858522487174
Peve,OG_00054,66.94392077460277,-0.5696899221659121,-0.2865678491305549,0.08909883544542806,0.27589765626994633
Peve,OG_00055,2229.5592830191113,-0.23618516252610702,-0.1764844710481427,0.17235068773735077,0.3951151186226717
Peve,OG_00056,39.293897712943526,0.4887711543899893,0.18057583894388202,0.20880595698319931,0.44025367729386355
Peve,OG_00059,78.27904055696864,-0.08706009541019624,-0.03794435609644196,0.776192367264452,0.8834653300195122
Peve,OG_00060,2130.409840211353,-0.3900016801293031,-0.2861783065948756,0.06533947675071841,0.22791031771381542
Peve,OG_00063,31.50872531584221,0.189743981160248,0.027065759064630955,0.7527047311431745,0.8693843225335576
Peve,OG_00061,142.59110234177604,-0.21714236702941336,-0.13342249091605968,0.34203841482471314,0.577621069415798
Peve,OG_00062,956.4292629445106,-0.26064140686677667,-0.2244720739213752,0.04406490024317348,0.1809630242870596
Peve,OG_00065,686.6493779456216,0.5995368557239626,0.45005035454846803,0.010934692450664666,0.07827379822617393
Peve,OG_00066,137.6492449881866,0.6251189383018831,0.3775795895294378,0.03826715790192268,0.16667764945502972
Peve,OG_00067,144.24145614434974,-0.2668184489641867,-0.13611739458121863,0.3333409801099939,0.568640779395329
Peve,OG_00068,234.47079485119,0.19875029132628594,0.10876716176311715,0.44097643497857814,0.6565581016136046
Peve,OG_00069,22.49334300971467,-0.784264682630236,-0.24822096731258378,0.08588526902256446,0.2696924894533784
Peve,OG_00070,17.49891916412102,0.4686666604397368,0.09685481739838207,0.36515931858478295,NA
Peve,OG_00071,5634.220157641098,0.26331460448661903,0.22849437905879752,0.03410256501643195,0.1550079596033285
Peve,OG_00072,266.49297594850213,0.48653974560263025,0.4201935977988609,0.0025141850786307503,0.032502002753841304
Peve,OG_00073,628.211485722678,-0.9200337357406939,-0.4236729595620926,0.026348400515561487,0.13283862915379635
Peve,OG_00074,50.621201801408084,-0.01617015756180641,-0.007553222684164805,0.9428423531709256,0.9730168023081153
Peve,OG_00075,182.83315284988237,0.1495512782247408,0.07875808205824006,0.5685252103367983,0.7485352665651105
Peve,OG_00076,14.956476676555663,-0.5340485593268459,-0.0476435249611917,0.45796349174636025,NA
Peve,OG_00077,755.0772215357453,-0.10866338729787473,-0.09502264660603159,0.3577835513926737,0.5922288677110696
Peve,OG_00080,53.357933645625025,0.14475577915953722,0.04496350412448283,0.71878437796767,0.8488214059008008
Peve,OG_00081,73.01691310031056,0.2890428432416775,0.06223011987707744,0.5573853394871296,0.7414285867317887
Peve,OG_00078,2420.376273354124,0.11543044739787015,0.07386802667682904,0.5800952602864213,0.7561885169168305
Peve,OG_00079,897.4084768593104,-0.10761375766182178,-0.07817296721571074,0.5362206224577637,0.7257383842321581
Peve,OG_00082,1566.276497090434,-1.1327237668393793,-0.4964724755677926,0.013006045755550096,0.08681014836473244
Peve,OG_00083,116.75973959328509,-0.24212795969993142,-0.16672631901545973,0.23735699381995995,0.472111117211607
Peve,OG_00084,76.10287161440013,-0.08774275394206797,-0.035824930375254256,0.7828170052564495,0.8863182444824297
Peve,OG_00086,62.764976317914545,-0.26310516402508627,-0.11936849877704127,0.3850871937965228,0.6146485759057679
Peve,OG_00087,463.25871231761255,0.2613321903471605,0.14685221787865477,0.3114561288787307,0.5488486675452626
Peve,OG_00089,370.8804986170074,0.6088663202787913,0.27653090453845486,0.08817082316581176,0.2742725725918286
Peve,OG_00090,72.23020578128448,0.20952070525286606,0.12151664137235886,0.38989598272414155,0.6181982973852607
Peve,OG_00091,52.99809753129589,-0.25119268471904566,-0.10861041178021735,0.4343700218364228,0.6526688020413943
Peve,OG_00092,974.1678666818652,0.0991780867804012,0.04320573330938858,0.7324402636948585,0.8563121437733935
Peve,OG_00093,666.2260929931741,-0.21828232567648098,-0.14198322457674128,0.3045327655336511,0.5419132463992885
Peve,OG_00094,9.177909512946512,-0.26993191148573126,-0.03288826084461892,0.6990929712542517,NA
Peve,OG_00095,51.69717663588918,-0.4018063150911004,-0.16258300974949016,0.26389482600665126,0.5018349437140962
Peve,OG_00096,48.82928626980553,-0.8000431629160086,-0.3700977257130822,0.04291736566181816,0.17836578920443574
Peve,OG_00098,67.85397941304086,0.30968934893801414,0.05120006340321985,0.5954294613309095,0.7686801620774222
Peve,OG_00099,20.46534528923533,0.02676869091082173,0.00383530727138057,0.9615971437330915,NA
Peve,OG_00100,129.37262927720903,0.23519426572679203,0.15444024843717125,0.2674054602536309,0.5057618352771559
Peve,OG_00102,4621.767378373742,0.1251998586107543,0.09706822412772231,0.3625602353751627,0.5962764857161253
Peve,OG_00110,263.74271041214456,-0.19723013258930158,-0.09219561659227392,0.500892326857532,0.7004884783156717
Peve,OG_00112,27.71677646055773,0.34778066345270964,0.10987400037080976,0.3991132336628884,0.6250914091373118
Peve,OG_00113,42.823177305828935,0.5281907908508889,0.2599788412975179,0.1113174985397638,0.31082088408972997
Peve,OG_00103,620.6208088656022,-0.02690748351709213,-0.017686828016207187,0.8894273791929069,0.9462915562183579
Peve,OG_00104,39.423812124138315,0.579888332684038,0.21307456912189568,0.14937818271756784,0.3670265055434166
Peve,OG_00106,90.15349830522814,0.33716794588741894,0.19579473917696685,0.19285861636427015,0.42194053402154225
Peve,OG_00107,383.9937502307923,-0.1560337815885043,-0.0718555750560936,0.6009271958406672,0.7719837062249921
Peve,OG_00108,143.3314758736244,0.4900770009798047,0.3414116382877513,0.038775499923378205,0.16764571987303928
Peve,OG_00109,94.5064495253876,-0.2928804220344737,-0.09381460888225653,0.45320766759232023,0.6650781090672447
Peve,OG_00115,50.80512238730506,-0.8604527386490028,-0.6218179857630005,0.006292532918272553,0.05626351616361538
Peve,OG_00116,182.92184148899187,0.39687469232230527,0.2525962347234232,0.10323385922113022,0.2986718360892675
Peve,OG_00117,7.294823744643264,-1.97273370891905,-0.09862492571640176,0.06260236972692419,NA
Peve,OG_00118,74.10490766312934,0.6664999975514757,0.3370431006001787,0.060352695101438,0.21748667515740525
Peve,OG_00119,109.34551327353893,0.4140211521393464,0.2417117724559965,0.12668376310917984,0.33312975746141943
Peve,OG_00121,91.76893295391854,-0.9166280216433722,-0.45134079643788594,0.02743348372221074,0.13617496719281266
Peve,OG_00123,12.958676476901694,0.37240034653446213,0.06265446588148328,0.5181730185895371,NA
Peve,OG_00124,186.86808461451886,0.2882280218654824,0.2222518430222538,0.09206857206876215,0.281001148989424
Peve,OG_00126,12.836515924318016,0.22461130388956646,0.03944954716177953,0.698695039556291,NA
Peve,OG_00127,22.13863778670871,-0.07679624293480093,-0.011078445784986195,0.8984587781854283,NA
Peve,OG_00129,15.124024517736306,-0.5690478728907579,-0.12028516260568793,0.2870617529535223,NA
Peve,OG_00131,36.134872292347815,0.5282688748763719,0.20898926749951915,0.15949714593429698,0.3779255823047201
Peve,OG_00130,854.6672816209003,-0.3082473356388781,-0.22332729362827122,0.10738703878737096,0.3051378073413622
Peve,OG_00132,29.855335165812203,0.3566140084841862,0.08051656063229116,0.4595968327110951,0.6698909367323973
Peve,OG_00133,59.067403868413415,0.35619033976766357,0.09430315827008243,0.42122279271875523,0.6428986918141775
Peve,OG_00134,75.10807711204632,-0.6478854994550001,-0.2876540428243677,0.08042497917046233,0.2587320486995701
Peve,OG_00135,211.16423154763143,0.0752908365275912,0.055094508764141736,0.644262965870234,0.8028783369866583
Peve,OG_00136,126.47644351175695,0.21199453721789369,0.1071480716807792,0.4452206019055287,0.6584233651046842
Peve,OG_00138,17.107866926138268,-0.24168033054954946,-0.04696907643972657,0.6547381667729991,NA
Peve,OG_00137,14.796261145633489,-0.906832931090863,-0.13045742990289755,0.17197102785992585,NA
Peve,OG_00139,132.99196494827206,0.026894839327234295,0.018473746843061894,0.8928612657491194,0.9481205913683847
Peve,OG_00140,26.79815096618668,0.8399987457443804,0.06874819343111507,0.30282625558344584,0.5405179041786997
Peve,OG_00142,33.668152883922446,0.7439246541134006,0.27283287477837254,0.089166487150426,0.2759018274215862
Peve,OG_00141,7852.280483212009,-1.2496870789091135,-0.15787214093069307,0.0639841492257958,0.2249336634988982
Peve,OG_00143,16.95138628569528,0.3708774316658558,0.06081094578038944,0.5487172524106758,NA
Peve,OG_00144,179.28462627106504,-1.0182679594786497,-0.36284206133917685,0.03255464668396266,0.15112815261330137
Peve,OG_00145,869.5802807131485,-1.0265076799841435,-0.9030062809681417,5.3469962060398996e-5,0.0029007853864594013
Peve,OG_00146,440.49629142844594,-0.36836300944150796,-0.15227981730171566,0.27761970835717653,0.5147938767168172
Peve,OG_00147,192.7534746025109,0.2951018680751658,0.1305151730642073,0.3590713964461462,0.5931036493839725
Peve,OG_00148,292.65535042371863,-0.9074567964656524,-0.5872610679893729,0.00963025136905182,0.07290633869872686
Peve,OG_00149,241.64583440287194,-0.06862495018870111,-0.04000521535209982,0.7921328098578664,0.8921172712654508
Peve,OG_00150,580.3207744874321,-0.13447448907735549,-0.11212259899549329,0.2983334681497295,0.5365213315308403
Peve,OG_00152,48.559856207663614,0.08690769265781693,0.03713079407304305,0.7866617320747653,0.8887422623380635
Peve,OG_00153,190.8978142648462,-0.10298656559712728,-0.07239205905902366,0.588601743204751,0.7633585426853581
Peve,OG_00156,34.53038266160895,-0.344202426146184,-0.07136945477307644,0.507976718237608,0.7045181966274402
Peve,OG_00154,538.6700025058569,0.2242580387307676,0.126954976311615,0.36054209268015486,0.5947083081001903
Peve,OG_00157,34.28477246696,0.4169617816845041,0.20726400015235355,0.18215801630876463,0.40781548118939687
Peve,OG_00158,91.05295801183385,0.6357351106523329,0.47279686233631624,0.011179471251852634,0.07929721787394169
Peve,OG_00159,186.84482415680702,1.314876058277138,1.2022978761802834,7.175428205414832e-7,2.0277799912957873e-4
Peve,OG_00165,7.978829427472443,1.0972359428928684,0.13085822899703198,0.14185663430931178,NA
Peve,OG_00166,154.02502368581398,-0.24829058455304456,-0.1427272902470123,0.32217464049925276,0.5588174889169644
Peve,OG_00167,44.84068864697251,0.4548931926984264,0.16976317008402728,0.22727734601413957,0.46356059489577384
Peve,OG_00160,313.4520869720549,0.3948951685665983,0.20145274888354908,0.1821732846531265,0.40781548118939687
Peve,OG_00161,80.02672496746263,0.34156702793623644,0.1729676611688133,0.2445164173072631,0.4812002239852054
Peve,OG_00162,18.24402098329935,0.6643298024327136,0.20003306315842,0.14608826585731072,NA
Peve,OG_00163,5010.031570843127,1.269712750055025,0.07646519511663022,0.14797575633377816,0.36505159059285036
Peve,OG_00164,202.16911744141566,-0.33189877061417394,-0.2790696700177896,0.02144357290576288,0.11693137113837089
Peve,OG_00172,59.83346214885065,0.2961234187081622,0.13850939968051298,0.333655964442315,0.5687606035179136
Peve,OG_00176,8.133933857109536,-1.1743719334779839,-0.09587854372787379,0.14451173251590402,NA
Peve,OG_00170,18.701924334473286,0.028801160117391134,0.00841999375210771,0.9514157020345925,NA
Peve,OG_00171,576.3327219840094,-0.15991528428335522,-0.13165553429419938,0.23313328585730267,0.4679866591991915
Peve,OG_00173,27.798267895717824,-0.48500456799123753,-0.06323072573771116,0.4920732252833237,0.6962507114057133
Peve,OG_00174,19.110196328933775,0.5244368645211753,0.1337310971087529,0.2677102116763109,NA
Peve,OG_00175,31.246605888361632,0.8243750351726474,0.20339519692126656,0.11536888214711132,0.31546308119048605
Peve,OG_00177,8.552419001780308,-0.9638443624635735,-0.565093242382145,0.01788185353235137,NA
Peve,OG_00178,28.387244684777926,0.334292021213124,0.14199339605671127,0.3139404749106899,0.5520643275609984
Peve,OG_00179,44.132640064002096,-0.8090131511871854,-0.2876318714217142,0.07790234644647266,0.25383236750608584
Peve,OG_00180,48.9776475611205,0.1011919490884668,0.02330521257175002,0.8385978534914935,0.9209863599275961
Peve,OG_00184,32.863922589837564,0.6741870848838033,0.39692648333683495,0.039176180591872944,0.16886243404267104
Peve,OG_00185,18.575305746608286,-0.9262800351787733,-0.14247790704688346,0.13786088031569918,NA
Peve,OG_00181,89.74544534799148,0.00862125552346287,2.620290873951182e-4,0.9792631436088975,0.9901443772048533
Peve,OG_00182,221.95626126600177,-0.6796251429249353,-0.4851003482286573,0.012217359015567641,0.08407573710984127
Peve,OG_00183,8.47423586291336,-1.7251875728379844,-1.3040826890673118,0.001389455619334322,NA
Peve,OG_00187,184.00918396802183,-0.14985801622787684,-0.04349822873640598,0.7236998439755585,0.8521978178079943
Peve,OG_00188,13.861124282613149,-0.6440530443749265,-0.12166096374389869,0.2686771612721463,NA
Peve,OG_00189,50.58766646204853,-0.29824327038486426,-0.13246674626070729,0.35061330827009834,0.5862953513413681
Peve,OG_00190,170.5965355035844,-0.3615369520583108,-0.21414905209546675,0.1559155539131256,0.37327614384355456
Peve,OG_00195,161.08904859387712,0.5726968314806915,0.13056084938475304,0.27194957521350765,0.509540085127956
Peve,OG_00191,326.4632203232201,0.1473395473107951,0.08948027538220116,0.508825997118896,0.7045181966274402
Peve,OG_00192,281.269465153823,-0.18128952170612594,-0.09575553774943164,0.48961559039268615,0.6945143373676433
Peve,OG_00193,31.437938794120598,-0.36019520660497484,-0.16687161309692347,0.2611877494772818,0.49968063172223326
Peve,OG_00194,804.9301727268196,-0.5363439819999473,-0.38183665027598035,0.0256090181348141,0.13032030738210676
Peve,OG_00209,41.30922230751679,-0.12030082349448165,-0.041811424160950676,0.7507310558705262,0.8684929915938056
Peve,OG_00196,1452.9367359755252,-0.14682088624126136,-0.09089944386287796,0.4972523168367469,0.6988443555871336
Peve,OG_00197,280.9473885245858,-0.7295816618119214,-0.4912130307379404,0.015841800431365877,0.09782018350195106
Peve,OG_00198,357.69160699058216,0.07233829126788326,0.012050631053468144,0.9039057710613774,0.9544811852078189
Peve,OG_00199,53.62329864379165,-0.04038866829805444,-0.011244219760383785,0.9231239651377199,0.9638649076780632
Peve,OG_00200,54.782096254827174,-0.08386994829023427,-0.03303291073676487,0.7893200126673632,0.8901613407105807
Peve,OG_00201,201.6525959088298,-0.41385846162081524,-0.33942481170487443,0.015084950346776354,0.09506914865389868
Peve,OG_00202,77.83879653165931,0.6196714640754616,0.4207348464561199,0.0245434035665383,0.12706974975857063
Peve,OG_00203,38.77279519600966,-1.173806403107859,-0.5809485526939839,0.014976449289594044,0.09452410164716439
Peve,OG_00204,126.28798864093282,-0.42515003727585593,-0.18534644549206716,0.19485433720605316,0.4239979565024658
Peve,OG_00205,346.24577667425154,0.27049236688946726,0.09153701361027641,0.4629153716805006,0.6726090599775041
Peve,OG_00207,82.33608589736578,-0.42885519093767466,-0.18933390432920372,0.18846270502979257,0.4165096857896605
Peve,OG_00208,367.7360829786614,-0.6086198394774786,-0.15326421421079858,0.20960724478182538,0.4413317462786926
Peve,OG_00210,109.97737688098651,-0.19950298190790355,-0.0771406149143506,0.5516962459679282,0.7367569760401277
Peve,OG_00211,721.7007083414109,0.17543074153954855,0.11870998326017769,0.38068852150842775,0.6108014230941876
Peve,OG_00212,252.50031623913486,0.40308414060107306,0.17522156301518793,0.23300427779684182,0.4679619866815555
Peve,OG_00213,1145.3696524283357,-0.8762832441140324,-0.48658669541786764,0.019326953570912884,0.11028669086383097
Peve,OG_00214,626.4683177815692,0.03548186783506521,0.024876775677615988,0.845114725541782,0.9244807551949017
Peve,OG_00215,29.317796824750634,-0.7075816870369338,-0.15088572026965372,0.18442097782600578,0.41115569478446357
Peve,OG_00216,78.33615023230341,-0.9646533694730887,-0.7651303579890237,0.001569218266526286,0.024346852860279523
Peve,OG_00221,128.70749286098686,0.8845474669483733,0.6335089479154115,0.004770262025696865,0.04769009988419779
Peve,OG_00217,154.33278150801,0.4281991772364182,0.2819387238763339,0.07970054647914178,0.2574504592882463
Peve,OG_00218,171.38408190850225,0.14958624617153599,0.10107004599238394,0.44634965069016946,0.659226762108901
Peve,OG_00219,68.69270711218223,0.011652007538802252,0.0035078909288281785,0.9784979043575626,0.9896363451522986
Peve,OG_00220,10.490821677286538,0.2697291873507377,0.09393074305476236,0.47977450139051564,NA
Peve,OG_00222,88.28801272101329,0.3914720842923025,0.27024904916149767,0.07860246342650225,0.2548057729289762
Peve,OG_00224,131.8766255504335,0.13951331708648962,0.08325819544446089,0.537345697912068,0.726763576069389
Peve,OG_00227,20.57532457321598,-0.41726176753134786,-0.07619614550601385,0.46887495830196585,NA
Peve,OG_00225,213.41891251474183,-0.4376310264582189,-0.09570962477843888,0.392612124396057,0.6191906651638284
Peve,OG_00226,101.06136268757692,0.016793687305118342,0.010201447602524257,0.949959386716871,0.977020468206983
Peve,OG_00228,39.92999422858992,-0.4435559660746865,-0.21586309310881793,0.15178205816752788,0.36859283363730555
Peve,OG_00229,129.52466295617342,-0.1508798095458564,-0.10699701152491603,0.39556653035987666,0.6220945145089886
Peve,OG_00230,17.530340540817654,0.6142432286674566,0.1313924836445935,0.24104829012959858,NA
Peve,OG_00231,316.89748455241073,-0.7105377951193269,-0.6250015452046195,1.9364137999241125e-4,0.006445568252219177
Peve,OG_00232,653.0485050985366,0.10762773551185094,0.058434662502239706,0.6508713417872565,0.8065669612724401
Peve,OG_00239,58.904327205529206,0.7515219531497817,0.4028341778665069,0.03565239586298849,0.15920278527798729
Peve,OG_00240,9.763569790596902,0.222414019068038,0.0625543399731269,0.61277200324763,NA
Peve,OG_00234,229.90524862465534,0.5277591761252526,0.2565137727914216,0.10491409035988486,0.301598317117586
Peve,OG_00235,71.40785780615863,-0.12497188708644427,-0.02409403867594967,0.8097229699358319,0.9027451876352457
Peve,OG_00236,84.77785165054172,-0.18219282966064743,-0.09790413443516238,0.49902798785333713,0.6997522830458456
Peve,OG_00237,1429.6381770850428,-0.15327464225838097,-0.11966425671015014,0.2993783820268526,0.5375122588452894
Peve,OG_00238,1383.7624660516972,-0.6322483463905954,-0.40818368374294395,0.028736484009116447,0.14056114236399322
Peve,OG_00258,250.39288019501046,0.5240696550821636,0.4142888321481371,0.011522497395231996,0.080752884228958
Peve,OG_00241,38.87944702282643,0.680664072408727,0.41195195424162967,0.03215823942084119,0.1495613357191503
Peve,OG_00242,151.82944083363125,-0.5252048654879685,-0.04787229272059255,0.5206071773802553,0.71459197788879
Peve,OG_00243,171.02470694814613,0.2590062092113484,0.08488184526061893,0.5192013595739322,0.7130477658615856
Peve,OG_00244,22.906376911408895,0.5139002262548114,0.18283455560841091,0.1928056073514761,0.42194053402154225
Peve,OG_00245,233.38964502447513,-0.5465616873624703,-0.34679425421394205,0.04490839577680913,0.1834381549746552
Peve,OG_00246,149.18160686773226,0.22183767037368587,0.029648607139270186,0.7393307122597239,0.8612210331714355
Peve,OG_00247,7.13155913448918,0.5358635452021153,0.022724751043060296,0.6008034515904921,NA
Peve,OG_00248,273.3159807453977,-1.4475527564956423,-1.1313702446297182,7.74830366089781e-4,0.01565691705271075
Peve,OG_00249,475.30709122126467,0.33865970219761743,0.2773192359997694,0.03329537546942716,0.15316204525917396
Peve,OG_00250,99.99236683070306,-0.05804497376559485,-0.03289120723395676,0.8086267335425492,0.9023170435223583
Peve,OG_00251,147.13475315962106,-0.2127249270433224,-0.14067644918261335,0.29953184356616447,0.5376201616930448
Peve,OG_00252,145.37012291592944,0.531286680473185,0.21016604188348567,0.15086536879002235,0.36800190225204665
Peve,OG_00253,57.36655382666808,1.905871641903868,1.2442298637475069,0.0020573957985116405,0.028548708912680652
Peve,OG_00255,436.6571829454474,-9.346015964133182e-4,0.0013453634882694113,0.9961700418497048,0.9978746074162504
Peve,OG_00256,84.68751864070786,0.18899568362087532,0.11660371706813498,0.40053289128241276,0.6265420052955688
Peve,OG_00259,14.685487911243973,-0.14755114423367974,-0.008870781761801673,0.8849949764168631,NA
Peve,OG_00260,340.574496120774,-0.8511826360493904,-0.4980988619640532,0.02155743246673446,0.1169434640215308
Peve,OG_00261,19.01292890205626,-0.2616353758737564,-0.05984559789954106,0.5879380061824214,NA
Peve,OG_00262,33.761976915778654,-0.3485066181745646,-0.10674915032840841,0.39260081226472665,0.6191906651638284
Peve,OG_00263,191.1893795064083,-0.19099425364254513,-0.11590404277854473,0.399008023527432,0.6250551353551258
Peve,OG_00264,60.24675779622082,-1.5361109536051039,-0.2558335824128504,0.018404193371875908,0.10731836201639701
Peve,OG_00267,13.780226689516168,0.8278529501863107,0.06372885318677833,0.3286274091771313,NA
Peve,OG_00265,6.090542822146851,-0.5286932326147373,-0.034868030070356555,0.635506614659437,NA
Peve,OG_00269,29.31396427820246,-0.38151950261111356,-0.054942882724690646,0.548685981414931,0.734990294780894
Peve,OG_00270,202.86087328770415,0.44392272157112517,0.31892812191650244,0.044205548289875454,0.1811500090759931
Peve,OG_00277,19.714130266660987,0.8841053915487177,0.09050604191439647,0.26000773713957603,NA
Peve,OG_00276,11.14557481476047,-0.46935280785919964,-0.02659336644758549,0.6144328838317664,NA
Peve,OG_00278,59.95005183087965,-0.890922787762864,-0.7124303475223154,0.0015553002327663053,0.02427925650248712
Peve,OG_00271,361.4323717045295,-0.4670182417867562,-0.34324679313319956,0.031780003639075315,0.14871011530864603
Peve,OG_00273,1405.4065544906427,0.32643744349457815,0.25873352362478286,0.05263095679247385,0.20137751323207725
Peve,OG_00274,66.88160512946581,0.43835133531081016,0.26537383414456844,0.09234870448183789,0.28140497229705647
Peve,OG_00275,11.28268940140373,0.5532260565507191,0.08433337387135631,0.37241715157029726,NA
Peve,OG_00280,13.722456107268355,-1.3972355611740979,-0.09381818902841162,0.11386069037578316,NA
Peve,OG_00281,10.793870085319707,0.6465826745915079,0.023839665857139043,0.5807601590882112,NA
Peve,OG_00279,131.25705199494783,-2.769663316833098,-0.23281890673339617,0.0013693187686403883,0.022428457618214406
Peve,OG_00282,163.34929042711687,0.5063639236264335,0.42411655603805054,0.0044525022173520935,0.046148519580664286
Peve,OG_00283,96.10901393063303,0.04987520138842339,0.027320570262778343,0.842241732734091,0.9227955587470597
Peve,OG_00284,20.07307987150392,0.17417426150007073,0.057660292932343524,0.6528284029604934,NA
Peve,OG_00285,74.31537715900599,0.4252945510660788,0.21842325132964371,0.1621731181551556,0.38236917799627834
Peve,OG_00286,248.4187128468877,0.3000819767735905,0.19256308470773287,0.17982768656534667,0.405663996522005
Peve,OG_00287,23.320689235140932,0.3951655922305154,0.1429595874281224,0.29032895002347586,0.528810341906417
Peve,OG_00294,95.62345923072029,0.4409768408091753,0.044479825144316254,0.5513646532352907,0.736635553901516
Peve,OG_00288,20.979750454399735,-0.009662012781168244,-0.0023086935729346426,0.9814676267851389,NA
Peve,OG_00289,97.42331683521952,0.11459321989101354,0.05598446029955949,0.6874456248952058,0.8302093802237916
Peve,OG_00290,113.52759743930935,0.5168656173515387,0.3550601192951365,0.03634504463032871,0.1610921107504518
Peve,OG_00291,211.1652099281539,0.2704965126040383,0.17470265418413844,0.22225038574029907,0.4577192318382261
Peve,OG_00295,1324.0481705116447,-0.5700829894092154,-0.38057110824964935,0.031740173596389795,0.14870642217545968
Peve,OG_00299,22.819067152770515,-0.4479321129090837,-0.08716343371269851,0.41196158800649063,0.6357369021752649
Peve,OG_00296,1117.7597122278246,-0.09978228246586901,-0.0666722696646065,0.6052872249384942,0.7736567497744516
Peve,OG_00297,22.174532057632703,-0.17148152203975514,-0.03569468871831035,0.7468205140633639,NA
Peve,OG_00298,14.622710366889022,-1.67764533490513,-0.2524176218732076,0.016542455145530273,NA
Peve,OG_00304,62.33519194442101,0.5531252852149794,0.02521107226724646,0.6302434168825896,0.7920306430821529
Peve,OG_00305,99.01993030794948,0.20660664855473593,0.11061076403737002,0.4364826843042985,0.6534618531341996
Peve,OG_00300,188.0841734370366,-0.2392064736690684,-0.17355089214146233,0.1945213055296305,0.42387405870383704
Peve,OG_00310,64.88170892704771,-0.601134957745266,-0.2794993857589793,0.08188440925512967,0.2619888406995287
Peve,OG_00311,178.53235586365307,-0.7253775627391745,-0.4593348923504838,0.020293773200812975,0.11292765832271238
Peve,OG_00306,63.88248205019578,0.5601159060543792,0.3818234092191285,0.03150859838233079,0.14789433301084162
Peve,OG_00307,150.4223550482305,-0.15623155696566424,-0.08736391212874449,0.5155942516416016,0.7095009048059466
Peve,OG_00308,60.208912921490025,-0.4354888304152172,-0.1382393694437207,0.2782954495330005,0.5154521601124236
Peve,OG_00312,124.16344764049192,0.2775527244919246,0.16729190292944135,0.2501016249071911,0.4880312957333458
Peve,OG_00313,214.01436810321678,0.49741541972828957,0.28797654300694087,0.08221041039563164,0.26281112311956434
Peve,OG_00314,1734.193899538547,1.5837790616550704,1.39551594623239,1.0321271321478614e-5,0.001123249213243201
Peve,OG_00315,99.67624065342821,0.5694619267902558,0.33732072359393334,0.055008030251096005,0.20552731455552942
Peve,OG_00317,6.825867257539961,-0.18764067253863123,-0.02551706882196166,0.7781092353442027,NA
Peve,OG_00316,13.977325478216265,-1.1936023501144533,-0.10146087470557233,0.1378060507652791,NA
Peve,OG_00319,1057.4501700313742,-1.2799416438722797,-0.7916605226528719,0.005639472816910791,0.05258446012145215
Peve,OG_00320,1255.0651997513419,1.0829682595221206,0.9369242908067769,1.1371195224558715e-4,0.0046805165372925
Peve,OG_00321,242.81194705343952,-0.30248548270984044,-0.20926257426450748,0.14216613252316804,0.3566989553501205
Peve,OG_00322,298.29742106155766,0.10903111399120125,0.0612216503894359,0.6565387719817428,0.809830369973594
Peve,OG_00332,22.904120445582095,-1.0437142925138485,-0.39905104446031187,0.027639307634410405,0.13672483477853145
Peve,OG_00333,38.90298244686658,-0.04709395140306087,-0.021952922600678042,0.877816253592728,0.94146194845409
Peve,OG_00323,613.3137667913983,-0.5118396982366148,-0.2367364899723133,0.13495486650224403,0.3469747462079295
Peve,OG_00324,235.10856830955092,0.2717316280427041,0.15573626325861145,0.2750244715244795,0.5131365231627443
Peve,OG_00325,82.45498322586019,0.531596859987734,0.3119751166715643,0.0677944375561245,0.23362339249306222
Peve,OG_00327,265.9101652762918,0.607392818140385,0.49102201877894586,0.00419028337547782,0.0441577876564746
Peve,OG_00328,359.8729608579857,-0.2641470036882156,-0.23534965235755625,0.041127341661227224,0.1737704319330166
Peve,OG_00329,68.72357596773894,-0.1202763879636059,-0.06076240956502898,0.6737716652837435,0.8217689102719317
Peve,OG_00330,165.61729417980837,-0.7570438716016971,-0.6362024152703804,6.490030156035815e-4,0.014471690190115084
Peve,OG_00334,127.47793784502653,-0.5647556736932747,-0.37870776016265395,0.03331445379291825,0.15316204525917396
Peve,OG_00337,44.762387980655355,0.6559298553626827,0.13573111727306747,0.234923873511175,0.46984774702235
Peve,OG_00336,239.7826212395546,0.07911844152382862,0.062361275421009055,0.5864982072374831,0.761927582321819
Peve,OG_00339,13.276547522416863,0.08381309178671636,0.020962738458521778,0.8548498799452997,NA
Peve,OG_00340,29.734145909563154,0.5011193230760745,0.17681287617617622,0.19800942967213325,0.42781868046521454
Peve,OG_00341,61.67701034988552,-0.6864946097140331,-0.4855312467059914,0.014636305830572963,0.09356085788645416
Peve,OG_00338,324.8887480301026,0.11419726438927501,0.07082122151281879,0.5971164572991485,0.7698143800482169
Peve,OG_00346,59.783162558886666,0.3585643206290604,0.1390212026065915,0.3186378625676221,0.5560913855281732
Peve,OG_00342,51.75343802233391,0.41036248714434037,0.10487329637161096,0.38195563489335915,0.6116750108508745
Peve,OG_00343,183.7925533563638,-1.0699744577900607,-0.8598303196662275,8.534928904124437e-4,0.016788675720218832
Peve,OG_00344,6.7081524769749334,-1.1865860402005763,-0.10904757202973722,0.13562195665515694,NA
Peve,OG_00345,24.512753235994815,0.21287659160819433,0.06884930177796536,0.5896555601121145,0.7639449076418517
Peve,OG_00353,23.80990402404158,0.01505841274489945,0.003144109144155773,0.9776647235582301,0.98939735135795015
Peve,OG_00354,905.665408736321,0.21621250739935954,0.1480166569860958,0.3219480580938031,0.5586401444769925
Peve,OG_00355,269.6418196403683,-0.6459980108920723,-0.4093741425972623,0.02911406493117661,0.14160094932547365
Peve,OG_00356,152.29602871639761,0.6593976225746594,0.07457437762271096,0.3562460180511124,0.5917754394926678
Peve,OG_00357,167.90322010941938,0.15052175820507077,0.10038360102589343,0.44604981595345905,0.6589116730528313
Peve,OG_00358,649.745446093904,-0.2843033059106584,-0.17697332389757045,0.22029293753779533,0.4553525909767982
Peve,OG_00347,38.69495569011062,-0.38702342500884923,-0.13121555658668418,0.3177293588023773,0.555402461676597
Peve,OG_00348,306.7389119894376,-0.23947410029400007,-0.17226010916889448,0.20866086325222105,0.44025367729386355
Peve,OG_00349,95.34746675580959,0.4098661090350893,0.17356352485102902,0.2318870913465495,0.46722108818693303
Peve,OG_00350,252.67989765032593,-0.7976921315971005,-0.47920097737573764,0.02000217264555593,0.11197135300911061
Peve,OG_00351,35.19835738572012,0.1306748847403694,0.059109115216553515,0.6660505322971152,0.8161449179732063
Peve,OG_00352,233.94168038060687,0.1434299915521294,0.09170595895893865,0.4943926275722481,0.6974598216380345
Peve,OG_00359,59.42972871945061,0.3906969207134531,0.21662294089043865,0.15878715616423228,0.37695249475198556
Peve,OG_00361,23.86099175489158,-0.06083551913531466,-0.007611689122065846,0.9215973111655245,0.9631949947124386
Peve,OG_00362,42.37687739618735,0.08472730105062941,0.029516765699228106,0.8187630644317587,0.9081737077520585
Peve,OG_00363,188.65128862709122,0.15586145902285614,0.08530321366211578,0.5444310795508284,0.7318644722107306
Peve,OG_00364,54.181224279814,0.0021306797759967537,0.0021910868352663553,0.9936169218776442,0.9972824388489978
Peve,OG_00365,1856.0406995752312,0.3152825731238966,0.1263261969040721,0.3640885371421813,0.5972732339024533
Peve,OG_00366,373.42235771791303,0.19885911913293414,0.15510777992222316,0.20403488410453216,0.4355053205585326
Peve,OG_00367,528.2171906343225,-0.2778830918698623,-0.2258423175976764,0.06460848648932861,0.22650135760501855
Peve,OG_00368,97.89791154434033,0.2726791411937948,0.15326700486975864,0.29339586802083545,0.5312787550707688
Peve,OG_00369,41.159410002334745,-0.23977249343774978,-0.07990043728368851,0.5338296589563487,0.7237434315589009
Peve,OG_00370,6.9305784442050085,1.579663639017179,0.07074664694170704,0.13659747422024865,NA
Peve,OG_00371,132.6509309855598,-0.16897362846168243,-0.11292924946825107,0.411615724547728,0.6357369021752649
Peve,OG_00372,1687.0251490588248,0.19748689935466332,0.16060859164943223,0.1697073568409216,0.3914110337311961
Peve,OG_00373,93.507402445181,0.5049630252183069,0.27705318537293905,0.09694793081435517,0.2889473149232229
Peve,OG_00374,74.1262392732917,-0.7014028183731968,-0.5185504772648052,0.008629517082427514,0.06798310355111975
Peve,OG_00375,912.4667963594193,-0.057259684286783734,-0.012992509726275747,0.9012517314931363,0.9530213979443157
Peve,OG_00376,108.13440358123175,-1.255479677586141,-1.0842256297850064,7.960633435306087e-5,0.0037411236049605754
Peve,OG_00378,9.730487407656588,-0.5626692449063723,-0.0701593651029863,0.4366516665582876,NA
Peve,OG_00379,117.29077609131714,-0.023573888675978663,-0.012511363829277531,0.9252744650978432,0.9650521461001328
Peve,OG_00380,757.9550576695573,0.7157859578656441,0.606141150060567,8.658385985071299e-4,0.016956191371278448
Peve,OG_00381,77.89795667156346,-1.244818560972414,-1.1306919575300005,3.831147976256411e-6,5.612631785215643e-4
Peve,OG_00382,233.26330979114223,0.1407206758147088,0.06383446847060309,0.6349464123374051,0.7956026553824095
Peve,OG_00383,622.6265193113167,0.12039807982020581,0.09626528481443615,0.39629400463951026,0.6225959429457185
Peve,OG_00385,36.23360222280658,-0.4204135481709668,-0.05852809367168296,0.518151714667108,0.7121197478502668
Peve,OG_00384,20.971974424891727,1.1284694816057954,0.23158804565919874,0.05868098689928942,NA
Peve,OG_00386,460.197797460786,-0.3289062276796668,-0.04059876372936785,0.6108357308289809,0.7782825997314855
Peve,OG_00387,62.36064371015832,-0.15765911329312188,-0.09329764950032098,0.4993274733911113,0.6997522830458456
Peve,OG_00388,580.198152635941,-0.07329775522369335,-0.05134023261772547,0.6989964135820101,0.8374182831964474
Peve,OG_00391,11.695517519496079,0.4903024607283989,0.05570781743590978,0.5042174812096398,NA
Peve,OG_00389,133.51358016028624,0.25402324520338154,0.10445521671482032,0.44528710646092584,0.6584233651046842
Peve,OG_00390,48.227551352193295,-0.49455845291706574,-0.32535435292089065,0.055037506129335785,0.20552731455552942
Peve,OG_00396,50.75360895728745,0.7932326813685708,0.08206689486393381,0.26329061198758813,0.5011863773416907
Peve,OG_00392,8.57753332014914,0.2736696167558401,0.020879272910868947,0.7388411032301418,NA
Peve,OG_00393,348.18287933476904,0.5493418900393727,0.46512304984782293,0.002363619290039493,0.03147911145370779
Peve,OG_00394,181.51364139134324,-0.37634597291871114,-0.2317963856951727,0.1256819620742287,0.33210030769388627
Peve,OG_00397,209.69600616694447,0.019222019494858997,0.0153150900522061,0.9067779871174347,0.9558370978083047
Peve,OG_00398,288.08435989974913,0.5443781514313843,0.46324580063693116,0.001798523045077081,0.02614723007136871
Peve,OG_00399,67.2851150718595,0.04066808283580789,0.014031274777226554,0.8998514795956668,0.9521269162521581
Peve,OG_00400,11.77994605045565,-0.42590544517227086,-0.05010042722590112,0.5439267638935636,NA
Peve,OG_00401,928.9953495727913,0.5319935581150496,0.46159229160316056,0.0021275683703494822,0.029308889412879485
Peve,OG_00402,2565.568150954014,-0.9019824652077498,-0.6329102720870252,0.006378391317853674,0.056779244055349024
Peve,OG_00403,518.3712080855838,-1.504724019640255,-1.3145498510069413,2.005089161033102e-5,0.0015429059827020374
Peve,OG_00407,38.10141297079873,-0.9099819862728228,-0.266194126045148,0.06647031493415365,0.23100860363521097
Peve,OG_00408,968.658883215271,-1.0344044058333954,-0.6807898260450442,0.008189793888526616,0.06609094263008027
Peve,OG_00409,320.8569304494786,-0.9326985092429577,-0.44756979828786597,0.0280506518379401,0.13813178131960419
Peve,OG_00410,80.21344503550871,-0.9368429375308498,-0.3639235350307881,0.044036117823102496,0.18094236546731113
Peve,OG_00411,323.412326951904,-0.5236770290664357,-0.1445269000801075,0.2440084207381776,0.4806972198560737
Peve,OG_00412,203.91804591929952,0.8930390662068454,0.7866425874168069,8.0047669678206065e-05,0.0037411236049605754
Peve,OG_00413,11.22052669593773,1.4946885381665584,0.1363372600870633,0.07183424082442115,NA
Peve,OG_00414,636.6433038954549,-0.7013164374277798,-0.5915287932113394,7.560612419140556e-4,0.01540019930722266
Peve,OG_00415,99.80893441032123,0.5867200697664808,0.4357227567734396,0.014800910730508819,0.09380477366473891
Peve,OG_00451,12.415111840347674,-0.3941626430055145,-0.06157283772553829,0.5126431063071676,NA
Peve,OG_00418,55.86331943247132,0.03987826917562394,0.013458994915702589,0.9175226358211169,0.9611781407708014
Peve,OG_00419,33.34691530995531,-0.5790032165976384,-0.1491336987066414,0.220679318975426,0.4555231836946152
Peve,OG_00420,2858.558688900905,0.09443432282743604,0.07792516311651086,0.4648520739233342,0.6742568207689476
Peve,OG_00421,703.6590754272976,-0.2340823965947358,-0.1879953386629398,0.11817226250963447,0.32025481885392937
Peve,OG_00422,23.236193379794233,1.1676301473748925,0.6695771396400527,0.00808638073964534,0.06574349055186313
Peve,OG_00423,53.25834982283457,0.46018672492458773,0.24145986082823517,0.1247385928106279,0.3309852316375351
Peve,OG_00425,111.97912001616339,-0.9820520701314677,-0.5614692091926591,0.014862317194867228,0.09411565452244268
Peve,OG_00426,29.918538273543216,-0.2611970936398187,-0.09056127650326957,0.49556156033354354,0.6980746979698474
Peve,OG_00427,26.630201346008654,-0.7629156713166734,-0.3945084727445567,0.03639362056181444,0.16118988455808278
Peve,OG_00428,17.46132215005891,0.2831638937552353,0.0804288308167658,0.5258935316917861,NA
Peve,OG_00429,235.5822932033736,0.8914513453815203,0.8026895467960902,1.855284101409076e-5,0.0014668739027717704
Peve,OG_00430,939.5007229343998,-1.3448568801634877,-0.7748131216316905,0.007016872705966304,0.05995766974272664
Peve,OG_00431,4605.195683320657,-0.3409015054135122,-0.2769583702005027,0.036964135174673424,0.1627703940813076
Peve,OG_00432,52.77896696062435,-0.25814011045735674,-0.1227135169814547,0.38616960056778504,0.615778039265888
Peve,OG_00433,803.9600256874328,0.6499181574928259,0.4960900929806585,0.008230048817452436,0.06619128443784855
Peve,OG_00434,37.753300005641165,0.34058444707275043,0.054907842261419135,0.5636439156883482,0.7461058817921523
Peve,OG_00435,32.76331040707032,-0.35913283535859997,-0.17018569378316292,0.25081586249425974,0.48888740371515976
Peve,OG_00436,115.35548158562271,-0.9918972447629306,-0.8025990431777134,8.731022027850913e-4,0.017031287715217922
Peve,OG_00437,27.956997289257934,0.5138937490675478,0.04658169179842944,0.5387749902428735,0.7280702392412941
Peve,OG_00438,136.70789016032145,-0.1407817007720821,-0.04847726945200941,0.6978200120600869,0.8365791641190085
Peve,OG_00439,188.52693075170546,-1.1730544884811134,-0.8957392322075363,0.001646166369946765,0.024789460339513108
Peve,OG_00440,392.53333855810854,-0.9958525572866516,-0.7124349747287864,0.004269445780675948,0.04479977680053632
Peve,OG_00441,369.3122456359647,-0.36188520981406824,-0.27570853362565007,0.057320581429275146,0.21105277396240604
Peve,OG_00442,31.462646885767228,0.4073921910480411,0.14919154525007386,0.28033251710837187,0.5178700471393097
Peve,OG_00443,121.9747849208699,0.4832416399314382,0.2547898210508445,0.11103169365240292,0.31046025533656163
Peve,OG_00445,155.98710751661017,-0.05639400159749251,-0.03440835209436291,0.7501500922346542,0.8682229417568514
Peve,OG_00446,306.73902320099535,-0.4020508913383289,-0.2908890233723302,0.054266339372517305,0.20429468669967038
Peve,OG_00447,132.35941109280492,0.4316603924026574,0.3144498178049513,0.04440575212735026,0.18177486281899746
Peve,OG_00449,53.1124855958702,0.16628579849869593,0.08196279802515181,0.5552338924232572,0.7405062661905415
Peve,OG_00450,9.983862336690134,-1.1883477214302745,-0.0907974161168118,0.1836656899401679,NA
Peve,OG_00469,107.32254765120851,0.745064253726391,0.5969742339544603,0.002412261901290954,0.031814847487145324
Peve,OG_00470,93.01212582040765,-0.20707538004763568,-0.09976291785412868,0.47963852739970614,0.6856607809590846
Peve,OG_00471,64.50525033810159,0.44301396293979495,0.3072481090766125,0.05539882351978573,0.2061691439050941
Peve,OG_00472,32.88530468435517,-0.16936017704577688,-0.06141384730636385,0.6341883667948638,0.7953749357637719
Peve,OG_00473,12.175330005684458,-0.3405384636964394,-0.07199536954959639,0.5095823340829648,NA
Peve,OG_00474,271.1415635229729,-1.1639635086853868,-0.5099566633441303,0.012635265459464404,0.08525726507546487
Peve,OG_00475,18.252140724527642,-0.19323980588239675,-0.043771932710675115,0.6839762250420647,NA
Peve,OG_00476,267.7451267483266,-0.02468791830131137,-0.017477709146319742,0.8799681531982173,0.9416869421226216
Peve,OG_00453,107.43019400061883,-1.5352180927658619,-1.2298843406884825,2.8629136090587576e-4,0.008376003696754501
Peve,OG_00455,221.5145555968278,0.37973135287198,0.11920251169356227,0.3630311119193758,0.5965358345640825
Peve,OG_00456,119.82389236731258,0.3158273546737395,0.19996848772989662,0.1778122615561619,0.4030355608425367
Peve,OG_00457,370.922778808138,0.7077302546249827,0.6031961599366109,6.923383948900309e-4,0.014610066183579653
Peve,OG_00458,9.451839883976191,-1.3726239449682038,-0.6493365637504698,0.013827315031044554,NA
Peve,OG_00460,68.82028586057926,-0.7433538226171577,-0.35575594476653344,0.04939921257312068,0.19448227461603793
Peve,OG_00462,42.33573558532946,0.6167108659035174,0.3738850371645492,0.0400901990061819,0.17128835447509463
Peve,OG_00463,892.3941530323481,0.2642860344828607,0.20573315036659837,0.1054391715373357,0.3027101742796402
Peve,OG_00464,145.01377813458413,-0.40782714385842433,-0.23576390527686802,0.1300466977594329,0.3396282974053342
Peve,OG_00465,24.35912580748925,1.467519685814722,0.8493483525268234,0.004854644237146037,0.04815453098773244
Peve,OG_00466,1230.3094198384038,-0.20118913022582224,-0.1639546770122239,0.15046443454324757,0.3679736957786388
Peve,OG_00467,45.98452905681075,0.1369841048040258,0.05970361698409436,0.649753159308944,0.8062215663388851
Peve,OG_00468,29.26193478979234,-0.44666148430076325,-0.11429600867685692,0.3322716928629298,0.5683084320228556
Peve,OG_00477,298.394467796145,-0.039855122902516686,-0.02279835316012767,0.8215220025063882,0.9101737369246168
Peve,OG_00478,205.3268796769148,0.04113637241855575,0.02724003043837129,0.8325634143532772,0.917165680532745
Peve,OG_00479,584.7951067207415,0.7795352171047578,0.602449303004233,0.003662326224021558,0.040850410414351036
Peve,OG_00481,393.8968017157327,-0.4057490012857101,-0.20318056773078094,0.18216656942928938,0.40781548118939687
Peve,OG_00480,140.32049223899497,-0.45376997654788104,-0.14547989746950654,0.2770342498062088,0.5141271559591204
Peve,OG_00482,43.35305835085529,-0.9528244303420201,-0.6109608925131867,0.011927150562530787,0.08260093907759958
Peve,OG_00483,65.4596028244469,-1.3707159232123372,-0.2576889539928901,0.028963406904064983,0.14125687182789182
Peve,OG_00484,76.77929696517704,-0.9700479766620105,-0.7970377633757649,7.347311236779064e-4,0.015086743127165205
Peve,OG_00486,171.56407735824564,0.27764203810380633,0.1466660762110341,0.3111940608117363,0.5486406746734105
Peve,OG_00487,4767.559740263846,-0.14137542702555903,-0.0890926259906689,0.5070352567889226,0.703953815603793
Peve,OG_00488,12.562592850911088,1.2196532751908988,0.2094410174593034,0.04824321976323068,NA
Peve,OG_00489,1584.4902347084392,-0.5664316186770971,-0.22224933837836786,0.12630670912589803,0.332765955349651
Peve,OG_00490,108.46615186886172,-0.47466046822460684,-0.13451716536155697,0.28467067068094404,0.5226402805758521
Peve,OG_00491,226.80130823179584,-1.1896447343457557,-0.9422347824661036,9.614540466386313e-4,0.017856372668642557
Peve,OG_00492,94.29853154983225,0.4652635011432101,0.3020756083274089,0.06838093856479627,0.23486293507061223
Peve,OG_00493,374.6646076201613,-0.23876899924438158,-0.09979823307017105,0.4628817607082867,0.6726090599775041
Peve,OG_00494,239.5942479983565,-0.806057159428905,-0.7092747705836419,1.061859754403057e-4,0.004482552391337617
Peve,OG_00495,134.59620721410303,-0.2775324661075909,-0.16968645656751327,0.24275868581220117,0.47897841712441036
Peve,OG_00496,29.980150796965315,0.5203069039433634,0.209920084948478,0.1621004967238767,0.3823162798893166
Peve,OG_00497,126.59649570439538,0.26791601009453325,0.16647172509728841,0.2478308823109472,0.48546558535479445
Peve,OG_00501,123.76137538575662,-0.8654027207902585,-0.5671224027394823,0.011892030912480013,0.08258294575321125
Peve,OG_00499,90.70948945911381,-0.753506203306976,-0.022488520144946917,0.49635825694696317,0.6983945196861876
Peve,OG_00500,90.56314435943405,0.5473166456205594,0.2735882618521917,0.09103089349466467,0.2798786778762523
Peve,OG_00505,34.92323844386432,0.9159006676863215,0.6987807114370288,0.0027583726421982605,0.03422358760303966
Peve,OG_00502,292.0193492085327,-0.04375905424371274,-0.032356024823378106,0.786938518330476,0.8889231365126878
Peve,OG_00503,16.392186986653602,-1.361700803669185,-0.22827252866348235,0.039256203763310536,NA
Peve,OG_00507,1302.883914339326,0.028597180525798557,0.02321022370645976,0.8390235759136239,0.9209863599275961
Peve,OG_00508,181.42362670279508,0.02391618877298889,0.015393910001522756,0.9211096784755299,0.9629287766935469
Peve,OG_00509,10.57728123065147,-0.8374010493893584,-0.06754509948570513,0.3531724247311833,NA
Peve,OG_00510,589.0249648977659,0.7344198507186979,0.6075292352472089,0.0013638113470228657,0.022428457618214406
Peve,OG_00514,42.98579228313876,0.2794682572992054,0.09359449574565973,0.47314939149364293,0.6804704671320694
Peve,OG_00515,16.911639892402047,-1.562741324399761,-0.2885772500613512,0.014397383209777785,NA
Peve,OG_00516,11.477362862022293,-0.91022538993433,-0.09069735981940251,0.2323812254449931,NA
Peve,OG_00518,11.831149140806573,0.12356072665180245,0.03141698685983742,0.7949736037366829,NA
Peve,OG_00519,36.34190281030564,-0.21425226204844064,-0.06456277775329272,0.6022983017510676,0.7727026713943471
Peve,OG_00511,208.51821432888505,-0.031739492537562246,-0.001685118440767343,0.9761648783248136,0.9886299037424487
Peve,OG_00512,608.7996243249795,0.1138358867063044,0.08679084572135133,0.4659827760103908,0.6747395062779677
Peve,OG_00513,113.98127205670156,-0.6125032435476561,-0.38464138060131137,0.033959670900698666,0.1548726688669458
Peve,OG_00520,1132.3357421643113,-0.20580980423256773,-0.1590815409739212,0.20812749868460748,0.4400542006603774
Peve,OG_00522,35.28423065353262,-0.22849090523841056,-0.057646156289355585,0.6190595229933589,0.7842999245240991
Peve,OG_00523,7.762857441180336,0.753124405722409,0.09937649562012557,0.26140691115816617,NA
Peve,OG_00525,564.7386677300083,-0.6955638150180734,-0.5777700489547791,0.0013749133247185782,0.022428457618214406
Peve,OG_00526,461.85609755061984,0.11493872466589819,0.06099547316251103,0.6512049872058387,0.8066217031419394
Peve,OG_00527,135.65572395390754,0.04586324993261881,0.024480936149353438,0.8609880172483639,0.9332678877914109
Peve,OG_00528,492.2537895028073,-0.3004568334024805,-0.1972102510304269,0.1714319763725029,0.39360120434168994
Peve,OG_00529,47.385011821976114,-0.6691278040458886,-0.1921131730122413,0.13625678405569835,0.34905013698855336
Peve,OG_00530,186.9897251370459,-0.07412881748737325,-0.04250651399277929,0.7766238100426474,0.8836923353106628
Peve,OG_00531,8195.443576039088,1.0901007327980266,0.1633545826588549,0.11418076582231527,0.3133525474429047
Peve,OG_00532,480.6237974176606,0.4194543396068041,0.3703151525580318,0.0025198459795101173,0.032502002753841304
Peve,OG_00533,164.72133710322862,0.2810085142498383,0.12300463729431246,0.3842524776709633,0.6143201206500312
Peve,OG_00534,27.803629387340003,0.25422723144857,0.05083802527239627,0.6437426062022902,0.8023611214085482
Peve,OG_00535,115.66451064611245,0.15396778264828875,0.07764256838375462,0.5603790978972334,0.7437226424705791
Peve,OG_00536,82.34529147457313,-0.5050069030286473,-0.30315383094029474,0.07281496297336279,0.24454042039859553
Peve,OG_00537,60.40783698600359,0.25961530768731095,0.11267101581610044,0.4082175064279063,0.6336187783145456
Peve,OG_00538,66.39469019113763,-0.16297579614591748,-0.08125882522931287,0.551531038116423,0.7367286425339138
Peve,OG_00540,1397.5056774312027,0.018304850114222344,0.012158647114062459,0.9167748735012136,0.9611547426270466
Peve,OG_00542,173.70692352784005,0.34986151920179137,0.22623310270011793,0.12906365611852239,0.337871798044984
Peve,OG_00543,188.76763605581982,-0.10461167659055165,-0.07219132180096169,0.5930646341105511,0.7669269025045287
Peve,OG_00545,18.965827210549477,-0.312063231645827,-0.039816088487954676,0.6313610643507596,NA
Peve,OG_00546,9.776547704648223,-0.3306577196646501,-0.06693794964983475,0.5416504342599986,NA
Peve,OG_00547,73.41430488516107,-1.4594281296629823,-1.2826602175404354,2.2523072482562027e-5,0.0016491509198695907
Peve,OG_00548,115.73062701946499,0.21418647030240867,0.13874584867371875,0.3166569276477404,0.5541678095153885
Peve,OG_00549,14.991600775024631,-0.6431382024481492,-0.06545354185783347,0.4255064843958929,NA
Peve,OG_00550,803.1608597707509,-0.3537711077328921,-0.1338585288321742,0.32953081521366373,0.5659075181013729
Peve,OG_00551,13.955513345671386,0.010556202569045147,0.0014156339003363761,0.9891583322021829,NA
Peve,OG_00552,505.85552781118184,0.5487466809266939,0.28992130818924977,0.08009122564194102,0.2579851826386075
Peve,OG_00555,94.50213616480576,0.33674781177691593,0.15466624795957207,0.2847117904738377,0.5226402805758521
Peve,OG_00554,124.27377721612895,0.4638712493766568,0.33342678028557204,0.03681923768776966,0.16241398535346221
Peve,OG_00556,65.22578189288822,-0.09497632371626408,-0.027053021446387493,0.8144647131411744,0.9053833627184397
Peve,OG_00558,68.37364899348977,0.3565173339159275,0.2223688316890376,0.14871041242060148,0.3661525280608087
Peve,OG_00559,22.488148754828018,-0.39223475880081093,-0.04261407114467437,0.5822177288324346,NA
Peve,OG_00569,50.99388828951489,-0.7195098314279976,-0.27339487467745716,0.08912892256239668,0.27589765626994633
Peve,OG_00561,22.180022306441312,-1.1519038058991171,-0.47792378670035396,0.017948476673235965,NA
Peve,OG_00562,101.69493936923956,0.9768980628143458,0.7673945123214059,0.0018778670755191585,0.026940850058954708
Peve,OG_00563,10.448979190007714,0.19358601350026292,0.04253938622414315,0.7006247179688189,NA
Peve,OG_00564,7.5730687765689195,-0.6392636302090408,-0.012741389249577047,0.711367057797631,NA
Peve,OG_00565,218.25442311819089,0.06912139487517202,0.041775622793989844,0.7548627283174254,0.8702397494434241
Peve,OG_00566,120.54239044753086,-0.4142473372457555,-0.19612302419377142,0.18976739836340714,0.4181868044599412
Peve,OG_00568,164.1679169655844,-0.28637332236253565,-0.19444218545213368,0.17097697554208116,0.39314898873515675
Peve,OG_00570,2603.2858304863566,-0.06983208770647802,-0.02038045369798679,0.8595773914362572,0.9325693543985957
Peve,OG_00586,132.11737657708778,0.025448357095773016,0.016296669791038432,0.9120568427070087,0.9579551947803657
Peve,OG_00587,205.40230847050896,-0.2463059162136535,-0.13236432204700926,0.35851463363986763,0.5928075653701516
Peve,OG_00571,1888.7286013694688,-1.4927712994424014,-1.1571693071830684,6.431969996332419e-4,0.014411396303547168
Peve,OG_00572,277.3465746509728,0.616690846257441,0.42027194382149047,0.022462812117678255,0.11962806593345496
Peve,OG_00573,13.638504220633445,-0.6333800305360572,-0.1132178162699809,0.27787677420196855,NA
Peve,OG_00574,25.464497739650398,-1.6936162788148985,-1.4797451451207873,2.2613650131709906e-5,0.0016491509198695907
Peve,OG_00576,55.43216907464765,0.409361149333674,0.19247916283737473,0.19519339866298632,0.42436738328043083
Peve,OG_00577,63.46337163522531,0.1271476327889155,0.07121795140292768,0.6027851354838591,0.7728066580471287
Peve,OG_00579,1057.1624547006795,0.03597452299904699,0.02802976082429051,0.8167100904392666,0.9066245582800269
Peve,OG_00580,326.34683436350554,0.1128884995576278,0.06079558411337097,0.6996583562283398,0.8380404993469732
Peve,OG_00581,9285.459061418382,0.41886282466424124,0.36910716511329295,0.0043739860603127,0.0457078543312238
Peve,OG_00582,1851.2070944089141,-0.10599722561342607,-0.07497265146549596,0.5502630783155096,0.7358240680053477
Peve,OG_00583,352.8369810130543,-0.2177017004504858,-0.08204126409336372,0.5093709517404748,0.7047407159353465
Peve,OG_00584,219.2531749856774,-0.11899994082701047,-0.07706109402588274,0.5591588730552615,0.7430092961686695
Peve,OG_00585,598.6895100355272,0.4668728862160514,0.347615387874251,0.028276249956366076,0.13897320785006242
Peve,OG_00588,399.06712469033357,-0.3080016354196638,-0.1847721836475878,0.212281152589909,0.444627759954037
Peve,OG_00590,9.14225634021072,-2.1328320036091744,-0.10892436558353114,0.029433308918267558,NA
Peve,OG_00591,10.115098370676982,-1.4290029822901755,-0.25958134698852936,0.031588370833133296,NA
Peve,OG_00593,12.21596300652159,-0.06705936678391806,-0.010229074376206017,0.9127427460291286,NA
Peve,OG_00594,33.26583133748897,0.5304187155832287,0.3231824093156199,0.06398328699864547,0.2249336634988982
Peve,OG_00595,120.22880980395442,0.5205037213054297,0.30400392296356044,0.07029474102514956,0.23821411794020877
Peve,OG_00596,109.88885285126659,0.283542871580591,0.154629151586503,0.2877195462007266,0.5260013206040641
Peve,OG_00597,47.27343541805127,-0.3693025360702431,-0.15170906070399898,0.2829859346492017,0.5214772254856358
Peve,OG_00598,8.625359770659152,-1.3975866491344204,-0.21362155539099695,0.03259268906587578,NA
Peve,OG_00599,49.64836878804084,-0.3706751924799359,-0.09295384541183836,0.4207366256094256,0.6428986918141775
Peve,OG_00601,94.26666762175346,0.3406076369978516,0.22243853044286885,0.15360186929728367,0.3704143843959186
Peve,OG_00602,102.71143426563965,0.5320975172945993,0.36548924333583016,0.03557303798586243,0.15920278527798729
Peve,OG_00604,84.33722845076493,0.45948859282328053,0.23686900124045965,0.13172921053078332,0.3419124789858628
Peve,OG_00605,2478.849565381272,0.22075603504080094,0.13788355311818323,0.32492772359242345,0.5614196866244232
Peve,OG_00606,99.75460351160476,0.8361889182431296,0.713197130177839,3.9651783421950244e-4,0.010211305016583358
Peve,OG_00607,30.230613823833163,-0.7132960293949483,-0.12725196070879916,0.19688279816654158,0.42626021483460563
Peve,OG_00608,166.02551572903323,0.3130360089271021,0.21726983630408772,0.13172368874286994,0.3419124789858628
Peve,OG_00609,16.184154600667622,-1.0901744964969913,-0.35901272783288424,0.03404345127537279,NA
Peve,OG_00611,129.88661899411207,-1.3073135320267437,-1.0263413218407667,9.176421081810363e-4,0.0174657934006776
Peve,OG_00612,194.40050072180884,0.14402158130312437,0.09746412965965158,0.4545834760025352,0.6660829965525812
Peve,OG_00613,111.26881079708728,-1.3512626490810546,-0.8795727189681738,0.004801760320661094,0.04794208404036201
Peve,OG_00614,195.0467773815238,0.3358466744370372,0.2203331230042186,0.13735810855037475,0.35043337941619385
Peve,OG_00615,335.7362636560783,-1.1006280850723067,-0.9728482263346049,2.735622200639149e-5,0.001947660740604583
Peve,OG_00616,209.20018998946065,-0.13883459633352105,-0.08241159606573982,0.5451080868823468,0.7323868440687332
Peve,OG_00617,21.27660938033523,0.5696241460836177,0.09640738408503052,0.3303565994553945,NA
Peve,OG_00618,1339.9431337935025,-0.166359571974389,-0.11503599534180152,0.37648590292392314,0.6080283248832831
Peve,OG_00620,77.55847586488449,0.5032585867046611,0.3262439945505383,0.05255970029221578,0.2012059280533165
Peve,OG_00619,282.9096675839505,0.6392298051856918,0.553925883376512,6.532525644748001e-4,0.01447986038339402
Peve,OG_00623,199.74400110181458,0.4214645201597166,0.3181234545737837,0.03629549539664954,0.161036158376049
Peve,OG_00621,46.17980487074698,0.3773680642593523,0.04424566198456472,0.5806832971963707,0.7564373047267359
Peve,OG_00622,154.22155967544867,-0.36754142834253317,-0.15656103629165868,0.2716954135324231,0.509540085127956
Peve,OG_00624,101.06632438423118,0.5053578558191326,0.31963184880972295,0.054787087383076076,0.20537866856278514
Peve,OG_00625,183.5363056405346,0.0538357750463758,0.026367286466926848,0.8355299874054986,0.918746299018356
Peve,OG_00630,79.12303683732237,0.159447952059934,0.08656551757754104,0.5261665676749747,0.7180825712196269
Peve,OG_00626,89.7064292452211,0.9056478219351877,0.6311335255495129,0.007426455018541408,0.06210179399697963
Peve,OG_00627,26.86620830866833,-0.06139627003788733,-0.011495749568963069,0.9018229375702782,0.9533842823217291
Peve,OG_00628,16.55579428309911,-0.15877705587014415,-0.02851759772724893,0.7803620429468557,NA
Peve,OG_00629,1588.5854100066929,-0.019262606755773497,-0.005900686613402438,0.9576308745644297,0.9801270862786065
Peve,OG_00631,17.306462860136502,0.08904331648916985,0.017465883819392403,0.8621273542589403,NA
Peve,OG_00634,39.40814313997675,-0.17757397314016674,-0.0214235929565338,0.7940033286901971,0.8934589893592203
Peve,OG_00633,350.4348283040813,0.7637108575134901,0.35237971684431807,0.0515552009625554,0.1985578973370814
Peve,OG_00635,233.42177820622467,0.16089125122398107,0.08636553201453069,0.5268152022120142,0.7184529556840537
Peve,OG_00636,7.220648565815431,-0.9585109439624033,-0.103444106755634,0.19370722699923004,NA
Peve,OG_00638,63.78476240132321,0.15350727238110487,0.04182768006285904,0.7243525496322789,0.8522416893829383
Peve,OG_00639,450.16134400918526,-0.16001567095525324,-0.12577700887971197,0.32132540742533255,0.5579797022489591
Peve,OG_00640,30.68749689067106,0.30316241945364486,0.07256701301352354,0.5276256422381369,0.7190253742527657
Peve,OG_00641,333.67513850762157,-0.1452524855038112,-0.10332520746689258,0.42205523156627844,0.6438159299302982
Peve,OG_00642,278.17592606067024,-0.17846209001123117,-0.13411304980437241,0.26307542799281597,0.5009792966504459
Peve,OG_00644,428.86738144925965,-0.1555703306831735,-0.08673282031840429,0.5326325204774991,0.7228223340060488
Peve,OG_00647,18.205283663761477,0.6975626455576324,0.23121096540916755,0.11163283937677315,NA
Peve,OG_00648,16.053909721466454,0.6899863815676256,0.16131582131983646,0.18005757778722034,NA
Peve,OG_00645,307.92008272071234,0.029042246346437203,0.021742529981621992,0.8560997547942768,0.9311490479758425
Peve,OG_00646,962.8623256973639,0.4810240519884284,0.3563821449917432,0.020666537109167996,0.11408527514321869
Peve,OG_00649,47.694042422017134,-0.020545603086160436,-0.010775936275973074,0.9455602963535827,0.9748651153906609
Peve,OG_00650,52.01349395079275,-0.3807709921365488,-0.20511679061178112,0.18079593498226296,0.40676415614142925
Peve,OG_00652,37.04105189464161,-0.7275313924364674,-0.30729802472373263,0.06786488060324396,0.2337227217158736
Peve,OG_00651,461.44888484553763,0.3148638459035406,0.22125869140991547,0.12008950823126602,0.3237046452513081
Peve,OG_00654,708.78511309268,-0.3472685920654256,-0.188774644766345,0.19954964410078976,0.4297905537912967
Peve,OG_00655,244.08922400092519,-0.1180105181892212,-0.059805779766522384,0.6698956014647299,0.8187862265729098
Peve,OG_00656,301.85233783155144,0.0380835347643321,0.02577688242547289,0.8408441540015674,0.9217946129204115
Peve,OG_00657,50.04215890143661,-0.38042588858884563,-0.08906946870270338,0.4203294630756188,0.6425988058820117
Peve,OG_00658,572.708191115012,-0.6358023820257127,-0.45521117370329905,0.015437513449434738,0.09639588316212609
Peve,OG_00659,469.66469644480594,-0.5991965652911067,-0.2861131374163295,0.08423638460365718,0.26601107910576266
Peve,OG_00660,166.22301816141362,0.8699415488924409,0.6256185204683187,0.006380025323100389,0.056779244055349024
Peve,OG_00661,6092.473178713395,-0.8517126050469588,-0.5873679482535175,0.00841632950594815,0.0669265116662975
Peve,OG_00665,22.821350752351716,0.3771470226299955,0.12613104321351415,0.349018916849229,0.5851289851578844
Peve,OG_00666,9.526798918928234,0.21376296186616175,0.01505267991466053,0.8136496045327717,NA
Peve,OG_00667,19.756544061614147,-1.0398701537341049,-0.191755417474284,0.08693912870847166,NA
Peve,OG_00662,62.50510124826722,-0.22451251679762857,-0.12135339398013925,0.3900244994672528,0.6181982973852607
Peve,OG_00663,520.3123238085211,0.5773668740768246,0.521573666488965,1.266592126194829e-4,0.004973659184202168
Peve,OG_00664,117.05733307862286,0.21283969730853725,0.12140471756325916,0.39610054012272433,0.6225487754600606
Peve,OG_00674,5.974000086435862,-1.1474863776435167,-0.06166850935925987,0.27310363120276876,NA
Peve,OG_00675,5.529740451653812,-3.5906821300199603,-0.11766012234291547,0.006916621381604295,NA
Peve,OG_00670,56.71622587859954,-0.2696501074639128,-0.07503413781468637,0.5304100193496273,0.7210320355827018
Peve,OG_00671,126.42591720584464,-0.3497262752682853,-0.20481735523149835,0.1948576132928038,0.4239979565024658
Peve,OG_00672,1399.814630020289,-1.2090635829113188,-0.9723247459507028,6.069019552521901e-4,0.013842452380572409
Peve,OG_00676,315.15664855051307,-1.872678086106447,-1.5929139075465577,2.8300496747004174e-5,0.0019962331872099798
Peve,OG_00677,55.37074037344744,0.6402716110904969,0.31238204341923737,0.07171022490368364,0.2420418667772539
Peve,OG_00678,364.73369376489535,0.027487037614147305,0.009243223236043402,0.9353706773464487,0.9698424307835151
Peve,OG_00679,2259.1272144854556,-0.1626548712464312,-0.1120239093331561,0.4027057939869505,0.6286501513509403
Peve,OG_00680,95.94210977009477,0.5054791423999874,0.40404555819341853,0.010255178940341909,0.07560078064216967
Peve,OG_00681,12.693717056335053,0.6231711586167735,0.06829565755763983,0.38979768262173664,NA
Peve,OG_00682,59.02005408159166,0.2623277785768717,0.12765334448134047,0.37006810798632234,0.6021313213668952
Peve,OG_01416,56.18609805035238,0.18361438984818612,0.05685632691813956,0.6427353853757791,0.8013679485749076
Peve,OG_01414,7.682190665674206,-0.8224191922342775,-0.10215640774838257,0.26223296061997475,NA
Peve,OG_01411,209.18490266230887,-0.13721324905976406,-0.06488614386625143,0.6213681653889318,0.7848336457754179
Peve,OG_01412,87.74475805425787,0.2767162231830169,0.18756789861916948,0.18010222721745797,0.40587709273903805
Peve,OG_01413,296.0392813130631,-0.048867758090435844,-0.026153298099371357,0.8524555911748769,0.9293907986713423
Peve,OG_01417,93.11807486116592,0.35594602686275684,0.2450871417533628,0.10197150516166464,0.29758385009425675
Peve,OG_01418,95.32369850612083,0.1760268061691917,0.054989229598687454,0.6581939430311975,0.8110719118108872
Peve,OG_01419,1052.5545683129317,-0.9592458923508269,-0.8003303799045751,4.40816925824575e-4,0.010832720454618104
Peve,OG_01420,213.83067869198976,0.004363627587777914,0.0028491226985829453,0.9859932948543088,0.9943164661734781
Peve,OG_01421,423.32567439468886,-0.3751445783157647,-0.29314904403698355,0.039171601434424844,0.16886243404267104
Peve,OG_01422,124.68758113698452,0.143254692573948,0.09076559970122204,0.49421594017046017,0.6974598216380345
Peve,OG_01423,212.97805605267092,0.3234951692977589,0.24654490801487036,0.07503421853675563,0.25002497394187273
Peve,OG_01424,760.4391976668132,-0.7749553483692908,-0.6950416611226679,4.2215718035606127e-05,0.0024930181394980425
Peve,OG_01426,268.572128582593,0.2592636726570591,0.17834814416654937,0.20539666538746926,0.43678783029094764
Peve,OG_01425,1016.0661257679617,0.10209775272140197,0.060108862238360795,0.6585035146429953,0.8110719118108872
Peve,OG_01427,484.699727551523,-0.7171924823079542,-0.5691481075940471,0.003520057850862051,0.039786054462710836
Peve,OG_01429,44.38276237337517,0.5987847492951186,0.33533024716044646,0.053941072677867186,0.2036288858572806
Peve,OG_01428,117.90386747029075,0.6918465186949003,0.5724922758409039,0.0017749722002867456,0.026003342734200824
Peve,OG_01430,28.310636946344893,0.1907347477314151,0.07008898402467227,0.5988535044206613,0.7712838233446716
Peve,OG_01431,21.770866416143033,0.42759739722548995,0.17479531124823228,0.23405694121554213,NA
Peve,OG_01433,22.29306336390521,0.002528152943868728,2.497238492012923e-4,0.9971359948593885,NA
Peve,OG_01434,9.279787454025195,-0.7587379623925207,-0.1397024454662861,0.2067701655044359,NA
Peve,OG_01435,64.37366987184855,0.129655139096563,0.0363005467036593,0.7576582563265459,0.8722745347885185
Peve,OG_01436,160.23542580197662,0.0658989956849262,0.03480650139852292,0.8069459763508988,0.9007054136030985
Peve,OG_01437,2625.542159558944,0.5267484260084963,0.3258552149664407,0.05637959691309451,0.20859629396986595
Peve,OG_01440,21.17672376669183,-0.3788328869279591,-0.15217759386290092,0.27644278771283154,NA
Peve,OG_01441,127.74490349987165,-0.32251623952704167,-0.1534410287604518,0.28718154895453973,0.5255222291462127
Peve,OG_01442,91.3710895506536,-0.34200816479743984,-0.21529847298114704,0.1512580945961581,0.36800190225204665
Peve,OG_01443,337.31229747439335,-0.2675522398353069,-0.18382363443076996,0.17040825374382398,0.39219639789137495
Peve,OG_01448,87.67572242342577,-0.7996584965053165,-0.6834680929946481,4.1724421187916075e-4,0.010519107470787293
Peve,OG_01444,526.2188053535765,-0.23516852999660223,-0.1746163734874519,0.183596552317443,0.40991750748953126
Peve,OG_01445,130.20043634924235,0.38502703522891274,0.16033882474338693,0.2651561405213029,0.5030889322258243
Peve,OG_01446,120.73730191608097,0.2741304650729772,0.1943163455306848,0.16780976894959132,0.388327709555889
Peve,OG_01447,176.42490124117057,0.8123161029848746,0.6843352641331847,6.995333629940456e-4,0.014680565177103689
Peve,OG_01450,14.947365513804078,-0.024207104681535866,-6.403098682221002e-4,0.987850333161879,NA
Peve,OG_01451,67.28501977372862,0.491614219198698,0.20304654891249152,0.1756657251850391,0.39968676617449456
Peve,OG_01449,461.41407723072314,0.11259227837879766,0.059312340108202605,0.6637024382855323,0.8145779240952449
Peve,OG_01455,224.37686146131588,-0.433705519042686,-0.36214451888974813,0.008771937165539303,0.06853806905341375
Peve,OG_01454,71.04168846428657,-0.007329422964817287,-0.0032551926741077285,0.9823848075084627,0.9918896572033755
Peve,OG_01452,1551.8206361296998,0.13978455213402147,0.10817396620935095,0.375873652022527,0.6075698162326088
Peve,OG_01453,76.54482282608411,0.3240915358981227,0.1674016714663651,0.2589460272023435,0.4971398274262734
Peve,OG_01456,4067.771562670964,0.3776255624277854,0.3190644104195653,0.012949927089549297,0.08668940647468061
Peve,OG_01458,59.673224714073655,1.572247616794409,1.3418549567183937,6.72268798775324e-5,0.003282912634019499
Peve,OG_01459,411.7653460795098,-0.5629570068933553,-0.06546333316948327,0.429062047477756,0.6489169501063223
Peve,OG_01460,13.405485529962172,-0.13419373791898864,-0.035917723823354904,0.7605438661491578,NA
Peve,OG_01461,53.92643173085108,0.26988349029146214,0.12643581463848796,0.3752431912146527,0.6071798280954173
Peve,OG_01463,85.6752455298334,0.7430881620859342,0.1906995248753619,0.1379877484825828,0.35121639423331635
Peve,OG_01462,138.73272765726196,-0.2699987050619708,-0.21070108410658928,0.1141857011947366,0.3133525474429047
Peve,OG_01464,171.56794015065063,-0.7466623678300539,-0.5798091925675252,0.004478149456651618,0.04621641408200142
Peve,OG_01465,927.4905497365647,0.26822473126450663,0.1544099365463936,0.2810140547870329,0.5188475689208959
Peve,OG_01466,542.7088178800941,0.7331503131226388,0.5793947187572478,0.003654365883478003,0.040850410414351036
Peve,OG_01467,70.93608377993125,-0.32905526920660766,-0.18615305433707272,0.21450415302517006,0.4475739900700481
Peve,OG_01468,49.54776463830954,0.18648632204889093,0.0660727481664001,0.6195512736768887,0.784652259029242
Peve,OG_01469,39.60488455392884,-1.468505819499163,-1.135962546355217,9.633721668170243e-4,0.017856372668642557
Peve,OG_01472,485.8012810687322,-1.2228103578080396,-0.6467110879497797,0.010526248618044277,0.07646441686832993
Peve,OG_01473,52.86330108363817,0.27988691098018803,0.14082712412539153,0.33213704967506086,0.5683084320228556
Peve,OG_01475,1047.7138745364034,0.7586461701479468,0.45977202852837834,0.022839409287992208,0.12098218692506477
Peve,OG_01482,34.36426359472052,-0.9743045443133843,-0.058907052482141994,0.2968635407114238,0.5349707032827309
Peve,OG_01483,225.62728855491676,0.2909718457204773,0.06098229834970431,0.5670933676163913,0.7484129459659773
Peve,OG_01480,86.71891511632967,-3.7781983992602393,-3.507992881972539,7.471975499357349e-10,1.8973836451368097e-6
Peve,OG_01481,89.6334837962553,0.2891398234883173,0.1394832934802973,0.33525752511501766,0.5706891402874574
Peve,OG_01476,22.216564753556067,-0.4432229413552028,-0.1695377730864668,0.2319392006808465,NA
Peve,OG_01477,522.06340768394,-0.06285049416794287,-0.05227882790436001,0.6197496249119124,0.784652259029242
Peve,OG_01478,36.10315903562185,-0.35513065296959606,-0.13978285453987851,0.31027825464496644,0.5477867309120172
Peve,OG_01479,18.75713164644891,-0.2865309375688233,-0.03286690757698269,0.7637248276219151,NA
Peve,OG_01484,74.7043753903312,-0.5437662835621255,-0.10131808508970266,0.3334548736377558,0.568640779395329
Peve,OG_01487,279.85140562227417,-0.09261079500887301,-0.05653537183780024,0.6781463321862191,0.8238028267511025
Peve,OG_01488,34.395718875516316,0.202154292885826,0.06852333075651536,0.5994976042555584,0.7714903514808923
Peve,OG_01485,38.06708181362108,0.3791599768032453,0.09110633188836956,0.42272906453992576,0.6441988425015311
Peve,OG_01486,7755.41619055418,-0.850694176586103,-0.335341874458777,0.043489447246085465,0.17942409600318804
Peve,OG_01494,24.487103073466425,-0.172806521803128,-0.03941005501554465,0.7237752535071834,0.8521978178079943
Peve,OG_01489,1373.5040946776955,0.5547061005711471,0.2747933525259845,0.0910948802533725,0.2798786778762523
Peve,OG_01490,111.5446346187994,0.39725175835540094,0.25351524643125395,0.1006665698421624,0.2951715155029891
Peve,OG_01491,49.06063569255629,1.541491249623191,1.3084624366527877,8.23708270681043e-5,0.003803036124877688
Peve,OG_01492,39.43150870310316,0.20135576478766942,0.06615645667555971,0.6026079193480529,0.7727700512733909
Peve,OG_01493,409.962665153456,0.1850390119207019,0.08019756193238799,0.5505006567601269,0.7358683985258199
Peve,OG_01495,4169.802842806744,-0.90769237259941,-0.2996461064103924,0.05003387967591244,0.195666373393789
Peve,OG_01496,1486.4100362227284,-0.9414806849015275,-0.1550377329353216,0.11160984414001063,0.31082088408972997
Peve,OG_01497,278.69856967459987,0.5958097311872601,0.39540917204612586,0.030524517801478177,0.1454007776429125
Peve,OG_01498,19.72512735763315,1.5001258506673967,0.14111169144416885,0.057513894071340395,NA
Peve,OG_01499,150.10402503309228,0.5199951614484201,0.2703577391694013,0.09549504797670837,0.2862972355319025
Peve,OG_01501,357.70315317224674,0.4488502181859122,0.39670827077338205,0.0017300889682030861,0.02559187914518662
Peve,OG_01502,63.32302873790261,-0.26362475910983896,-0.14792038502344904,0.2863898922385565,0.5243254503901281
Peve,OG_01503,269.0176591956526,0.6955930964647971,0.3249482336748704,0.059860019782787356,0.21642792154972665
Peve,OG_01511,341.6477607466012,0.6904566829206487,0.5475160328587306,0.0038808004863838987,0.042173948794967955
Peve,OG_01512,173.94091031151677,-0.07044990514143105,-0.048658209581485756,0.7258520030932751,0.8524033619480467
Peve,OG_01514,17.690888893882025,-0.6151099509800979,-0.3692525022705495,0.04558122692590979,NA
Peve,OG_01504,1438.0311367624379,0.6460828935592791,0.4133572313352037,0.02918144823685643,0.14160094932547365
Peve,OG_01505,1428.8324023565056,0.26356294467035146,0.12129432690488531,0.3958456930838761,0.6223375818882655
Peve,OG_01506,73.47142537479392,-0.018661227746147552,-0.010298606843739441,0.9419794022901095,0.9726211827929051
Peve,OG_01507,337.72850551000926,0.09979889501184212,0.07248857286410915,0.5879995178165486,0.7630971595786146
Peve,OG_01508,61.86821313941889,0.5465045351038271,0.26928547166864686,0.09889997912229427,0.29242411695584003
Peve,OG_01515,332.57012632714236,0.7583564508821531,0.49728410332412837,0.015162952334972956,0.09538511221125019
Peve,OG_01516,57.81090217183034,-0.17537873876792973,-0.04384241847734545,0.6880651137942546,0.8304309310653725
Peve,OG_01520,22.532600253253406,0.160175140112016,0.017003686225335244,0.8053880631546417,0.900376418455054
Peve,OG_01518,16.15316945214632,0.2647551942832728,0.03613300310994284,0.6916576032698866,NA
Peve,OG_01521,206.5335084087179,0.18601850604162545,0.12945974173659366,0.35401330565311234,0.589903665210124
Peve,OG_01522,685.986804869669,-0.4166466210612822,-0.3331691582625218,0.020572291489547437,0.1137557088205674
Peve,OG_01523,72.54563899779106,0.08914480250922632,0.03625047575189955,0.7862439527820412,0.8885338128309732
Peve,OG_01532,551.68672084142,0.40212255601507235,0.2907605036050797,0.0560441536973543,0.20765776404009975
Peve,OG_01533,40.54265930964116,0.16654341237096654,0.08253743649819134,0.5493086164791758,0.7353227011833924
Peve,OG_01534,29.84252449703414,0.18046148954548707,0.09503300583126617,0.4948108072028622,0.6977913234489826
Peve,OG_01524,395.40037676425754,0.20710253834812573,0.11932651689211995,0.3964502807337822,0.6226257732894557
Peve,OG_01525,16.685205517156266,1.0475016059066686,0.3056926702674279,0.0402531353546069,NA
Peve,OG_01527,5.719981848278507,-1.1974246694274142,-0.0729985950120421,0.22224109408190376,NA
Peve,OG_01529,282.5785822066243,-0.34303974173297413,-0.2573674429671671,0.06799193706768031,0.2339166447499116
Peve,OG_01530,328.04424922512646,0.4815722111722522,0.3346158225355848,0.04213099915604095,0.17630661477601553
Peve,OG_01531,640.9582575106751,-1.8691549886558976,-1.4879086038482647,2.548903276545474e-4,0.007829655306743314
Peve,OG_01535,12.674694063161185,-0.8066327050280953,-0.3336562955529889,0.05860823027778686,NA
Peve,OG_01536,80.2607336619407,0.23202280090532754,0.12892639586488414,0.36161564118474654,0.5955010710214871
Peve,OG_01538,158.37677196600788,0.26117200895914977,0.1679994610651869,0.23466226276676852,0.4697647782430419
Peve,OG_01537,95.41452889985311,1.163954386022646,0.8609603322692427,0.0025322691324604365,0.032502002753841304
Peve,OG_01542,13.075110022284088,-0.1602347111727455,-0.03642888710130366,0.739362124421229,NA
Peve,OG_01541,84.8738593874462,0.04213094513487937,0.02766626878748189,0.8405686251751923,0.9217578503792448
Peve,OG_01544,29.295951817900956,0.021470321017778484,0.005953644037735561,0.9604127757114655,0.981543402920572
Peve,OG_01546,16.726551175675464,1.2285373993422453,0.0808502909059028,0.15473175060571331,NA
Peve,OG_01548,25.378122742019293,-0.5792217621234449,-0.2666711062819522,0.10556864617423932,0.3027101742796402
Peve,OG_01547,385.83301102577167,-1.3159901166161967,-1.1498099293191941,2.239330935967613e-5,0.0016491509198695907
Peve,OG_01543,184.928771527088,0.03327763932195332,0.01670624036861939,0.9043367554454659,0.9544811852078189
Peve,OG_01549,181.54327865296682,-1.0107604707663516,-0.7276991275328342,0.004080758552391906,0.043723232984699774
Peve,OG_01564,7.660579809997153,1.02531784779912,0.029106489634164567,0.38437360161429246,NA
Peve,OG_01565,60.34967314557592,1.21884687639774,0.8203898644436024,0.003916064434832171,0.04243610080306042
Peve,OG_01566,50.923421680139754,-0.41133490994234545,-0.24382631038031438,0.12310559197285689,0.3282528525198543
Peve,OG_01567,164.70680554414028,-0.0847729002683362,-0.04972280996338668,0.7484508107805952,0.8675742964891318
Peve,OG_01550,676.7637319298661,0.158551093014705,0.10246955165947913,0.4519862013244525,0.6643316383734669
Peve,OG_01551,200.9800332611693,-0.36271785787175753,-0.30744485181625963,0.01555341388013767,0.09688136299173243
Peve,OG_01552,82.20446197269592,-0.4409213112540883,-0.2623639613870062,0.10347589481440332,0.2988392038379201
Peve,OG_01553,202.91363230134564,-0.292440530390174,-0.24131127412710915,0.04985841435322317,0.1953393474804383
Peve,OG_01554,14.940051663309104,0.3410806752984539,0.11635604304851972,0.38428401725045186,NA
Peve,OG_01555,213.55292596266605,-0.7530353921361532,-0.4512317641346869,0.02523259872881662,0.12918140935223454
Peve,OG_01556,153.90081892736376,-1.12296606921318,-0.9272310981910635,4.933077270105333e-4,0.011854947206202658
Peve,OG_01557,858.8457275147504,-0.3059309202913742,-0.23517822444960496,0.10437010130022131,0.30060167550286804
Peve,OG_01558,127.50474650195464,-0.4467375123422404,-0.25170777359602337,0.11090452748832488,0.31046025533656163
Peve,OG_01559,28.304353259319903,0.404425060352687,0.10835250626868252,0.3634653920832723,0.5969985676779578
Peve,OG_01560,78.21797994247538,-0.0017556209698042378,-6.823886539398362e-4,0.9944395334368558,0.997582349976556
Peve,OG_01561,500.05686022588384,-1.050471190018139,-0.9213188885579109,4.369613508500676e-5,0.002502835767500613
Peve,OG_01562,209.64582773983568,-1.1148085751294823,-0.8706838783507334,0.0012022232103448892,0.02048889578614623
Peve,OG_01571,223.67060154075284,0.35713389296270126,0.26836237872630436,0.06062035763475304,0.21783296436865504
Peve,OG_01572,28.117811416578178,-0.3344657932052352,-0.1699774597052793,0.2539134089344974,0.49144114564608765
Peve,OG_01570,360.0784195998936,0.0659788301928663,0.03863549174141285,0.7754759115537796,0.8831891538825264
Peve,OG_01573,27.030568485027114,0.7615406054094885,0.1624760560974382,0.14648506735942984,0.36243041349273675
Peve,OG_01574,993.7441756686952,-0.9257438682386994,-0.8256449584921527,2.9750851670621486e-5,0.0020603817093344952
Peve,OG_01575,105.05034964394751,-0.7414285983374098,-0.3267349019331765,0.05387533556477194,0.20358249322045271
Peve,OG_01578,49.16262968902185,0.19156010720577343,0.10050884394139933,0.4796163150795461,0.6856607809590846
Peve,OG_01576,4774.8259507610765,-1.0101637102537677,-0.1490448118933993,0.1058693134000101,0.3028585916189549
Peve,OG_01579,112.94305393534877,0.006617712057745517,0.004709099521358636,0.9711092464440688,0.9861250652373921
Peve,OG_01586,34.66932989889927,-0.5368940485350419,-0.09333436453605382,0.3439664781731702,0.5795843116349682
Peve,OG_01587,22.085937047425,0.8572845736139,0.29574652651805716,0.06322063935702761,NA
Peve,OG_01588,232.55438206780315,-0.09336877725287475,-0.05319014307559658,0.6955536788115352,0.8355091334573597
Peve,OG_01580,62.2223713115823,0.0805990089966275,0.03700863795310028,0.7873005917347793,0.8890684713660759
Peve,OG_01581,38.18958659466262,1.0163324795791757,0.5313138406044969,0.01963057821677255,0.1115180796833507
Peve,OG_01583,814.429574705387,-1.0584864856840888,-0.9966301769716295,1.020654964410878e-8,1.2172358728255393e-5
Peve,OG_01584,1861.1210961399333,-0.34367421414711025,-0.18008779768896518,0.22789878787655854,0.4639594323499266
Peve,OG_01585,57.862455737262316,-0.371727170100263,-0.10120513611232744,0.3912850269324626,0.618532205846118
Peve,OG_01607,6.651162122083798,1.0413289830852692,0.0416280311219326,0.3009164943605949,NA
Peve,OG_01608,920.797478450327,0.4998287026911917,0.372857214305962,0.023114595935992983,0.12197682733866043
Peve,OG_01610,28.710505567433763,-0.28627581527298657,-0.08094213899904207,0.51413038415348,0.70812606517469
Peve,OG_01609,49.83378584202845,0.6562818951781281,0.24693776555912839,0.10686194817578706,0.30420521170974846
Peve,OG_01611,225.742074344125,-0.49388361609873294,-0.3174434724454002,0.05300954438466336,0.20195589249850518
Peve,OG_01589,65.12584613003472,-0.9310365029551844,-0.4776872985636252,0.023924944808073237,0.12492133622200269
Peve,OG_01591,78.55746499821558,0.6459233226036335,0.45861601619488296,0.0152395756160565,0.09555151196964479
Peve,OG_01592,223.66441708749161,-0.9437338290530095,-0.6667804328539515,0.005977885838849675,0.05434311971402962
Peve,OG_01593,312.9518803785395,-0.05442325289816033,-0.03356018114301227,0.8096124383820564,0.9027451876352457
Peve,OG_01594,382.52628563513053,-0.6390578121686905,-0.44293035870292635,0.019372881182637847,0.11046602458782569
Peve,OG_01595,419.8388323481745,0.24011376678073926,0.16586745970521344,0.22896199442200305,0.4648628306547507
Peve,OG_01596,997.6782222817495,0.4104701424139183,0.2666018580320525,0.08644048226890282,0.27087363369170653
Peve,OG_01597,876.4380316777001,-0.02747954254719143,-0.018442356629441936,0.8837982222858177,0.9441763950176026
Peve,OG_01598,48.855609678944624,-0.042618515284426,-0.022507366551983248,0.8656357984039301,0.9356346165968245
Peve,OG_01599,1236.2630844390276,-0.13681535137021844,-0.07719187135983645,0.5714306756531713,0.7509330493575744
Peve,OG_01600,210.53051570411466,-0.8149586256724268,-0.2598683258163268,0.07063046296167241,0.23882062443054614
Peve,OG_01602,57.638895692395884,0.6922449801749572,0.39709794691384903,0.0363503988422193,0.1610921107504518
Peve,OG_01603,83.79539438224202,-0.9296686461322017,-0.7398696148866426,0.001421989160963416,0.02290214255437485
Peve,OG_01604,122.56815808395892,-0.17862728414231313,-0.1015345690181475,0.4693582265368707,0.6771216395754803
Peve,OG_01605,335.1989527503845,0.3237738934123106,0.22745153855768002,0.1087398506540308,0.307262678888133
Peve,OG_01606,65.28837029334807,-0.09290183493496092,-0.036987238327044376,0.7776186887148878,0.8842079288423838
Peve,OG_01613,35.60096373699638,-0.7111276711389539,-0.2615797866643746,0.08489526325728573,0.2673551531599846
Peve,OG_01615,123.17811754631961,0.45424046720264827,0.23680638747411845,0.13616539499842045,0.3490269108674182
Peve,OG_01612,676.6806624137694,-0.43804237461519385,-0.28238114439683915,0.07807869504420624,0.25408094782006113
Peve,OG_01619,202.99513718679444,0.28200172798010636,0.2199616349595825,0.09770857405490196,0.2903057399181916
Peve,OG_01616,92.11349528487315,0.10590294115368981,0.0461848402153897,0.7364283001769187,0.8593299231298489
Peve,OG_01617,48.145447401164716,0.36496675691846125,0.1066570952836326,0.40660582706466136,0.6322766259601124
Peve,OG_01618,317.4132054709838,-0.15326716846096883,-0.0810456037508203,0.5726056132415189,0.7511812573917498
Peve,OG_01620,52.98118962060408,-1.009743582329689,-0.29797927682869385,0.04326446298135697,0.17930466116239185
Peve,OG_01626,116.45314552844047,0.268755096871356,0.13999513497407115,0.3301212123514121,0.5662991396057121
Peve,OG_01621,46.92445386506572,0.7422714160676841,0.5314551392689221,0.010942713981474828,0.07827379822617393
Peve,OG_01622,235.24200039793777,-0.02079335374930131,-0.01543781758340217,0.8968956315788067,0.9504174323782654
Peve,OG_01623,71.5710887905939,-0.24410039175009487,-0.13209044873914227,0.3499010449224451,0.5859631040270801
Peve,OG_01624,68.4503042919647,-0.12218768115668913,-0.04999884490188097,0.6956853923554687,0.8355244078454928
Peve,OG_01627,896.6594930252456,-0.8231027479973521,-0.717647090710309,1.604107454455805e-4,0.005791512127035224
Peve,OG_01628,384.18239404356143,-0.6960205561083066,-0.45132633492958646,0.021466082284811738,0.11693137113837089
Peve,OG_01629,115.79993822748094,-0.26951958251327307,-0.13268772951436122,0.33778331133156986,0.5733121629961225
Peve,OG_01630,1994.7026992997803,-0.23688834528091518,-0.1460015365917091,0.29734095306618924,0.5351711022562723
Peve,OG_01631,473.94191335869084,0.2941394115676682,0.23064270929372546,0.07711170983396645,0.2528786076259821
Peve,OG_01632,106.82960663744684,0.03330665200311475,0.018241139917099813,0.8868973685400726,0.945135154195151
Peve,OG_01633,13.89333457318677,-0.7235616524381636,-0.1173050192947607,0.25070856554728116,NA
Peve,OG_01636,276.4582336779402,-0.1824477997589608,-0.12507341231043081,0.36635878590160303,0.5984414336263711
Peve,OG_01637,25.922802545240856,0.6896047950932577,0.23370951231676354,0.10941465005365927,0.3080990519435027
Peve,OG_01638,33.39367033547059,-0.2715920242743374,-0.10323899115516143,0.44004611994950044,0.6556368749804996
Peve,OG_01639,182.84843131069488,-0.4451918172111537,-0.16075340028033602,0.24564538328223962,0.4825348594643244
Peve,OG_01640,175.49658499545873,-0.1875487628614173,-0.11251638945668112,0.417318237632092,0.6401792860010627
Peve,OG_01641,620.1684079339229,-1.2898300689702533,-1.0163049769613617,8.54671310136726e-4,0.016788675720218832
Peve,OG_01642,4515.609053835775,-1.7289864692337573,-0.22265419698514216,0.014874940133063288,0.09411735376551174
Peve,OG_01645,1826.1993593553775,-1.6257797872526825,-0.3582824781370589,0.008475519887207723,0.06718679552627309
Peve,OG_01646,556.7804542921219,-0.7064454353694148,-0.5586016804467471,0.0044954532468840964,0.04621641408200142
Peve,OG_01647,750.3508145129847,-0.27095107841174165,-0.10970714269842163,0.417934301720314,0.6406083522143565
Peve,OG_01649,40.066277581045284,0.9539908603037369,0.7573378888701477,0.00155862616684431,0.024281419507198268
Peve,OG_01650,20.65405194602718,0.979870439211536,0.24530958669771305,0.060988527277513964,NA
Peve,OG_01651,102.76505304724914,0.1963005703555345,0.08446723454202508,0.5294233938158392,0.7203335263598971
Peve,OG_01652,27.943027511623253,-0.045011945003012505,-0.020125037464272633,0.8798992143844353,0.9416869421226216
Peve,OG_01653,1357.4061427026413,-0.1454190650901451,-0.11499018543189306,0.3085976378209295,0.5459583847932747
Peve,OG_01654,489.7715624593136,-0.5373255891852136,-0.26583173712102265,0.1031618482162028,0.2985892704069274
Peve,OG_01656,418.4739462822191,0.5297840148805015,0.10881526250195302,0.31566497492016127,0.5535116635963575
Peve,OG_01658,7.0922695749640425,-3.17234489401006,-0.12270118271582808,0.007078535679267869,NA
Peve,OG_01659,10.365768167841436,-0.17104346466245948,-0.0038963727852921923,0.904094875127576,NA
Peve,OG_01667,11.635935164083582,0.14696122989213856,0.020694101904927834,0.8235529869259142,NA
Peve,OG_01668,14.928012026123357,0.35775872908122885,0.05805948740621172,0.5457634449978375,NA
Peve,OG_01669,33.24104691104995,0.1231820271547466,0.01212016923672015,0.8614265377702993,0.9333925968838528
Peve,OG_01670,94.72636578760167,0.021681339368811895,0.007366817764319732,0.9401157043803244,0.9720117577149391
Peve,OG_01660,802.6344644625675,-0.1897604094614294,-0.12625558422218236,0.3447728363242407,0.5804374512968101
Peve,OG_01661,70.83461905315508,0.017399449580999378,0.009561360171819772,0.9415070559485477,0.9723990061781043
Peve,OG_01662,30.335783257548183,-0.19805000285456545,-0.0895644424886691,0.5172104565517064,0.711294106389951
Peve,OG_01663,69.29653475771036,-0.9740415133165974,-0.8141879282743295,5.485669789055579e-4,0.012938028623227677
Peve,OG_01664,1093.9478645770257,-0.18376385968272874,-0.15356550137065691,0.15535148980484612,0.37251106368691145
Peve,OG_01671,538.0498365841034,0.25868340065892326,0.16219188509016075,0.2553457104614587,0.4933359427581518
Peve,OG_01673,727.7183712618762,0.311407461876848,0.23449056147658753,0.08425895692861714,0.26601107910576266
Peve,OG_01674,31.716267990564532,-0.1273162693572317,-0.03373077776978223,0.7741599972275494,0.8826026427535874
Peve,OG_01675,45.66423432397918,0.16444619613352873,0.09244995151370823,0.5135604273233096,0.7079810595998864
Peve,OG_01676,10.997751049764412,-0.6452501053312444,-0.1150313155074289,0.2600998679660794,NA
Peve,OG_01679,15.404077164005272,0.626635096925285,0.14079420303727594,0.23450172487460108,NA
Peve,OG_01680,59.16892487653359,0.043575717325804356,0.019098299431058754,0.8873268558449992,0.945274225678535
Peve,OG_01677,324.354207617412,-0.14912238160207497,-0.10307507096433398,0.44655553215607185,0.6592752023187898
Peve,OG_01678,451.4396653765903,0.25335532099969327,0.18238076176843643,0.19390148458916967,0.42324971621784946
Peve,OG_01685,1845.8418177788596,0.5008576668485506,0.37558968605957865,0.021473744844129807,0.11693137113837089
Peve,OG_01682,27.581987342837632,0.880398456211244,0.4986836910220118,0.019668342895485722,0.11156622202368595
Peve,OG_01683,41.671453003431544,0.13704694718826038,0.06511729138633728,0.6435608710468597,0.8022658673924034
Peve,OG_01684,23.473662732712814,-0.5640601627724918,-0.21903622570222103,0.1514080525924137,0.36800190225204665
Peve,OG_01686,23.121915663389387,0.359512138593158,0.1169154496402164,0.3717610395825787,0.6032173025744686
Peve,OG_01687,148.53417419397536,0.15528264322394453,0.10481463499360608,0.42080901609258203,0.6428986918141775
Peve,OG_01691,20.841925159141088,-0.23541486576922918,-0.045880250823269915,0.6604098055877466,NA
Peve,OG_01688,58.20234448003858,0.09258685663958627,0.05341915712561441,0.6969698321612283,0.8362934952886975
Peve,OG_01689,248.6816892057871,-0.5955402145935077,-0.17358587257085406,0.1695408535358773,0.39126392676047056
Peve,OG_01692,112.97541288938972,0.3909989991073348,0.2835355521871244,0.06050303775889886,0.21764878160143097
Peve,OG_01693,43.08978286657993,0.43739123249335365,0.20352801605228163,0.181144805866055,0.40706818026183095
Peve,OG_01694,9.172747091352347,1.9477116397141185,0.1783866069291717,0.016599271029541614,NA
Peve,OG_01695,61.3148984837214,0.5367098405438382,0.25975998375842085,0.11169949669876603,0.31082088408972997
Peve,OG_01699,250.7932204151638,0.15596548383750494,0.09277755760914001,0.5006788755345659,0.7004884783156717
Peve,OG_01696,66.6590620630792,-0.1941949124239663,-0.07940614731815462,0.5567233652928694,0.7412444521909595
Peve,OG_01697,808.4137855034957,-0.027951060069446726,-0.014668799568362732,0.8784328113349504,0.9416869421226216
Peve,OG_01698,889.5110196065128,-0.549751532538717,-0.4527590878027386,0.004448403493924665,0.046148519580664286
Peve,OG_01700,253.58843811012915,-0.22147511122590544,-0.11560973317193837,0.41228217546381535,0.6357386500030435
Peve,OG_01701,76.02276906033596,0.5988585824929862,0.3302788547088909,0.061161360428514604,0.21910755302236395
Peve,OG_01703,110.58448429438785,0.19727119852193858,0.12267523971370464,0.36980192975184534,0.601826767966152
Peve,OG_01704,219.8616248303063,0.24597085820972217,0.09261260914326686,0.4923498317851184,0.6963834048531437
Peve,OG_01705,89.58289732229537,-0.25798485380064246,-0.10110857218080005,0.44772806088880246,0.6606221901706174
Peve,OG_01709,81.69400348573124,0.08775350863848815,0.03957017402203012,0.7685168365057673,0.8790632523274677
Peve,OG_01710,228.19272096834476,-0.032891669599956944,-0.014309607258357403,0.9113631214358389,0.9574923250860199
Peve,OG_01706,107.80242731264036,-0.3216834440104057,-0.16350496407034643,0.26663939392311975,0.505037022105004
Peve,OG_01707,116.30428458664238,-0.666217260876753,-0.17737873250489974,0.1626154381744985,0.3826450159673697
Peve,OG_01708,212.46817361844862,-0.0660588364201106,-0.03932275983372659,0.7672530046956275,0.8781450405305424
Peve,OG_01711,112.38427703885394,0.2621856827685359,0.15122367525292996,0.28821210416248083,0.5267753861587762
Peve,OG_01713,254.33625545145844,0.21974735957783043,0.121084350749823,0.349692502560666,0.5858714502984723
Peve,OG_01712,735.6822099139472,-0.5823664493165293,-0.37368345977147127,0.03796561647419023,0.16583834076856718
Peve,OG_01714,59.281032236715525,-0.2290711214830052,-0.1409312369052282,0.31808618732795585,0.5556479190700224
Peve,OG_01723,125.58138708597974,-0.13760765829011523,-0.07929577727094538,0.5670498972626962,0.7484129459659773
Peve,OG_01724,109.3964820847305,0.03351467232929875,0.015803807672354384,0.9041157975498741,0.9544811852078189
Peve,OG_01715,45.82348718848837,1.311674732484503,1.1633848130971056,1.6394931464787137e-5,0.0014668739027717704
Peve,OG_01716,23.04375260339177,0.055432176720039576,0.007570980967267909,0.9320551087451716,0.9684118683061533
Peve,OG_01719,136.42690337343407,0.24496901538454618,0.13160351243024312,0.35050136579260766,0.5862953513413681
Peve,OG_01720,6.5406878550345455,-1.8770954594855984,-0.0935290777628084,0.06465831868782325,NA
Peve,OG_01721,68.16333549847222,-0.29140579156824015,-0.13045130309316388,0.35720265219618985,0.5922023513450652
Peve,OG_01725,129.3785915294039,0.2763813325454583,0.19621652334303613,0.15842883547719488,0.3765712538737194
Peve,OG_01727,77.93678866904787,1.3942425088727355,0.11709307597777936,0.09569432579706122,0.2866513043869536
Peve,OG_01728,6613.4317517277605,0.14893505519957,0.09494489626096733,0.48415009576603374,0.6900384339655089
Peve,OG_01729,53.25754780396154,-0.22275830307154323,-0.08353387374857171,0.5362537890316117,0.7257383842321581
Peve,OG_01730,2939.6105106686878,0.2496875675108879,0.16668094259337884,0.23077476119530985,0.46660299532582455
Peve,OG_01731,567.7756628262301,-0.18711766436072724,-0.13611110654403666,0.30196171439236874,0.5396069294489949
Peve,OG_01734,22.140598419409503,-1.0194121719212137,-0.17542785310626316,0.10478983351659364,NA
Peve,OG_01740,340.33997324060834,0.18808196637607413,0.11508674788837966,0.4136651145995719,0.636883759704838
Peve,OG_01735,16.598606914942664,0.6884948035363448,0.10404817396068809,0.2621336783789502,NA
Peve,OG_01736,606.8914595109559,0.10930064645501139,0.082925340707423,0.4796014021060244,0.6856607809590846
Peve,OG_01737,29.60771647226565,0.10729716544359824,0.038487932012589904,0.7640703929106005,0.8766096766856859
Peve,OG_01738,59.812154168228574,1.092164079724226,0.9203472217594215,3.1367548283953145e-4,0.008657897928520111
Peve,OG_01739,63.28303487896302,-0.5878412806316713,-0.2576625672991336,0.10217909598506264,0.2975920783688131
Peve,OG_01741,37.779547545161456,-0.39803205111311996,-0.1800054413445182,0.2216288035855146,0.4569332139957916
Peve,OG_01742,398.84129244314323,-0.40960808034214424,-0.28405069265135585,0.06937096243153859,0.23677430095674917
Peve,OG_01743,39.84429983683359,-0.7909268142223367,-0.3485522923180015,0.05200812804818817,0.1997972362436195
Peve,OG_01745,41.53387406780596,0.2291390830954679,0.05705112543500025,0.6280732508854099,0.7904612630505621
Peve,OG_01747,1370.9690230863705,0.373141272608895,0.1264291821438589,0.32314874413619005,0.5598697140844885
Peve,OG_01748,28.626794524749855,-0.3947064984457873,-0.08252362193620016,0.4565640013674472,0.6677106090261494
Peve,OG_01749,87.42858969306582,-0.3157987262152332,-0.1683622410646611,0.2527901203701281,0.4903755879888542
Peve,OG_01750,431.90344877202386,0.5446384655730373,0.3261130132816822,0.05738981746500387,0.21120561809101424
Peve,OG_01751,89.09603066369291,-0.17103743416335704,-0.09997065907603644,0.4696057764023676,0.6771216395754803
Peve,OG_01754,5.823381486521743,0.324713580831473,0.016423752329992818,0.7659694024175672,NA
Peve,OG_01752,53.80967007474844,-0.3069217599612382,-0.12571976547377056,0.3631053642522514,0.5965358345640825
Peve,OG_01758,195.11857159493343,0.7226115536972006,0.5730036340502295,0.003317586410034415,0.0381594188384164
Peve,OG_01757,787.0101429894027,0.18301976819248772,0.1293923109030939,0.3243908498737654,0.5608106856641136
Peve,OG_01759,78.91968107553664,0.3821678783588455,0.19712247162153246,0.18977051496692268,0.4181868044599412
Peve,OG_01760,806.3800202560732,-0.3304698703715569,-0.1625787105945353,0.273845991490339,0.5121921834454708
Peve,OG_01761,213.60562004207083,0.22673290101725715,0.1508924679847465,0.27704016476925564,0.5141271559591204
Peve,OG_01762,575.1881777045592,-0.6893694274678557,-0.25569734341390865,0.09623626783637891,0.2875031448120361
Peve,OG_01763,552.1465873217314,0.010890887349366957,0.006291518977805395,0.9542050481969926,0.9787443189934952
Peve,OG_01766,14.906848577330402,-0.36700585896852794,-0.06606886293433598,0.5476249701327784,NA
Peve,OG_01764,13.304186249481303,0.650460639425181,0.14200095777198296,0.21990803514863366,NA
Peve,OG_01765,54.16557191748016,-0.3567778189969976,-0.16977957179991907,0.25098260739401596,0.48888740371515976
Peve,OG_01767,45.55571143121542,0.29804845150213793,0.0778827877724052,0.516728081041095,0.7108613201780805
Peve,OG_01770,24.770452098972893,0.04921978690034655,0.016408738496603344,0.8970867597259796,0.9504877518209336
Peve,OG_01768,144.78568535685486,-0.14455068949523064,-0.10087148615117669,0.448622436780579,0.6615574377457318
Peve,OG_01769,81.37676975048517,0.06186571946628951,0.03583111079537943,0.7985880404103278,0.8959710886370954
Peve,OG_01772,162.75460119350032,-0.27158449743055596,-0.11232296244981058,0.40117574414183754,0.6269194945887111
Peve,OG_01773,156.86538838782218,0.07194611332212561,0.054173944684409205,0.628980991259554,0.7909503452319714
Peve,OG_01774,114.22100204862602,0.01654017364614001,0.009171595538927836,0.9459186379887343,0.9749402609760828
Peve,OG_01775,495.42971475756207,-0.3023858593725293,-0.20009790516926132,0.1535992013609553,0.3704143843959186
Peve,OG_01783,118.74975392009547,-0.1192167982343131,-0.07137144791413425,0.594131283042782,0.7677216045201164
Peve,OG_01784,117.25464650706267,-1.006946728306492,-0.735326276614789,0.003738057801606765,0.041210599613082974
Peve,OG_01776,1197.0311074963404,0.09607114634826934,0.07925985060968382,0.4641887365664699,0.6737955296765995
Peve,OG_01777,223.17538342780202,-0.7260925587401413,-0.40875610731579404,0.03397164714595493,0.1548726688669458
Peve,OG_01778,82.78223483766718,0.06317650942761296,0.03450511391710435,0.8027003530657814,0.898687175249712
Peve,OG_01779,372.5140541598955,-0.9917425004035675,-0.4622601043813545,0.018812069992571793,0.10877455547542104
Peve,OG_01780,178.76042935318617,0.001545531865144173,-0.0023067496959546336,0.9949101043188433,0.9976349096860704
Peve,OG_01781,127.02538453451864,0.09132027470400035,0.05126127450266031,0.7008499253249135,0.8387177585269061
Peve,OG_01782,340.81654381698263,-0.2800535893972779,-0.21059369673452522,0.11692147311452382,0.3184511198378414
Peve,OG_01785,264.88322971108903,0.24818860308088878,0.1800395510372319,0.17441362252590745,0.3981669093204564
Peve,OG_01789,11.27685946058403,0.6786604822801309,0.07875995242972866,0.3365627016781604,NA
Peve,OG_01790,24.8557994375744,0.19131066841049135,0.09914481538890275,0.4850614271820409,0.6907459664848279
Peve,OG_01791,26.603757076393368,0.14475956238317483,0.04676049094036536,0.7117793514719674,0.8440698332059579
Peve,OG_01792,306.43301252120455,0.6338426811688471,0.49842551395731344,0.005368613469213935,0.05099513392577525
Peve,OG_01793,56.54486751952387,-0.3060728011614588,-0.12386396731515713,0.36004782151991305,0.5943324603117438
Peve,OG_01794,67.80171542542189,-0.5725126722096829,-0.42588564264673967,0.014768345698795432,0.09373816992058912
Peve,OG_01795,100.19525274480615,0.5673720827783421,0.3869706325738065,0.03003798335093244,0.14364680299272023
Peve,OG_01796,544.772799379076,0.07167739867271693,0.05244649444596225,0.6781864183098072,0.8238028267511025
Peve,OG_01797,58.887554774426405,0.06294149395269744,0.028003406838107436,0.8351339347003087,0.9185749804428172
Peve,OG_01800,60.04543979761766,-0.6920886214989641,-0.2585025838104485,0.0949594036998472,0.2856598115650864
Peve,OG_01799,137.11196100796826,-0.08938240333114329,-0.04380725713286348,0.7415338572942766,0.8627725756010752
Peve,OG_01801,14.678939036777386,0.9892837196825359,0.47503807225377154,0.02551203841704923,NA
Peve,OG_01802,486.4180684117584,-0.7096351662830913,-0.44562779584976747,0.02248999341766816,0.11964299570935477
Peve,OG_01803,66.92993310178363,-0.16384279833393897,-0.08533640230377205,0.5431895610735396,0.7310986000456227
Peve,OG_01804,30.535936858496704,0.42352675113755683,0.09353475721916583,0.4112394355696245,0.6357369021752649
Peve,OG_01807,72.0064580816675,0.33607272882125333,0.18423794518239342,0.21312172775853233,0.44560260375132243
Peve,OG_01805,1509.811420938894,0.2083843848330577,0.0995003321584832,0.4719988770668239,0.6792004997157282
Peve,OG_01808,174.2654063280035,-0.13389902832581635,-0.08517053708637268,0.5205417070815748,0.71459197788879
Peve,OG_01812,31.12777899876203,0.584417511967755,0.20679007407538544,0.14061876023963468,0.35495374100393967
Peve,OG_01813,66.31440015273203,-0.0028755531529950956,-0.00121640943250466,0.9925104591373054,0.9969600049720454
Peve,OG_01810,1323.7389338097146,-0.047024206332310144,-0.036129313340972316,0.7527543322432538,0.8693843225335576
Peve,OG_01811,31.79218249594803,-0.036173704673960035,-0.008934980433618853,0.9323535381194096,0.9684577656658935
Peve,OG_01814,23.69600653731615,-0.4822618275495435,-0.14761332525154158,0.2615104942228782,0.49979602232561116
Peve,OG_01815,206.51862865382424,-0.8476978248440681,-0.6480820344528684,0.0030498342747858603,0.036245924345270956
Peve,OG_01817,33.124896582349876,-0.4313651133892136,-0.1708232012442562,0.22895860215718808,0.4648628306547507
Peve,OG_01816,116.64671160655155,0.056144862856223644,0.02846319639811475,0.8392789424368324,0.9209863599275961
Peve,OG_01820,24.99056775352339,0.5432272789099308,0.13965039463201392,0.26190159100164995,0.4999163919445175
Peve,OG_01821,377.819109571603,-0.5091314498386708,-0.42090606460039753,0.005570390809388691,0.05214647907543871
Peve,OG_01822,15.494433169303765,-0.676705557094271,-0.07789084230417674,0.34587397393458447,NA
Peve,OG_01823,26.244755881972324,0.015168307641071943,0.003138923189403049,0.969886486678371,0.9852774043893626
Peve,OG_01824,11.473471304684882,0.8739285954272352,0.12545323577263387,0.183428728802561,NA
Peve,OG_01828,303.76508376925796,0.6378976566953906,0.513141264987019,0.004283815739964818,0.044888732196770274
Peve,OG_01832,55.13267582842942,-0.14504007750870146,-0.07527516978581705,0.5830350421946167,0.7583337803378163
Peve,OG_01833,8.897445881226043,-0.5204676988645858,-0.10377272390850709,0.35868423537505834,NA
Peve,OG_01835,183.1066467240834,-0.1889432777434784,-0.1314740403852978,0.3161693134265522,0.5538967795301867
Peve,OG_01836,341.51897437170777,-0.2627095796950719,-0.13820237625179144,0.3285409901566526,0.565269918700882
Peve,OG_01837,33.609288838049864,0.8702813057700856,0.3417906860722591,0.04369380245161184,0.17982678934434307
Peve,OG_01838,161.79039892428966,-0.1698560900980635,-0.1062620825316819,0.43577903887071795,0.6529034986921253
Peve,OG_01865,194.75291374615466,0.06503898075491896,0.047172450414478304,0.7109911693459392,0.843796654942727
Peve,OG_01866,74.05280074930629,0.055683238947898145,0.026048387337078812,0.8457519343605893,0.9247794224140905
Peve,OG_01867,43.29312888282981,0.23107535594881795,0.07398727630374051,0.5632929678464784,0.7459005438996129
Peve,OG_01868,1797.8487475598852,-0.5070199100911369,-0.06663708481753157,0.42336689836962066,0.644526185407628
Peve,OG_01839,80.3205007768913,0.26374443143404375,0.11052111166073986,0.4226588115060116,0.6441988425015311
Peve,OG_01840,94.0902873848931,0.2593688840111507,0.12677594908190892,0.368688520609886,0.6010091134447828
Peve,OG_01841,171.06555987653098,-0.694965628027314,-0.18988129876441295,0.13431359149813063,0.34602669598672947
Peve,OG_01842,28.051571247735648,0.2182571631095037,0.0934710790531926,0.5051090228213553,0.7032018523123327
Peve,OG_01843,189.48794942582126,0.06601455319490011,0.043578221412442913,0.7361609761163744,0.8592605249346158
Peve,OG_01844,60.2279367674952,0.4208074821295227,0.15922815275311972,0.2485962781938561,0.4865820518022178
Peve,OG_01845,70.64625279174875,0.3231800731563382,0.11927766354565457,0.37749918709884867,0.6087541645303995
Peve,OG_01846,672.9183807572031,0.32351183038554326,0.22405104173481363,0.1250110258260133,0.33101633463419167
Peve,OG_01847,56.97790547436781,-0.26946922185192035,-0.17325585276249017,0.23255487802912736,0.4676882420342905
Peve,OG_01848,369.71473922138233,0.21711182733976706,0.15824628576969543,0.23979443741459244,0.47534582987883556
Peve,OG_01849,11.748010198396704,-0.9433811675461328,-0.11881766841489674,0.1747618910557998,NA
Peve,OG_01850,56.491282776612,0.4387703386722997,0.2053408697976471,0.1819572828758483,0.4078112918353081
Peve,OG_01851,384.51860614800734,0.06905897808512333,0.048749237676059334,0.6964298872896131,0.8362002988232043
Peve,OG_01852,229.62567633109794,0.31502308786300154,0.1639273103425272,0.2638454212932782,0.5018349437140962
Peve,OG_01853,85.92931092087991,1.2256141451773268,0.2514650616279166,0.045243833080338886,0.184215670981305
Peve,OG_01854,17.67908591828517,-0.2413331726871385,-0.059547006909488574,0.6089032492033948,NA
Peve,OG_01855,7.663563106287134,0.47061677336784336,0.058803675384082224,0.5033344637221651,NA
Peve,OG_01856,16.063178226254763,-0.4334435453732599,-0.05789343322914159,0.5120155160505228,NA
Peve,OG_01858,40.48133221629928,-0.5532626870532946,-0.2910483710165384,0.0837004215664274,0.26468651369574264
Peve,OG_01859,25.58367382155745,0.852732328227931,0.4492083668680466,0.025716275912624802,0.13077876495485696
Peve,OG_01860,11.032725854768344,-0.8717907025275062,-0.052095122469873086,0.39523435177442334,NA
Peve,OG_01861,105.48976293853832,0.2948593436735505,0.15332171899422614,0.3005309258367324,0.5383128598693222
Peve,OG_01862,378.3653003241879,0.7920688469618503,0.5604799705318705,0.008218563132838032,0.06618289000630034
Peve,OG_01863,371.87554969723686,-0.3390464045925747,-0.24072578980943332,0.10212676334353248,0.2975920783688131
Peve,OG_01864,11.453661108293222,0.619837895661196,0.09194178806553767,0.33251532271678974,NA
Peve,OG_01869,68.18098403132205,1.047900392856987,0.8751128025055294,4.818066509529437e-4,0.011623295230808873
Peve,OG_01870,16.14237764665928,-0.2733957381066133,-0.08366592508813178,0.5101012809519465,NA
Peve,OG_01872,203.45230764978317,0.6557727978218515,0.3089337303354426,0.06854572647428665,0.2353228230198809
Peve,OG_01873,158.21852843527657,-0.611884972556742,-0.5106654034085043,0.0023803055212212668,0.03164601651075674
Peve,OG_01874,347.22230501096664,-0.6485792113487988,-0.324551523255246,0.06234176739268082,0.22202879102264728
Peve,OG_01875,969.0487097737222,-0.4516730217568336,-0.15793351203967906,0.2516776356677139,0.4892191348369095
Peve,OG_01877,10.762523371018526,2.9008923529160224,0.3381463773786943,0.00072808933644195775,NA
Peve,OG_01876,740.980295795349,0.34815755948371624,0.2039607304850408,0.17018400381322624,0.39219639789137495
Peve,OG_01878,15.156421110330795,0.07991444879328424,0.01202762522902603,0.8927856522634706,NA
Peve,OG_01879,52.54467658019619,0.19635507603454364,0.09702402983090441,0.48574780720837474,0.6914100888104258
Peve,OG_01880,155.14755212080917,-0.938106197986915,-0.773565461280557,8.090598957298024e-4,0.016134602842067105
Peve,OG_01881,46.799307476337674,0.5134265335396302,0.16334956877376205,0.21162614076731667,0.44363454605542607
Peve,OG_01882,9.534317129696813,-0.15857625702977418,-0.02728407224547702,0.7839799719451019,NA
Peve,OG_01883,103.91577612849906,0.32992248959549514,0.13806853077027303,0.3292065969131403,0.5657333307656898
Peve,OG_01885,222.4739485396196,-0.16000565386917806,-0.09145156879326702,0.4938660190736218,0.6974598216380345
Peve,OG_01886,123.0883243468734,-0.3764686894704447,-0.2800088832850525,0.058176666074880784,0.21278018100490606
Peve,OG_01884,696.769404174078,-0.050574484894424884,-0.029968633541470214,0.8206984941678722,0.9095259133795244
Peve,OG_01888,16.86920403050749,1.4202528557690752,1.011861658706587,0.0021974158349603863,NA
Peve,OG_01887,4167.939101378002,0.5160735992285065,0.2331464207121407,0.13465326470859978,0.34631619532414354
Peve,OG_01890,9.552329189594216,-0.7015944006103968,-0.09004362553954938,0.31361839590255525,NA
Peve,OG_01889,418.4520797824749,-0.30874315785615153,-0.22123883267238847,0.11554456075022476,0.31571680910875616
Peve,OG_01891,83.30806028227641,0.38087288078572473,0.10912288459257904,0.37605243472054006,0.6075858849843211
Peve,OG_01892,602.4876788736148,-1.4483163956402885,-1.2134977381367926,1.0470391363279381e-4,0.0044715727923356555
Peve,OG_01893,20.69199633819842,-0.26350381388902705,-0.028437741306820547,0.7119611751135441,NA
Peve,OG_01894,82.356669410598,-0.12596070629330317,-0.04688244450409722,0.7182296169898655,0.8485535394275427
Peve,OG_01895,362.20051535607263,-0.8613006004960507,-0.2735930679980351,0.05462312650114101,0.20488379009635266
Peve,OG_01896,519.1491835960703,-0.2751923928521784,-0.16789569891959888,0.2436741536876606,0.4802871158583696
Peve,OG_01898,31.869764372922358,0.970382743785543,0.0997560689539466,0.18550542798614494,0.4119514998686888
Peve,OG_01899,7.959076197299858,-0.8938155567324476,-0.07689164190494763,0.27155536589675505,NA
Peve,OG_01897,2044.2976263672904,-0.7032442352054198,-0.04021213664093532,0.4030555365163053,0.6290672151569789
Peve,OG_01900,6.755292278224523,1.217725250299224,0.0701455290657096,0.22063706764179467,NA
Peve,OG_01901,23.130431195809706,0.10969432210422088,0.02810490563373487,0.8068375199861498,0.9007054136030985
Peve,OG_01902,109.63060020253258,-0.04427064796571148,-0.01950732643464412,0.8899519271813843,0.9464095676842325
Peve,OG_01904,12.478131957280821,-0.8136721666614697,-0.08589312036420198,0.2529103806997593,NA
Peve,OG_01905,803.6990666637452,-1.009904329107169,-0.8463398000533381,2.9906640323036496e-4,0.008564991954168873
Peve,OG_01906,477.073796639871,-0.18571708590512187,-0.07779625960580962,0.5786683618670292,0.7558120321543847
Peve,OG_01907,20.501559135583648,0.23930797387169397,0.03693226981471242,0.688132075439958,NA
Peve,OG_01908,32.191736503360424,0.5282502298809651,0.11257794663204694,0.31426122537995616,0.5520643275609984
Peve,OG_01909,475.99995129084056,0.01847007145005242,0.015787559516987355,0.894888022055808,0.9489500211610725
Peve,OG_01910,25.677971835285412,0.44743262244138143,0.14676828248280882,0.27492904002641433,0.5130841320238179
Peve,OG_01911,47.97386959567531,-0.021188390608419694,-0.003762659264495791,0.9715051261529879,0.986264132600408
Peve,OG_01912,85.13858965706733,-0.47197853278406937,-0.3105216965361058,0.061546386055064774,0.21991574529431682
Peve,OG_01913,195.25180718751002,0.5846258275552921,0.4329761249638539,0.015403482401931415,0.09626228789000288
Peve,OG_01915,18.583392269827506,0.2140701231960528,0.05176238500291924,0.6508424890480877,NA
Peve,OG_01914,181.84267795964584,-0.3892323517264345,-0.2282255394153964,0.13947897570165554,0.35303124837607536
Peve,OG_01916,74.81499368168151,0.5089922131507798,0.31140493366854016,0.06995169529698417,0.23758003333590075
Peve,OG_01918,26.958148199085233,-2.4142645115302632,-0.2946184456962598,0.0017560626147241748,0.025825646716155913
Peve,OG_01919,75.46830324615982,0.018295606921944946,0.006743775390765411,0.9643829431991784,0.983640001663379
Peve,OG_01920,39.18022400726484,0.38657109147648605,0.2019554585153171,0.18428546528903514,0.4109738508699852
Peve,OG_01921,184.6539160732609,0.537632456933644,0.41269483710862365,0.014324974324926732,0.09216862703318568
Peve,OG_01922,181.28662171521717,0.719488873515221,0.5866788482950541,0.0020827204345481827,0.028847571400705558
Peve,OG_01923,101.97239611812692,-0.12922979863328793,-0.049805939188149,0.6964676944123434,0.8362002988232043
Peve,OG_01924,143.19315726871585,-0.4135496244949677,-0.20958136921221246,0.16737826304504486,0.38776608827539155
Peve,OG_01925,9.421354442086574,0.48248170689761594,0.033888636167484526,0.567430900057937,NA
Peve,OG_01930,25.774701464794543,-0.7042307366641941,-0.16877646296018783,0.1657811204085822,0.38608286607217335
Peve,OG_01926,41.96134382195535,-0.3289512814047845,-0.17133209540284208,0.2451571374972696,0.4818387702410216
Peve,OG_01927,411.95948604862997,0.23780865495369766,0.1698950014435586,0.1995053207403821,0.4297905537912967
Peve,OG_01928,14.11889663528251,-0.02375426601993181,-0.0056776901592872,0.9591065740919804,NA
Peve,OG_01934,394.9917542756818,0.46336507724853043,0.3008891708753856,0.06803650613455374,0.2339166447499116
Peve,OG_01935,156.91544937365325,0.4821515186833121,0.4036782744504882,0.005518678895920659,0.05196699113612309
Peve,OG_01936,36.303253293566165,0.41235365562698745,0.0504605639560088,0.53844468877352,0.7277983745700277
Peve,OG_01937,21.85262971108979,-0.14303869219109477,-0.05186680915317114,0.6877664465402242,NA
Peve,OG_01938,218.6401953402661,0.28313063661129956,0.22801832226726468,0.06994052503166541,0.23758003333590075
Peve,OG_01939,124.76273902474546,0.6754952490464436,0.5475559027186668,0.0029982606802670497,0.03581245560606927
Peve,OG_01940,55.48253468148019,0.37429953173757513,0.1819611919930317,0.22639734360259825,0.4628810959647326
Peve,OG_01941,95.61745888975688,1.3832126952546062,0.4067178662038622,0.01723600534551297,0.10278145272872968
Peve,OG_01947,54.576603482704535,0.29224595544763465,0.06443304972712334,0.5509260996432146,0.7363078994880717
Peve,OG_01942,2418.439911652435,-0.36185499651884057,-0.28751186369528114,0.035329529321450046,0.1586912466809
Peve,OG_01943,21.92516509010981,0.12993252699235125,0.048779736048452746,0.7118093387387987,NA
Peve,OG_01945,122.14743720408076,0.16513315331280887,0.10547070292651316,0.4303454767197924,0.6496971545087948
Peve,OG_01946,59.3867945015364,0.09833457981391287,0.03561679664518425,0.7787192211730681,0.8842079288423838
Peve,OG_01948,21.51875746296141,-0.3273023865152543,-0.08557579749284097,0.4678626315224838,NA
Peve,OG_01949,98.05674566819403,-0.2770904977860837,-0.1510223151307335,0.30110160615366716,0.538760170899937
Peve,OG_01952,25.858902042481724,0.6646414131408687,0.10796782117021671,0.26261585261234094,0.5004020923463764
Peve,OG_01953,23.503825870908738,0.27199292234964795,0.0733401614646809,0.5450248603259877,0.7323868440687332
Peve,OG_01950,62.01286537924266,-0.9083131250748893,-0.11494986110103393,0.18461039880680685,0.41121696435972355
Peve,OG_01951,309.7549972040436,0.5737452507778533,0.4800736608733006,0.0028798037674432207,0.03504527971307102
Peve,OG_01954,2103.772616577678,-0.4053211600338394,-0.30089119896506694,0.04418000859591563,0.1811500090759931
Peve,OG_01955,619.7267752015194,0.3540391576660377,0.14827643277735433,0.28377536035316064,0.5219579942021251
Peve,OG_01956,307.6368856011666,0.0019065918072284946,0.002339748759123589,0.990515842829905,0.996640601499767
Peve,OG_01957,301.36265906213856,-1.4633307811789857,-1.3080958842543913,4.635129804376904e-6,6.538966453656158e-4
Peve,OG_01958,181.40990505842387,-0.4037804126084802,-0.3202900333943565,0.02528695833649482,0.12919922777157447
Peve,OG_01959,133.4346064134506,-0.3382899113621109,-0.21258459454694195,0.15198111390210406,0.36884107222243667
Peve,OG_01960,157.91358343040542,0.21852679906474637,0.14921020665443474,0.27972948568276634,0.517227966488183
Peve,OG_01971,278.0880541685555,0.02810660994249323,0.013178867502117516,0.9191421663295856,0.9624044505140082
Peve,OG_01961,17.83597080014893,0.3739243207135106,0.0830976868756657,0.46487583141992567,NA
Peve,OG_01962,53.98190206327871,0.2103416457764683,0.11078817057095845,0.4344988877709853,0.6527336870517385
Peve,OG_01964,12.24880201875447,0.2906354112613345,0.034272393269113785,0.6834609846765705,NA
Peve,OG_01965,89.24447786902505,-0.47116299942996515,-0.22487566580090804,0.13791430623262832,0.3511467863904286
Peve,OG_01966,29.76551973587531,0.40414157842279735,0.13187355429340586,0.30676735688517276,0.5437305083181122
Peve,OG_01968,9.216231007751718,0.5341168532577896,0.024554598574887464,0.6091127030316934,NA
Peve,OG_01969,10.94342356976331,0.3521004646468199,0.06246960418449176,0.5369606803340812,NA
Peve,OG_01970,29.443314777952352,0.2589476396436595,0.1047731978835605,0.4475634851030224,0.6605072897161613
Peve,OG_01974,349.57852014649916,0.2928072694831527,0.2029190687345061,0.15432190008279917,0.37143510638429794
Peve,OG_01975,55.90637853431809,-0.6831894746642255,-0.4125251145802437,0.03109484547014678,0.14676612936281175
Peve,OG_01977,32.496204503420365,0.5626559233759489,0.21699514939974737,0.14777326488393863,0.3649027453018247
Peve,OG_01978,42.39820171230517,1.1036738731930404,0.8689692237094427,0.0010604245694539646,0.01896317927253592
Peve,OG_01979,11.037517805512628,0.5069387562334134,0.07773618653410323,0.42483256429034083,NA
Peve,OG_01980,108.67166826226422,0.5366899077757084,0.3637418553983793,0.03759699015538952,0.164889966035554
Peve,OG_01981,1851.7860052994572,0.5006036048532545,0.3029929102741775,0.06780537159387773,0.23362339249306222
Peve,OG_01972,45.466554839777054,0.25981354418489533,0.05450075766287341,0.6159456971056851,0.7820457200918516
Peve,OG_01998,20.223400134669827,-0.06333061461789226,-0.020370230045770925,0.8705837510524663,NA
Peve,OG_01999,30.168156272318345,-1.889010672624234,-1.02991371101174,0.0022590956632484943,0.03029892739899125
Peve,OG_01997,96.95657236207597,-0.08167652086002244,-0.022640319373596417,0.8456823031917079,0.9247794224140905
Peve,OG_02009,18.784335981531672,-0.8873007355275281,-0.031177741502143006,0.4558621020622734,NA
Peve,OG_02001,13.989675161079324,-1.4844207216136533,-0.10615728212769766,0.10658282468326244,NA
Peve,OG_02000,188.19904244680546,-0.9282208966183566,-0.12159721917077594,0.16569248396734382,0.38608286607217335
Peve,OG_02003,61.991411812973006,0.2816742934089566,0.1378800399402698,0.3402278493598163,0.5753286917698293
Peve,OG_02004,85.50597419059011,-0.5924485000194721,-0.3876481659271273,0.03296536301263587,0.1521709349348932
Peve,OG_02005,64.55327694717673,0.3521435836359635,0.23904038347503645,0.10812086227514983,0.3063056775913143
Peve,OG_02006,1016.7582775680798,-0.6057701177625393,-0.4644358784394269,0.009470670476053685,0.07228676869018696
Peve,OG_02007,171.40471742503354,0.5126660155893307,0.38967297619119323,0.01960362169572638,0.1115114674519552
Peve,OG_02008,109.15390250934438,0.5925497002109075,0.29353217350859084,0.07885219211833867,0.2552940742967338
Peve,OG_01982,214.17172888922582,0.037721244295634115,0.020603433564297207,0.8542565131054318,0.9303396878966661
Peve,OG_01983,36.319505355096666,-0.5033945842690152,-0.09900903272598575,0.34502484733454253,0.5806689695938124
Peve,OG_01984,74.40207051954648,0.5049098954384332,0.2592703644397045,0.10473445006864371,0.30130930537119627
Peve,OG_01985,123.71856094825743,0.6453574058857752,0.5121969115010601,0.004762039102320867,0.04767045188105173
Peve,OG_01986,62.0478012448,0.7782327246946056,0.5764739316758336,0.006742627465411745,0.05867688133136056
Peve,OG_01987,43.37622064168133,0.6653844075673035,0.4551112218202429,0.019614776369863477,0.1115114674519552
Peve,OG_01990,487.2628801481407,-0.08695774693301586,-0.04510287126726049,0.7396657289266684,0.861322764133806
Peve,OG_01991,1054.472951680832,-0.4741514051792454,-0.36363851468047537,0.02101760309965757,0.11527149057825153
Peve,OG_01992,179.55017153319235,0.3187467931964396,0.17669448947358804,0.2308982699556661,0.46660299532582455
Peve,OG_01993,386.87595531869704,-0.5510150639345558,-0.4315640968147048,0.010272512425746828,0.07560966150660804
Peve,OG_01994,61.12306094347309,0.38524606269537737,0.22406657878930408,0.15329033941250078,0.3702491457338082
Peve,OG_01995,27534.353250364205,-0.20549116944066348,-0.07239937667818092,0.5662883314759906,0.7481087080175212
Peve,OG_01996,96.49109064317238,0.16457343163944574,0.10597113549862189,0.43085517808048124,0.6497804907104194
Peve,OG_02015,70.37757829160843,0.8124983434601609,0.6017107758110184,0.005813430131904066,0.05329327406118553
Peve,OG_02010,7.0920224061883275,-0.0793361541012473,-0.006581814529670984,0.9177355240812821,NA
Peve,OG_02011,42.2817295631751,0.5182490776993891,0.2751082872683857,0.09456441757416352,0.28502885718127935
Peve,OG_02012,376.3483174589493,-0.626421724631098,-0.19379529067404797,0.16435135734286077,0.3849352996586296
Peve,OG_02013,295.5504791077168,-0.16251034337736878,-0.09879332022386962,0.4772426290168681,0.6840043771632028
Peve,OG_02014,248.00156792567878,-0.36567184883095805,-0.2324587566056039,0.12179479044060959,0.3260403378896618
Peve,OG_02038,6.697158102775662,-0.40340067895358717,-0.05973196158406321,0.5247949259094831,NA
Peve,OG_02036,43.58789988712552,0.5341154462410906,0.1733596834207534,0.19495230836610114,0.4239979565024658
Peve,OG_02037,94.06222991767429,0.3231386796849997,0.20146186463760732,0.1785855192826584,0.40415874809240293
Peve,OG_02039,80.86972617546823,-0.5833471773768989,-0.17575978530425962,0.18471125004493155,0.4113213396206631
Peve,OG_02016,150.5439429511006,-0.30921828089779807,-0.19724447693216163,0.170321385100123,0.39219639789137495
Peve,OG_02017,311.42887336827187,0.42848801732466407,0.3054342685460857,0.05211545034018511,0.19988816132928855
Peve,OG_02018,98.3826718965623,-0.5011105573892453,-0.3291176592162685,0.05276748870130855,0.20149510221883132
Peve,OG_02024,30.32566468962543,0.27975712824038057,0.08470259648549636,0.5080357386934896,0.7045181966274402
Peve,OG_02025,17.583783450183592,0.3849554900699237,0.07383904172386464,0.4846929539341308,NA
Peve,OG_02031,13.310386545839037,-0.09833300598276964,-0.010161012532584788,0.8945831192571504,NA
Peve,OG_02033,95.63013661711872,-0.6646431871398063,-0.2909300303262113,0.07639033212838633,0.25181373870793905
Peve,OG_02034,71.659145174564145,0.04992696661090548,0.019779884323355087,0.8768672576609451,0.9408415167409973
Peve,OG_02035,601.447211506589,0.6258688226996808,0.5632065880463134,9.683641322856406e-5,0.004264160670376884
Peve,OG_02042,23.42429534510772,-0.4086722071780195,-0.09029046664683081,0.4283120926746856,0.6483682480152655
Peve,OG_02041,120.15852901811573,0.05611765390258798,0.021310497878023978,0.8713914107257665,0.9389259294638499
Peve,OG_02040,2370.0120001463015,1.343489733225532,1.046736339419841,6.755573507830557e-4,0.014558588608833262
Peve,OG_02043,1078.826334641136,0.04284272792946958,0.0130651259216259,0.916840825939191,0.9611547426270466
Peve,OG_02044,37.29822693648416,-0.4962452047136606,-0.1554902397303219,0.23552737412841485,0.4703139019948268
Peve,OG_02045,80.14691391576316,0.6928160580751916,0.5161340854097707,0.008802809050372742,0.06870881080506101
Peve,OG_02046,73.7381372988043,-0.05233534695682715,-0.027434404597663734,0.8339089184985846,0.917625038440303
Peve,OG_02047,46.73361155047994,0.7030637310895034,0.44581720501761163,0.02082847217755521,0.11467648332846903
Peve,OG_02048,49.421521353105895,-0.7611180065548067,-0.18251511328037356,0.1459186390611452,0.36135453761690717
Peve,OG_02059,300.97792796449045,-1.0861510534445558,-0.8772969416789631,7.018266966826151e-4,0.014688230152000445
Peve,OG_02060,90.76162532026146,0.27880453463302957,0.18239651096920298,0.203265142631666,0.434207626966485
Peve,OG_02049,122.24850191851922,0.24079390687921254,0.10667834348025755,0.4339640909483284,0.6524791960997824
Peve,OG_02050,1537.0446653123502,-0.7018368171490774,-0.6041721616353387,5.13191688786058e-4,0.012255467978596207
Peve,OG_02051,109.49015974083132,-0.28604180384705985,-0.17354293402434567,0.23585694817040942,0.47056195312752164
Peve,OG_02052,45.596080877750275,0.3465933848049282,0.1867644143398104,0.20613206109567572,0.4375352581295229
Peve,OG_02053,96.41139170388384,-0.2083750362244669,-0.08748099251408446,0.5215974562789502,0.7152310201896591
Peve,OG_02054,850.9405233613762,0.8059205428525303,0.26696641487231676,0.07359917678361147,0.2463438175472549
Peve,OG_02055,11.935519770001664,0.36291447007997896,0.08335357655283619,0.47030890473786324,NA
Peve,OG_02056,66.40653822900069,0.24728260839254285,0.12359752722800804,0.38868724320872566,0.6173526960104372
Peve,OG_02057,247.6189411740242,-0.9615506012403321,-0.864652148839691,1.8160677213471718e-5,0.0014668739027717704
Peve,OG_02058,3493.9227468537565,-0.8176822962042516,-0.7555122040243196,1.8149268187558904e-6,3.791569947192526e-4
Peve,OG_02061,826.4453866470143,-0.5117987259167079,-0.44053589275142674,0.0018574576102418118,0.02692627369180109
Peve,OG_02062,32.42561889816881,-0.17330570576241422,-0.047858713112488786,0.6897092089709387,0.8316975315276914
Peve,OG_02063,22.977480412596442,-0.05954017886650165,-0.017012815919268377,0.8889295964589439,0.9460985904929515
Peve,OG_02064,364.07684598967376,-0.8215498134360321,-0.7625687097824115,9.32871014903789e-7,2.2924552875926016e-4
Peve,OG_02065,45.48771219103054,0.005902011037733767,0.0022157266157143782,0.9906225563870092,0.996640601499767
Peve,OG_02066,183.93825959596307,-1.4370488037800102,-1.0562703120380914,0.0016112822708827753,0.024735911466043876
Peve,OG_02067,336.6611146848487,-0.26054397483959685,-0.19186718709350134,0.15532988471701936,0.37251106368691145
Peve,OG_02070,10.121466532866549,0.9330181834631291,0.047256354859474645,0.3516747247999138,NA
Peve,OG_02071,11.494847408854707,0.07821833213016798,0.010145383972830347,0.9102925459949183,NA
Peve,OG_02068,324.81721211753955,-0.13097665312105786,-0.07709402728902488,0.5443334428022758,0.7318623662668086
Peve,OG_02069,51.72513145022902,0.2777304159477545,0.13403189897500328,0.346087530676488,0.5817508404001512
Peve,OG_02072,18.674913305439503,0.5951226285396926,0.18836599275538865,0.16678558641025482,NA
Peve,OG_02073,21.70035158697044,-0.5605056979189051,-0.09835948253010145,0.3219894313356955,NA
Peve,OG_02074,607.0565001638971,-0.8187208165563185,-0.6149579962492827,0.004634866755982608,0.04721396646669316
Peve,OG_02075,7.388454565453361,-1.739326010205415,-0.11485918134455089,0.09219798701842348,NA
Peve,OG_02076,157.60443276519518,-0.2622058458684386,-0.1808915786024064,0.18932929501539317,0.4178188208074349
Peve,OG_02077,40.56090469413169,0.3477834029986282,0.16735063984292683,0.2519669594364855,0.4892899049164279
Peve,OG_02078,273.0343944967724,-1.037818142017948,-0.4476613565192927,0.02287152235224588,0.12099670644403411
Peve,OG_02079,458.2960343438817,0.4631527230957007,0.23854766909026057,0.1260672973930711,0.3325639151526423
Peve,OG_02080,339.1010402233349,-1.2699317336755034,-0.9135443474499603,0.002580549201234333,0.032819071477467696
Peve,OG_02082,8.687826522172658,-0.57854598483657,-0.12025852948364436,0.29427947445402297,NA
Peve,OG_02083,11.337442215554177,-0.34085263564199475,-0.04108111396191264,0.6182748953699928,NA
Peve,OG_02084,12.94812192585384,-0.4195802008726373,-0.10099509588374225,0.3895096582188065,NA
Peve,OG_02087,39.03976946666123,0.4090464400952356,0.11871364134157546,0.3551371300964555,0.5907584722876279
Peve,OG_02085,140.27741228418594,0.7870730065952339,0.5017955210939293,0.0161896695815561,0.09906257258818825
Peve,OG_02088,37696.61905911763,1.1392813371144292,0.9712389920571065,1.39620770413144e-4,0.005291696661728015
Peve,OG_02092,73.09437549055106,0.6089193971389081,0.37312013539697275,0.04222145945873594,0.17653297374130097
Peve,OG_02090,660.9991498320429,-0.44423138245468774,-0.12592940460850643,0.3271389106085208,0.56396112718165
Peve,OG_02091,47.738622658025236,-0.5518204979900379,-0.30923306701969017,0.07336127649800515,0.24587162532415455
Peve,OG_02093,21.05728982699358,0.47990206859324425,0.14200435300992023,0.26714986341483316,NA
Peve,OG_02094,216.4133216395337,0.5404761589893143,0.11533998667492412,0.3081936725593239,0.5454970719230784
Peve,OG_02100,59.462648836450676,0.3685048908047264,0.11654001028955067,0.3600095102992246,0.5943324603117438
Peve,OG_02095,301.80485558310147,0.736694804259183,0.5911959278225883,0.002474456820014323,0.03227810283367999
Peve,OG_02096,191.97803342428162,0.4908786559561761,0.39034075322921563,0.016257444263607937,0.0991763202372308
Peve,OG_02097,178.74885335257656,-0.15468630824424226,-0.11874047263460592,0.3230681700279758,0.5598574429647678
Peve,OG_02098,28.60850841173914,-0.210746552369647,-0.053274199794188536,0.6398409770662239,0.7988050742855611
Peve,OG_02099,138.40028407990332,-0.01734325178883634,-0.004812931938802678,0.9608759114228133,0.9818164772569073
Peve,OG_02114,296.2953627201466,-1.5523366516857064,-1.3591187643599971,1.486379431772212e-5,0.0013480045846715131
Peve,OG_02115,98.86709043247782,0.5782241897736387,0.20499650649721102,0.14502818090313205,0.3601123474967601
Peve,OG_02116,9.07404129932002,0.24362892806364847,0.030673748715604764,0.7282542305371262,NA
Peve,OG_02117,61.312912153801996,0.1704641678360449,0.08104355804040207,0.5548809018908059,0.7402478258346872
Peve,OG_02118,68.54112080082741,0.5671792715203181,0.42820079239693776,0.014383401231595603,0.09235486996583192
Peve,OG_02119,1062.1145458668461,-2.655085039319327,-1.9635557517776911,2.7978613597688857e-4,0.008293427174598977
Peve,OG_02120,15.022606148489382,0.16898928137435018,0.02081846703755567,0.8084229961395502,NA
Peve,OG_02121,86.69267112652156,0.11929879084607065,0.062377265665989355,0.6539821305504043,0.808247221046882
Peve,OG_02122,105.84795078016882,0.3263990940827406,0.15916929001654237,0.28132846576616666,0.5191764176857213
Peve,OG_02123,211.66749715733684,-0.014317239540876913,-0.0060351130730169865,0.9548991774420781,0.9788725186632138
Peve,OG_02102,44.66459969769096,-0.1599047309426607,-0.0473489918728121,0.6955629987380645,0.8355091334573597
Peve,OG_02103,11.890993903671,-0.3930503853102354,-0.02410749992813348,0.6714578863573699,NA
Peve,OG_02104,310.40852533570643,0.3633353474609343,0.1968500507701365,0.186945365075962,0.41411741528022056
Peve,OG_02105,87.95386101797295,0.3350268975629915,0.20165636615173163,0.17432096282840323,0.39807466871306224
Peve,OG_02107,65.93147268997961,0.3521855691367365,0.18159357749716176,0.22469120077818572,0.46100123014495525
Peve,OG_02108,49.71394501790449,-0.5099179471420342,-0.22053320205685215,0.14568237947814278,0.3610306983944345
Peve,OG_02109,202.98239022448868,-0.08048469367367914,-0.061492656734638204,0.5965074378396258,0.7694528776645694
Peve,OG_02110,14.681292821966023,0.25972520958752343,0.06333445937238227,0.5756140178666461,NA
Peve,OG_02111,367.1573266349414,-0.296397248558136,-0.20730379034618795,0.1374641490214622,0.35050988229731483
Peve,OG_02112,1003.1953152325455,0.6771686411574438,0.4979104080487567,0.009706268798840005,0.07320787285074727
Peve,OG_02113,33.00149265668936,0.42413077571684055,0.1711331856415105,0.23589867406064652,0.47056195312752164
Peve,OG_02124,2356.7319817107814,-0.046750885280399494,-0.03822468058644721,0.7694918648374267,0.8794188032995162
Peve,OG_02125,136.8945916194602,0.30657505029668153,0.1903609866788348,0.1901990693862817,0.41864678144602546
Peve,OG_02133,194.25925766854562,0.35465682636418083,0.258380898499691,0.07368303199575144,0.24651617819219782
Peve,OG_02126,154.2072745473154,0.193232927526793,0.08196092126496535,0.5440607326889418,0.7316890593329664
Peve,OG_02127,87.8335091173188,-0.3889402839124081,-0.2186658147252934,0.150732290815929,0.36800190225204665
Peve,OG_02128,37.65909278366623,0.27037234300524166,0.13542052666829574,0.34506280196261335,0.5806689695938124
Peve,OG_02129,100.72544298988976,0.12496069962484435,0.05868211911724524,0.6670331682961114,0.816823448976013
Peve,OG_02130,239.3480121440213,-0.398629386055948,-0.3444325186985799,0.005795599072666244,0.05329327406118553
Peve,OG_02131,109.69510682960197,-0.568768966459331,-0.46121777388608454,0.00504394191748071,0.04921016474657574
Peve,OG_02132,447.5063026779924,0.022146170398704066,0.01528272548910138,0.9109029368665925,0.9574032247585129
Peve,OG_02147,303.6187161137418,0.20909960307732836,0.11652345519442493,0.4104571586526865,0.6352789633820379
Peve,OG_02148,124.76596507687569,-0.6823095842922046,-0.47655007212618394,0.01431531417870161,0.09216862703318568
Peve,OG_02149,127.43252591716514,-0.4400005079630409,-0.2216826273237667,0.14979903214176177,0.3675121527973639
Peve,OG_02150,176.4049473528179,0.23687845221109544,0.13110991210738407,0.3586200298011588,0.5928075653701516
Peve,OG_02134,46.03061507358923,0.5993234693184782,0.3326997671064461,0.05588321376524133,0.2072630586483001
Peve,OG_02136,31.869074459055003,0.15360356489320076,0.046818199106410115,0.7074179256660167,0.8421331663509811
Peve,OG_02138,143.09077739677377,-0.6760974506496218,-0.4723808287089043,0.016298005745524445,0.09932656621552419
Peve,OG_02140,496.101429241032,0.1805116663889101,0.13223283626046672,0.28493780398575774,0.5227288717141081
Peve,OG_02141,469.0426989919495,-1.0972604221609357,-0.6712545808194059,0.007532814778441293,0.06257904360105318
Peve,OG_02142,192.07092171634378,-0.527046486444359,-0.3627159367943348,0.03399148101149034,0.1548726688669458
Peve,OG_02143,10.432330143878533,-0.3765562945785046,-0.05317031630349943,0.5509290044393982,NA
Peve,OG_02144,561.4846964180103,0.40715688154242125,0.2696144592232268,0.08236379472649898,0.2630806659230479
Peve,OG_02145,388.6277755015191,1.1163180971983648,0.8669765331500844,0.001304079635329509,0.021738465343414
Peve,OG_02146,88.00431139381789,0.3129260939498584,0.158697967059822,0.27028867324614925,0.5077827651761195
Peve,OG_02159,189.34368535017123,-0.1014413185071638,-0.04555854472836989,0.7323784227013098,0.8563121437733935
Peve,OG_02160,30.857190705985097,0.38966369678366936,0.08201240216863302,0.43660012042513596,0.6534618531341996
Peve,OG_02155,9.629075563080585,1.0177114500997204,0.06087001629067924,0.2737642363238813,NA
Peve,OG_02152,93.62837915617631,-0.07322049261154492,-0.045101157706304226,0.7327082810295504,0.8563626395954457
Peve,OG_02154,140.37393819326584,-1.232650078400862,-0.912990349281,0.0017462060232649782,0.02578022768455931
Peve,OG_02156,149.8391098421862,0.4944271073549769,0.2801280429104383,0.09302294120469805,0.2823301856961712
Peve,OG_02157,173.0842480797605,-0.17298095194496113,-0.11969546386641598,0.3687778149633432,0.6010091134447828
Peve,OG_02158,904.7158851198269,0.01560381205740322,0.007704319624718487,0.9570639468437377,0.9799602952100036
Peve,OG_02163,18.550588647241344,-0.7408864033974749,-0.07664520409414813,0.327223496946326,NA
Peve,OG_02161,203.22006615350548,-0.44366794292636014,-0.2494663711177063,0.11548585042219946,0.31566961195418564
Peve,OG_02162,94.71524592388988,0.6416747859128524,0.47376729734048645,0.011787346416299667,0.08216227503510336
Peve,OG_02178,152.36550151709895,0.48818173112458363,0.3776117325492294,0.016087449075996532,0.0988010914140823
Peve,OG_02179,76.81350882145304,0.6620331555243348,0.4201652629595607,0.031035701888612564,0.14675976225167628
Peve,OG_02180,33.97303642501843,0.5129640612220729,0.1557072795567122,0.2288889399533465,0.4648628306547507
Peve,OG_02165,431.4573966196997,-0.19549447217135743,-0.10765487645240512,0.43125363100969816,0.6497804907104194
Peve,OG_02166,233.26006531092898,0.2043682317586009,0.1320964862163,0.3389790252126447,0.5740816739350001
Peve,OG_02167,1101.3311050668642,0.22338654304823521,0.17362586983187459,0.1506175457123294,0.36800190225204665
Peve,OG_02168,58.75890846178691,0.09302590513402274,0.056271209409253585,0.678588855304445,0.8238298437535004
Peve,OG_02169,66.04560464373787,-0.35282412393920776,-0.15517104542164942,0.2819325852875894,0.5197876173090165
Peve,OG_02170,66.50708541415479,0.327178198597303,0.15079869608965116,0.28983168986888486,0.5283411853125544
Peve,OG_02171,91.81484564832297,0.18691958722818047,0.11116213968795098,0.44422204310070046,0.6584233651046842
Peve,OG_02172,186.11336391949388,-0.46581099730322145,-0.19024049009004665,0.18957945803938786,0.41812863675276685
Peve,OG_02173,151.09488413868408,-0.06622750448426037,-0.03285238722839333,0.8151187980128629,0.9057517093690376
Peve,OG_02174,19.4279035089543,-0.438825269637868,-0.09310181945049703,0.3861994217032315,NA
Peve,OG_02175,152.04485745108906,0.17774915204360447,0.1075357646794085,0.4388814768135707,0.6549520382639584
Peve,OG_02176,80.86939415796378,-0.5333068563992804,-0.10851726864324315,0.29671291149203216,0.5349707032827309
Peve,OG_02187,33.07441102693192,0.20456984988703567,0.05776358617562946,0.6373085862022048,0.7974787655579514
Peve,OG_02184,196.10884871140345,-0.2154576411029062,-0.1371842009117494,0.32439093590049545,0.5608106856641136
Peve,OG_02185,78.16946252250574,-0.005508914623699302,-0.001681327327705343,0.9822672532491894,0.9918896572033755
Peve,OG_02181,7.835480180829496,1.1091733019407548,0.03744138590502407,0.3816472835238315,NA
Peve,OG_02182,118.24984758664598,-0.012533273882200404,-0.004777124127632654,0.9691729415172238,0.9852774043893626
Peve,OG_02183,74.40125293972257,-0.10001852271816744,-0.059771211264651826,0.6560618782110388,0.8096354103696247
Peve,OG_02188,47.151344820929225,0.40486987172434463,0.17779002420768325,0.21418614462225208,0.4471553986660225
Peve,OG_02189,87.01881959618056,-0.16843337998522528,-0.06277436478427414,0.6276112445905455,0.7901408794068377
Peve,OG_02190,1031.566603905733,-0.9000842551489188,-0.30882714634002045,0.04382799241615315,0.1802816664288632
Peve,OG_02191,279.5346634256965,-0.021654259362782317,-0.015762286196784898,0.8948237129178918,0.9489500211610725
Peve,OG_02192,10.757409370387188,0.9465803983936698,0.08330480035161891,0.2525814910886551,NA
Peve,OG_02193,89.25932605806658,0.553901725272094,0.3617100000601615,0.04108328506109357,0.1737704319330166
Peve,OG_02194,805.6244061205656,-0.7530443012820713,-0.6199423736616858,0.001404785202972147,0.02275096261192357
Peve,OG_02195,226.06971766954058,0.10005048276406742,0.05901599828598075,0.6744093605233323,0.8222872132629234
Peve,OG_02196,128.71825199634785,0.17834069662329738,0.10313362478944188,0.48369464830890796,0.6899055702518389
Peve,OG_02197,67.41848995054532,-0.055938658870281696,-0.022311685899237557,0.8698989129039603,0.9384442321585993
Peve,OG_02198,77.22756912449744,-1.0114526982338128,-0.585795841947449,0.012470173008237833,0.0850279645393846
Peve,OG_02201,73.56962889094882,-0.5929056610014507,-0.1452247653474827,0.2155959303262297,0.44932712732268704
Peve,OG_02199,26.16032747733387,0.16819425550248907,0.07997750894617275,0.5586500190281217,0.7425038676628456
Peve,OG_02200,7.580367595948476,-0.37569797572638497,-0.022020807230410513,0.674225984079755,NA
Peve,OG_02202,99.92431610012677,-0.16339591943923729,-0.09276366055040568,0.4931833488808511,0.6969153685353967
Peve,OG_02203,69.49672528374788,0.1359334475486192,0.07013474552100266,0.6123988983653053,0.7793609769039251
Peve,OG_02204,15.749808698112517,-0.6278905649024396,-0.07090299703911437,0.39213572234665,NA
Peve,OG_02205,27.374587133511316,0.3794957008813052,0.19939439716341525,0.19130260044785746,0.4198919984348461
Peve,OG_02206,12.572335890872562,-1.2126508796281406,-0.08704543311618566,0.16975774966807283,NA
Peve,OG_02208,37.0934735892107,0.1346259575232141,0.0583370352272745,0.6708431320866586,0.8192502372933896
Peve,OG_02207,36.83942937828898,0.9686791186714517,0.6271947831071524,0.00985184528486442,0.07381195189133238
Peve,OG_02209,80.86645361030092,0.6820792407730023,0.5117304256877626,0.008837906727172887,0.06883366871371902
Peve,OG_02212,499.46273820076493,0.010837724968914421,0.0054920094356308135,0.9694751414476909,0.9852774043893626
Peve,OG_02214,18.373511711908794,0.6972949793222444,0.14493589503693854,0.20628683706576972,NA
Peve,OG_02215,224.24332239350218,0.5307267388655306,0.4215884795451614,0.008710199290807413,0.06828273433510965
Peve,OG_02216,10.199280620183401,0.49838219957192453,0.0911282383836633,0.37389773229062284,NA
Peve,OG_02217,793.7971440820202,0.17120463859502377,0.11264220034072481,0.4107047643287656,0.6352789633820379
Peve,OG_02219,225.95132763612548,-0.02087376865539861,-0.014243381084882477,0.9020876735661904,0.9535318297803854
Peve,OG_02231,19.124661325706985,0.20845036378805445,0.026409670798188824,0.7481815307521129,NA
Peve,OG_02233,37.314184260337036,1.4436673043816577,0.6780738044988651,0.008986259945710003,0.06955482024901162
Peve,OG_02235,285.03581287207146,-0.5646431849989422,-0.31460795628186505,0.06772927843582965,0.23362339249306222
Peve,OG_02236,81.8402535896017,-0.6384879677481414,-0.5449242548642914,0.001064123961689476,0.018984768946488123
Peve,OG_02232,1982.5211431498833,-0.2548086183067373,-0.16357531696161356,0.24716632978631356,0.4846623166826607
Peve,OG_02237,19.357376761612812,0.1060250420238834,0.03871554047714292,0.766776472525269,NA
Peve,OG_02220,240.02256625406315,0.3013105332998576,0.1584428070501398,0.2699089938484004,0.5073196928539635
Peve,OG_02221,1904.5257315283804,-1.7130781332870944,-1.4126188312753774,1.4291789841332643e-4,0.005340308197190249
Peve,OG_02222,28.929572331547327,0.344129333386377,0.07669377635673887,0.49357207139734754,0.6973353189734781
Peve,OG_02223,1865.7945229239826,-0.018761982277650056,-0.013688164289381612,0.9077918635269473,0.9561120442898222
Peve,OG_02224,150.89433669686022,-0.6731315007990784,-0.5332010667007394,0.004460115871666867,0.04616462324776928
Peve,OG_02225,36.88089783526241,-0.21237310610076582,-0.09153405263639439,0.5066378401992059,0.7037781825920528
Peve,OG_02226,10.705387524348183,0.7441186136541823,0.11303658100963222,0.24927212849451097,NA
Peve,OG_02227,876.5443183009666,0.86850920341548,0.746571384220855,2.4086377516000356e-4,0.007582062095193397
Peve,OG_02228,34.83791950328349,0.5357675398046065,0.2724417315413266,0.0952078246679755,0.2856598115650864
Peve,OG_02229,26.07021616706287,-0.06403825957901711,-0.002912928908886667,0.9534672680703482,0.9785821955272523
Peve,OG_02230,8.252054902187945,-1.181687068226507,-0.11737771759506792,0.17657141029603335,NA
Peve,OG_02241,49.708269279988635,-0.3151232522331028,-0.17459542474632472,0.2330595664833055,0.4679619866815555
Peve,OG_02238,21.0648623400926,0.9340018118466586,0.1800386228770836,0.10965673445641197,NA
Peve,OG_02240,87.3632948015935,0.6137982234275039,0.43671170970151224,0.018080414748739823,0.10595123042761537
Peve,OG_02248,665.851238834422,0.1881988031407173,0.11902241261912086,0.3628137739344517,0.5964426693639735
Peve,OG_02242,82.9971581952989,0.1401733085549535,0.06884431697227306,0.6159202113234328,0.7820457200918516
Peve,OG_02243,2425.973328864586,-0.5080994549449067,-0.39725129704970225,0.013865563812556622,0.08989605542472881
Peve,OG_02244,344.1888023628284,0.11582960334921039,0.07558529452984608,0.5695217276036074,0.7494198879064614
Peve,OG_02245,58.930735707817874,0.1114174994740425,0.05008703854689221,0.7077631278629306,0.8422750560803778
Peve,OG_02246,62.203188417514355,0.017697898073664165,0.006594361797437433,0.9590420854028718,0.9807808339147949
Peve,OG_02247,187.49263029423588,0.1359388732591545,0.10984522307153718,0.35079209916171644,0.5862953513413681
Peve,OG_02249,836.5492475973263,-0.3983861514432993,-0.3542114772061126,0.0016697044126067445,0.024989800029937483
Peve,OG_02250,66.88012854242342,0.08621180018562356,0.049807078287534855,0.7081907020600204,0.8423662712652383
Peve,OG_02253,45.983445178816325,0.06053304113514763,0.009109328913757491,0.8788166921598886,0.9416869421226216
Peve,OG_02254,71.56441143980837,-0.2112727238841874,-0.0645329231957091,0.599530438535952,0.7714903514808923
Peve,OG_02255,332.4593293066807,0.17852416578007024,0.06644588414303454,0.6133858459920012,0.7803562750112
Peve,OG_02257,30.47804191121413,1.4952342135758614,0.9069900688268695,0.00373393773472804,0.041210599613082974
Peve,OG_02256,99.08338044413182,0.3115001581536632,0.1757914956636236,0.2392113960027357,0.4744369733790264
Peve,OG_02258,72.83114174601678,-0.0865137200430173,-0.04397720174044356,0.7469545066037837,0.8672440612997141
Peve,OG_02259,342.8844118829834,-0.9237757084767899,-0.32123636282296686,0.038140969011374766,0.16631820373706524
Peve,OG_02265,384.647982231245,-0.7324990106920373,-0.629756982642067,5.568367025611639e-4,0.013062534139718208
Peve,OG_02260,125.82638196161179,-0.42632139791791895,-0.19823147673789768,0.1796050429714991,0.4054890252956194
Peve,OG_02261,49.36059886406522,0.3058817308878062,0.17566493001336947,0.23457039617819297,0.4697647782430419
Peve,OG_02262,25.830176383070683,0.31734246876126604,0.1020734240707118,0.43985437879866124,0.6554793931314948
Peve,OG_02263,176.2027590611647,0.14837003071763613,0.1020029942453329,0.4388034512899841,0.6549520382639584
Peve,OG_02264,273.08202097856986,0.4008077191628972,0.35288807722697174,0.0038445586869992427,0.04193949151670873
Peve,OG_02267,2202.7561506874204,0.07262801042097349,0.04885460372234912,0.7069144670066542,0.8421331663509811
Peve,OG_02268,103.61816148321401,-0.2920259173419536,-0.16029096437137513,0.26829625810123187,0.5064139455895876
Peve,OG_02271,8.57596901223367,-0.15035614997155108,-0.014261716437791179,0.8478619741442339,NA
Peve,OG_02270,76.58012528923287,0.23159468612384368,0.10579274348062787,0.4443845947157692,0.6584233651046842
Peve,OG_02273,324.82215622043617,0.09873541723532771,0.04980625062591103,0.6730802113774799,0.8211923527023769
Peve,OG_02274,58.54465069062373,0.28847884796593604,0.143046809348096,0.31570073225599543,0.5535116635963575
Peve,OG_02275,364.9587917736489,0.16575085519701957,0.138214253685039,0.20114813194936054,0.43189021115846354
Peve,OG_02276,32.067310394668766,-0.14487694780989088,-0.04141499355110268,0.7118861483786136,0.8440698332059579
Peve,OG_02277,161.15387637774495,-0.12751311600124357,-0.0927366402191771,0.4623827546290565,0.6721636349236428
Peve,OG_02278,61.34159687380515,0.037099863791160426,0.012830867302472921,0.9261634410797213,0.9650544513945174
Peve,OG_02280,58.9355107653221,-2.156832928085551,-1.9039393959271331,7.003780883988747e-6,8.336687933472855e-4
Peve,OG_02279,255.1113292633952,-0.22659059663036007,-0.1346956077978232,0.3355592346692856,0.5707278967873672
Peve,OG_02281,36.52617690836911,0.09109954903436045,0.025751594351374887,0.8306451741614742,0.9162836572201144
Peve,OG_02283,36.3794396809612,-0.12251485205325616,-0.06217818338564634,0.6498031527068462,0.8062215663388851
Peve,OG_02285,27.650053742448456,0.2563907963460297,0.0910729233110309,0.4960095762907041,0.6983945196861876
Peve,OG_02284,4269.90949959608,0.12075435494416295,0.08762282859337511,0.43891398707052764,0.6549520382639584
Peve,OG_02287,155.79516983168097,0.03561977881430635,0.020982862704321585,0.873207460621253,0.9392960230178912
Peve,OG_02286,77.83385486991935,0.36472839241381644,0.2198003926546018,0.14923195841737882,0.3670265055434166
Peve,OG_02288,22.021472367152,0.8850807280958636,0.26368043350398707,0.06355931277333891,NA
Peve,OG_02289,134.566807258574,-0.6736718163338348,-0.2516692268915765,0.10573685453479448,0.30278911523750096
Peve,OG_02290,512.6251711371989,0.41492818057419106,0.337964429615538,0.017255108057845674,0.10278145272872968
Peve,OG_02292,146.14978720057093,-0.1599375894472819,-0.050561262484811936,0.6795548201739107,0.8245666530324965
Peve,OG_02299,41.38131847570189,0.3058167692590122,0.1358216506138543,0.34264704579716115,0.5783474326525033
Peve,OG_02300,71.18992878657193,-0.2534378739979714,-0.1001103073224512,0.449347883489209,0.6619574896900218
Peve,OG_02293,146.7198325557198,0.18620251285474573,0.11980027119513924,0.3788341231197843,0.609881308099433
Peve,OG_02294,47.579695830003374,-1.067077012613046,-0.4891194960999006,0.019854240873456858,0.11184802838227985
Peve,OG_02295,26.095959145114396,-1.3606413066481478,-1.0600702916066842,0.0010963719685900173,0.019289056943923213
Peve,OG_02296,8.311762650603294,0.642174279581356,0.02933509778135538,0.5358645845926736,NA
Peve,OG_02297,144.80692603938186,-0.03874839531716858,-0.026329336789421325,0.8248787820821046,0.9123006042249526
Peve,OG_02298,773.1986116030353,0.3202853732831404,0.20334953690638408,0.16746735761844303,0.38776608827539155
Peve,OG_02309,773.6962815819475,0.034705807621643096,0.01976791736195469,0.8856672614358613,0.9448492195023364
Peve,OG_02310,371.56145027159863,-0.3861739688457937,-0.19878108573161302,0.19619061737489474,0.4253960428974945
Peve,OG_02301,69.18169349947976,-0.12775273286172864,-0.05940174762294515,0.6527326973908952,0.8072502191340638
Peve,OG_02302,70.17884792855273,-0.2923574841286861,-0.16797330627555568,0.25098958203334076,0.48888740371515976
Peve,OG_02303,39.08525983038933,0.035679371815071644,0.014777394851596556,0.9191978431642297,0.9624044505140082
Peve,OG_02304,995.5628790401847,0.0627725837521676,0.02386848016906269,0.8585047024395795,0.9321677342053474
Peve,OG_02305,458.3889362187036,0.38509461963239267,0.19719617450329657,0.19690334681057722,0.42626021483460563
Peve,OG_02306,50.24081300030341,0.01613786743177741,0.006376653256362172,0.9594908830203202,0.9808644051058507
Peve,OG_02307,6.7611586919269,-0.012579722576594548,-0.0010870299066803439,0.9918288630592434,NA
Peve,OG_02308,3498.400787052666,-0.03885663294912793,-0.012379898735212985,0.9170145235377248,0.9611547426270466
Peve,OG_02312,16.589608768166816,-0.4286904043059947,-0.09891766767466986,0.3960230843811964,NA
Peve,OG_02313,52.77483763139376,-0.7112419945606309,-0.3954102340206734,0.03775903261606143,0.16522016684041124
Peve,OG_02314,447.78517942761465,0.14462203227608542,0.11703831258777081,0.30035467444625336,0.5382502728608699
Peve,OG_02315,22.303236993663237,0.17351226592658955,0.025625095141399545,0.7847223600017481,NA
Peve,OG_02316,139.34107838260746,-0.305608461184811,-0.006030220533148803,0.9211282080352957,0.9629287766935469
Peve,OG_02317,908.4770230113653,-0.2347141317608728,-0.047719172748040745,0.6347919505517114,0.7956026553824095
Peve,OG_02318,193.95705312263618,0.19565072778368886,0.09459977825507807,0.46117634537154245,0.6709890955494513
Peve,OG_02319,63.96915918078819,-0.17075603504051315,-0.09284824483680512,0.5064841416074582,0.7037781825920528
Peve,OG_02320,11.156905911860322,0.9494354190554698,0.1189218564854683,0.18643326971337593,NA
Peve,OG_02321,5359.563018392347,0.2811226995441767,0.20114854315797556,0.14786241750506426,0.3649027453018247
Peve,OG_02322,38.31129639002115,0.022018543980447353,0.01170797937429762,0.9345855219444991,0.9693223289548256
Peve,OG_02323,3996.803703076663,0.36910123908610726,0.3159888848319891,0.011521211454188858,0.080752884228958
Peve,OG_02324,409.85104251819274,-0.07617878378923075,-0.036420977249009265,0.7733985881381372,0.8825264873478866
Peve,OG_02325,35.88919092276846,-0.2662579860982069,-0.034010347148644544,0.6969508123082491,0.8362934952886975
Peve,OG_02326,164.94701663168226,-0.34104372398225263,-0.12484382070239539,0.35914130435873554,0.5931036493839725
Peve,OG_02327,204.3658020922944,-0.5086361456192696,-0.3735513832117239,0.02538386506992281,0.12960742902323857
Peve,OG_02328,3037.1910993697443,0.5495255324986305,0.47489519822210047,0.001277631099797897,0.021364453309618944
Peve,OG_02333,6.508114293443292,-0.22446854217874115,-0.016276742828725797,0.8041990928218107,NA
Peve,OG_02332,146.83897382939594,-1.540529397212967,-1.2494013677968585,2.742617353046798e-4,0.008189750453538345
Peve,OG_02335,27.321231623866527,-0.3271624075227373,-0.07226812408959783,0.5001440801881691,0.700256865075073
Peve,OG_02331,7675.858496991899,0.26406998257543285,0.2208744091193568,0.05843620401682713,0.2134070000959679
Peve,OG_02336,149.10932753180737,-0.2390756473253793,-0.16920232226917808,0.2088575465660308,0.44025367729386355
Peve,OG_02337,466.05708361189653,0.09960003719236933,0.06374787429056901,0.6449121099577027,0.8032464725971695
Peve,OG_02346,7.921149477219344,-0.4874994881248883,-0.07415572349817556,0.4148176405127671,NA
Peve,OG_02347,7.851114270425349,0.46091022581019775,0.09369560195424359,0.4086589769869898,NA
Peve,OG_02344,82.68025778795467,0.11378119024041257,0.05295110048516846,0.697555755980986,0.8365791641190085
Peve,OG_02338,730.2093731992119,-0.9459652202068913,-0.38824473752390587,0.0330067074954447,0.1522064756055071
Peve,OG_02339,52.05587780237513,0.35024930818117744,0.12657726894785717,0.3544426229034819,0.5903764992348695
Peve,OG_02340,44.56038952558919,0.9698149293506049,0.6951290496412352,0.0053884389082129395,0.05105612885916191
Peve,OG_02341,113.4256028515767,0.15577474408890524,0.03653135609775349,0.7304422435644451,0.8554202938468782
Peve,OG_02343,60.82741184737634,0.15847509371334279,0.04745960230856049,0.6939613628199528,0.8343746309915404
Peve,OG_02345,21.38294855358026,0.8667441574131635,0.33216708643727083,0.048446435715910514,NA
Peve,OG_02348,9.405991984284038,1.0275008168431696,0.25122012365387547,0.05879342858946342,NA
Peve,OG_02349,132.48024648367706,-0.8713430074252196,-0.43280493630581324,0.029704605189524953,0.14258959189275433
Peve,OG_02350,11.267741295913666,-0.07796876908462858,-0.021814168949117592,0.9146553970044836,NA
Peve,OG_02351,763.0518827819297,-0.15959187789147924,-0.08303415917964682,0.555674788900113,0.7409645618486015
Peve,OG_02352,1507.3397687334177,0.15987874336206734,0.08748768676967925,0.49070901087775404,0.6952573594196312
Peve,OG_02353,101.31083540620583,0.5238918341103822,0.26169917632434786,0.10770209864459054,0.3055702665038996
Peve,OG_02354,859.5150584581185,0.2756228324670725,0.08111298949951073,0.47920130640775266,0.6856607809590846
Peve,OG_02366,44.549355737104165,-0.18063776526970637,-0.08678371342826055,0.5278537041930556,0.7190253742527657
Peve,OG_02355,5178.952907247142,-0.14633226422951526,-0.0976318766587978,0.4607237963304526,0.6708321636936903
Peve,OG_02356,38.021189960511855,-0.43107629677362047,-0.23920556932631762,0.12417720237161553,0.3298402816133079
Peve,OG_02357,52.583129805305745,-0.7567061442955689,-0.2866558934908324,0.06733305050044514,0.2328795853609196
Peve,OG_02358,145.98632068918872,-0.39721104859980033,-0.11671110080664242,0.3568679809815423,0.5918103079060859
Peve,OG_02367,351.9719158838453,0.26146500569138187,0.11879212737561899,0.39350434051044725,0.6198766501467659
Peve,OG_02359,119.02167191015853,0.46571646765235664,0.15725588573004395,0.2405552411505102,0.47634715963153573
Peve,OG_02360,46.348821258060205,0.3991604331621539,0.19411599535849028,0.2003574384006339,0.4307995951837508
Peve,OG_02361,39.73978044162684,-0.3078627377063078,-0.15001546610798905,0.29455929470161923,0.5324994558701792
Peve,OG_02362,80.60113270517267,0.2824182483612329,0.17206230978238282,0.2337972047563088,0.4688014670709063
Peve,OG_02363,106.37837409157459,0.27455121661805226,0.13257393643345425,0.3556247377433818,0.5910011457524177
Peve,OG_02364,124.08739029061903,-0.27538662222513705,-0.10679380329507004,0.43529452653344,0.6528989374151891
Peve,OG_02365,122.04578166704106,0.6383738355723168,0.4597471819999389,0.013861807954854474,0.08989605542472881
Peve,OG_02369,336.5954636989848,0.24901320774806274,0.12210252122394256,0.3917660763189482,0.6188003253986621
Peve,OG_02370,569.3714684519637,0.28084097329026025,0.21060816359131013,0.1202521403846762,0.3237046452513081
Peve,OG_02371,216.12757796594718,0.2738624595078911,0.1874297938444531,0.18421913096073206,0.410946219519431
Peve,OG_02372,282.65209160001666,-0.06917077308236486,-0.040988881121145994,0.755377934358775,0.8705702123971479
Peve,OG_02373,101.38925190551696,-0.3568703579446018,-0.18096023994406557,0.2280904995497795,0.4641008081117041
Peve,OG_02374,245.56733979110342,0.20904167829692968,0.11081833421351342,0.4349083336991715,0.652779649618852
Peve,OG_02375,223.57751615215477,-0.9073142516948496,-0.7696792148829825,3.0218840518751305e-4,0.00857073225648806
Peve,OG_02377,114.07831866421863,-0.8603205189019971,-0.3921466941339558,0.034270948489105835,0.15540243189881445
Peve,OG_02378,400.3836129367505,-0.5831489890138045,-0.49984015733680276,0.001370250681062589,0.022428457618214406
Peve,OG_02379,1768.9117319860452,0.6414714821746237,0.5888034744485549,2.2730486556354293e-5,0.0016491509198695907
Peve,OG_02380,226.06556790985988,0.48236926230983324,0.3844594515422714,0.01097079300332077,0.07840103292617039
Peve,OG_02381,263.40699839204495,0.49314323239402313,0.405042699167251,0.007009544526787332,0.05995766974272664
Peve,OG_02383,6.473106553570868,-1.7730223769764453,-0.1213052738767679,0.05635365069962091,NA
Peve,OG_02395,3446.9122376383916,-0.4373748696604724,-0.16774610845546212,0.2320104497158353,0.46722108818693303
Peve,OG_02399,28.216297643859424,-0.3744380670665806,-0.12069405086820086,0.3614493790218717,0.5953559717597012
Peve,OG_02400,93.81689757567612,-0.6772210309890645,-0.2991472664414359,0.07755934266019483,0.2533649538530721
Peve,OG_02384,60.91086604269061,0.18910472095884354,0.07473216620940222,0.5820090399775708,0.757775571107355
Peve,OG_02385,17.577203272379112,1.5484584683621077,0.19907208900241627,0.030356450657121718,NA
Peve,OG_02386,36.58694804556585,-0.2246390098938242,-0.11116699706496247,0.42995197621145,0.6494321157191615
Peve,OG_02387,147.9853313398008,0.45196100308983567,0.2393860918214543,0.12633686266422778,0.332765955349651
Peve,OG_02388,31.09229356877764,-0.4766535773173628,-0.311311119850915,0.06281569005433119,0.22306226983591218
Peve,OG_02390,150.76752811838207,0.26716338807281886,0.17717987353287495,0.21006656316775502,0.441833276521748
Peve,OG_02391,42.607393211508764,-0.4978533103239255,-0.21171368380120223,0.1672135125091667,0.38776608827539155
Peve,OG_02393,85.90712044960041,0.5373335435869936,0.21727793584079608,0.15277205503732155,0.3695832058667245
Peve,OG_02394,379.55752387156144,-1.0062076170241014,-0.7857128323793892,0.0014066294815195592,0.02275096261192357
Peve,OG_02401,17.002622724180195,1.4370409558427562,0.1252578144905274,0.05877122637555988,NA
Peve,OG_02402,257.2799251646267,-0.026499013272207564,-0.019257521433955736,0.8720933931866597,0.9389259294638499
Peve,OG_02403,964.3758005209053,0.28047474969105457,0.23174971840210487,0.05083672744798344,0.19731660020612807
Peve,OG_02405,19.20220334774337,-0.37038225223845905,-0.05727284205634092,0.5286016079333582,NA
Peve,OG_02404,547.2886154052738,0.07067351944895287,0.04900577334401506,0.7017491589084113,0.8390942424429005
Peve,OG_02406,2661.3627732909117,-0.6629686713080911,-0.45326226248848295,0.018250857286448298,0.10670378419659489
Peve,OG_02409,66.29071257363535,0.6482583547053173,0.3571320270921768,0.04931130671541018,0.19423657422853918
Peve,OG_02410,16.85757817825119,0.8864402727230403,0.23982547048418568,0.08244672208679737,NA
Peve,OG_02413,14.532857334092371,1.1677894058681741,0.1410778793649311,0.0901273952604167,NA
Peve,OG_02411,46.46855903225059,0.33716644671010126,0.13552623365243668,0.32660207753245324,0.5632906105144281
Peve,OG_02412,44.92817074518683,0.5555669475297348,0.301765992641196,0.07671574990219217,0.25243070115934835
Peve,OG_02415,60.806418732997024,0.569264523573803,0.33965523065328507,0.05036964851031177,0.19619127787804502
Peve,OG_02416,125.62168043168052,0.41862204725574137,0.244950967651122,0.11991441991044076,0.3237046452513081
Peve,OG_02408,22.311508486666458,-0.9081321010537116,-0.136837223331766,0.14666841393253863,NA
Peve,OG_02407,403.88153165414,-0.021057219483928406,-0.009517061037012461,0.94730737902517,0.9756100599450783
Peve,OG_02421,23.7405695081192,0.3770824730811905,0.11516781673819003,0.3773647599700829,0.6087541645303995
Peve,OG_02417,289.0597794918666,0.3170838575002594,0.1437890462763467,0.30641159242710936,0.5433527726046833
Peve,OG_02418,33.493856574157135,-0.18065837746889196,-0.06716612048425008,0.6081213869408484,0.7759914113426102
Peve,OG_02419,34.98452831145596,-0.48425963186729026,-0.12314736632310448,0.2917573805171537,0.5299493859751256
Peve,OG_02420,1001.6193050165944,0.28179952868057506,0.18954475410429755,0.1790869721248322,0.40471211914772226
Peve,OG_02422,657.2439300748371,0.07110820532096306,0.02444641273923174,0.8465878603200416,0.9252950243784903
Peve,OG_02423,69.89923997342527,0.3153107592114125,0.17901340492641662,0.2319497736210955,0.46722108818693303
Peve,OG_02424,991.0481092325051,0.5195402893008741,0.20810197983929343,0.16253382749213285,0.3826450159673697
Peve,OG_02427,106.53911661607346,0.04241987512021664,0.02128010091617889,0.8743528316831903,0.9398645226135944
Peve,OG_02428,206.54192661763602,0.3051170294896577,0.229162104524558,0.09134004999773578,0.28009977051253876
Peve,OG_02429,187.807629264424,-0.47891592732381433,-0.38739176489746974,0.010639677567846947,0.07690043995432451
Peve,OG_02430,31.92632915672449,0.7085751245149305,0.3426476639573579,0.05214333156341481,0.19988816132928855
Peve,OG_02432,251.7622827009246,-0.29527524606610334,-0.13435549405768926,0.3397433073520752,0.5750198878933812
Peve,OG_02433,53.4987002107573,0.14069948405783203,0.059892121265649245,0.6608615537288262,0.8125853740435341
Peve,OG_02434,87.98549009900172,-0.6978914409443611,-0.36244255955637966,0.045553970843094385,0.18508274660410295
Peve,OG_02435,286.6719512208245,0.03452870587150869,0.01698728345396185,0.913126926765892,0.9586825975885563
Peve,OG_02436,33.891986663859,0.09009439746557527,0.040811208605101915,0.762047789830736,0.8754147069072393
Peve,OG_02441,38.61724813797824,-0.27354965799911235,-0.11674736543220723,0.40448100267856724,0.6300625331638409
Peve,OG_02437,21.561617510782135,0.09716294381140833,0.012544572793477062,0.86453969028151,NA
Peve,OG_02438,14.412395810460435,-1.273113953925862,-0.44472067384818253,0.017742284412521906,NA
Peve,OG_02439,342.19054424622277,-0.5737879178161379,-0.015586743607988039,0.6342101387298985,0.7953749357637719
Peve,OG_02442,77.44991707354261,0.7194765555667151,0.5644927142663078,0.004679793652837811,0.04725124960108051
Peve,OG_02443,36.59577223178754,1.0803846434230582,0.6236089782977469,0.012411524427999573,0.08495297150120192
Peve,OG_02444,82.24880274109178,0.1462822301127109,0.07206260641545321,0.5976304553031031,0.7703466681047444
Peve,OG_02447,48.08323931648397,-0.17671497423043142,-0.07416740901177139,0.582618007957217,0.7580502108655984
Peve,OG_02448,1097.2913728133124,0.19409431397278687,0.13960811876797125,0.28496889002739445,0.5227288717141081
Peve,OG_02450,8.848445227873029,-0.9300973523423481,-0.10073994902276256,0.21639597844303746,NA
Peve,OG_02451,111.57877210232941,-0.5053549189684678,-0.1499901315396281,0.23459455630934437,0.4697647782430419
Peve,OG_02453,24.585478298364013,0.736341080360272,0.3264081302861725,0.059689962929114423,0.21601811762184975
Peve,OG_02454,2193.502933221754,0.11904074979382948,0.08679878176232092,0.4862596566733277,0.6919500228918068
Peve,OG_02455,27.308671823053015,-0.9485260214592297,-0.1858368410976349,0.10002843133256961,0.2938796582571084
Peve,OG_02456,108.76077216538074,0.3008076521381214,0.22219594448127256,0.10766976640013183,0.3055702665038996
Peve,OG_02457,141.71219653572166,0.11429614763212045,0.08309941271718908,0.5009531674801496,0.7004884783156717
Peve,OG_02459,25.493488972867315,-0.008114796907414044,-0.003957123961873578,0.9819720404798945,0.9917357820994082
Peve,OG_02461,16.472008342852895,0.3977583995054954,0.10560817365024938,0.38995284122530743,NA
Peve,OG_02462,112.83751885478736,-0.5683543758372702,-0.2407044392225473,0.12470149050151218,0.3309852316375351
Peve,OG_02463,187.91350193488887,-0.18771044292927758,-0.09634126302703117,0.4957222260444286,0.6981719205040594
Peve,OG_02466,26.698092173257425,1.137302281226375,0.44177664481238216,0.020111236994358347,0.11236915413353286
Peve,OG_02465,1707.9685749901766,-0.6556909797294733,-0.5776512312936533,2.5214085509855146e-4,0.007794528652639712
Peve,OG_02467,296.59203248230875,-0.6096213073891933,-0.5723532497014078,1.2671471138495664e-6,2.9251899131230294e-4
Peve,OG_02468,108.54001905061013,-0.9059627406445575,-0.08070794527362264,0.23785001066562,0.4726932178865099
Peve,OG_02469,533.205390339594,-1.9733508902229464,-1.6048156197283832,8.475653660060184e-5,0.0038663191366669746
Peve,OG_02470,90.07687268056031,-0.890166841476334,-0.7454565994476426,6.253862311513939e-4,0.014095243517489111
Peve,OG_02471,129.89321311598823,-0.35051984361838423,-0.25182683857723653,0.08314143639662272,0.26387136005511386
Peve,OG_02472,1244.8980420862636,-0.498201776235257,-0.4173167650106497,0.004739330020403528,0.047520907465549
Peve,OG_02473,84.17456325062952,-1.4762657803692327,-1.1108519288780818,0.0011908568371455386,0.020340689204876035
Peve,OG_02474,3297.7828885167364,0.49052732679031774,0.42093295516265666,0.0013935234942533809,0.02268346576756892
Peve,OG_02475,10.478288377083123,-0.6755026613972754,-0.048233397866894366,0.4434121501248356,NA
Peve,OG_02476,658.2758752581309,-0.9035747557902797,-0.736689359743406,0.0011092713115763003,0.019375644695262918
Peve,OG_02478,7.487486506267214,0.3307708481542554,0.05722155369261094,0.5648600986193039,NA
Peve,OG_02479,8.147591630926145,-0.1280974118449905,-0.007422094131726553,0.8971043741565944,NA
Peve,OG_02480,10.645120856483405,0.511834606988396,0.08126131937713144,0.3988730873229399,NA
Peve,OG_02481,797.5080879320211,0.6587413046774045,0.6127699645084261,1.188266146065906e-6,2.828816093978148e-4
Peve,OG_02482,37.173438075637534,0.214267794869109,0.043715752099040446,0.6898098205324279,0.8316975315276914
Peve,OG_02483,210.1572719198481,0.35135345078071195,0.16337703395128822,0.2603899796053378,0.4989370779133958
Peve,OG_02484,100.48139518459656,0.6482452326778357,0.22102113047310892,0.12827875549867795,0.33593247142967636
Peve,OG_02486,36.665784924428465,-1.1484058167200268,-0.74626448420435465,0.009954543257672727,0.07418549882922494
Peve,OG_02487,26.39134128062928,0.44066053248347525,0.20722884222601454,0.17735699558657078,0.4025940382534256
Peve,OG_02491,26.84825458646368,0.9890423479178951,0.6644556703172311,0.007135589320888394,0.06053331786918462
Peve,OG_02492,14.031676306597804,0.6207226499144932,0.08615825663227225,0.3342704262275417,NA
Peve,OG_02488,574.2323398839275,-0.0018943171257000103,-0.0042153162127021426,0.9924504029163859,0.9969600049720454
Peve,OG_02489,25.619079273116636,0.05376099921590264,0.012616204939279282,0.9069889650460095,0.9559272185556863
Peve,OG_02490,932.9204027422347,-0.7969400474077031,-0.2423903133747934,0.08240432331740095,0.2630946811067259
Peve,OG_02493,8.732541717447143,0.9759615820574382,0.058005471691456825,0.3218271566431584,NA
Peve,OG_02494,9.001699302123118,0.2345176485346819,0.02540672378194094,0.7432023013712826,NA
Peve,OG_02495,52.986325929009276,-1.2338551999034593,-0.904597746073064,0.0017880254665471932,0.026094210735932023
Peve,OG_02496,199.63224006075387,-0.43752681913501584,-0.28031572696304063,0.0760936301158829,0.25133592683051265
Peve,OG_02497,16.97884765956814,-0.6994497496835883,-0.09006033031661825,0.29360146127536046,NA
Peve,OG_02498,768.8726083557227,0.40895752159557985,0.30321883176148157,0.03771243870170068,0.16522016684041124
Peve,OG_02499,314.48017987947856,-0.2563312807913812,-0.1242467675474264,0.4034853967642755,0.6290936865637026
Peve,OG_02500,107.18083637114687,0.8699365165207696,0.45157017026803503,0.028492827952735396,0.13987062724552154
Peve,OG_02501,30.47880311097597,0.5480859468181798,0.1950377936023219,0.16057881296692206,0.3795499215581794
Peve,OG_02503,140.8092870766919,-0.2504170839410747,-0.0802791781252802,0.51872141339865,0.7125537143961542
Peve,OG_02502,35421.279510112225,0.21584692188627794,0.17175594098071534,0.15435542745074232,0.37143510638429794
Peve,OG_02504,352.0523517809099,0.38095882846744744,0.09578129517890532,0.4230876159602097,0.6442297538246807
Peve,OG_02505,143.01207581958028,0.3594324055513471,0.17975846689765917,0.22789921184739106,0.4639594323499266
Peve,OG_02506,59.061171981548796,0.40568905941291866,0.2362654414010165,0.1327212711071747,0.34313637714071044
Peve,OG_02507,102.09077203629934,0.3211670587296332,0.14235101431466013,0.32118674420228727,0.5579797022489591
Peve,OG_02508,275.54849725470393,-0.6723560148812266,-0.4338012435370193,0.026880461169302133,0.1346320533778722
Peve,OG_02512,162.75309617824595,0.5843592561577159,0.41212730186787805,0.02239052183019826,0.11951396242143951
Peve,OG_02513,513.2523669155038,-0.7989265658564834,-0.7592878455157175,4.766310537271199e-9,9.077438418232998e-6
Peve,OG_02514,27.77992354010071,-0.530025096863947,-0.20210222459362004,0.1650794249370301,0.3856409258418569
Peve,OG_02511,632.4094853997034,-0.31743438387316797,-0.23065956390358894,0.10245741802412722,0.2976366673518727
Peve,OG_02517,606.3598504922373,-1.1052318458460433,-0.8035687138278211,0.002712988265716748,0.03389265658643378
Peve,OG_02516,683.7309350290055,-0.041171613143832386,-0.024252740194235643,0.8584456505635699,0.9321677342053474
Peve,OG_02519,70.77712437254858,0.09348249294267404,0.052875504033787116,0.6990211161520359,0.8374182831964474
Peve,OG_02520,68.67535577969791,0.09526587084106668,0.04322186940238844,0.7496443231142528,0.8682229417568514
Peve,OG_02521,26.079021366229266,-0.263828723298676,-0.028419972648283328,0.6897948993219178,0.8316975315276914
Peve,OG_02522,93.22716796416535,0.3505221564969736,0.2783947297900682,0.04103583203549997,0.17367276024802156
Peve,OG_02524,396.8223627036822,-0.2399646921393605,-0.08600758911061217,0.5075397332592875,0.704140901105309
Peve,OG_02525,135.63739617424162,-0.24041716941972646,-0.09703438257193611,0.47679533151541964,0.6840043771632028
Peve,OG_02530,82.47847003467689,0.36020369598869084,0.15357425722263565,0.28831080884561866,0.5268293935682233
Peve,OG_02526,54.08639286656909,0.30245353244886053,0.15019692945910862,0.28977237078327633,0.5283411853125544
Peve,OG_02527,249.49026775941562,0.8965233711512494,0.7067953574055927,0.0017931463751382705,0.026118908385857256
Peve,OG_02528,83.61269747506906,0.09761716290934906,0.053564098894003986,0.7008745661242485,0.8387177585269061
Peve,OG_02529,12.544679781939406,-0.9788372924570881,-0.13201044270576642,0.1410053835746272,NA
Peve,OG_02531,166.50932071764942,-1.3396954732450732,-0.2760014912625776,0.020521165272869044,0.11373028490256194
Peve,OG_02532,123.27814493948101,-1.15003848740823,-0.07246082619490617,0.26604409658568606,0.5043236268089735
Peve,OG_02537,18.698703397619372,1.675538626031101,0.12423722643566919,0.048524878610543457,NA
Peve,OG_02533,255.66434163039284,-0.25237946870374844,-0.1622971383035681,0.2544831345418544,0.4923482318864903
Peve,OG_02534,12.934267561539656,-1.4102400192029658,-0.065095621529017,0.160717381148965,NA
Peve,OG_02535,137.0982060981021,-0.37922980992849264,-0.2336647041049925,0.1319088209360058,0.34226205650221125
Peve,OG_02536,17.489547845103672,0.297938603194218,0.029033152661182362,0.706712149213428,NA
Peve,OG_02539,123.8629118318844,-0.1034762949742499,-0.04499991428227604,0.7500805290308807,0.8682229417568514
Peve,OG_02538,169.02705563578294,0.37250773035391366,0.28662351856433277,0.042771318518431786,0.1779529789587184
Peve,OG_02540,1704.843225653501,-1.562528498533336,-1.397573834948962,2.7456970070365826e-6,4.75379995445561e-4
Peve,OG_02543,148.05867882444298,0.2730978910839954,0.13612986443362823,0.35403512173020313,0.589903665210124
Peve,OG_02541,181.91708061691136,-1.1884821790663895,-1.035745491230582,4.03638534728117e-5,0.002459934686047036
Peve,OG_02544,64.86680762024729,0.6114090141828817,0.4276244410560321,0.021557577095563777,0.1169434640215308
Peve,OG_02555,33.02569394653113,0.8239618162287962,0.5380180616884203,0.011994136520627282,0.08298940237433118
Peve,OG_02545,85.56687464787672,0.9365636398276305,0.6382509729710685,0.008397945324018573,0.06685010185827951
Peve,OG_02546,8.776700411446825,1.3744199317314534,0.14265651151317763,0.06493198282448041,NA
Peve,OG_02547,163.23395417007976,-0.27655098530778144,-0.16319182480115604,0.26311606273279525,0.5009792966504459
Peve,OG_02548,240.19109589431048,-0.4326212444134779,-0.1337734582861754,0.3011844367025777,0.538760170899937
Peve,OG_02549,132.2755473121605,-0.16023219707151848,-0.10519275018056023,0.44385520168100884,0.6584233651046842
Peve,OG_02550,401.86956796150224,0.41255501123860083,0.08250992435212423,0.42580083581450867,0.6456624927685429
Peve,OG_02551,152.7126450041269,-0.4170853304511837,-0.2735237117013523,0.08295748543996039,0.26354050211910685
Peve,OG_02552,156.8919609521644,-0.45243550941859906,-0.3306283180641355,0.03643465548850147,0.161277864910752
Peve,OG_02553,253.99155523849933,0.38379674059542207,0.3115851753901988,0.021880336002233318,0.11813210465273806
Peve,OG_02554,101.0598809296071,-4.519988625791733e-4,2.860877470290605e-4,0.9984121727032498,0.9993304338002046
Peve,OG_02563,130.06040994616714,0.2946482822111953,0.17956962639105417,0.2043698048118003,0.4357372440683725
Peve,OG_02564,763.228909085098,0.34429488479164966,0.15775163388439042,0.2514282744518275,0.4890238396829949
Peve,OG_02565,1484.0553476927882,0.47552962862747367,0.4110036078811698,0.003206926403522494,0.03729826769776238
Peve,OG_02566,25.19886337496264,-0.2584638846872371,-0.1163802986407861,0.4077298427367915,0.6333780468941431
Peve,OG_02557,60.38210000255619,-0.3697842630824515,-0.13352542006070717,0.32442802464186776,0.5608106856641136
Peve,OG_02559,14.950174479695336,1.0836968216726692,0.12928445806657474,0.13750039417023427,NA
Peve,OG_02560,7259.164926629671,0.4578849667833384,0.38262813931864403,0.007313187699875146,0.061628168028372635
Peve,OG_02561,169.58114834259405,0.46551762126922014,0.25715336536843086,0.1106385377059674,0.31021140237175554
Peve,OG_02562,3133.7831491404504,-0.23366634936717692,-0.1713318739765334,0.19265936669139416,0.4217468550158163
Peve,OG_02568,85.03165409187291,0.7730432517771215,0.4056714298541102,0.03408479100332383,0.1550079596033285
Peve,OG_02567,557.4581033784789,0.3444211696496117,0.29372061754880746,0.015730012754159462,0.09758244068500553
Peve,OG_02569,20.665454083716234,-0.9930128936758742,-0.6156463365376044,0.013036463060075262,NA
Peve,OG_02570,92.92293911981842,0.29553103026828664,0.14363980995381312,0.31779985960203283,0.555402461676597
Peve,OG_02573,37.824348375972846,0.4969979891550539,0.35309923895858325,0.0354461580075723,0.15894081466886745
Peve,OG_02574,44.1555664302566,-1.0351774736021784,-0.6007169563333707,0.0135518960631197,0.08846473368367255
Peve,OG_02575,221.24345443568708,-1.250802232981405,-1.0428514739463086,3.4370269870219634e-4,0.009187112837590636
Peve,OG_02571,319.7566221164255,-0.19801330507732212,-0.10445869773654283,0.46614420274823054,0.6747395062779677
Peve,OG_02572,139.3440376855358,0.38284871811992044,0.2763208841875679,0.06663350331151834,0.2313646436769128
Peve,OG_02576,914.276124934915,0.6556474221062,0.5721909651192512,6.248645499917694e-4,0.014095243517489111
Peve,OG_02577,304.224698982519,0.2870042642971629,0.13447924538434258,0.34179295945725197,0.5773345377262407
Peve,OG_02578,32.62797456328074,-0.6753373527405235,-0.2119060259982029,0.12306954704034338,0.3282528525198543
Peve,OG_02579,18.259638931858948,-0.8098383280104072,-0.19813229516233588,0.1244038790365427,NA
Peve,OG_02580,475.95777658242224,0.1759507062070038,0.12289572756599096,0.32864012469496007,0.565269918700882
Peve,OG_02581,67.30784412164222,0.15979260266919024,0.07658670668206513,0.5747952604462061,0.7527917511524965
Peve,OG_02582,250.88155284220767,-0.1693474251478383,-0.08589968093780383,0.5314683994873695,0.7219993247359009
Peve,OG_02583,378.9283887720532,-0.6920063940238884,-0.20822789929874125,0.11186533018483834,0.31082088408972997
Peve,OG_02584,22.306846124258943,-0.22395140693999663,-0.08168622821480906,0.5311436976046203,NA
Peve,OG_02589,10.738785467500765,-1.3968936648865284,-0.08732080495686181,0.1478897005517947,NA
Peve,OG_02591,227.32858554703057,0.03503704729722993,0.02762710785687784,0.8141495177220811,0.9052971866890694
Peve,OG_02592,163.82635301123736,0.2977424996661911,0.20303529513877386,0.15492887980983983,0.37184883629217386
Peve,OG_02593,106.54679493129606,0.12266170297844903,0.06859022330499664,0.6177906302890324,0.7837350577088841
Peve,OG_02594,14.813141092165395,0.2515801888871501,0.027958032542854953,0.7283815869148689,NA
Peve,OG_02595,282.60526672792827,0.04437092381840126,0.034814153658750895,0.7879032483784908,0.889353525877514
Peve,OG_02596,364.902925379687,0.8208329693389884,0.755965087203327,3.2052622272259887e-6,5.308192966740779e-4
Peve,OG_02597,21.52140604333167,0.1624657212461109,0.03323171042409515,0.7597806311420108,NA
Peve,OG_02598,525.1145681417455,0.4872945148038784,0.3752032932175392,0.01930323165118736,0.11023389709051373
Peve,OG_02609,261.12707301287855,-0.13322309612104846,-0.06789040763011261,0.6061041207650091,0.7738566784428242
Peve,OG_02599,209.4435190468248,-0.15564608036574723,-0.04578854866085899,0.691826993440958,0.8331858163216396
Peve,OG_02600,62.19112064247431,0.47342579667460005,0.28916547165174733,0.08081492752459507,0.25976713834698956
Peve,OG_02601,18.58198807657038,1.4722430666645836,0.08209291824249164,0.11298296835422096,NA
Peve,OG_02602,287.4904399638268,-0.4351747619907584,-0.3814719590988593,0.0027117365064727194,0.03389265658643378
Peve,OG_02603,37.91167707594209,-0.5932300939906338,-0.3306531914980534,0.06286619760274395,0.22306226983591218
Peve,OG_02604,54.5236185955207,-0.3518347257525464,-0.17759335491951167,0.23139134367368897,0.4670745246704194
Peve,OG_02605,672.6695734394167,-0.24614282281496783,-0.14426352452141242,0.30014047632527563,0.5379929761519882
Peve,OG_02606,200.2589353265304,-0.1258529724188079,-0.05934094412281018,0.655217368226568,0.8089863713371143
Peve,OG_02607,3866.919362248284,0.3326518358129745,0.1469774338794273,0.2990556766686467,0.5373127700145638
Peve,OG_02615,31.775490371960633,-0.002666080216911811,5.458957052688181e-4,0.9953237054180415,0.9976349096860704
Peve,OG_02613,26.82436716878415,-0.33173292800400284,-0.07752210556222648,0.48687057862954963,0.692103016980763
Peve,OG_02614,31.182192055322478,0.2958639722833633,0.13079422657279488,0.3551685223257201,0.5907584722876279
Peve,OG_02611,463.34220159257177,-0.0182063144730007,-0.009476355317336657,0.9322205372174858,0.9684516640560216
Peve,OG_02612,184.2051984588427,0.3607385985798751,0.2117434745302035,0.16437313334070913,0.3849352996586296
Peve,OG_02618,12.419519804115936,0.669373175162973,0.12587870684493918,0.23618585901301747,NA
Peve,OG_02617,23.87057652122209,0.19421763341469608,0.04674642025563362,0.6853036455587509,0.8285420047399722
Peve,OG_02619,12.929602186480263,-1.5800052186692468,-0.4623084423853096,0.013043403330786171,NA
Peve,OG_02616,102.70298906761538,0.2294232731735679,0.15994119538937948,0.25294439204670643,0.4903755879888542
Peve,OG_02620,894.0774949192858,-0.02049339834957373,-0.013320879599328483,0.883125543301355,0.9438299662467626
Peve,OG_02621,50.71394559109116,-0.11337577650079086,-0.04418556938104352,0.7400835164569539,0.8616775528609314
Peve,OG_02622,344.69653686674536,-0.9259919934436311,-0.4428113125746364,0.025519969426757393,0.12995396196058676
Peve,OG_02623,143.76660354841613,0.5331639851476259,0.14442948522910307,0.22433939948728612,0.46065162945933846
Peve,OG_02624,11.564212082694112,-0.4073924308330579,-0.052868519991631474,0.5485511959845408,NA
Peve,OG_02626,28.24442891637353,-0.4011633517489192,-0.07145552230313505,0.45249251974090415,0.6646910943667967
Peve,OG_02625,180.7744474924576,-0.03864343658719897,-0.02834539107614795,0.8061852873394311,0.9005925830788502
Peve,OG_02634,48.77077399468956,0.3241007711245436,0.1403596917080227,0.31831964735691354,0.5558621664887784
Peve,OG_02635,32.479085442708964,1.292255287154642,0.08397544752931164,0.194396422543019,0.42387405870383704
Peve,OG_02636,22.67004487506249,0.2518297287254523,0.05181599403921537,0.633627105760719,0.7950866894556345
Peve,OG_02637,423.1263488755204,0.4016646349375615,0.14187052716357357,0.28608850745246794,0.5240255469518876
Peve,OG_02638,37.2662574781795,0.4933603523112231,0.16929560911959016,0.2146589105141239,0.44777425528384335
Peve,OG_02627,149.62770403470032,-0.1837090948962806,-0.07970625407515934,0.554868663886674,0.7402478258346872
Peve,OG_02628,37.400757049820996,-0.11786176865723023,-0.05200051907409975,0.7040563047347899,0.8408059146370324
Peve,OG_02629,6.422065801485692,0.6562842412541694,0.0743837612103708,0.3789519604779562,NA
Peve,OG_02630,333.45868673742507,0.4189997192825475,0.2852340285939996,0.07061692366706837,0.23882062443054614
Peve,OG_02631,231.2459366537642,-0.2986393460010503,-0.20822402484076527,0.14237124229063738,0.35674079591248775
Peve,OG_02632,46.69558023024962,-0.3847326195125999,-0.1327669278503432,0.3197821971326947,0.5569503378502213
Peve,OG_02633,1561.4435438419519,-0.7126293979366419,-0.2329377388748847,0.10921272491358233,0.3080990519435027
Peve,OG_02639,419.8356821188291,0.36974142568520796,0.28080993191828935,0.04849960314079003,0.1920322124358308
Peve,OG_02640,62.28539195886893,0.6856538535030886,0.21367584523311148,0.12268119884138681,0.32769473098656543
Peve,OG_02641,40.92231003520782,-1.0392484658042178,-0.7316132071390793,0.005801037776134249,0.05329327406118553
Peve,OG_02642,63.470375156888444,0.1441334213017991,0.0719257608782306,0.6019588342705211,0.7725288128574715
Peve,OG_02643,52.18921840696402,-0.12745301496979983,-0.035004567447692106,0.7677089283511079,0.8785348679853898
Peve,OG_02644,432.371693729286,0.519050334738937,0.3996131106372365,0.015219387099916737,0.09550353453638032
Peve,OG_02645,299.22228174428994,-0.5608512267700689,-0.33502743856334416,0.05651746595152963,0.2088021608238374
Peve,OG_02646,80.43945364394962,0.8576134679400613,0.6871395652465286,0.001873316494703935,0.02692627369180109
Peve,OG_02647,10.598967018576209,-1.03518688104575,-0.045153091166005015,0.2939844194678609,NA
Peve,OG_02648,33.85973388066163,0.3620017454154006,0.16441295414070575,0.2594085349617129,0.49777688144542287
Peve,OG_02649,345.005282260976,-0.3739577875448821,-0.25257385685805317,0.09605063579364594,0.28727955243830455
Peve,OG_02650,2523.285480390263,-0.18710455110139101,-0.06561761804592886,0.6228343296237124,0.7860755339750565
Peve,OG_02651,7.643174949021758,-1.0546205452248014,-0.04647313454588309,0.30216449225015546,NA
Peve,OG_02658,47.24950215069235,0.08020425289268064,0.026237641529538402,0.8296385235925104,0.915438336142489
Peve,OG_02652,59.054605425219684,0.52549751988213,0.21712878537737235,0.1494989822395933,0.3670265055434166
Peve,OG_02654,370.75903591106766,0.15329863383881484,0.08881973418439564,0.5038372016177477,0.7022012078163193
Peve,OG_02655,68.7599879174482,0.36188634138140696,0.22522325981306607,0.1397864867459695,0.3536677037631337
Peve,OG_02656,10.543157154759484,0.849497899797773,0.0789721658993256,0.25646920209242896,NA
Peve,OG_02657,150.61096895566098,0.32318158563059046,0.23725167771570468,0.09283783753162833,0.28221813500237214
Peve,OG_02660,30.64572140904733,0.29515198828252825,0.0990502001346967,0.45367218896391404,0.6650781090672447
Peve,OG_02661,74.11567067443326,0.08292922139398816,0.030985074733533475,0.8153448096843794,0.9057768122107989
Peve,OG_02662,46.417715937239194,0.9183214648049015,0.6372493189163196,0.008024525509837482,0.06549831726721454
Peve,OG_02663,63.06494307816231,-0.17430525162058338,-0.08864961306170444,0.5208075631091857,0.714738248201365
Peve,OG_02669,64.84642626287302,0.13384595549005607,0.05742258637791503,0.6714887897325135,0.8197758974651103
Peve,OG_02664,253.83774835638212,0.1414130103511782,0.06250965149660768,0.6506423462413564,0.8065669612724401
Peve,OG_02666,439.4866750880525,-0.17352031067789186,-0.06830678048656594,0.604354439696988,0.7735168215073344
Peve,OG_02667,29.459661182309684,0.43786229595793397,0.27943729169596937,0.0835972753278849,0.2645652840731164
Peve,OG_02668,517.4225588857784,-0.8323296735330368,-0.5987314937040181,0.007100870529514908,0.06037324965830867
Peve,OG_02674,385.6613603204769,-0.11925132771751186,-0.04538796814647005,0.7134454023619882,0.8454911654421503
Peve,OG_02671,22.908609942272264,-1.0993213050983355,-0.6424071939976733,0.012666201701376,0.08531407305319146
Peve,OG_02672,19.45721037788987,0.5578478348060264,0.1546876103981293,0.2258236260416575,NA
Peve,OG_02673,133.59172804705267,-0.8839754466281602,-0.753466729750529,3.063731586106912e-4,0.008615651918555747
Peve,OG_02676,47.846461069903505,-0.47383001726954643,-0.03298807086804283,0.5761682419826084,0.7540315648536549
Peve,OG_02678,12.733068702465273,0.15909555366507191,0.036482586993546284,0.7453107963456087,NA
Peve,OG_02675,517.9783320671258,0.17588474608103072,0.12716227138000827,0.3042997142928337,0.5418766705030675
Peve,OG_02682,67.68417560844178,-0.3461986143124102,-0.21069053267174584,0.16302782959578385,0.3830456101780532
Peve,OG_02679,47.60340768534621,0.49092244324653367,0.18293172409859834,0.19954946741313342,0.4297905537912967
Peve,OG_02680,20.4338075187735,0.10991705040324173,0.01764715662408534,0.8545764890274694,NA
Peve,OG_02681,9.70243267578904,-1.3489397626692803,-0.15460022102799964,0.07469709376214813,NA
Peve,OG_02683,446.36863941915095,-0.29228032607546267,-0.17769611345427558,0.22070570635558215,0.4555231836946152
Peve,OG_02684,433.224586489164,-0.1902299861444614,-0.12124720597600028,0.37566769740479855,0.6074796261578763
Peve,OG_02685,1113.8827650538217,0.2630052247630159,0.19211563590347766,0.15551582559733126,0.3725974435655422
Peve,OG_02686,70.19556669957018,-0.23683227267857465,-0.11059592158455918,0.4275522293141724,0.6475333763251223
Peve,OG_02687,78.33161098844555,0.46147671315419486,0.2676816520882551,0.09726195887812034,0.28943031356778154
Peve,OG_02691,11.425804133891946,1.4824677608993713,0.11104790181122641,0.08874718038563345,NA
Peve,OG_02688,419.85252361750855,0.13265406920889722,0.06827656363955527,0.6180772529253182,0.7839232826293328
Peve,OG_02689,9.648465664375914,0.2618423912890312,0.012372119762825338,0.8000855255671081,NA
Peve,OG_02690,45.44539088351028,-0.915438333344352,-0.38195177348049036,0.032063852795764194,0.1492189768288142
Peve,OG_02692,406.18565655748813,-1.2655825589152634,-0.8801599333792433,0.0027139039797485697,0.03389265658643378
Peve,OG_02694,303.21801996378446,-0.2866332935585798,-0.01229064757739361,0.8497482980504457,0.9272858522487174
Peve,OG_02695,45.99200966285721,-1.1650251929352788,-0.7276139624413057,0.007033667338062905,0.06000277467117941
Peve,OG_02696,229.3258973931884,0.03792928437417438,0.027140061721474713,0.8424706529876141,0.9229136373971303
Peve,OG_02697,619.0285748744041,0.06940628837177223,0.05134914857913978,0.6717644077975526,0.8199809739788104
Peve,OG_02698,28.986335756128824,-0.463291666109807,-0.1786695600373964,0.21020980546996443,0.4419157296647107
Peve,OG_02699,33.91437088030916,-1.5632415234465848,-0.9826189122059117,0.004029827355400273,0.04329932975097219
Peve,OG_02701,203.08309044671418,-0.0730861458900171,-0.04950970280425513,0.7148481279487202,0.8461499591526707
Peve,OG_02702,801.0628029033003,-0.009198714494920808,-0.002971392131824304,0.9784056145957961,0.9896363451522986
Peve,OG_02703,1107.3237872006378,0.42255599958171164,0.24257071558921622,0.13197776465127,0.342324348353209
Peve,OG_02704,127.28149667043306,-0.4444572516310401,-0.1896667918789726,0.18993900433040528,0.41832719273616903
Peve,OG_02705,45.36899144361598,0.04728073081871428,0.0235331498205229,0.8710574330004979,0.9388392083471694
Peve,OG_02706,193.513733332609,-0.30884912309578366,-0.15062282418929085,0.29035464245848386,0.528810341906417
Peve,OG_02707,226.49048689629944,0.2940829522912629,0.2341009214193492,0.08289650019353834,0.26354050211910685
Peve,OG_02708,270.1518316021595,-0.24242204272181372,-0.15124114001395683,0.28368459303516036,0.5219579942021251
Peve,OG_02709,78.32888179685442,0.4977054908938709,0.25148131321809303,0.11163700941905921,0.31082088408972997
Peve,OG_02710,441.98518269721353,-0.08512390136575838,-0.0696619009895906,0.5318661827961166,0.7222587286298068
Peve,OG_02712,241.2103258368796,0.45822320174694536,0.3480590697517133,0.024745158642463058,0.12780245324629394
Peve,OG_02714,266.89004237995516,-0.3381602451905885,-0.21688154157855724,0.1486157682159317,0.3660378022208108
Peve,OG_02716,75.79139173512549,0.9256272391283067,0.7634066134771029,6.838236162465367e-4,0.014558588608833262
Peve,OG_02717,45.535854963248255,-1.1475315685266603,-0.7835847540288987,0.006001946819624509,0.05449681867926044
Peve,OG_02718,56.99585675842318,0.23321853948010512,0.11035981129393459,0.4390880858226414,0.6549520382639584
Peve,OG_02719,131.22383466074047,0.3348704078580029,0.23943300652917757,0.09873909175954193,0.29222781702571504
Peve,OG_02720,530.0945020308485,0.009063170549921609,0.0063144533302047536,0.9623512653967992,0.9825597272432927
Peve,OG_02721,359.0381847845074,-0.028883491645586935,-0.013695122698073714,0.9250809795618271,0.9649824595785292
Peve,OG_02722,27.29537128079501,0.3505600670263668,0.1237466508223128,0.35772619817183027,0.5922288677110696
Peve,OG_02723,43.88957183670548,-0.04287928476533258,-0.014996324745102478,0.9059056115881718,0.9554862304260795
Peve,OG_02724,71.76746055987408,-0.4965388693887726,-0.3405694073626361,0.04275200908656596,0.1779529789587184
Peve,OG_02726,867.8515295603348,-0.5339666004801671,-0.276975645375301,0.09101129131314564,0.2798786778762523
Peve,OG_02727,42.0799007396849,-0.14922247046468853,-0.04241498759967235,0.7149846290647599,0.8461632599371354
Peve,OG_02728,69.49576400620838,-0.04757822903540917,-0.030631294702884983,0.8786054110973982,0.9416869421226216
Peve,OG_02730,1009.6687864971998,-0.12319624553163994,-0.08354029147786783,0.5313758596131828,0.7219993247359009
Peve,OG_02729,3973.9392400461206,-0.04563378774878171,-0.02393525077524285,0.8567988041760372,0.9313733745469859
Peve,OG_02731,46.44552432673484,0.7676807009579979,0.3698316439572717,0.04644402881451835,0.1869047076117278
Peve,OG_02732,313.14083062128407,0.0473423724819858,0.027404278951054826,0.839372956609262,0.9209863599275961
Peve,OG_02733,41.040339416811115,-0.2786242130233519,-0.09063759947407632,0.47740237245691114,0.6840043771632028
Peve,OG_02734,6638.475727211896,0.42609751293559067,0.3095486603413715,0.046833775599536685,0.18807575251305772
Peve,OG_02739,40.2013849741422,0.9411801982963863,0.6699112375332684,0.005711860450557976,0.05299994264598132
Peve,OG_02738,113.02008294693293,-0.19316146438774864,-0.12443708815713908,0.3641030320613013,0.5972732339024533
Peve,OG_02735,307.0450782753196,-0.03487459782039968,-0.027470563865954006,0.8349724677965134,0.9185300013969442
Peve,OG_02736,21.35857199158679,0.34497606677427034,0.12462748387859063,0.3594009217624176,NA
Peve,OG_02737,3422.211629090176,0.16189297766815797,0.13922799516093753,0.16902973372520289,0.39043920907173907
Peve,OG_02740,51.82547597822422,-0.5770385049140601,-0.18751412915231427,0.1801607751113468,0.40587709273903805
Peve,OG_02741,546.7936304736616,-0.9507340026141351,-0.66215578455926,0.0064874586667903675,0.057451422985801956
Peve,OG_02742,40.39134585836206,0.21018685040319351,0.11583469845563975,0.41516231135207987,0.6384147129350312
Peve,OG_02743,123.48242654890355,0.20742761210144178,0.11021036213587389,0.44444841016472225,0.6584233651046842
Peve,OG_02744,37.514456969542515,-0.3927019374256661,-0.16496597209351363,0.2444847525887356,0.4812002239852054
Peve,OG_02748,86.87105193579339,-0.154151209002302,-0.08099390706509545,0.5564020825715397,0.7412444521909595
Peve,OG_02749,24.786163444916124,0.029623485515382252,0.014133554044388458,0.9247046930664021,0.9647220421500755
Peve,OG_02750,57.428851102516234,0.3821096789834209,0.09853013421084524,0.4034131515845546,0.6290936865637026
Peve,OG_02755,25.53599547355938,-0.19124530113683974,-0.04322316264430528,0.705769717883088,0.8420699936485848
Peve,OG_02754,287.60685916977303,0.5863379875980376,0.4462657472000229,0.011839288635623592,0.08229169783410632
Peve,OG_02751,97.2977711241729,0.27845419027742846,0.19497341257829062,0.1556989990644896,0.37287487421354354
Peve,OG_02752,418.6324002830132,0.775508629323972,0.6940523937854739,4.9870001107789535e-5,0.002752968611877831
Peve,OG_02753,10.155197171867004,2.9058068377945165,2.4073960833352626,5.042004701879994e-5,NA
Peve,OG_02756,216.21864174062395,-0.3760737920280116,-0.2980396484334617,0.031913859443544634,0.14901072940639384
Peve,OG_02757,187.8257106496418,-0.36329504550202596,-0.21546119958353496,0.15668906302028215,0.3740699724501753
Peve,OG_02758,353.9347721854788,0.13521186317553205,0.08838891722183836,0.4983265019590786,0.6994905148740506
Peve,OG_02763,17.27209337046772,-0.2792709572183006,-0.05847142569658318,0.5880497923370351,NA
Peve,OG_02764,22.327468657327167,-0.06403984165941566,-0.017408574514751217,0.8820552920581758,NA
Peve,OG_02765,100.10347897744313,-0.6354756191689782,-0.40184720643238137,0.028495564910087874,0.13987062724552154
Peve,OG_02766,22.81214033268161,0.3994230209687868,0.08377878680609603,0.4419089194028634,0.6573837430210923
Peve,OG_02759,158.59089164677204,-0.4816516972152786,-0.3602551201487931,0.02375344306738839,0.12419610795289275
Peve,OG_02760,38.32734753331149,-0.5176734891612744,-0.28936327866318157,0.08316554679605255,0.26387136005511386
Peve,OG_02761,442.638627062259,-0.23879631559612347,-0.12457517156424797,0.3941699279169543,0.6204104361304459
Peve,OG_02762,8508.306284076025,0.3450499917304436,0.3022801340799105,0.008309772219550676,0.06663562607214427
Peve,OG_02767,895.3953987959779,0.007230927707368356,0.0038572303348812726,0.9764318803312008,0.9886307900535735
Peve,OG_02768,55.575097303194084,-0.1450365091191085,-0.04071862339354283,0.7259656988386067,0.8524033619480467
Peve,OG_02770,52.91447554250821,-0.0712902211013105,-0.029273535950007534,0.8324312414879962,0.917165680532745
Peve,OG_02771,112.63633982161463,-0.3182193605762339,-0.19451212738417611,0.18347629955385641,0.4097691146295157
Peve,OG_02775,241.5481580035812,-0.12321853002386221,-0.06283540911676262,0.6265100014898353,0.7893327265275539
Peve,OG_02776,19.58599441368992,0.7552334462254484,0.2475180452177537,0.0972227118373912,NA
Peve,OG_02777,33.237312005175006,0.7157701007362878,0.5122958571004315,0.011586824953610747,0.08105457529532294
Peve,OG_02778,35.95092930844199,0.28508755179273704,0.1370304311797823,0.34549976627413,0.5811475423882363
Peve,OG_02779,17.83954852867792,-0.8243748703438716,-0.0700934621406224,0.2974486734047311,NA
Peve,OG_02780,11.785012726685697,-0.3976585601243695,-0.055335341787267595,0.5521594300647481,NA
Peve,OG_02781,125.63729070455365,-0.5027403175442544,-0.2847147322884816,0.08744367380745156,0.27267536105819323
Peve,OG_02782,192.2382037039586,0.4837300699154655,0.3428376318218721,0.03881105903762241,0.16770428119603373
Peve,OG_02783,141.23137043485335,0.19601282656713104,0.1396033882079786,0.2889407143551253,0.5274743258944032
Peve,OG_02784,231.66198427849204,0.0770075852960816,0.0422436048515517,0.7471199449250696,0.8672440612997141
Peve,OG_02788,26.801162036224092,-0.6773428388009893,-0.3084481954383132,0.06958356789527151,0.2371756690050015
Peve,OG_02786,185.83174274595217,-0.3277655685004438,-0.15064532095438735,0.29529106268098154,0.533442569481555
Peve,OG_02787,78.37482232631616,0.2965691867020486,0.15685059953166589,0.2815206140394103,0.5192794280271738
Peve,OG_02785,371.45030983477295,0.9533191284992774,0.7591793169494117,0.001207261106627944,0.02050464339348602
Peve,OG_02789,47.6595406921455,-0.5392658835944626,-0.2672582805416922,0.1023296915831174,0.29763082566056953
Peve,OG_02790,329.6779555848463,-0.12670714611142736,-0.08473425023103677,0.5178881760314185,0.7118859843030216
Peve,OG_02791,320.6859701978105,-0.6874139176123404,-0.08942404486647249,0.290922506063518,0.5291899835701719
Peve,OG_02792,156.3229436969697,0.19743203351448557,0.11879243455790435,0.397768029924864,0.6236256126708405
Peve,OG_02793,140.20085660985384,-0.8654844798987358,-0.7617426911218513,8.114838584156584e-5,0.0037694414837868818
Peve,OG_02794,292.70335964623985,0.2065316553086315,0.15286613214826517,0.22966971759490099,0.4656970744311833
Peve,OG_02796,71.28636781580731,0.1436459790945046,0.08589643752383368,0.5423389092491093,0.7305227198214392
Peve,OG_02795,933.9952329470505,0.1665093974956535,0.0882903285191786,0.55174567449579,0.7367569760401277
Peve,OG_02797,56.95931924869109,-0.39710996900944223,-0.2252833433163962,0.1425836581342234,0.35674079591248775
Peve,OG_02798,38.3024063438106,-0.2871601016104105,-0.05973788111023663,0.5748411662497466,0.7527917511524965
Peve,OG_02799,19.728698098873764,-0.690707865053629,-0.16965869523386717,0.18227893548400406,NA
Peve,OG_02811,55.66833439783318,0.1630432171524812,0.06536869262550792,0.6293549705648651,0.7912900092033573
Peve,OG_02808,130.53363100716768,0.2084508426387333,0.10961692372093533,0.4253545674817733,0.64559221628026
Peve,OG_02809,30.44286349685356,-0.7651373892702633,-0.16756241515370204,0.16308488690105136,0.3830456101780532
Peve,OG_02810,4.871948444083077,1.473426103630906,0.11499052367333545,0.11453948438763256,NA
Peve,OG_02800,1178.6096246314044,-0.18046934212467994,-0.15082886232936552,0.16376010528674703,0.383853686792135
Peve,OG_02801,87.429536817366,0.43852564808388944,0.28051407113677795,0.07788291956561672,0.25383236750608584
Peve,OG_02803,552.8075164735014,-0.6094915545273404,-0.4413094170847064,0.015380409503008032,0.0961970111608499
Peve,OG_02804,21.420053535217935,-0.9035323584000039,-0.11663299161654843,0.19087064940727333,NA
Peve,OG_02805,5633.700291036471,-1.1737990251932289,-0.21019849688135306,0.046312722434388685,0.18647479889279758
Peve,OG_02806,183.89977732451996,-1.1522144938380658,-0.9403526094500313,4.3802323409297835e-4,0.01079890290394922
Peve,OG_02807,164.7744970389126,-0.8976629836208534,-0.32245618076741545,0.0427072239293873,0.1779529789587184
Peve,OG_02834,92.9976335730648,-0.7926097714265158,-0.507601488059753,0.015842569499316422,0.09782018350195106
Peve,OG_02835,176.85914918163425,0.48599188788436803,0.404474175702352,0.005162582438985771,0.04995134704825642
Peve,OG_02836,91.44285309089565,0.3146984090223523,0.08448767550442716,0.47475680003690374,0.6821383068051928
Peve,OG_02837,98.17396760268896,0.18402475842249838,0.0965403371903374,0.48059781060441337,0.6865168050223929
Peve,OG_02838,10.25356046775087,0.6544887641571324,0.08023175641832597,0.35664811415687897,NA
Peve,OG_02814,31.879525795334068,-0.4205911221023833,-0.24749261375556178,0.11917461819862094,0.32205471494753257
Peve,OG_02815,202.5498693599941,-0.5842972843969471,-0.422241863829074,0.01904114154616755,0.10914654955187328
Peve,OG_02816,1778.8530809091433,0.5704406366644561,0.2835207688336338,0.08721675613132347,0.2723021509050911
Peve,OG_02817,8.005962827960763,0.39383774410040745,0.04909001963625235,0.575990739939497,NA
Peve,OG_02818,52.382915912488635,-0.38576225086486854,-0.16287537396062107,0.2520917438109181,0.4894074679795041
Peve,OG_02819,32.42686954769568,0.6441002919879881,0.1822198206085194,0.16744700651854416,0.38776608827539155
Peve,OG_02820,65.50885125062325,0.2987824867242729,0.18920274761594005,0.19595215009229344,0.42518955704981637
Peve,OG_02821,155.47802357756757,0.30126890917764676,0.12519723677628222,0.3708195516070991,0.6025335461924985
Peve,OG_02822,2206.6355140671453,-0.03761817833969477,-0.017503904717795185,0.8932889296422957,0.9482606519573622
Peve,OG_02823,83.0555805644695,-0.6152875257944216,-0.26239056703340485,0.10113108556150249,0.29585891313653073
Peve,OG_02824,70.40550507148407,0.3894641030880211,0.22260484346716042,0.15204479528723341,0.368878105254186
Peve,OG_02825,44.75926234574151,-0.661476933312133,-0.17669146456182713,0.16121011337629776,0.3806877382829003
Peve,OG_02826,610.803638059993,0.6421371932654313,0.09736896582137582,0.3004939805877679,0.5383128598693222
Peve,OG_02827,71.38441074259161,0.07492784238093415,0.03798187351170462,0.7711267941351582,0.8806869668021737
Peve,OG_02828,280.18639720572065,-2.1045835179246697,-1.755441768009976,6.578491750446577e-5,0.0032384993010624243
Peve,OG_02829,541.5255255172913,-0.5143978023817365,-0.39782864621503067,0.014646893153883195,0.09356085788645416
Peve,OG_02830,105.90338761463822,0.5402956508185142,0.25332055572206447,0.11704723960060925,0.3185658704099468
Peve,OG_02831,52.84286389758319,0.5621166955270279,0.3154163564171599,0.06493042984037728,0.22704717678403083
Peve,OG_02832,257.54597606819345,0.10339401685172907,0.05885135261284392,0.6509285479001,0.8065669612724401
Peve,OG_02833,164.96415144532597,0.8238191352266881,0.24483165890886496,0.08415479983747187,0.26590264005054365
Peve,OG_02839,902.2511133088092,0.19549498758457237,0.16309581700809475,0.17180268339598342,0.39421471147909687
Peve,OG_02840,78.5981029920628,0.07839502852862984,0.018400327876656335,0.8718001767883832,0.9389259294638499
Peve,OG_02841,242.380601673113,0.19496993624702705,0.1363666842207195,0.2940344728453797,0.5319293788022091
Peve,OG_02842,71.8003702605982,0.13788328946462974,0.06474472795769665,0.6388826571022532,0.7981318599220999
Peve,OG_02843,32.845513575998304,0.5730102419226113,0.19972285889953242,0.1666251994340199,0.38686489320648537
Peve,OG_02844,34.12571274645085,0.15576753269329074,0.05106192766070206,0.6911261611219868,0.8326742203743943
Peve,OG_02845,142.68442419260484,-0.09120754055955663,-0.048190769728099284,0.7325742114866991,0.8563373243985997
Peve,OG_02846,158.9358827746606,0.410625467771437,0.2987197396480575,0.053855390972958335,0.20358249322045271
Peve,OG_02847,367.39379378219576,-0.49098187719198483,-0.3235179888164931,0.052507591844304986,0.2011075086324361
Peve,OG_02848,131.024219897662,-0.3382896921035497,-0.22645372544251652,0.13209142257398726,0.3423860010781337
Peve,OG_02849,2011.5934822172828,-0.94641419367004,-0.6672681796666774,0.005568485097676945,0.05214647907543871
Peve,OG_02850,176.490688324643,-1.0335212295429563,-0.9217385035984148,1.9326247281727946e-5,0.0015023199162469743
Peve,OG_02851,20.7234128833675,0.19793270521289325,0.059996701928626606,0.6354069016018962,NA
Peve,OG_02852,155.09088386985283,0.22900783335081495,0.15325440325818848,0.2661303465177308,0.5043236268089735
Peve,OG_02853,31.80177791737878,0.35200786968635767,0.027634183980541276,0.6595053069690278,0.8119119955543074
Peve,OG_02857,152.1895953257858,-0.10234402616382064,-0.05106463200927092,0.7044195623305349,0.8411078723877766
Peve,OG_02858,170.43762880715275,-0.6016285536444698,-0.425339460840124,0.01971718523327396,0.11159399487896066
Peve,OG_02854,146.51407054394954,0.6009304755880807,0.5044685177187986,0.0022479583261168358,0.030282640160353626
Peve,OG_02855,1097.31895969435,-0.2934775144657603,-0.1762706462470932,0.22634882346423288,0.4628810959647326
Peve,OG_02863,14.158952466298441,0.11441993686721673,0.016244992756747203,0.8644878688234061,NA
Peve,OG_02864,8.947243310880957,0.09729632462471173,0.012023807055032358,0.8865779726681382,NA
Peve,OG_02865,26.04894323456266,1.2795084886880912,0.813310418874128,0.005951510641856146,0.054278646317574016
Peve,OG_02859,28.997881838937037,0.06431143901486111,0.013693878864838673,0.9042577680454877,0.9544811852078189
Peve,OG_02861,284.98210474676654,-0.279611592382702,-0.187703063028138,0.21319004135544678,0.44560260375132243
Peve,OG_02862,29.092031506019506,-1.5026937465253376,-1.223711350721062,3.07851059927574e-4,0.008615651918555747
Peve,OG_02871,83.87531940214359,-0.6515641593775782,-0.48320088111517956,0.009785038156808635,0.07358580521082743
Peve,OG_02867,65.17012221181058,-0.20248621501180128,-0.11444799270976673,0.4087655895703125,0.6342110511907619
Peve,OG_02868,333.0016074536911,0.001091660569982121,8.823488565069862e-4,0.9961717497244138,0.9978746074162504
Peve,OG_02869,11.749964991895283,-0.659607408697669,-0.0797126378007202,0.35874366743437874,NA
Peve,OG_02870,51.55598078573932,-0.7518595688574577,-0.4637134208128282,0.02315679970438732,0.12208200702285303
Peve,OG_02874,17.021712037326605,0.6931145831521979,0.11111681952428697,0.2562085251762856,NA
Peve,OG_02875,40.96523550265591,0.3534999248443625,0.13227870249962992,0.3429794131127932,0.5785039337106698
Peve,OG_02876,12.800601306457638,-0.5568954020530476,-0.11201269522119536,0.3096592923973021,NA
Peve,OG_02872,1045.66508505987,0.3726426793052965,0.225536542018264,0.14631635410665825,0.362130599605108
Peve,OG_02877,458.85582566849564,-0.13186890995299003,-0.0968909818601186,0.4339868845678127,0.6524791960997824
Peve,OG_02878,5.7059028536847345,1.2634702531025648,0.04705815591619414,0.2630553251338936,NA
Peve,OG_02879,21.798488839036533,0.1877123926170233,0.030065512719813427,0.7179142746467564,NA
Peve,OG_02880,5.514217124845097,-0.9180896549836781,-0.06804472234970872,0.2874733055676763,NA
Peve,OG_02881,15.376124178653233,0.9656622349305527,0.1162160244808041,0.18324089805889784,NA
Peve,OG_02882,180.09833567808087,-0.5964719379332387,-0.4061903460009081,0.026200628557705958,0.13253412241208765
Peve,OG_02883,505.4483174397073,-0.16642203495026545,-0.08643160518372706,0.5257268621450724,0.7176110438668987
Peve,OG_02884,424.545035468635,0.1581904816514913,0.0768125291452288,0.582245042889364,0.7578327763835123
Peve,OG_02885,5.739874650499188,-1.129781978781668,-0.1326364576942194,0.14995236363593142,NA
Peve,OG_02892,148.45751080987785,0.3968704790450549,0.3061307707221377,0.035587181144400175,0.15920278527798729
Peve,OG_02887,34.37594164927797,0.3376675477265535,0.1337234817851717,0.3378217004163131,0.5733121629961225
Peve,OG_02889,336.28126043578135,-0.21950075129215701,-0.08805241302840967,0.5087060869753668,0.7045181966274402
Peve,OG_02890,155.04438367422472,0.3785512188324815,0.2924263025515395,0.04023516736375915,0.17142701620644138
Peve,OG_02891,151.25805933449317,0.09608986601544645,0.042261563703344454,0.7761527299566802,0.8834653300195122
Peve,OG_02893,220.79706348280936,-1.0421814937379006,-0.848176157599164,8.83125385528995e-4,0.017125510767780867
Peve,OG_02894,73.32480420615111,-0.17849409744272557,-0.12130061241933766,0.35671093535101023,0.5918103079060859
Peve,OG_02896,52.56825692063908,-0.25177462689089813,-0.017986419362418994,0.7688996915553604,0.8791701374184192
Peve,OG_02897,11.785762923111836,-0.5585614122284054,-0.037859646872767945,0.525518219455946,NA
Peve,OG_02898,7.537147420838196,0.1992724741937983,0.01703924110229369,0.8103794290690176,NA
Peve,OG_02895,179.13268941613978,0.2467788986531677,0.10377055972378685,0.44878174618959715,0.6616642814926168
Peve,OG_02899,252.70967260802612,-0.166229458766029,-0.11299683123568065,0.40815047862674575,0.6336187783145456
Peve,OG_02900,35.68241247248556,-0.3230641591741722,-0.17792822624043447,0.22829189417270798,0.4643865553558583
Peve,OG_02901,30.93187975578686,0.7175248037355001,0.36565157402692694,0.04798511618289592,0.19068889675602563
Peve,OG_02902,146.773935326699,0.12219048383785779,0.048788298901245475,0.7051713868690744,0.8417417150060497
Peve,OG_02904,202.80189292307514,-0.09405523844353555,-0.04918719994760326,0.7200563508505061,0.849657571372236
Peve,OG_02903,103.48346032015341,0.06400488415176064,0.023704358540072617,0.8588778528648886,0.9321727893643073
Peve,OG_02905,2659.908004201659,-1.0001539232350347,-0.33803821641378445,0.03774868751905487,0.16522016684041124
Peve,OG_02906,421.04499886760465,-0.3212162827254404,-0.16766050575364402,0.25461769498517167,0.49242894145647065
Peve,OG_02907,507.0610850875339,-0.8033720144859784,-0.5864135869351795,0.006790612016899631,0.05878509357356975
Peve,OG_02908,106.84104446088435,0.4022458100924161,0.1734951603754044,0.23220169401467478,0.46734808586625953
Peve,OG_02909,255.71991314294687,-0.065654943504420707,-0.04583806977070626,0.7366007348435171,0.8593299231298489
Peve,OG_02910,1258.9214762930696,-0.876459960157705,-0.6009421142020689,0.007785053306191071,0.06425410193560518
Peve,OG_02922,106.37711924298564,-0.34805439738127814,-0.19511445299490934,0.19051247321727266,0.41897344716200435
Peve,OG_02923,622.37429770646,-0.7823788268078538,-0.31680610686924027,0.052039302911717246,0.1998162346680756
Peve,OG_02911,18.566390950302544,0.14144985979182,0.038081783977723195,0.7493605832842247,NA
Peve,OG_02912,24.174537397640485,0.730931237174547,0.21081969164300418,0.12032868909077078,0.32379510896979574
Peve,OG_02913,107.7179494019208,0.3197101385219849,0.210187104453226,0.15711486047778545,0.3745883662878646
Peve,OG_02915,138.64256870635475,0.989847077198873,0.6068351844198708,0.009637264776794163,0.07290633869872686
Peve,OG_02916,419.44961831276714,-0.00880822091232642,-9.622034749538242e-4,0.9798942962610167,0.9904252021913791
Peve,OG_02917,58.37934798403869,0.32670304353044244,0.22635531836643633,0.11861606706857743,0.3211148539191268
Peve,OG_02918,947.4951372147815,-0.021812405652272947,-0.01590015380355556,0.892821283406938,0.9481205913683847
Peve,OG_02920,12.767141133017363,0.8074289925858331,0.07197055710498851,0.339229197354073,NA
Peve,OG_02921,14.732041913841211,0.6289530208864513,0.08311918325172095,0.3588302538990652,NA
Peve,OG_02927,383.2181875581374,-0.6868803134125557,-0.10758352346494801,0.25785589969492007,0.4956715225525867
Peve,OG_02928,124.37621608206854,-0.3709184285837061,-0.2177878995212677,0.15254115644354022,0.36925914514994895
Peve,OG_02931,45.19908623612058,0.2966364220497634,0.11015186931964978,0.41660590241572576,0.6395672579182252
Peve,OG_02932,188.40244985153768,0.1072029539664302,0.04434424757714903,0.7314459523834683,0.8558948319941333
Peve,OG_02929,740.8604222556588,-1.609140249100139,-1.3479187134715276,1.0506846020321374e-4,0.0044715727923356555
Peve,OG_02930,2371.2873580884598,-0.2799179444302256,-0.16406886444243,0.25195023091379287,0.4892899049164279
Peve,OG_02935,64.26810413703474,0.5722453770872925,0.2553666437469085,0.10374023168072428,0.29935344126657487
Peve,OG_02936,634.1030910273345,-0.642120116930663,-0.2720152616748719,0.08169142520647442,0.2618805606048934
Peve,OG_02937,202.72063995443486,-0.17736833079310887,-0.11840964192522319,0.3863547065710278,0.615778039265888
Peve,OG_02934,72.08251754543872,0.1934148113720613,0.05418280547917677,0.6580868653233227,0.8110719118108872
Peve,OG_02938,24.269463638320858,0.13293401250713838,0.04934027409668043,0.7039247731593433,0.8408059146370324
Peve,OG_02939,143.2005223797397,-0.25297683087926987,-0.14111756534713388,0.32232329844381313,0.558948073650118
Peve,OG_02942,111.5988160269204,0.14915530737522947,0.08574349891532546,0.5302952908588143,0.7210047342071119
Peve,OG_02940,710.7070878484122,-0.22647437019840588,-0.16907014110569243,0.20465886058157537,0.43610942654837515
Peve,OG_02941,56.984472006073034,0.7465175414127629,0.2829811541464052,0.07667978968354083,0.25243070115934835
Peve,OG_02943,27.794891011119727,0.15252631750480164,0.06371364124168226,0.6373426948362149,0.7974787655579514
Peve,OG_02944,67.7911467420524,-1.2381180837113728,-0.1025671364328225,0.13394453925713112,0.34543403600805567
Peve,OG_02945,56.385950325882646,-0.7567841807026465,-0.27983422320371293,0.06861047947334666,0.23533301784239297
Peve,OG_02947,7.288797248447449,0.1470745258251417,0.020178501837127556,0.8268914061661861,NA
Peve,OG_02958,57.15598220300014,-0.4264301824126444,-0.20438357698902437,0.17868360101302666,0.40416023530796824
Peve,OG_02961,43.50564475589314,0.19757258675600306,0.07561025850155752,0.5692872161959374,0.749279546126581
Peve,OG_02948,370.5964694323641,-1.4099688955417211,-0.6930121158009953,0.0053255735309809945,0.050712773948766526
Peve,OG_02949,11.490352991784428,-0.9231343935753181,-0.02605208397128014,0.41762258601913,NA
Peve,OG_02950,31.321249672194664,-0.05001892609731958,-0.011576128248930236,0.9170212861900701,0.9611547426270466
Peve,OG_02951,12.139028704866794,0.28799153186961474,0.044004353858751795,0.6479040136698543,NA
Peve,OG_02952,89.10027924182923,-0.3400558477368368,-0.10665988041065741,0.40073765860022836,0.626733624146282
Peve,OG_02953,340.55721460901435,-0.5888291640030094,-0.2697041625537727,0.09207107830930483,0.281001148989424
Peve,OG_02954,251.8773181821361,0.3795038543250516,0.20289462542292186,0.18719344763516593,0.41454641979206225
Peve,OG_02955,36.027528709160244,-0.3602627778972483,-0.11344422971020356,0.38635757023188483,0.615778039265888
Peve,OG_02956,343.47098947911326,0.4664522129624979,0.3648704618342192,0.016835197633948907,0.10107978438642887
Peve,OG_02957,19.31429209318735,0.19570807918463948,0.043232635568164486,0.6957525945917478,NA
Peve,OG_02959,57.199638025098395,-0.04165542658997265,-0.019199773540800453,0.8870071351472651,0.945135154195151
Peve,OG_02960,68.11202712046999,0.8581610438789751,0.6915637486451083,0.0019593928671987463,0.027848236683432927
Peve,OG_02962,1012.0448725518972,0.3123179788965712,0.2746939237189089,0.010512857858643752,0.07646441686832993
Peve,OG_02963,45.60774458760442,0.011786933881884084,0.006708529448232101,0.9646323159868866,0.983640001663379
Peve,OG_02964,28.306085848661766,-0.0035073299008865047,3.10061099632668e-5,0.993781273889704,0.9973159984839634
Peve,OG_02965,44.03801327197388,0.32186260337254075,0.1696288179819286,0.2556065403146114,0.4933922799757776
Peve,OG_02966,725.6773859524419,0.4886200638847387,0.3226570336399437,0.05368943396778684,0.2034611542773141
Peve,OG_02975,173.9807110486006,0.8626131859387601,0.08590741310925352,0.27805845446451194,0.5153541855824217
Peve,OG_02976,620.1449151025178,0.6565848530703688,0.26923928359241545,0.09214240879175391,0.281001148989424
Peve,OG_02977,107.83693101987795,0.28825782857274557,0.12962399945130332,0.35077395944373563,0.5862953513413681
Peve,OG_02969,921.561891577596,0.38223552510522724,0.2904391727144362,0.04165293992359918,0.1749617410621809
Peve,OG_02971,42.955762990806555,0.49630512460354437,0.25883439301845507,0.11221953700726217,0.31098160528240204
Peve,OG_02972,4756.0893081943295,-0.7575795757173582,-0.5029220790062116,0.013891692301320268,0.08994192520419358
Peve,OG_02973,113.54963719326578,0.30011612766994966,0.1948023292856414,0.18251920926655898,0.40834987847067444
Peve,OG_02974,222.29303030112303,-0.07606251685287169,-0.03868440954685026,0.7811430529262572,0.8854324466277732
Peve,OG_02978,88.27140617673426,0.7560496687665951,0.565958235962696,0.006563183208816872,0.057734791783795536
Peve,OG_02979,53.710428281027504,0.4029737456597588,0.22052263587686965,0.15484144967201993,0.371756118374235
Peve,OG_02980,95.26304876093975,0.36828339680308897,0.21106494887717067,0.1708457768989246,0.3930683709680766
Peve,OG_02981,15.480454763920585,0.04547615985424978,0.006745726657477395,0.9425896605595592,NA
Peve,OG_02982,89.74941070072414,0.3371101679821253,0.1725233899895567,0.24671218942954984,0.4839717731631925
Peve,OG_02983,43.80925825254319,-0.33753421403250566,-0.10224023241727498,0.41512056111456785,0.6384147129350312
Peve,OG_02985,137.88550531348247,0.8478038466724375,0.5590068272064248,0.011517395851985582,0.080752884228958
Peve,OG_02986,72.19678805874061,0.22539020616612965,0.0887682520405444,0.5115667513134315,0.7062550763874087
Peve,OG_02987,62.31617298065198,0.6073472001855552,0.3911841448217683,0.033732352068590626,0.15433817300812216
Peve,OG_02988,98.19610628400281,0.3484618781403697,0.20942981453146667,0.1633937885220887,0.3835851713285891
Peve,OG_02989,208.59350633438788,0.354129361523633,0.2330559771249484,0.11783677967184512,0.3199146783820799
Peve,OG_02990,275.8489108978182,-0.7831722673287712,-0.19194234956975847,0.11132196248295213,0.31082088408972997
Peve,OG_02991,35.42510142346062,-0.5294316600315498,-0.1150299466517682,0.31413439905634183,0.5520643275609984
Peve,OG_02992,161.2747682239679,-1.4712785458162738,-1.305814703717021,8.743445888776023e-6,9.79523099716114e-4
Peve,OG_02993,146.2822291223963,0.25573832518955936,0.06368196789550695,0.5854269492460129,0.7606656147631121
Peve,OG_02994,907.2122883697325,0.1344812588596296,0.09802319190168271,0.3625813915381948,0.5962764857161253
Peve,OG_02995,477.9420340058917,-0.19912464401045799,-0.11911075391602215,0.39114417118793765,0.618532205846118
Peve,OG_02997,529.3317162899363,0.23723574864438532,0.1809608130897519,0.15907852027425143,0.37740895903121996
Peve,OG_03002,230.846973115413,0.7977236329444772,0.5543426280196798,0.00947945417714581,0.07228676869018696
Peve,OG_03003,42.96911124244725,0.7475645476647353,0.22654259029673912,0.0977868377523629,0.29042500194834325
Peve,OG_03004,228.4089422357883,-0.0868862432126715,-0.05549583597509107,0.6646728155488615,0.814981089465834
Peve,OG_03005,69.24453616996313,-0.15210429720120622,-0.06808512270177482,0.6174864640342639,0.783561314590723
Peve,OG_03006,230.11691155781568,0.21010535986094384,0.12985304433782324,0.33602622736954707,0.5712670832629345
Peve,OG_03007,252.37792841896177,-0.39361999962893857,-0.15273016421702823,0.26589442658814894,0.5042528607788196
Peve,OG_02998,1898.8508546019978,-0.7371853067370752,-0.18723032309969523,0.12714068321934138,0.33410062944634106
Peve,OG_02999,365.6554491825544,0.2965894130143777,0.2182476983573199,0.11124690307264098,0.31082088408972997
Peve,OG_03000,22.35531945486645,0.6794599933508425,0.06716016430108891,0.38994540076248185,NA
Peve,OG_03001,27.412990152225593,-0.8648406673765293,-0.34247254187469733,0.04719838175181159,0.1890416783308626
Peve,OG_03008,410.52606772204143,-0.7280102659066757,-0.634684104567547,3.1289773374086263e-4,0.008657897928520111
Peve,OG_03009,8.755372427247401,-0.8480086957161058,-0.03776450146850525,0.40348858323492265,NA
Peve,OG_03010,168.41656493786493,-0.7213700097067051,-0.598970681192045,0.0014780376293446397,0.02352743112165569
Peve,OG_03018,363.4421854210345,-0.1616090836030413,-0.09756641171686022,0.46978816399468887,0.6771216395754803
Peve,OG_03019,78.16662393195419,0.7095857946027228,0.5439361831867068,0.006078054505133115,0.05489035288553409
Peve,OG_03014,62.937288767860295,-0.9240206897016858,-0.4840661493869508,0.023721352729847062,0.12419610795289275
Peve,OG_03015,202.54844392088597,0.06978713680365468,0.0452643494771777,0.7463150049591828,0.8670775823972936
Peve,OG_03016,16.300085940408234,-0.3199998903442277,-0.05344745967446835,0.5992057998401877,NA
Peve,OG_03017,276.23693538289626,0.29126156223425853,0.12642916182442168,0.35135935469644647,0.587114622521941
Peve,OG_03020,86.29182929946303,0.3163751434498699,0.12726271222717084,0.36817478768229756,0.6009761158268144
Peve,OG_03021,444.9699860246419,0.04416998660822856,0.030706166051952023,0.809524522320084,0.9027451876352457
Peve,OG_03023,49.14573415955319,-0.09091766408262393,-0.040417803531106515,0.7671628801103619,0.8781450405305424
Peve,OG_03039,225.74242533976374,-0.51809218396737,-0.1983245373028481,0.16629457470503117,0.38637480401172225
Peve,OG_03040,109.14324517611323,0.28152197291348774,0.16268708174686328,0.26469759170853824,0.5029257845517187
Peve,OG_03041,111.74526360529578,0.6770167612626622,0.4007642982488657,0.0331658682344346,0.15275549226718424
Peve,OG_03042,21.15264455411486,-0.24403011300367353,-0.045112494684701486,0.6491145473708296,NA
Peve,OG_03024,450.731625836561,0.25681770165853995,0.16081152448574954,0.251802077670717,0.4892191348369095
Peve,OG_03025,367.1852532954843,-1.0466369598742702,-0.8847852895489269,2.969510920045361e-4,0.008540201174937055
Peve,OG_03026,270.7610974814078,-0.0241829587557869,-0.020066231844520343,0.8811651796636215,0.9424001598592543
Peve,OG_03028,13.548796313876176,-0.29147496808154916,-0.030317207315592856,0.6968837674545569,NA
Peve,OG_03029,31.768078617187605,0.15027062440699118,0.031881983870567045,0.7615267641057792,0.8752126982110865
Peve,OG_03030,263.33211028841737,0.5067486245003567,0.38887400301419084,0.016630200980635543,0.1002148241710867
Peve,OG_03031,40.11358207352964,0.26579175343736317,0.11178255046072344,0.4234672730649399,0.6445501870546878
Peve,OG_03032,211.0728360006203,0.5149681051400181,0.33138846384951126,0.05587937763751572,0.2072630586483001
Peve,OG_03033,42.57505319276983,-0.4266360856569852,-0.21609136197727566,0.15965698672243947,0.3779574036207408
Peve,OG_03034,18.392206499360462,0.02775770930945158,0.004872883055298104,0.9617945354792967,NA
Peve,OG_03035,79.57854818526356,-0.18664122302710925,-0.061118386446212265,0.6208178466500492,0.7846851124882477
Peve,OG_03036,26.19369270218034,-0.4602766083714494,-0.0987745793437728,0.3658665783552322,0.598223516014886
Peve,OG_03037,78.97278679747315,-0.4245262216640525,-0.27171599402485375,0.09242737552583749,0.2814195630518905
Peve,OG_03038,69.55335898028582,0.73070797814702,0.22133908795066634,0.11524629649577231,0.31524103651877683
Peve,OG_03043,11.912937055069582,-0.48664950913311744,-0.1907755862018326,0.19490692144835325,NA
Peve,OG_03045,87.12891255065296,0.17741351311727907,0.09566961491316281,0.49102787793076197,0.6954174333661544
Peve,OG_03046,27.855700834129067,-1.0315519219147957,-0.33797871696285386,0.035960737917797275,0.16027599542552162
Peve,OG_03047,436.1181709678406,0.4253190455742677,0.22922246382548414,0.13509985292018578,0.34723032373345997
Peve,OG_03052,71.08864570261282,0.3481380664000249,0.1460233021247832,0.30092940343446656,0.538760170899937
Peve,OG_03048,142.20615111321385,0.5692322160847266,0.3805353968215633,0.03135330595692454,0.14744237174055952
Peve,OG_03049,123.67675253371901,0.07146750967400489,0.02796090039940844,0.8319939066633801,0.9169747657641247
Peve,OG_03050,8.200761067854932,-2.119250467948599,-0.07598179541145161,0.07455395437486385,NA
Peve,OG_03051,181.50726004328791,-0.4432739316352699,-0.1911398448455164,0.1934393889725914,0.42280993266336286
Peve,OG_03053,7.449847186727864,-0.6646228130682024,-0.10635149159876402,0.2948955815230997,NA
Peve,OG_03054,475.9896813309248,-0.2525549458329033,-0.15835150524594427,0.26108434624331456,0.49968063172223326
Peve,OG_03055,213.5524718939506,-0.3007407297768718,-0.1354866809369137,0.33555044737585954,0.5707278967873672
Peve,OG_03056,72.54162993041446,0.5900512549852083,0.4573576600007686,0.010375943249180442,0.07593077394068838
Peve,OG_03059,72.43598510692773,0.5057512943358943,0.3588593143872736,0.03563203183415068,0.15920278527798729
Peve,OG_03060,8.811557841869233,1.630210150565616,0.09955151648513791,0.07308524512520144,NA
Peve,OG_03057,44.19928356842215,0.35964922408754463,0.15665138406522786,0.2746821869561218,0.5127624446796126
Peve,OG_03058,48.46602403001577,-0.6363237542905593,-0.4102737246179263,0.028584931031720905,0.14012870308857775
Peve,OG_03061,17.91598713182745,1.6133923150714276,0.18182713332216796,0.03324885900492365,NA
Peve,OG_03062,68.76211222299885,0.2618443890922661,0.10889870850021677,0.4254290784299607,0.64559221628026
Peve,OG_03063,30.35791999317531,-0.14860946743578224,-0.04466367384285859,0.7189101090062351,0.8488214059008008
Peve,OG_03064,544.999006839473,-0.4943633006338898,-0.31291402461903345,0.05887023032814747,0.2141436166143768
Peve,OG_03066,2756.688861626413,-0.062172224752884614,-0.046293637088576395,0.6920287678654631,0.8332345746165793
Peve,OG_03067,11.876072142780743,-1.688656929071649,-0.9452327748813084,0.006075853956446806,NA
Peve,OG_03068,495.26998278558216,-1.2347680345202836,-0.6863660641447882,0.006788954323635296,0.05878509357356975
Peve,OG_03069,167.53780925827948,0.07824205486390279,0.051152476671191736,0.6942459327271135,0.8345850584685421
Peve,OG_03070,440.689566052103,-0.5934375555583815,-0.21014345917450147,0.1481224490544916,0.3652951819025953
Peve,OG_03071,348.8424868819672,-1.11077713685759,-0.7914441985502342,0.0028008516308830112,0.034634230392646424
Peve,OG_03072,44.33292208987553,1.4809086003619685,0.9406978655265305,0.004125811743610496,0.0438972539983586
Peve,OG_03094,638.6871737031739,-0.11328398580556452,-0.05884328180701288,0.6735039653097463,0.8215777754571093
Peve,OG_03095,83.89280195077828,0.28000897973687283,0.17692335879116852,0.22255389919256652,0.4580966236284711
Peve,OG_03096,17.47361662084174,-3.3452089293389045,-0.04269389859577531,0.06219041703537538,NA
Peve,OG_03093,53.97707226106129,-0.8568749242946765,-0.5624494724344052,0.013310871941250853,0.08779413198999914
Peve,OG_03097,36.07840976547854,-0.20133862709263237,-0.07625791710940379,0.56288326367648,0.7459005438996129
Peve,OG_03099,78.3014482425203,-1.3373353026262709,-0.8275645064097968,0.006063575462174057,0.05486023500099995
Peve,OG_03098,68.41790903840031,0.2925239898167773,0.13349633394225655,0.3557836169459088,0.5911362254948601
Peve,OG_03100,403.1485944639799,-0.38349022806420774,-0.2531029281646938,0.097581992628963,0.29004277013165825
Peve,OG_03101,80.65354324109508,0.0495010662192831,0.020949017897857088,0.8637758716398342,0.9346938338284455
Peve,OG_03103,132.0244165241126,-0.5122354115586597,-0.1976216836796121,0.17107370784318235,0.39319634915828927
Peve,OG_03089,11.61624980238397,-0.13207271184386823,-0.017081836431394302,0.8425096855870001,NA
Peve,OG_03074,12.092016135857643,0.35518909669548454,0.07782794881229953,0.49285026320825276,NA
Peve,OG_03075,8.572757519243353,-0.8292134200488455,-0.06213854335772879,0.33732831828411497,NA
Peve,OG_03076,334.89019826196744,0.3609833958923896,0.262342938999373,0.07420531752290228,0.24793688986380244
Peve,OG_03077,109.13351223715051,0.12780703165109858,0.07121234433725973,0.6061981463408119,0.7738566784428242
Peve,OG_03078,421.51587230904187,-0.16700439494146635,-0.12994973744540883,0.28519942259918774,0.5230258067791556
Peve,OG_03079,39.724940342319414,-0.2580230361097196,-0.04971812828454032,0.6201229443132726,0.7846851124882477
Peve,OG_03080,306.15666683158406,-0.38557955863876675,-0.13497221891173652,0.30258602430882764,0.5405008698047435
Peve,OG_03081,761.7048180350836,-0.12993847076267334,-0.09351602041718657,0.44849644281768614,0.6615574377457318
Peve,OG_03082,534.0939151595294,1.2033856758602481,0.9463251351293632,6.98907727591359e-4,0.014680565177103689
Peve,OG_03083,242.45311049600025,0.9473083844536452,0.23679638296484515,0.05873888126554459,0.21410181697651612
Peve,OG_03084,2286.8029994856834,3.33449919899038,2.845219613455113,2.447244280258164e-6,4.438834982620641e-4
Peve,OG_03085,2213.200470948092,1.972280932033408,1.6923732239034373,1.813620884531996e-5,0.0014668739027717704
Peve,OG_03086,3444.861926164317,-0.4827437919832979,-0.1518683561452146,0.24102452766414734,0.4767917039069006
Peve,OG_03087,251.50445579937318,0.10743662967185118,0.03186706750941519,0.7888111026741194,0.8898508781536268
Peve,OG_03088,12.597067367042655,-0.10475326972503542,-0.029669144636653107,0.8024698630206281,NA
Peve,OG_03090,56.00462464367454,0.9120229621883716,0.7389630770655448,9.609749670224628e-4,0.017856372668642557
Peve,OG_03092,98.96765934163531,0.7261780195705387,0.531526037995339,0.008814684263499815,0.06873107954896786
Peve,OG_03108,15.836768820337026,1.1690932083090657,0.11250716911971578,0.15093935414290297,NA
Peve,OG_03110,40.24186745745595,0.7601270212252644,0.31705477140669147,0.05813705094108586,0.21278018100490606
Peve,OG_03112,68.88091738267136,-0.34649536413571025,-0.21494215266909894,0.15805386566862517,0.37614943725822764
Peve,OG_03113,434.8371246415355,-0.29617257074671366,-0.23636998360871148,0.06522836130804281,0.22773128159700742
Peve,OG_03114,860.4793596841611,0.39976973769210394,0.34714370725781707,0.004113835835270245,0.0438972539983586
Peve,OG_03116,1844.4194183840707,1.4600039778875185,0.04918020787108189,0.18018854392798986,0.40587709273903805
Peve,OG_03115,185.24853446481777,-0.05947519054411088,-0.034124109305717264,0.7924184496884745,0.892202741609045
Peve,OG_03117,529.441048189105,-0.3234392139491321,-0.25424342485789864,0.05955937154816661,0.21575049569849417
Peve,OG_03118,10.428427504753932,0.39406309106440396,0.0278376848314478,0.6217728066038218,NA
Peve,OG_03119,7.9008341044364006,-0.27186346613358187,-0.013451393688499019,0.8117515985591954,NA
Peve,OG_03120,85.47571369180733,0.5911371200848861,0.17905707952919225,0.18889464782818982,0.4173432213327002
Peve,OG_03121,37.444922798760274,0.0046626712303457765,0.0014247992106509936,0.9871748856763366,0.9948800475039465
Peve,OG_03122,28.37675534258699,-1.1986349269526548,-0.08259679241044703,0.16746266407495183,0.38776608827539155
Peve,OG_03123,511.98195406244776,0.16754783445874427,0.11331230148221406,0.39652389361440626,0.6226257732894557
Peve,OG_03124,7.865214874935689,0.1358878393718699,0.044476607625339386,0.7322219652178767,NA
Peve,OG_03130,24.785945838487546,-0.2921762232125874,-0.0922816256269439,0.46534414707687205,0.6743374001201468
Peve,OG_03132,43.53609398814207,-0.030540052936430424,-0.007987297319029134,0.9222677410785161,0.963234939887049
Peve,OG_03125,81.50295886001396,-1.089404948882276,-0.37800282123472806,0.02430737829079039,0.12614005982237136
Peve,OG_03126,41.03378570402773,0.21811953767621187,0.06887543875199982,0.5872327706518417,0.7623630310035495
Peve,OG_03127,62.54503625429919,0.3312657123416618,0.17478732268543948,0.23521096708959666,0.47003074396679956
Peve,OG_03129,35.326851042928425,0.5218756279325966,0.13958558096638785,0.2596127885843079,0.4979813416976416
Peve,OG_03133,6.937113543501644,-0.37380656370030135,-0.03784936100567142,0.6142125038534164,NA
Peve,OG_03134,9.591650996672543,-0.5534156778869715,-0.06326536413486343,0.4978877611253485,NA
Peve,OG_03136,136.39811728628288,-0.38974261199261895,-0.252527569007234,0.10548443586829441,0.3027101742796402
Peve,OG_03135,56.7709942728492,0.6071726302487702,0.4757743474084001,0.00796934660714608,0.0651400026322305
Peve,OG_03137,58.441670863698484,0.5221477267346614,0.188668313916823,0.18736110667481717,0.41479712602405033
Peve,OG_03138,714.1153466624547,-1.0085804109679692,-0.752798681053494,0.0028114232029313175,0.03465602258888475
Peve,OG_03139,6887.593146397658,0.0016359628360643824,0.0015176350016637146,0.9893209076383915,0.9960542988441965
Peve,OG_03140,35.28336659391303,0.8397272039662255,0.39667434069906987,0.0396757023205362,0.17008975817548946
Peve,OG_03142,316.52336352706897,0.5277621854289312,0.3417002124384137,0.05319838722502997,0.202127338593655
Peve,OG_03143,187.21285790359752,-0.019101877986292093,-0.009301696880186859,0.9505095866495764,0.9773224498713016
Peve,OG_03144,316.28199127753624,-0.382125025548499,-0.23796813959111054,0.12657345751544957,0.33295462684830623
Peve,OG_03145,3083.2262729685303,-0.48318597475407027,-0.36708547511818895,0.02097966569061128,0.1152293390274526
Peve,OG_03146,13.090190939762968,-0.9689544283664495,-0.15808336276036217,0.12575724663138502,NA
Peve,OG_03147,52.228011218290995,-0.8324414178268301,-0.33071926732006707,0.04866135696679129,0.19257258045351483
Peve,OG_03148,161.35071033971644,0.05601721438176235,0.03586167127670045,0.7884857874249356,0.8897359569345544
Peve,OG_03149,22.294976017445993,-0.8840195798045911,-0.20705621537544958,0.1020266717140216,NA
Peve,OG_03152,87.03166303552413,0.11078528421238021,0.06296692358569878,0.6385247009376145,0.7981046477105047
Peve,OG_03153,24.417805523460935,-0.3856446628983808,-0.194955073289906,0.19463264076477052,0.42387405870383704
Peve,OG_03154,137.6462502627368,0.12330393715190373,0.07653131151991914,0.5713298167095724,0.7509330493575744
Peve,OG_03155,76.24886546862122,-0.01942412598064437,-0.007995214720798751,0.9497130536247876,0.977020468206983
Peve,OG_03156,60.22347917255637,0.2577271460107274,0.16023258121278885,0.2575086285776755,0.49537897285473026
Peve,OG_03157,21.3107456251597,0.3697103512045614,0.07037201457696275,0.5081112721063097,NA
Peve,OG_03158,120.28869353149618,0.10217306068657074,0.028712519897057327,0.8201747369566261,0.9095259133795244
Peve,OG_03162,221.1366332545824,0.696143725800903,0.5252290741598372,0.007196324651479432,0.060845284345139077
Peve,OG_03159,86.02937174504598,0.08940503732650167,0.04611387308189385,0.7311056995939695,0.8558170524205582
Peve,OG_03160,7.755254211337911,-0.18973861800633215,-0.03109571635057756,0.7499894308402345,NA
Peve,OG_03161,503.27517452285736,-0.11244295824938656,-0.08351618444141475,0.49652201609613966,0.6983945196861876
Peve,OG_03163,84.18587402025211,0.398064358988031,0.1333401573878328,0.31072183471379583,0.5481887301643578
Peve,OG_03165,59.788881245334686,0.3783464354928824,0.1862042070554531,0.21387537664833237,0.44662900748547035
Peve,OG_03175,33.66915764058459,0.4383000010644496,0.2488384096677514,0.1190877623139815,0.32193419918662564
Peve,OG_03176,8.372122115980076,0.31146815784420184,0.022140908524513867,0.6855333535658921,NA
Peve,OG_03177,386.33644248808196,0.7263544403011618,0.3246260615396589,0.053819610416882824,0.20358249322045271
Peve,OG_03178,151.650698014022,-0.18752950370235766,-0.06308399710140718,0.5885884690037095,0.7633585426853581
Peve,OG_03180,9.437508621758507,0.13523724345785965,0.011480472313569903,0.8729315915394584,NA
Peve,OG_03170,7.681016776687603,-3.1484380496890583,-0.11084887697497268,0.004703235557478525,NA
Peve,OG_03166,43.422308370876614,0.8846541147294859,0.583733206856032,0.010730520662064928,0.07741013863978279
Peve,OG_03167,116.70524730733,0.20465807836802524,0.12711922442286674,0.3626344130116578,0.5962764857161253
Peve,OG_03168,81.14104592178055,0.21145037045303347,0.09449479701745754,0.4992546175578045,0.6997522830458456
Peve,OG_03169,85.7083040615385,0.22962148335254953,0.12476324300276385,0.38169842664358555,0.6115974828252689
Peve,OG_03171,39.803116996645464,0.006215845431496399,-0.00675211132648266,0.9919500434972043,0.9969600049720454
Peve,OG_03172,235.76760794420002,0.13792105927123516,0.11000801538844572,0.3545222369116871,0.5903764992348695
Peve,OG_03173,28.962073426873452,-0.31480983592622225,-0.10080524958816786,0.4247213389984339,0.6451731332435372
Peve,OG_03181,19.736857313242737,-0.34520541295457274,-0.04512781019075582,0.5922073596506388,NA
Peve,OG_03183,58.55325403788927,1.3787794518840828,0.2587777750685535,0.03446245516499314,0.15589963387584188
Peve,OG_03185,81.3843741958229,-0.21565777081133874,-0.14019273707414295,0.31014843243480295,0.5476844595012352
Peve,OG_03184,217.94850871985383,0.37816789569422393,0.2502528756177848,0.09505976247828085,0.2856598115650864
Peve,OG_03186,317.5432494953658,0.11415671187829897,0.07282509506561047,0.5891123310120551,0.7635008059969097
Peve,OG_03190,34.64329874232037,0.5278642539866788,0.2963237465849099,0.08080269538324392,0.25976713834698956
Peve,OG_03191,88.05667243721552,-0.6808057636635365,-0.2632993341614719,0.09585553648072491,0.28681362015324524
Peve,OG_03187,211.38936523037307,-0.9383298412100137,-0.7714535137859561,7.734226864191129e-4,0.01565691705271075
Peve,OG_03188,37.656238010532874,-0.18935837760802346,-0.08269194624577679,0.5389451150411736,0.7280872293640114
Peve,OG_03189,15.001542631024103,-0.10270092138764884,-0.02685291388551563,0.8198599711503347,NA
Peve,OG_03192,230.88760349582668,-0.26335752319683275,-0.20301909063598728,0.1207732819388053,0.324442335748856
Peve,OG_03193,1109.1921942751515,-1.757031267423335,-1.408651509426286,2.4185364782515037e-4,0.007582062095193397
Peve,OG_03194,78.57155625061365,-0.6550851776740605,-0.5355895512658003,0.002835752416896969,0.03484316437406631
Peve,OG_03195,1422.297416613247,-2.2515902644655714,-2.0868304069919676,1.8221107448031863e-8,1.4427254501021304e-5
Peve,OG_03196,2562.0758734247556,0.5624090527115408,0.4941925915325026,6.641819793435668e-4,0.014558588608833262
Peve,OG_03197,49.588959950780335,-0.27340653815177846,-0.12987496366892118,0.35653117491123865,0.5918103079060859
Peve,OG_03198,118.20410543445189,0.6780649387731793,0.5531394913214579,0.0024326630826402773,0.03189677687358629
Peve,OG_03199,672.907881417847,0.3665196936861548,0.24228881547339814,0.1098951822845025,0.30874543951583583
Peve,OG_03200,544.4090748166814,0.2990152233401966,0.21406473865255918,0.12697191167834426,0.3337722647224384
Peve,OG_03201,12.639094620784713,-1.3482660452813977,-0.34781824007150947,0.024549858323478967,NA
Peve,OG_03203,55.951489279536474,0.34810417568126517,0.060547131650901406,0.5470663804494507,0.733977269059831
Peve,OG_03204,32.06240316803739,-0.26365816306096734,-0.10999190511046548,0.42648444133208646,0.6464378890242387
Peve,OG_03205,173.94407271033396,0.04731235866770947,0.016748863901488106,0.8975431876008997,0.9506056614075964
Peve,OG_03208,41.56282821942946,-0.45601725595217385,-0.1835798296189983,0.19836076906451383,0.4282209824294743
Peve,OG_03206,623.2918117201261,-0.30149330772885236,-0.15469198854077992,0.29512513164834636,0.5332692725088004
Peve,OG_03207,262.7319489391931,0.9283142139676603,0.7301269802914686,0.0018724959103228514,0.02692627369180109
Peve,OG_03209,1146.9589048875607,-0.689906864758201,-0.4734991484966763,0.014725415949166118,0.09363791210412978
Peve,OG_03210,77.12162032576616,-0.6662427577734686,-0.35419450622696713,0.047862121141238174,0.1903987670255626
Peve,OG_03211,33.36912347426675,0.47480134814263825,0.16805443563760816,0.2259331475097485,0.4624284572082923
Peve,OG_03212,11.627383816127999,-0.9371190822566503,-0.18288212001463783,0.1060198389423918,NA
Peve,OG_03213,24.50824586167981,-0.918985496011829,-0.506434474352569,0.02155915766651663,0.1169434640215308
Peve,OG_03216,40.17748390816534,-1.373623930109417,-0.3113411280432445,0.02206366862808824,0.11878517852210332
Peve,OG_03217,45.91882400172395,-0.5617926182906553,-0.26526948872584605,0.10179911874902162,0.29735647493483386
Peve,OG_03220,6.889840543207139,-1.7055481765717972,-0.08860192811844532,0.11282920350870511,NA
Peve,OG_03221,219.42969221840136,-0.9529182849158433,-0.8040261679352638,3.300714679460359e-4,0.008992767086351177
Peve,OG_03222,15.757596936657894,-1.4065421627774493,-0.24781043607091424,0.03428044421719016,NA
Peve,OG_03223,8.754207705898054,-1.2760348441013913,-0.09479109624662112,0.16972559782546337,NA
Peve,OG_03224,10.399513640030019,1.4558374880117926,0.4031397847749492,0.018194914060904403,NA
Peve,OG_03225,19.939077179744988,-0.1439827260955246,-0.029624484462491874,0.7796619712471342,NA
Peve,OG_03226,87.83154852563896,-0.13288378774673362,-0.060573042536476454,0.6562734870435922,0.8097136138713131
Peve,OG_03227,47.81601267165673,0.6247275164791966,0.4455903143269616,0.017111331860768488,0.10231878031030954
Peve,OG_03228,270.2430228180007,0.3256278565682795,0.24593134095979538,0.06775598699701864,0.23362339249306222
Peve,OG_03229,594.4332142923024,0.022023314547644897,0.01324115660872311,0.9195848136783152,0.9626107788762421
Peve,OG_03232,6.036968917844498,-1.3986813462626486,-0.13367643881329463,0.08461977702222807,NA
Peve,OG_03230,5120.628998111352,-0.03265213413887664,-0.022026736079394118,0.8614706417288487,0.9333925968838528
Peve,OG_03231,85.333913748879,0.08702316320651154,0.055870974837376144,0.676732286938356,0.8231555901057351
Peve,OG_03233,49.606815876695514,0.3231831226764786,0.17567844730709173,0.23785111250355315,0.4726932178865099
Peve,OG_03234,53.198924153336286,0.4885699738982974,0.21491960845537555,0.16049526015713117,0.3795499215581794
Peve,OG_03235,92.8559441157243,0.13273774696377588,0.046829264453060154,0.7126178253801936,0.8446744350002044
Peve,OG_03236,82.63924488928137,0.10217599874339803,0.037552206920326174,0.7639880123337317,0.8766096766856859
Peve,OG_03237,41.284355187851965,0.25104233589754893,0.07238692926428347,0.5458818652584143,0.733156210004846
Peve,OG_03238,89.26047651955433,0.09034250275922033,0.04333357925831984,0.7520686948355744,0.8689302806301746
Peve,OG_03239,60.03347434611936,-0.3903248750164545,-0.1040183046413389,0.387839748945949,0.6167567184615894
Peve,OG_03240,115.07156071892614,-0.2767885796187457,-0.20293480793948235,0.13916516867432704,0.35269970521501864
Peve,OG_03241,30.382931695079737,0.33043857191062675,0.05244771120146447,0.5724081263273189,0.7511808968753687
Peve,OG_03242,254.42644886024075,-0.3534207410510318,-0.2987847180386742,0.016155358230566953,0.09893208922866484
Peve,OG_03243,399.7136500213956,0.20268602496781346,0.1675596787986535,0.12991792790943094,0.3396251449457338
Peve,OG_03244,109.29207607683713,0.10491204325229724,0.07245481459915401,0.565130745431927,0.7469754712348732
Peve,OG_03245,81.83084527321394,0.2137235197733852,0.12277049650597781,0.3848187463263861,0.6146485759057679
Peve,OG_03246,279.35665549843475,0.42526964900545505,0.27817840255666615,0.07972245122879666,0.2574504592882463
Peve,OG_03247,527.5013991227917,0.8007947057786854,0.5884418343559465,0.006142592373511855,0.055312374351552375
Peve,OG_03248,330.55945282552017,0.05437368611437276,0.013020948847708535,0.9100035384192744,0.9570829887183953
Peve,OG_03249,222.2521534921241,0.008417780207243025,0.005129517082412463,0.9681937740642192,0.9852774043893626
Peve,OG_03250,2751.351526871456,-0.13935921710117694,-0.03437141341361869,0.7594710785388501,0.8740973978409066
Peve,OG_03252,285.8740588440608,0.06803332274762984,0.03300711115984689,0.8118180464578035,0.9037600289223363
Peve,OG_03251,465.2473272647206,-0.5307501563707019,-0.22189864577591978,0.14334023547601954,0.3573684839793834
Peve,OG_03254,423.32318831386584,-1.5930733116467402,-1.3685382487184117,4.2557956633609926e-5,0.002493896258729542
Peve,OG_03255,1214.8491352271471,-0.42441537752470926,-0.1755533422022841,0.22154620981345605,0.4568865799563909
Peve,OG_03256,58.525640813750584,-0.20078138947486857,-0.11027398366804915,0.4166674062809335,0.6395672579182252
Peve,OG_03257,703.707107586594,0.017336349395059486,0.008139633603198252,0.9539149216121704,0.978586079534093
Peve,OG_03258,94.46565941960448,-1.36555094445235,-1.1479615434215855,1.6731836773846486e-4,0.005928517792705233
Peve,OG_03262,302.972301181483,0.37779511443361163,0.27158346695765206,0.0693419513137472,0.23677430095674917
Peve,OG_03263,16.574101582179356,-1.1456992933266823,-0.08303395576507885,0.1902377634593856,NA
Peve,OG_03260,185.21048803983257,-0.8661767986520759,-0.7000293590967603,0.0014796456279276566,0.02352743112165569
Peve,OG_03261,352.08948879325965,0.1154517242502827,0.06978489123898239,0.5780591673099216,0.7554624662203366
Peve,OG_03265,479.50286255405763,0.09370869454729215,0.06556414417648072,0.6197443800553534,0.784652259029242
Peve,OG_03267,75.44991149677196,0.568143989153988,0.302953757491503,0.07674317457141648,0.25243070115934835
Peve,OG_03268,57.47803625657471,0.16989474574316035,0.04127936354254011,0.7159950803477213,0.8468589548783537
Peve,OG_03269,295.0097592751247,-0.07095324813039568,-0.015887651153540294,0.8792218495113476,0.9416869421226216
Peve,OG_03270,34.51399480106757,-0.023948075418070307,-0.0031853074815185525,0.9697770053337509,0.9852774043893626
Peve,OG_03275,15.164678528812177,-0.14903656449261615,-0.01172937792003962,0.8597121693723131,NA
Peve,OG_03276,225.86216523378494,-0.40048527343068424,-0.28481782153816093,0.061780485293199336,0.22044203136468032
Peve,OG_03277,15.345769441389455,0.6340949055041846,0.12317777647593613,0.2378944087666836,NA
Peve,OG_03278,358.7267057795866,-0.3170578244022135,-0.131937337455153,0.3327157272620759,0.5686288576454387
Peve,OG_03271,4.986364653051993,2.52042002174148,0.018983748587799734,0.2570775399879883,NA
Peve,OG_03272,78.9359891854984,0.1855809727038613,0.10826579714284598,0.4403523560857184,0.6558486582576997
Peve,OG_03273,110.5556850615393,0.3380138645387186,0.1903282003049513,0.20420385994159598,0.4355053205585326
Peve,OG_03274,1977.4175242810888,-1.6180694437256604,-1.4604885205735363,2.2123387911227967e-6,4.110633392871577e-4
Peve,OG_03281,5.956858027490328,-1.1240958063228128,-0.09202548140084346,0.19195603157140428,NA
Peve,OG_03279,384.4310872558249,-0.2945464828039941,-0.21387862484722425,0.12551956294082084,0.3319014336977345
Peve,OG_03280,641.1053566446386,0.17663710245338235,0.13988415449648925,0.23437740562326687,0.46974140385110413
Peve,OG_03282,277.80865183847453,0.03389377185763293,0.022144943109727595,0.8489571311900839,0.9272194158288256
Peve,OG_03284,1129.7152639926062,-0.1679871448661667,-0.1340305445589368,0.24584364514359897,0.4825655472053432
Peve,OG_03285,132.9407079016475,0.13207131531035632,0.0781830965726004,0.5713325035558017,0.7509330493575744
Peve,OG_03286,256.7710273190722,-0.793972130449353,-0.5659901810403328,0.008511667507093791,0.06733321190969938
Peve,OG_03287,272.80851328012113,-0.19696605670330516,-0.12349955686453605,0.3709160531581474,0.6025335461924985
Peve,OG_03288,11.709885146445233,-0.559048300989931,-0.06324519636721429,0.43890950175029475,NA
Peve,OG_03289,10.255738675866178,-0.2170200739267417,-0.013558912016778005,0.8191853724993874,NA
Peve,OG_03291,368.68506523609693,-0.48104484617291987,-0.3443314291394816,0.03433689223628599,0.15557696338875793
Peve,OG_03307,19.70056122589948,-0.24463930143997448,-0.0722792315012654,0.5546654084787862,NA
Peve,OG_03302,131.557611978397,0.19991740174941539,0.08303880085938356,0.5278681505626823,0.7190253742527657
Peve,OG_03304,126.09752284818586,-0.3121172531864988,-0.1219946419517659,0.3640676197594228,0.5972732339024533
Peve,OG_03305,27.80003079395002,0.6498701167537487,0.223903341576163,0.13517116616383668,0.3472964397423635
Peve,OG_03292,867.9096875774991,0.09281866614461359,0.07475494697052053,0.5013570115037937,0.7005971164368788
Peve,OG_03293,297.9288933737392,0.054743259640819816,0.041312338550660035,0.7235033940586642,0.8521978178079943
Peve,OG_03294,21.90226192331988,0.09780643002368464,0.028635570458334283,0.817794104314572,NA
Peve,OG_03295,85.33271602254078,-0.5870045934781507,-0.45138385525494507,0.010184244485254752,0.07532385872686476
Peve,OG_03296,28.218493803598534,1.4819203216055103,1.124723512840907,9.578640245486021e-4,0.017856372668642557
Peve,OG_03297,73.22992249736554,-0.8433065342352334,-0.3793600698038899,0.038527722906405805,0.1670484878207168
Peve,OG_03298,115.4442441067419,0.5999743248310483,0.46284465188796386,0.009118285899978602,0.07030678338667712
Peve,OG_03299,402.29822898668846,0.6394658739915767,0.4922955839754632,0.007630788256477908,0.06325499993237073
Peve,OG_03300,483.0957993862945,-0.027355606620806903,-0.01890990690241497,0.8789304655970831,0.9416869421226216
Peve,OG_03301,11.407410904300246,-0.7550707882297634,-0.15589458740012793,0.17818643022242114,NA
Peve,OG_03311,36.0527851550037,0.7247582841377096,0.184583662323927,0.14131738374031635,0.3554717726898308
Peve,OG_03310,82.71875931334425,0.17617005147716278,0.09129316086935667,0.5092707193757242,0.7047407159353465
Peve,OG_03308,154.39158481145273,0.10198200675758119,0.06222965201817868,0.6347129841278955,0.7956026553824095
Peve,OG_03309,1193.9788115796835,-0.7847630392760541,-0.5296721264348223,0.011176558376205351,0.07929721787394169
Peve,OG_03316,251.71744458599474,-0.6254740343844435,-0.07343291409351893,0.3586079070556667,0.5928075653701516
Peve,OG_03312,46.714494738111746,-0.16645939863773537,-0.05901539921375233,0.6378647678523036,0.7976450757548997
Peve,OG_03313,514.7119116969833,-0.5444124264807578,-0.07226287663905714,0.3903447200151996,0.6181982973852607
Peve,OG_03314,138.37279094153502,0.15105424312952453,0.08391810050156867,0.5633960372663818,0.7459073708542399
Peve,OG_03315,394.49283766836004,-0.2768007779374735,-0.12820981027147682,0.35784057207588,0.5922288677110696
Peve,OG_03319,190.2044764654105,0.12187541448823475,0.09352677092235638,0.43491148678795866,0.652779649618852
Peve,OG_03320,26.831650128086313,0.5426413266952693,0.18104087942645922,0.18525888359536788,0.41167552360277
Peve,OG_03321,7269.813165077704,-0.032797164310805524,-0.02547572967253744,0.8205364176417672,0.9095259133795244
Peve,OG_03323,94.48287680920664,0.5529656428966483,0.13144289096733944,0.2759301733333837,0.5135685464094105
Peve,OG_03324,284.0537560722003,-0.5528560600158383,-0.3992837950825503,0.022266701945811714,0.1193720868565754
Peve,OG_03325,65.18376864651334,-0.47499703989231573,-0.20159513716375113,0.17036705313749062,0.39219639789137495
Peve,OG_03338,6.309185328902918,-1.083748612670594,-0.15609703365464317,0.11485613946160217,NA
Peve,OG_03357,178.25017816627198,-0.46011324667425263,-0.31708142382705345,0.05668056915146293,0.20930323596502406
Peve,OG_03359,359.3176535354676,0.5618006546672316,0.47078803499574456,0.002722830538854648,0.033948482888698374
Peve,OG_03360,171.91021340827342,0.38472345674748143,0.21026736892146608,0.1738057957827528,0.3973747155681305
Peve,OG_03363,17.242510798434903,-0.19277391517739184,-0.04915931248233218,0.6692585883809934,NA
Peve,OG_03364,133.89145851339092,0.7499700381340755,0.4993070864935084,0.01662812201439469,0.1002148241710867
Peve,OG_03340,11.122386042214531,0.6600920561457362,0.10835346136611809,0.2779322733828572,NA
Peve,OG_03341,8.888391118246181,0.1222218906343308,0.00822564677161511,0.8833244273846496,NA
Peve,OG_03343,7.665068320413217,-2.185632321363449,-1.3244367294016568,0.0030188178920156116,NA
Peve,OG_03344,21.706003229277172,0.2204110420096163,0.051740766356428915,0.6512180135713894,NA
Peve,OG_03345,115.67626285359283,0.170114029965476,0.05895857033654046,0.6423514637942966,0.8012827003741528
Peve,OG_03346,23.593300820688672,0.4522454750342923,0.04628061155926346,0.526758902988693,0.7184529556840537
Peve,OG_03347,15.209976607764908,-0.5363872929112424,-0.06457331909703198,0.4442718956063256,NA
Peve,OG_03348,5.866134974999142,1.8483224324246783,0.12595926307466523,0.03658243103617635,NA
Peve,OG_03349,142.95296365977686,0.3956332657900758,0.2526470744160722,0.10419927243549783,0.30022316846203573
Peve,OG_03350,134.31928186498808,-0.4382522306848952,-0.24760019726268126,0.11265303938834755,0.3113204885342269
Peve,OG_03351,53.51694712471758,0.3276821144390178,0.16375902877333728,0.26892522664203544,0.5064703032284366
Peve,OG_03352,20.204942546421005,-0.8530779148149166,-0.42672186735889117,0.03293901823163572,NA
Peve,OG_03353,132.49815285937703,-1.0996142651447178,-0.42887080464975974,0.0200018866385136,0.11197135300911061
Peve,OG_03354,12.926503142560403,-0.09001998383325253,-0.014021924750477492,0.8828217578923497,NA
Peve,OG_03355,154.09917649974534,0.4089444037906538,0.2837922279211783,0.06918465104107742,0.23657310943359605
Peve,OG_03356,20.867817248325235,0.21546680581677427,0.05861315067899423,0.6210787084413704,NA
Peve,OG_03365,7.533790183603308,-1.1545390701943106,-0.04310334098050852,0.3483214501121195,NA
Peve,OG_03366,66.75042709398852,-0.15961642955743285,-0.07811941912283041,0.5673527337527244,0.7484129459659773
Peve,OG_03367,48.08594340830984,0.498394158835615,0.21051877699291255,0.16045764437388488,0.3795499215581794
Peve,OG_03327,14.71466341758537,-1.4607483535851236,-0.41058243619404244,0.016071543883915584,NA
Peve,OG_03328,20.320948394453897,-0.4690715570102371,-0.054341018135205914,0.5031451040397378,NA
Peve,OG_03329,26.85978025499688,0.6515253650693209,0.1873770734313865,0.15481045650740743,0.371756118374235
Peve,OG_03330,388.93558852617474,-0.6543644330806712,-0.511678006846891,0.005184348760606265,0.04995134704825642
Peve,OG_03331,11.414911190089876,-0.10450358432366201,-0.010084563419545022,0.8979164238427364,NA
Peve,OG_03332,94.58194833217988,0.37739911042782426,0.18458658085803084,0.21487818275199294,0.4481089505077149
Peve,OG_03333,61.49580240476705,-0.016543730876785893,-0.010470490934099555,0.9399917815564968,0.9720117577149391
Peve,OG_03334,1210.545735758264,-0.06315059974058504,-0.04691901240997724,0.7141253466877844,0.8459240148649443
Peve,OG_03335,967.0505988699322,-1.1092160792845094,-0.13318612161062451,0.10298336896692134,0.2984128203841791
Peve,OG_03336,350.1587433560105,-0.3606180096950098,-0.23074505826684408,0.12322270438941992,0.32833231523257583
Peve,OG_03337,291.64652388345536,-0.2582319224768497,-0.13412202434327397,0.3282525929479374,0.5652414676938036
Peve,OG_03368,1031.9566225069382,0.0059802054657112965,0.004510708019500739,0.9719287710153507,0.9864313053017509
Peve,OG_03373,104.95876044693557,-0.7753975657269787,-0.1728268567241268,0.12645805207892355,0.332765955349651
Peve,OG_03370,44.16203298207167,0.03472669680282585,0.01530714678195686,0.9082642129725185,0.9562814726202679
Peve,OG_03371,41.9180806622689,0.08507976285228855,0.026218722157192797,0.839478897547598,0.9209863599275961
Peve,OG_03372,9.916328946601531,0.25321816402550695,0.04461418962947114,0.6571239932961208,NA
Peve,OG_03369,675.4558364168867,-0.07674148473494424,-0.04330845532636422,0.7636541093606615,0.8765468339570684
Peve,OG_03379,10.470779986352934,2.335583017777436,0.1523672890213728,0.011672752408953916,NA
Peve,OG_03380,22.151661976880554,1.0389044387650195,0.5450258985228381,0.016690541184326103,NA
Peve,OG_03378,99.53383718282409,-0.036167715471829676,-0.012885776840870186,0.9028086234481876,0.9541615001981538
Peve,OG_03381,16.3499942502405,-0.1390820908919784,-0.029035727085141304,0.7835207535473276,NA
Peve,OG_03374,463.40678474253144,0.633510562207186,0.49454333271518436,0.006822003835014567,0.05898981295702722
Peve,OG_03375,504.142580341174,0.09177491905503232,0.05737663213144279,0.6527515555087731,0.8072502191340638
Peve,OG_03376,111.71339998173119,-0.34737299140866695,-0.229516605912691,0.12162464363349527,0.32590099725640764
Peve,OG_03377,272.3676553800346,0.14655260064630435,0.1025256992529123,0.4299432955954037,0.6494321157191615
Peve,OG_03385,166.24163206925317,0.17908818445226402,0.12060931296052668,0.3691511009483598,0.601409984393628
Peve,OG_03387,23.429345443914873,0.36012246955210153,0.1209363378865466,0.36570572308317395,0.5981867457080587
Peve,OG_03386,82.22411786847165,-0.4552395978795572,-0.25800430485447684,0.10673889458543125,0.30420521170974846
Peve,OG_03388,17.76057264696383,-0.5793190944056185,-0.17550007529709852,0.18697024981484692,NA
Peve,OG_03389,469.8235770738401,-0.2978529757907216,-0.22135022014323472,0.11101625491532935,0.31046025533656163
Peve,OG_03390,132.53053893006194,-0.6439774025004293,-0.34932225223368196,0.0512414404436596,0.197932559205693
Peve,OG_03391,328.2667108627406,-0.03760851329630496,-0.02558491262494085,0.8492777104746247,0.9272858522487174
Peve,OG_03393,37.568460425220906,0.7688312706309482,0.44285349501042304,0.026945034741414145,0.13477824994096715
Peve,OG_03394,197.52346550226878,0.5025674520315228,0.35917439025146036,0.03168238498591387,0.14861847833909597
Peve,OG_03395,250.48527397972157,0.06225341362481604,0.03926913015516894,0.7661313646383161,0.8776524414758936
Peve,OG_03397,252.6172659163768,-1.0413807205457895,-0.7995532951399525,0.001644359526891553,0.024789460339513108
Peve,OG_03398,530.9633541278513,0.03577206727508525,0.024099395779769113,0.8793149008555345,0.9416869421226216
Peve,OG_03403,272.6016320377159,-0.18456253535812417,-0.11191420907377111,0.40980700026365463,0.6349216449071631
Peve,OG_03399,249.83235288845782,-0.3796218448379938,-0.20948784474380816,0.16472007665233393,0.38527403866671167
Peve,OG_03400,9.245438453312584,0.18689206841552716,0.006957959340370726,0.8668164120134938,NA
Peve,OG_03401,74.24312425488846,0.39077347756948516,0.1936398114078816,0.19726792256971612,0.42668569964114067
Peve,OG_03402,470.9974806746609,-1.1793445919185703,-1.0904714057887712,2.241574835006077e-7,9.48684282948683e-5
Peve,OG_03404,1815.1855001050158,-0.007592487786084147,-0.0010878785845446946,0.9717100520134787,0.9863407296787049
Peve,OG_03406,191.1203494035271,0.34435356050944177,0.2853810839420662,0.02544968769249329,0.1297840159887631
Peve,OG_03415,219.33279400409776,0.4908028661172163,0.394398233470608,0.012293332733296459,0.08444599527705358
Peve,OG_03417,31.429927413843643,-0.4854523959936936,-0.18937601342649146,0.19924778092516665,0.4295377917709339
Peve,OG_03418,8.661995864314864,-0.9500372654714933,-0.31339783001047966,0.05951507590429274,NA
Peve,OG_03419,211.54900247972472,0.22377589518004032,0.15814969638281018,0.23202998152218166,0.46722108818693303
Peve,OG_03407,309.85667091985016,-0.554984156338367,-0.39861554849025277,0.022417169344917928,0.11951396242143951
Peve,OG_03408,128.55127194905958,-0.17955064081808514,-0.10928638095494655,0.42840652492691733,0.6483682480152655
Peve,OG_03409,156.32075823342052,-0.33723314931354514,-0.1821493578297735,0.2226563769137101,0.45818375994831
Peve,OG_03411,170.7826945962257,-0.28079603457997115,-0.18717270070493278,0.18585511286839362,0.41230176174473576
Peve,OG_03412,13.998910812960817,-0.7386365287262546,-0.08486263239181153,0.33015487094965607,NA
Peve,OG_03413,17.897294898348594,0.15275909309879998,0.021550139070872824,0.8069831365436485,NA
Peve,OG_03414,113.83668654095698,-0.2501537943058808,-0.10378812435472978,0.4358693244550084,0.6529034986921253
Peve,OG_03429,17.897978098917896,-1.5032946791759967,-0.09475263483313817,0.13124051421552335,NA
Peve,OG_03430,419.91010077728356,-0.3257149355790975,-0.2681294770291301,0.03362752575116093,0.15395101632953365
Peve,OG_03431,1974.0069656281967,0.2588044592195831,0.10868903162217786,0.4284439171053881,0.6483682480152655
Peve,OG_03420,363.4120589503962,0.06346614960831304,0.024216300020213105,0.8395990069296132,0.9209863599275961
Peve,OG_03421,807.060229245772,-0.25594773959662204,-0.10258685370748487,0.44387320402617986,0.6584233651046842
Peve,OG_03423,64.36184108359724,0.15219367571427536,0.07020880162818431,0.6140764783320751,0.7807313154011973
Peve,OG_03424,380.7545743705769,-1.3051365153494474,-1.0427664154838003,6.01308494460854e-4,0.01375606039280116
Peve,OG_03425,2645.9811540965025,0.2631278681527724,0.21568394682774325,0.07434564893267714,0.24829686697463152
Peve,OG_03426,19.46144647946596,-1.6265309704092623,-1.0509845168207332,0.00288377470744508,NA
Peve,OG_03427,236.4359303889933,-0.24154233543552886,-0.1840760720473018,0.15321492544693222,0.37018436474935923
Peve,OG_03428,19.510670781413157,-0.3609152828737568,-0.09381540472401911,0.43814422071294284,NA
Peve,OG_03432,14.083960798610109,0.22761406520257413,0.06748447723259228,0.5900986420725529,NA
Peve,OG_03433,46.50345653339689,0.7575092735720558,0.37156586216393195,0.045216102232968236,0.184215670981305
Peve,OG_03434,35.255372092617556,-0.7236209170079942,-0.4080749536113235,0.037952476860999354,0.16583834076856718
Peve,OG_03435,9.798224041738655,-0.6337805330456558,-0.11047381908528457,0.28492812997893,NA
Peve,OG_03436,137.94590736974988,0.038282511245991864,0.02317829948877314,0.844525227832771,0.9240793321380817
Peve,OG_03437,1075.009791962735,-0.35625553835696977,-0.3147616665317536,0.005966864398414596,0.054307733556896526
Peve,OG_03438,446.1923136054408,0.38154626735850167,0.28949707376073697,0.05091130442976575,0.19747572156107712
Peve,OG_03439,113.82900541661512,0.24567389799523148,0.13311448997378242,0.3501565589397916,0.5860045399831574
Peve,OG_03440,46.33229855911468,0.057732501043588694,0.029919147744225327,0.8254417905989258,0.912525839614369
Peve,OG_03441,215.36461151918374,-0.7329074130461108,-0.374770337591784,0.0435355852913669,0.17942409600318804
Peve,OG_03442,7.736246558200395,-0.9467641106288466,-0.03556407938194997,0.41028897392842323,NA
Peve,OG_03443,363.479596512776,0.1571984693647217,0.031221418626943213,0.7633910004596356,0.8764902247929923
Peve,OG_03444,45.72985323876063,0.22040065314078963,0.13936229213159754,0.3212856224742323,0.5579797022489591
Peve,OG_03445,982.9488492074946,-0.5141822894426467,-0.2481755994410828,0.11008831542171009,0.3090611705532622
Peve,OG_03446,83.14821828138207,0.1347244162215691,0.06060286579387536,0.6512703992358668,0.8066217031419394
Peve,OG_03447,146.36096594142012,1.1087231775920345,0.5629205072290605,0.01181730665247951,0.08226497633002079
Peve,OG_03460,199.0669062680078,-0.1755607900144853,-0.12848858391342324,0.3301305433170081,0.5662991396057121
Peve,OG_03448,142.6798107558408,0.23963597879970472,0.11618016187249149,0.4039266183878203,0.6295239318491029
Peve,OG_03449,11.96427809554868,0.7618204054175758,0.09044120829231586,0.2992260305272586,NA
Peve,OG_03450,26.398923556663863,0.6395553020686534,0.15537559913707494,0.20300835773082307,0.4340209124542894
Peve,OG_03451,5404.380368277204,0.04067965034866274,0.030520289306118893,0.7900031788931523,0.8904574378832139
Peve,OG_03452,103.82779396044668,0.2673225676210886,0.11736417994573031,0.3913544717453619,0.618532205846118
Peve,OG_03453,118.19630453796407,0.3598705494014807,0.2126821657149692,0.1568112502783132,0.3742367184583
Peve,OG_03454,58.818349484353384,-0.24474812305039156,-0.0935455383705658,0.4893369741513569,0.6943134790622159
Peve,OG_03455,829.6896007851567,-0.7271918709302733,-0.6677316379033182,5.534044225192565e-6,7.268680846123614e-4
Peve,OG_03456,55.34985590507796,-0.1904346116173816,-0.07720910733139254,0.5685038889730598,0.7485352665651105
Peve,OG_03457,102.56151512061996,0.4526249803487541,0.16537372238711365,0.2352335403809548,0.47003074396679956
Peve,OG_03458,70.25667032107299,-0.28937923195892745,-0.15948930961740548,0.2764342953849212,0.5136742173456302
Peve,OG_03459,209.01662518792338,-0.5566952829925497,-0.36613647875873073,0.036684990405606306,0.1620094242955993
Peve,OG_03461,872.6283828540573,0.2501075887129129,0.19826569123878002,0.09246950991571656,0.28143536817336345
Peve,OG_03462,37.97342794118012,0.5636923634112196,0.3350747130220065,0.053020712128775314,0.20195589249850518
Peve,OG_03463,27.55307437222883,-0.34884993186036956,-0.09774232419050655,0.4255925584352147,0.64559221628026
Peve,OG_03464,123.15804795673014,0.23715278946021612,0.14394496801304787,0.3063342468791772,0.5433420937661402
Peve,OG_03465,18.945499780548193,-0.6122073603726182,-0.14191095652150876,0.23178089675898342,NA
Peve,OG_03467,54.35781317979915,-0.3297471664317944,-0.08709340974749817,0.443901767378757,0.6584233651046842
Peve,OG_03482,934.9297819110261,-0.04925229254954844,-0.020535167730347963,0.8753940326792371,0.9403203244430947
Peve,OG_03483,46.87152033871047,-0.6043562273973145,-0.2560173861754593,0.11403353430696864,0.3133525474429047
Peve,OG_03468,65.65331103018998,-0.5223301978527425,-0.26906213033240906,0.09518427525074229,0.2856598115650864
Peve,OG_03469,430.4374005932709,-1.401756014236705,-0.6749633257756711,0.007364403072142369,0.061786368506145994
Peve,OG_03470,598.3411687120959,-1.3045702464973947,-1.104281312383219,1.1427882330485756e-4,0.0046805165372925
Peve,OG_03471,28.91948572472577,-0.5843591279900082,-0.2719998243627027,0.0981551228953113,0.29095164444221067
Peve,OG_03472,142.52138996752626,-0.2552350752286246,-0.16158674311137544,0.2512263322681065,0.4890238396829949
Peve,OG_03473,107.65133534854988,0.27616557180257156,0.1509240841071856,0.3053598464016099,0.5424979733879347
Peve,OG_03475,35.341175966563604,-0.631818014424524,-0.4389403646225641,0.020270902897679452,0.1128828496158787
Peve,OG_03476,197.6633170703231,0.03129945338620074,0.02187096191281596,0.8659962827020489,0.9356346165968245
Peve,OG_03477,5.2029241638806525,-1.3660635874097296,-0.02981967910198295,0.29964472915118623,NA
Peve,OG_03478,206.81653674048405,0.5649926295902554,0.07621247658246334,0.3944491094061485,0.6205934150053778
Peve,OG_03479,228.34940814422288,1.2990122182901007,1.1182484295387427,7.015221035454722e-5,0.0033611291728361053
Peve,OG_03480,176.02100260465608,0.9755314551532199,0.6994540661301376,0.004389446724286531,0.045806582391253146
Peve,OG_03481,21.314515401678356,-0.11980806972277754,-0.03723558372347604,0.766193481035431,NA
Peve,OG_03491,550.1172231169393,-0.05683705244871212,-0.04207296708537425,0.7256047090604509,0.8524033619480467
Peve,OG_03492,18.665610359651588,0.3248266806854314,0.07508438300837185,0.5011043172008831,NA
Peve,OG_03493,11.61555583254578,-0.1753940502171023,-0.030316250417449384,0.7535327975371714,NA
Peve,OG_03494,30.47562924342395,0.09244023105679867,0.023412745449594194,0.8380194174188604,0.9209507887234181
Peve,OG_03495,18.058742912048665,-0.8235596285281943,-0.17771126049144578,0.14164361405307002,NA
Peve,OG_03484,26.65772825859592,-0.6023027815031491,-0.2640616249516625,0.09513455288418743,0.2856598115650864
Peve,OG_03485,29.1169142582585,0.3326403448804028,0.0662275649262716,0.535219476266046,0.7251115010127581
Peve,OG_03486,266.12788179638846,0.4959960823881176,0.3416518145912793,0.04245500551081513,0.17737644326515162
Peve,OG_03488,26.92863331540749,0.5212522484308356,0.12740414049687565,0.2842924314413243,0.5223972237260838
Peve,OG_03489,35.20734067513968,0.22186238454659474,0.12391511226776335,0.3825796408869181,0.6123344453430477
Peve,OG_03490,12.616250973536859,-0.9632789972884623,-0.2240060641113678,0.09198582006264637,NA
Peve,OG_03496,696.284166941678,0.6130979300783963,0.5441003502892668,2.4152767085300138e-4,0.007582062095193397
Peve,OG_03497,21.31261904742546,0.3796157775682229,0.10780409483718144,0.3835550685504157,NA
Peve,OG_03498,17.185043459324163,0.6561647105294925,0.15929171279223142,0.18744662896007455,NA
Peve,OG_03499,110.56462371058682,0.7602581321365758,0.6240644462329161,0.001529163018201796,0.024092893862210352
Peve,OG_03500,50.74330526599867,0.6875946337254727,0.17175899470900793,0.16970270248906674,0.3914110337311961
Peve,OG_03501,20.664938090633207,0.5251100165236665,0.15601287016287677,0.23399607757118418,NA
Peve,OG_03502,44.26929397407323,-0.4395170844625169,-0.20009184002509867,0.18526931889677486,0.41167552360277
Peve,OG_03517,61.881164581753396,0.4529949467215781,0.2677572608821847,0.10203470617023774,0.2975882050554637
Peve,OG_03518,105.5331932883898,0.6434732912725849,0.5148604422415584,0.005936750846985012,0.05422801912749618
Peve,OG_03519,18.502929073700916,-0.10996231571661595,-0.032241369948325556,0.7863180397588023,NA
Peve,OG_03520,18.21581548405085,-0.2139926630645296,-0.0651402952953213,0.5987891815292927,NA
Peve,OG_03503,258.1924817333026,0.12351355336401432,0.07886510188965622,0.5597857090430385,0.7434354157528771
Peve,OG_03504,103.99496146576246,0.13192820639405609,0.0755520286253581,0.5890291778337016,0.7635008059969097
Peve,OG_03505,372.60803003114177,-0.19607777842546914,-0.14996287146516818,0.22328360842854403,0.45897855612753596
Peve,OG_03506,138.457830387297,0.3868469340403612,0.26968909520182155,0.0753328762898557,0.2504957885535228
Peve,OG_03507,177.7739315595649,0.011848840939525897,0.0057359011744272485,0.957088984520126,0.9799602952100036
Peve,OG_03508,1369.9838043456118,-0.6410495148789292,-0.464076479976931,0.014356110817186716,0.09229101451926447
Peve,OG_03509,52.4119036888682,-0.061499021008933064,-0.023116772809772167,0.8597827717122714,0.9325693543985957
Peve,OG_03510,40.453176576323294,-0.012778425287056194,-0.0027280728452004333,0.9761807112496275,0.9886299037424487
Peve,OG_03511,23.557779925001142,0.5325919688694952,0.22137712036700705,0.1427380842062688,0.356868633240353
Peve,OG_03512,112.61829545337665,-0.1215249738754308,-0.07243394085191178,0.6054396257400305,0.7736567497744516
Peve,OG_03513,974.4833535723703,-0.31733605368759865,-0.22635058474100034,0.12393315681056476,0.3295367499416692
Peve,OG_03514,89.85926773737646,0.5446960009800477,0.18114423849823122,0.19452950878914377,0.42387405870383704
Peve,OG_03515,849.6321991178893,-0.14407723923140847,-0.0964419859077489,0.45966720870301625,0.6698909367323973
Peve,OG_03516,636.1555181142936,-0.215350473141005,-0.16849848743954673,0.16591736716039288,0.38608286607217335
Peve,OG_03521,46.88335340366492,-0.9518544149530686,-0.5518410753645735,0.01626033394280668,0.0991763202372308
Peve,OG_03522,182.2147199061032,-0.0525711104856379,-0.03409682616785309,0.7938408435987561,0.8934081173785381
Peve,OG_03523,45.124229642864,-0.848004334895617,-0.47788844887220794,0.022398295252346715,0.11951396242143951
Peve,OG_03524,15.727333526518997,-0.09091517318601978,-0.026238713615390635,0.8287126939454279,NA
Peve,OG_03525,61.78604087502831,-1.5353605328018012,-1.3298400610096746,3.267903689599471e-5,0.0021097364667261673
Peve,OG_03526,7.52256479356466,-2.612557529305136,-0.1578689252273099,0.006589726610907205,NA
Peve,OG_03528,102.3688163975675,-0.3979079738858875,-0.21391065924610497,0.1578004822263289,0.37566377300005427
Peve,OG_03529,86.72437788658662,-0.6390332975546544,-0.43393756345488504,0.02129640045013807,0.11646516771654833
Peve,OG_03530,20.456175611394453,-0.20724739230961525,-0.0550730682478827,0.6473331119891625,NA
Peve,OG_03531,65.46394344241726,-1.3118195305000608,-0.04191430359364064,0.3875925247140759,0.6167567184615894
Peve,OG_03532,130.26079795718223,-0.2272687139279131,-0.13919979978825436,0.32046656529022205,0.5573776927810301
Peve,OG_03533,77.42123965800916,-0.14195788489811048,-0.06804070793681788,0.6182650738950248,0.7839452950952561
Peve,OG_03534,345.46751820495166,-0.4220931832932523,-0.32593168169014036,0.03823985415092402,0.16665400968062882
Peve,OG_03536,75.68288703206186,-0.8867368163220661,-0.5520102673134345,0.014692784090655862,0.09363791210412978
Peve,OG_03537,66.10479933401017,-0.523339641943955,-0.2419668250183512,0.12495088395637464,0.33101633463419167
Peve,OG_03538,22.360774602297457,0.7899577365071637,0.44285688339526325,0.030141336799695193,NA
Peve,OG_03539,11.395885795141623,1.005888986491526,0.07917448221050087,0.2501482813134394,NA
Peve,OG_03540,740.7213162214413,-1.1435957439315447,-0.8709608715271845,0.0015338741826164376,0.024092893862210352
Peve,OG_03541,145.37584288148918,0.2102390856946759,0.10956084340545373,0.4418462397788492,0.6573837430210923
Peve,OG_03542,1618.4805685432386,-0.27719633763075113,-0.1024508401835606,0.43460358363686835,0.6527622437195708
Peve,OG_03546,610.7906604380282,0.5728024201510012,0.3557806555135144,0.04354885186530515,0.17942409600318804
Peve,OG_03543,35.42973547846788,-0.020677071788797657,-0.011084581012499962,0.9339107554014152,0.9688863045959392
Peve,OG_03544,40.42231181659281,-0.20764029363338682,-0.08289607347583557,0.5437057416495207,0.7314056754169255
Peve,OG_03545,171.15438608204758,-0.7756627196756616,-0.4220805746054986,0.029238421277102918,0.14160094932547365
Peve,OG_03548,88.41614738985683,-1.418807426379414,-1.1984182667175036,1.2153700875927537e-4,0.004872994382779788
Peve,OG_03547,330.2457683080292,-0.34422708205609104,-0.27331758790538097,0.0460680208825022,0.18619539367033988
Peve,OG_03549,24.271737206245565,-0.24877330759910754,-0.08537161312841765,0.5030153348219573,0.7015691725876364
Peve,OG_03550,54.71715878191171,0.1655804402913901,0.09271193269299895,0.5073911652621537,0.7040630049120377
Peve,OG_03551,17.825963093880333,-0.5620010591371052,-0.11442324410248907,0.3263560420474872,NA
Peve,OG_03553,150.02684589835602,-0.4591447603093871,-0.3413729338385575,0.030485455849772736,0.14533053983952984
Peve,OG_03554,375.5482963276566,0.06338396923018948,0.04147212875789873,0.7573852207670329,0.8720919909013386
Peve,OG_03555,199.08200507590215,0.006961791858708986,0.0033367716860118425,0.9751616908268299,0.9882641693120647
Peve,OG_03556,48.13969553808725,-0.19374094820789675,-0.08927445550656096,0.5204281206797616,0.71459197788879
Peve,OG_03557,18.818280782303752,-0.44694972238804764,-0.108904482001907,0.35318811463042865,NA
Peve,OG_03567,533.7770540405311,-0.5823142461449775,-0.2801326771209508,0.08308271814387388,0.26382832297625314
Peve,OG_03568,66.52596383831272,0.8486254894732809,0.7432120844485874,1.2286348207103169e-4,0.004900387468152457
Peve,OG_03569,62.25883353119203,0.582248059745297,0.3244969607333425,0.061290570914034635,0.21932903262172956
Peve,OG_03570,295.0249305883092,-0.6270795368868864,-0.39411644682372216,0.029893819204386506,0.14304776813090087
Peve,OG_03572,10.5777106137844,-0.9891093632966512,-0.1855135435192654,0.10575287239368046,NA
Peve,OG_03571,186.73481975966874,-0.14813950874118637,-0.07619144702395245,0.5743889221358063,0.7527917511524965
Peve,OG_03573,171.58137831116278,0.36009721574463927,0.296019559953747,0.024263193967476403,0.1260825454599149
Peve,OG_03574,368.58234061036296,-0.4786959147922816,-0.30789390763783003,0.06282048707889783,0.22306226983591218
Peve,OG_03558,721.5881578864957,-0.49245843271763934,-0.076709104362751,0.4033210873466081,0.6290936865637026
Peve,OG_03559,74.50609715270782,0.10345636546459978,0.05041514493226385,0.7169021577561865,0.8477740822394642
Peve,OG_03560,554.7219232439955,0.3545949543336749,0.22731739482287497,0.13138915454902084,0.3417284326918541
Peve,OG_03561,86.74111091420839,0.01062306222345184,0.006810014837670708,0.9662834675398616,0.984242205604849
Peve,OG_03562,372.7572428992359,-0.05546596667761056,-0.03363985487385314,0.7960567857556721,0.8939842990021631
Peve,OG_03563,14.21893582132386,0.7858773686381745,0.07820210629141229,0.31712147677297453,NA
Peve,OG_03564,95.25901975830604,0.9695149645940081,0.6480438914131547,0.009649508045981298,0.07292653997448961
Peve,OG_03565,32.621200843999006,-0.5425462967072113,-0.09850759410083244,0.33052120253412703,0.5667140492696331
Peve,OG_03566,181.70861950773974,0.059913249451796165,0.03639378584837977,0.7826872371388116,0.8863182444824297
Peve,OG_03577,17.582809022648625,-0.40206842533288045,-0.10615951879215199,0.38176633236661356,NA
Peve,OG_03575,2859.6978730523974,0.676643319834879,0.5732708752329612,0.0010671946995674233,0.01899506827407624
Peve,OG_03576,49.024149345988214,0.2024734775729263,0.09496462467300425,0.5013987239188584,0.7005971164368788
Peve,OG_03578,193.2626773591993,0.6109490122905574,0.45214002805250597,0.012557276105019355,0.08503229277158884
Peve,OG_03579,307.0587554763195,-0.6814625965795295,-0.16713966219938947,0.16294035283304462,0.3830456101780532
Peve,OG_03580,165.93090475641492,-0.12468264375573346,-0.09258450876254373,0.4388303495703224,0.6549520382639584
Peve,OG_03582,55.21781639256616,-0.06155927829343016,-0.0323287397646102,0.8122622743264309,0.9041224438659777
Peve,OG_03583,57.761750018117134,0.036956042715794134,0.018707816359302062,0.8916011424063742,0.9470465006764862
Peve,OG_03587,24.070294334632756,0.03034526980434313,0.006178037525901013,0.9567674770407775,0.9799213014381074
Peve,OG_03585,54.93867437033075,0.20319287173506853,0.1158653893368481,0.4114691588986469,0.6357369021752649
Peve,OG_03586,26.24316550122839,-0.19706252448360287,-0.054467596440146926,0.644987196564558,0.8032464725971695
Peve,OG_03590,35.26683430068461,-0.4101127205975531,-0.10276260142674587,0.38988215216224476,0.6181982973852607
Peve,OG_03591,13.848277621611798,-0.9919145904333846,-0.11429443809970063,0.17377911943090882,NA
Peve,OG_03592,25.996986393544688,0.10877406448142854,0.04508715576350226,0.7349742576122114,0.8584841911207952
Peve,OG_03593,8.896059422093465,-0.15546074124923645,-0.021647352859616414,0.8105903603662566,NA
Peve,OG_03594,227.80882283532256,0.17993090341891632,0.10419489874940734,0.43917265096063696,0.6549520382639584
Peve,OG_03595,157.39646799111077,0.07915439756211264,0.045607158591904964,0.7355650660037829,0.8589487822205893
Peve,OG_03596,15.845949770274505,-1.2369454691062969,-0.2821111600212193,0.03181618548557965,NA
Peve,OG_03597,38.02423951408916,0.26878004447550624,0.13995930841208437,0.3330155480835257,0.568640779395329
Peve,OG_03598,15.776944048217366,-0.1674026678782423,-0.04888343190850844,0.685489428411118,NA
Peve,OG_03607,24.97892251647228,-0.629281129519009,-0.10094102450116431,0.2927079678561304,0.5303738629159689
Peve,OG_03608,6.574870720734994,-1.766785940715634,-0.13940910830863784,0.035866161841421954,NA
Peve,OG_03599,24.974507690371343,0.25153968910837887,0.06686186345569148,0.5654006323142294,0.7471330471760277
Peve,OG_03600,309.24285513692047,-0.0061745131990277365,-0.004780223091200766,0.9780755710476343,0.9895059362869691
Peve,OG_03602,8.118740526197673,0.5924304285721285,0.07062821104766213,0.408484185744862,NA
Peve,OG_03603,257.8707921226616,-0.1347867459165846,-0.09416285119405952,0.4596064087079605,0.6698909367323973
Peve,OG_03604,267.4061949087103,0.06729429401593949,0.047018042875787605,0.7113319571274785,0.8440696027098336
Peve,OG_03606,150.7749153731718,0.2928742373189226,0.20674797855692398,0.13045590927887307,0.34001616980553984
Peve,OG_03609,418.3400854553009,-0.19280976072517678,-0.11505898150311819,0.40833371362711696,0.6336700408252958
Peve,OG_03612,68.26578340000098,0.6738047056410348,0.46243511588697317,0.017256166715679346,0.10278145272872968
Peve,OG_03613,81.32798477593354,0.4435043861791053,0.23524431804482793,0.1375261273545122,0.35050988229731483
Peve,OG_03614,214.9224506716918,0.10478824530897322,0.039968161320967754,0.7612118809335535,0.8750938894968929
Peve,OG_03618,129.78690147799804,-0.3180489137890849,-0.12727161902613257,0.3550451279556994,0.5907584722876279
Peve,OG_03617,407.543249097278,-0.3225793133422929,-0.25646329151236386,0.06046225879897295,0.21764878160143097
Peve,OG_03619,15.804770318624229,0.11623130404417618,0.023824837054737483,0.8293447936417252,NA
Peve,OG_03620,105.92197878639165,-0.04997127159344032,-0.034304910482058956,0.7968027015147177,0.8944949867579014
Peve,OG_03615,73.02008918045743,0.6012895130469275,0.24066515265499233,0.1208381290133787,0.32447827522873424
Peve,OG_03616,1076.8962587878102,0.17469891524908235,0.05960894443032797,0.6342744466743128,0.7953749357637719
Peve,OG_03621,280.8530611655242,0.2695539607674465,0.22287159830912168,0.05924726248307636,0.2149692454516291
Peve,OG_03622,276.2192769132885,-0.22341508789011005,-0.0770256840071253,0.5474363932254768,0.733977269059831
Peve,OG_03624,804.2030678517478,-0.5957731243681615,-0.22517912158482362,0.11245377890031537,0.3111750405686006
Peve,OG_03623,63.16987309450986,0.26943670619127724,0.15794890042259263,0.27439441630552963,0.5125886864677599
Peve,OG_03625,71.93962934254138,0.36989138488791506,0.21872850414142236,0.150142553463835,0.36754047952683006
Peve,OG_03626,32.06314215983488,-0.2599254105913039,-0.0890513403799584,0.5005581664918611,0.7004884783156717
Peve,OG_03627,21.581651027084384,0.4038584070201301,0.0735590127849596,0.47439048767854136,NA
Peve,OG_03630,31.2553795794122,-0.06228317845514505,-0.021715405595957846,0.8664507226057312,0.9358601453013555
Peve,OG_03631,27.633491745852446,0.7969704337254816,0.23562896561971683,0.0958369794447407,0.28681362015324524
Peve,OG_03632,61.796641508148454,-0.4761128908636387,-0.08286353265353956,0.3904111326753071,0.6181982973852607
Peve,OG_03628,404.9385505370187,0.23496955339541326,0.18241984794591598,0.14786329361774456,0.3649027453018247
Peve,OG_03629,336.2401979879446,-0.4248177459225107,-0.28777756719609365,0.06490191674986248,0.22704717678403083
Peve,OG_03633,64.50549566915376,0.8728762795233302,0.6291506868062346,0.006349282056542145,0.056704373630408034
Peve,OG_03634,24.373091801455946,-0.0511774728651122,-0.015331349974551024,0.8978730367652371,0.9507664972726904
Peve,OG_03635,715.1351468286153,0.41855122562624286,0.33033206829881756,0.025168089797309574,0.12902456801877815
Peve,OG_03636,912.7607795409282,-0.38231006618108665,-0.21982259441895982,0.13334483724170687,0.34422940362837107
Peve,OG_03637,16.489819818109268,0.001158281127899679,9.167275311888386e-4,0.9977152245419414,NA
Peve,OG_03638,32.674529061772446,0.35125490261476655,0.12385156541482265,0.35657770375507086,0.5918103079060859
Peve,OG_03639,77.17316509932186,0.5415755925354353,0.28036195316355955,0.09135671716961859,0.28009977051253876
Peve,OG_03640,151.30581671921914,-0.24905273038362696,-0.09926645497789066,0.4495736232632166,0.6619574896900218
Peve,OG_03641,185.17083957413178,0.21441467070007686,0.11749686703895287,0.4061078835047145,0.6316312487829553
Peve,OG_03642,86.2013854685016,0.22538941872734924,0.09185359667373987,0.4973030426064699,0.6988443555871336
Peve,OG_03643,154.89113553068373,-0.20921586976750145,-0.14389842287519358,0.28341242201004796,0.5216322374661864
Peve,OG_03644,800.2630018073538,-0.15044665246441374,-0.11697793954139304,0.29247505083554987,0.5303738629159689
Peve,OG_03645,130.97126992647077,0.611275824473283,0.43816233833661633,0.017298618115933567,0.10291328881691969
Peve,OG_03646,16.061686887582457,0.15266676257353842,0.024339914551870047,0.7970436519585232,NA
Peve,OG_03647,51.97702278037648,-0.37750306387277466,-0.11199460988150357,0.369612364934151,0.6017753785142899
Peve,OG_03648,969.3325104343222,-0.06950439707883273,-0.03948003610145994,0.768791957999143,0.8791701374184192
Peve,OG_03649,101.39292702257389,-0.9764578281076048,-0.29919728570180243,0.049782645484884626,0.1952853724530644
Peve,OG_03650,41.385512086068864,0.715120440782705,0.17251372898166195,0.17115254510548267,0.3931966491597005
Peve,OG_03651,202.34287009950958,0.3958701071199747,0.20700060539147316,0.1715822645548818,0.39382756594730023
Peve,OG_03653,316.44724367505694,-0.45397830405402795,-0.2513350433498401,0.12011397766587616,0.3237046452513081
Peve,OG_03654,151.37091867928828,-0.8212087251766153,-0.40725725325722034,0.03491162200127581,0.15718483239108694
Peve,OG_03655,1738.2758946113966,0.582140539766233,0.220220573653882,0.1431895714034256,0.3573383901245631
Peve,OG_03656,134.19827274201168,0.25286947840635277,0.13648841520781066,0.3289615682436288,0.5656950850744841
Peve,OG_03657,219.14848732026712,0.2896711586541585,0.22219581461971794,0.08986491437490768,0.2776128266285142
Peve,OG_03658,52.279064369956274,0.254748894311365,0.10334854484206886,0.43825067423634745,0.6549520382639584
Peve,OG_03659,1147.7372931954064,-0.40274971549470556,-0.28115003803236216,0.06747621264892685,0.23301622300975736
Peve,OG_03660,197.49894158370674,0.3005939004808779,0.160707421785565,0.2674867989408849,0.5057618352771559
Peve,OG_03661,60.40248802037629,0.5130259052963946,0.27809716996467776,0.09386781915015005,0.2837001037165321
Peve,OG_03662,62.65183342492763,-0.37241906027749583,-0.1620204269815173,0.2617969021089499,0.4999163919445175
Peve,OG_03663,41.012054046372704,0.5720971629390834,0.18863617589662687,0.1750904713601425,0.3991140666731196
Peve,OG_03664,37.42047518798256,0.4462297318331329,0.23291873892831313,0.14023340932791176,0.35448128623163827
Peve,OG_03666,257.27127309262704,0.35350851990888876,0.2515390986416533,0.08870270212297977,0.2750253092278632
Peve,OG_03667,11.671828762803647,-1.4011566263906938,-0.16202211741118447,0.06362085472639105,NA
Peve,OG_03668,152.04495142071158,-0.4755240234438329,-0.3691453837722455,0.01841232595896966,0.10731836201639701
Peve,OG_03669,107.69440032423226,-0.08932483904491201,-0.05707237361530622,0.6785152590208444,0.8238298437535004
Peve,OG_03672,11.514857084023268,0.5149794350551318,0.09828393403851761,0.3643454436255908,NA
Peve,OG_03670,223.00131163630013,-0.5158222244232129,-0.11183137258858562,0.31911228605079073,0.5564196372476364
Peve,OG_03671,9446.818160384515,1.391655290904987,1.1703184972917051,1.1650708078584293e-4,0.004721015645885912
Peve,OG_03673,505.40709180279305,-0.5915825631884657,-0.3896496203861038,0.031843048223623736,0.14891365338708756
Peve,OG_03674,1419.5453483212507,-0.9110796986118294,-0.7812301893404576,2.4160962288787374e-4,0.007582062095193397
Peve,OG_03675,12.281725073775519,0.6079014874703417,0.15768084562442244,0.2091637434701266,NA
Peve,OG_03676,159.84598680048566,0.31034020040217225,0.17617876741796856,0.23207726407185017,0.46722108818693303
Peve,OG_03677,11.019889042140356,-2.026885373745494,-0.09588599512934406,0.05103061846700702,NA
Peve,OG_03678,433.6349592025733,-0.2842175994132036,-0.21765541500494953,0.09933271097806277,0.29273369138525424
Peve,OG_03679,76.31707044712164,0.214739407141271,0.062457155713128897,0.6207528707696437,0.7846851124882477
Peve,OG_03680,340.827280049734,0.08924805020442889,0.05671580479115874,0.6491145083321144,0.806148586580588
Peve,OG_03681,196.943146889857,0.4173983546855089,0.21561811861526686,0.15930013416640534,0.37769947777145224
Peve,OG_03682,37.58260191694935,0.709453499380547,0.17593002442972605,0.14282244980332537,0.35687431270413544
Peve,OG_03683,38.09645243806701,0.7359816824254326,0.10280382956451707,0.24551869186386482,0.4824249147843493
Peve,OG_03684,31.468701307878547,0.324867893815504,0.07434950867219163,0.5093637912663211,0.7047407159353465
Peve,OG_03685,28.877181681523115,0.7372096369176803,0.2613285747039145,0.08798019685641477,0.2740913274911637
Peve,OG_03687,109.42303562700226,0.34459669245307595,0.1926990656632619,0.1985487385451122,0.4284828017667605
Peve,OG_03688,12.350597123184702,-0.9902701551838604,-0.10614420856833907,0.1744732745408564,NA
Peve,OG_03689,170.62036599094765,0.514194987571974,0.4232770377087076,0.005807067167821799,0.05329327406118553
Peve,OG_03690,153.33970431303794,0.42559821757667327,0.158466889436053,0.25720015714999617,0.495227265464512
Peve,OG_03693,170.70762505702615,-0.24195803220008721,-0.18334918747341722,0.15857221135113567,0.37667698973275693
Peve,OG_03691,242.8641239602896,0.5445370576966289,0.32205416954878086,0.06339887881736724,0.2238859312834773
Peve,OG_03692,77.38436729864603,0.31548518266315345,0.21580915764781147,0.1353261094510524,0.34757731011399773
Peve,OG_03694,15.852316305974403,0.12422123384577327,0.03671383679913873,0.7702790851074667,NA
Peve,OG_03695,446.744779528797,-0.5374378217996229,-0.4226592258007971,0.010213011004719172,0.07539023045925451
Peve,OG_03696,131.1815417014943,-0.015527661925902075,-0.008161617844473485,0.9546726400447284,0.9788725186632138
Peve,OG_03697,67.81237350251102,0.3323043813426387,0.10615347846523826,0.41318051416495166,0.6365235908814159
Peve,OG_03699,9.264119145128593,0.09196615336455066,0.0010035222308178158,0.9232100840270848,NA
Peve,OG_03698,78.46450666946123,-0.031570588152701584,-0.013299207234350567,0.9080524189322684,0.9562542614633702
Peve,OG_03701,9.922365344626446,-0.04303798118584603,-0.007220780106100758,0.9376394209981195,NA
Peve,OG_03702,49.27358250870146,0.12441830714726956,0.05817870845895377,0.664864675356311,0.8150851459389085
Peve,OG_03703,17.68388342440993,0.13037374442824337,0.02532508502283312,0.8116287288884689,NA
Peve,OG_03705,24.055921833156116,0.4761877996015988,0.10342407181648279,0.362976958024473,0.5965358345640825
Peve,OG_03704,92.37002154995496,0.05325558376169803,0.03215829359092198,0.8105108993430495,0.9032287933287525
Peve,OG_03707,51.64280337812931,0.40561170952170383,0.19824250589742956,0.19581130090215124,0.4251041579574204
Peve,OG_03708,230.53930437588838,0.34622093248805813,0.2681847628538757,0.05198838970965344,0.1997972362436195
Peve,OG_03711,16.062753150664438,-0.32612483867978653,-0.10769785464793637,0.407869020065813,NA
Peve,OG_03709,60.06698011250905,0.3726365752075175,0.2660085704592296,0.06794840798769902,0.23390464168562639
Peve,OG_03710,23.581589812837127,1.625060161537886,1.254504294321541,8.121661443890786e-4,0.016154260281869455
Peve,OG_03712,57.5465288270879,0.1670603873275917,0.06612147839542883,0.6201636195377025,0.7846851124882477
Peve,OG_03713,431.7215224864653,0.0838485744078473,0.06052503410873728,0.6248983993685038,0.7878740822777348
Peve,OG_03714,83.21745632796862,0.05348811904714894,0.01721802707488718,0.8897875297730551,0.9464095676842325
Peve,OG_03715,52.67555504598433,-0.18478893478500172,-0.0931218716224104,0.508660689362296,0.7045181966274402
Peve,OG_03716,95.7086171685855,0.023638504617649027,0.010579064322286226,0.9366534142948727,0.9705421259654979
Peve,OG_03717,62.47625244342741,0.9663162189391422,0.7303338748309195,0.0029902881028388236,0.03581245560606927
Peve,OG_03718,46.93991160350167,0.9816777435963364,0.47402864162342495,0.025192186227340194,0.12906124726286322
Peve,OG_03719,355.4940072914695,0.4480961134822878,0.3166004647443317,0.0469300601850518,0.18836311827698873
Peve,OG_03720,40.375270205094175,0.2032136932228221,0.09099655176761957,0.5027264131101414,0.7012946008190912
Peve,OG_03721,290.8742279966643,-0.9812963020177424,-0.8353765490288019,2.886257296077631e-4,0.008392178657068471
Peve,OG_03722,534.7953198445632,-0.9491542739262504,-0.8384648775991571,3.143145421996547e-5,0.0021003931425236573
Peve,OG_03723,441.29154671321396,0.29046336217750807,0.2429448103230024,0.04284457207743129,0.1781604531036417
Peve,OG_03724,473.371845716535,-0.7863861089075621,-0.630359694018955,0.0014013701776099947,0.02275096261192357
Peve,OG_03725,131.7212911712349,0.2341608285702962,0.15718221526903342,0.251312380358313,0.4890238396829949
Peve,OG_03729,51.70073360842866,-0.5793534835049242,-0.2463512661928621,0.11445825200047173,0.3137440914727779
Peve,OG_03730,26.66245157976112,-0.024531720550992592,-0.009231955012538259,0.9454029597619649,0.9748348331709054
Peve,OG_03728,563.4862110898373,0.08516087454415175,0.035242659619171994,0.7656581981642351,0.8772423151774917
Peve,OG_03731,194.42144055284757,-1.4537700272903,-1.3556454973012462,3.085971396606836e-8,1.9590775082792396e-5
Peve,OG_03732,208.41448169089458,-0.1418507763186599,-0.11338066871312612,0.31885103334038595,0.5560913855281732
Peve,OG_03733,210.48533639421098,-0.23862037015212179,-0.1301509896100715,0.3568884949488788,0.5918103079060859
Peve,OG_03736,590.7081580394498,-1.253833738764605,-0.8997734592161417,0.002029471348233625,0.028420060166992195
Peve,OG_03737,38.12035801254426,0.768095885919547,0.38144510884462507,0.03706051060859334,0.16281832169334723
Peve,OG_03740,20.763446484690338,0.5536423791269017,0.08701719234155478,0.328794487490017,NA
Peve,OG_03738,804.7855241106802,-0.43473562061424176,-0.34282209203408776,0.021362582966164802,0.11674329773044725
Peve,OG_03739,23.05387625064908,0.42094488281081127,0.18649708451540836,0.21170585502433098,0.44367956081852916
Peve,OG_03741,59.67570629356482,-0.19396217856408418,-0.09439712713477787,0.49644691639145816,0.6983945196861876
Peve,OG_03752,5.86635949651638,0.4395472333731961,0.008357832803747928,0.7591268071573173,NA
Peve,OG_03753,41.41125394781405,0.7751606102131869,0.31428957086016934,0.06429834944768706,0.22572572630989862
Peve,OG_03754,207.2155677483874,0.10941860762319734,0.06737737593602484,0.615197962981157,0.7814870905436808
Peve,OG_03743,2413.8012349763912,-0.4804651888530967,-0.12559748746951876,0.2713763153566922,0.5093236684866423
Peve,OG_03744,91.80961693041206,0.13841358556338124,0.07901535001012307,0.5606742924041929,0.7439848039601361
Peve,OG_03745,67.83740006832782,-0.22909176205655638,-0.15115796099653644,0.28075599938396373,0.5184967765592814
Peve,OG_03746,303.4318503751035,-0.8606874474651074,-0.7143446183155728,7.13552127801236e-4,0.014771304645624499
Peve,OG_03747,84.56822817987477,-4.125538522417119e-4,-3.9575719962737247e-4,0.9983488765181051,0.9993304338002046
Peve,OG_03748,80.77175815824228,0.22473488815868642,0.1089444492713874,0.4398401048158589,0.6554793931314948
Peve,OG_03749,70.6128163291004,0.44531946314655946,0.1297572311840538,0.29690944256752244,0.5349707032827309
Peve,OG_03750,43.64071616373964,0.37068686228349645,0.13191554078663498,0.3316037720072661,0.5678034468760066
Peve,OG_03751,7.488846295477705,-0.7933777924317621,-0.09929100905568004,0.2712842975731913,NA
Peve,OG_03760,49.69607362426175,0.9329922084045253,0.7099222896420673,0.003104301587607372,0.03660880081753513
Peve,OG_03755,5.962123306395584,-2.6322393685807906,-0.12319849569227373,0.016150329904059187,NA
Peve,OG_03756,979.3271601175917,0.30434813337543937,0.2267172858902391,0.10073537611600285,0.2951715155029891
Peve,OG_03757,21.887720785153313,-0.2141754084910919,-0.060039939568788364,0.621993899625849,NA
Peve,OG_03758,8.000444418384493,-0.7849427645575445,-0.1146121173348009,0.21490108464862934,NA
Peve,OG_03759,500.2802563897989,-0.8679744404220169,-0.3607952784387867,0.038348656549703944,0.16674487693946055
Peve,OG_03761,109.59724825381971,-0.2524700150718597,-0.10198282617755816,0.4510058647564465,0.6634075942280363
Peve,OG_03763,32.3614842486022,0.27883035929226735,0.06716192210283625,0.5644546902203418,0.7467898280824181
Peve,OG_03764,589.1459643161583,0.2343799478434356,0.1233381553794415,0.3883121537463277,0.6170550661742855
Peve,OG_03765,23.97612378385478,0.4357187763863185,0.06502643247682266,0.4695181306868989,0.6771216395754803
Peve,OG_03766,140.6957296466237,0.26278141227560753,0.15021624816957063,0.2966467251434298,0.5349707032827309
Peve,OG_03767,275.5626454526917,0.08645659247143149,0.05711043646096143,0.6756230715488106,0.8228732765504396
Peve,OG_03768,255.49086962233127,0.36322181234368806,0.1204321507915169,0.3640770998972185,0.5972732339024533
Peve,OG_03769,23.419211617718602,-0.4164182495474097,-0.10694975376331624,0.3684705814083562,0.6009841008761962
Peve,OG_03770,100.59345351428362,0.0064147657737211265,0.0025011506541228043,0.9863546252130447,0.9943164661734781
Peve,OG_03771,705.3988576257831,0.22481585149796382,0.17265123575267,0.1589443334280501,0.3772080785217712
Peve,OG_03772,186.16608725301006,0.03085804517635044,0.01461506304361371,0.9169552911756398,0.9611547426270466
Peve,OG_03773,51.75090981382244,-0.26041893553992673,-0.07464825795828857,0.5424032683776454,0.7305227198214392
Peve,OG_03774,73.47413918778665,-0.11968374402984276,-0.033026434259685246,0.7795578730020472,0.8846435246475461
Peve,OG_03775,140.2485234680778,0.21853203727063952,0.14321260902392752,0.3026305651275618,0.5405008698047435
Peve,OG_03777,106.8328128378339,0.5387773359322613,0.36774432384010086,0.03541686404689338,0.15894081466886745
Peve,OG_03778,92.0167787801899,0.2593253352374872,0.10818183426180569,0.43726846386233675,0.6540111994432618
Peve,OG_03781,65.30520753970167,0.5931945875605664,0.34731596679838955,0.05126692422896497,0.197932559205693
Peve,OG_03782,53.924129431924605,-0.8164713717141833,-0.578689628555813,0.008369831974533476,0.06676584291308484
Peve,OG_03783,189.48242309838625,-1.0082381480147082,-0.7155796306627528,0.0044164675646525195,0.04596263648568701
Peve,OG_03784,24.010091852028808,0.8242948468949208,0.5521787227133232,0.012599871782382647,0.0850938149274743
Peve,OG_03779,8830.46293114577,-0.25025892688277046,-0.11065331969184343,0.41951358041707276,0.6418031301957083
Peve,OG_03780,106.75743474902193,0.9981334651339766,0.24747739134614977,0.0665696169368321,0.23124821788635974
Peve,OG_03785,797.0884108396195,-1.2488473716817603,-0.24815800610171043,0.04017804317277498,0.1713753263662933
Peve,OG_03786,26.72203224515895,0.296852773439925,0.07382996736606383,0.5370668794747084,0.7265806229512216
Peve,OG_03788,288.3796935775168,-1.4091314632966436,-0.851065385802867,0.004819284232401593,0.047991251349588676
Peve,OG_03794,7.825397865251746,-0.6332880121271847,-0.040319819489545675,0.4886241047807308,NA
Peve,OG_03789,151.52002529784272,0.23789653438428512,0.15773099042632982,0.26717452674622477,0.5055478253235818
Peve,OG_03790,24.984311701054917,-0.16296427761501944,-0.04593347641553903,0.6966527089367007,0.8362906297951128
Peve,OG_03791,651.1248868136656,-0.6224649807810247,-0.48071946194927107,0.007255026199883507,0.06127360265045738
Peve,OG_03792,679.6907927501827,0.808782938594179,0.6427909753446993,0.0024042115797730254,0.03180934880218802
Peve,OG_03795,88.64598340344237,1.02323224455703,0.8023416960860499,0.0013735133731430482,0.022428457618214406
Peve,OG_03793,327.8265114086263,0.07843805844505887,0.0501609038744897,0.7231331729209504,0.8521978178079943
Peve,OG_03799,127.66766211053367,0.4780670970035625,0.35879701641141803,0.023459122371614072,0.1232492665147856
Peve,OG_03800,40.07549253205966,-0.4420940972394245,-0.16048759079155614,0.25138184360498667,0.4890238396829949
Peve,OG_03801,303.1596625178762,0.04027459907122202,0.012532564250665746,0.8575801174851407,0.9319247854137298
Peve,OG_03802,21.91474209695343,0.19163973192395933,0.06341974636226094,0.6283261033844114,NA
Peve,OG_03803,162.65587475503992,0.3279223347207648,0.20310532420199304,0.16670635037391743,0.38686489320648537
Peve,OG_03804,1342.9530146644204,0.13488989542117655,0.031597781549131704,0.7682882803933,0.8789337918660698
Peve,OG_03805,155.53624530887728,0.07754244336927622,0.03763130737714266,0.7818868824817808,0.8859756463998522
Peve,OG_03806,200.81880708942208,-0.12997625087039721,-0.08457443789356346,0.5219875810724816,0.7155642052305965
Peve,OG_03812,17.28624165285051,0.44043979923097337,0.05379056930135984,0.5288814810515483,NA
Peve,OG_03813,65.50418274583133,0.455647862070842,0.27318667346396275,0.09190855832970818,0.28084401938632114
Peve,OG_03807,139.29739477694534,-0.5033030661365864,-0.39875728705910873,0.012400883927842202,0.08495297150120192
Peve,OG_03808,19.207663846763513,-2.039205166924723,-1.530101747740664,5.180479404696878e-4,NA
Peve,OG_03809,15.190591134188363,-0.14289726365569638,-0.025969427549781487,0.7975180822888029,NA
Peve,OG_03810,64.96168426505282,0.24520251737690715,0.10026703682953282,0.46086625585343133,0.6708749790258178
Peve,OG_03811,103.61022315884229,0.4152005459374902,0.2861534840813186,0.06743625924218126,0.23301622300975736
Peve,OG_03816,32.57077174489418,-0.17136492200843717,-0.056819585474378695,0.6518197958180334,0.8066217031419394
Peve,OG_03814,91.16947479498545,0.16291081264693894,0.05794273860750683,0.6542507139436133,0.8084480030531138
Peve,OG_03815,15.935943435468914,0.25590239651498514,0.03856359715490979,0.6712135895044948,NA
Peve,OG_03821,8.143158870043989,0.19151498399439792,0.030298461518047874,0.7605033529718085,NA
Peve,OG_03817,7.972313663158097,-0.8919931381333628,-0.08209146043668522,0.2887209759000276,NA
Peve,OG_03818,22.835965288524445,-0.29317633616823674,-0.06899617300802832,0.5625198034510667,0.7456917348734784
Peve,OG_03819,12.834138698408564,1.153507961568013,0.22745181081635904,0.0525135643341899,NA
Peve,OG_03820,60.51165784181245,0.2840733288201163,0.15458977946635738,0.28178986770487763,0.519650257123156
Peve,OG_03822,42.39569344488047,0.832560142373402,0.33393493688867665,0.049153170250052836,0.1937138390920344
Peve,OG_03824,70.36802352922332,0.34900171787448003,0.1579214418963645,0.26982202393984445,0.5073196928539635
Peve,OG_03825,791.7414314828757,-0.21818854113582897,-0.11581959975780952,0.41245075238197776,0.6357386500030435
Peve,OG_03826,4475.745974024453,0.23742177573698844,0.18596310290179163,0.13631191356536443,0.34905013698855336
Peve,OG_03827,315.43982494452166,-0.7542705989951313,-0.6716613156025404,9.968211662722777e-5,0.004339304939806978
Peve,OG_03828,11.236193051642132,-0.3988146920833817,-0.03660965534734161,0.6046856516046956,NA
Peve,OG_03829,53.15051184425006,-0.11371827922135144,-0.043235521793508015,0.7299941244190793,0.8551584253151694
Peve,OG_03830,131.38101398116686,-0.35919285874070767,-0.19802244818071577,0.19083183799020298,0.4190759816551433
Peve,OG_03831,8.976957295938549,-0.4802309754152225,-0.10093831871754438,0.37711887206158207,NA
Peve,OG_03832,38.5974036897286,0.8147795411702609,0.0756343952482739,0.2893128840559101,0.5279007307156702
Peve,OG_03833,7.54181393749696,-1.559799910275351,-0.07651566370482064,0.11473323815376596,NA
Peve,OG_03837,77.71113679705886,-0.9818321343960033,-0.8693215669365449,4.0939212891047024e-5,0.002474328260208042
Peve,OG_03834,18.74654766983665,0.5223426394670037,0.06157999740124951,0.4589142166960917,NA
Peve,OG_03835,43.54432494973264,0.5526878330403885,0.13901803608996238,0.2576428526707797,0.4955120554521585
Peve,OG_03836,171.40277926475017,0.5836769012267933,0.443028230563895,0.0125110650248082,0.08503229277158884
Peve,OG_03838,24.635478623531874,-0.3563950641389456,-0.042289699485155235,0.6026551423753237,0.7727700512733909
Peve,OG_03839,862.2867286345273,-0.053613058660055356,-0.02753722175389443,0.8488789466282982,0.9272194158288256
Peve,OG_03840,41.16813110105503,0.6660867237242634,0.26842556112648164,0.09185359695278233,0.2807948240715473
Peve,OG_03841,72.48331394867677,-0.11314340062798015,-0.047194511513982504,0.7196305415167888,0.8494182623605357
Peve,OG_03842,183.73600324272857,0.057433362447674066,0.028487455860055445,0.8317703013166116,0.9168609688076902
Peve,OG_03843,300.3712848237772,0.15162216334044273,0.11233362823157439,0.35562203030080913,0.5910011457524177
Peve,OG_03844,16.56318405043793,0.39870641634618514,0.0656617685821943,0.508578340404067,NA
Peve,OG_03845,1887.8929989460246,-0.9900067505528237,-0.8857751135330044,1.2732241444862185e-5,0.0012153866153517463
Peve,OG_03846,131.42645885013226,0.14854314693123757,0.0936404775104284,0.4921873935783075,0.6962829274428127
Peve,OG_03856,3.527847069235546,-0.993124821043772,-0.016886591655666923,0.5272349106473982,NA
Peve,OG_03857,24.318149529943764,-0.7411390916976925,-0.21570895855527059,0.1201840301478687,0.3237046452513081
Peve,OG_03858,559.8790408793408,0.6053803778055564,0.42942044456193945,0.018437331205700458,0.1073819488723441
Peve,OG_03860,115.23138229198254,-0.12099749087258231,-0.045386896367120635,0.7233725918714995,0.8521978178079943
Peve,OG_03861,9.35130185472579,-0.7146139248780738,-0.10555527997858498,0.2803248291914929,NA
Peve,OG_03862,93.73986312584245,0.516075630386089,0.25770203905063277,0.10700740321602636,0.30420521170974846
Peve,OG_03847,1292.4220475920617,0.1376970243760105,0.08525331127704008,0.5272464445509086,0.718696758993863
Peve,OG_03848,158.61996836793583,-0.5497835446917358,-0.3842904683030175,0.02636410016696406,0.13283862915379635
Peve,OG_03849,773.015379682661,-0.14082787777714997,-0.10424645106262291,0.39772898181120814,0.6236256126708405
Peve,OG_03852,134.33910629826906,-0.0466055090593285,-0.026203638492483958,0.8342641398550282,0.9178833358485853
Peve,OG_03853,7.824866856611112,-0.11491559733905697,-0.00819605820914354,0.8916577318957325,NA
Peve,OG_03854,239.95480148663705,-1.621169621637136,-1.4774528122481159,7.186933547517229e-7,2.0277799912957873e-4
Peve,OG_03855,70.73993177486764,-0.11641111229026692,-0.05893172001349482,0.6673817180397108,0.8170528499034717
Peve,OG_03863,1016.1105783836597,-0.30397533381223246,-0.18728297619750256,0.20028475693402079,0.430797111671189
Peve,OG_03864,118.14277750981452,0.31315492197370876,0.05283516335005007,0.5681306517156912,0.7485022217812151
Peve,OG_03867,53.29207374972706,0.02649448873576184,0.014807959173171747,0.9097732896237783,0.9570081359229416
Peve,OG_03865,382.82981161795743,0.10240118620100347,0.039014398224134515,0.7746439281694053,0.8828559057330274
Peve,OG_03869,119.01033127674566,-0.30080368695475523,-0.06700046173874813,0.5542007501013932,0.7396463409727424
Peve,OG_03870,41.18247229082624,0.05251670999837616,0.02351345045341246,0.8596165227890045,0.9325693543985957
Peve,OG_03871,41.34238898299501,0.030338798085586715,0.012788806564191691,0.9337071571562137,0.968807017599569
Peve,OG_03872,58.50142367504467,-0.012800298718120684,-0.002755362704640554,0.9771966412292575,0.9891732262123675
Peve,OG_03873,13.102879097080859,-0.663038105330857,-0.08409132272405447,0.3450685012327443,NA
Peve,OG_03874,125.49989787502084,-0.23113959834968928,-0.1659217855385803,0.21159597135529698,0.44363454605542607
Peve,OG_03876,131.38168182822656,-0.6722136006495489,-0.29100471293749963,0.07786862903250708,0.25383236750608584
Peve,OG_03877,13.846829031158512,0.7846114684991904,0.08548204594711138,0.2742932180337733,NA
Peve,OG_03878,369.3527226072474,0.2911940199819194,0.21438234608120196,0.11778578234808017,0.31989022813820844
Peve,OG_03880,14.0383113096465,-0.4737934569071298,-0.0617123865042064,0.4811133277388429,NA
Peve,OG_03883,112.27967505388594,-0.48863018620081883,-0.21503216400844255,0.1624136346390156,0.3826450159673697
Peve,OG_03884,97.8476872060586,0.2567547251380477,0.17931534008244482,0.21007090149143753,0.441833276521748
Peve,OG_03881,199.1490587772152,-0.002249223415846161,-0.0021273494938457535,0.9863543495268078,0.9943164661734781
Peve,OG_03882,110.57345207810967,0.245383413193258,0.14871515263118415,0.2765263803274389,0.5136742173456302
Peve,OG_03889,152.5476189148028,-0.18829277550400927,-0.13434429855315863,0.29498527408053815,0.5331430173061779
Peve,OG_03890,700.6630704486032,-0.0864553567979861,-0.06916198774401155,0.5257195902645508,0.7176110438668987
Peve,OG_03891,124.96105067404855,0.19803086778511042,0.10385206250422872,0.4536228220900634,0.6650781090672447
Peve,OG_03886,3996.5692039733513,0.2739441443842654,0.24233485361355514,0.018819226058887497,0.10877455547542104
Peve,OG_03887,444.47256190888805,-0.17064055780312906,-0.1379856601304355,0.25638177785860455,0.4942096112669153
Peve,OG_03888,9.091937825872222,0.2917580878752417,0.05889225264866926,0.5861498732455599,NA
Peve,OG_03892,43.76703535816491,-0.5239897289715798,-0.3146338584674169,0.06136980904429166,0.21949070671333984
Peve,OG_03893,571.9132395190252,0.059160681867697185,0.04625187071082137,0.7055005212616021,0.8420026587765761
Peve,OG_03894,12.768651287670062,0.19587416396451376,0.04633318589823495,0.682659710286255,NA
Peve,OG_03895,448.25723155067817,-0.29932689967131026,-0.18324030004774441,0.204876266285839,0.4361872832780015
Peve,OG_03896,302.7158724047508,-0.06757264063466686,-0.04361021673236003,0.7383465020822106,0.8609710168165132
Peve,OG_03897,11.340872928018777,0.35850505232824953,0.040194368384254824,0.625355094500643,NA
Peve,OG_03899,16.278913178661245,0.16389789373806896,0.024755810174450426,0.794465174430051,NA
Peve,OG_03902,351.0387619424735,0.014370565362575145,0.009969506504815855,0.9404022984044674,0.9720117577149391
Peve,OG_03905,130.40679319216642,0.1748259953580178,0.1335157973945904,0.27810725346932735,0.5153541855824217
Peve,OG_03903,25.82059976897983,-0.26417521274653705,-0.06143443096583223,0.5841557071471755,0.7596616894925201
Peve,OG_03904,722.2054860109023,0.36376298176296495,0.2852195670458043,0.0404613478475759,0.17200588610649173
Peve,OG_03910,18.832281907210337,0.4466092778714326,0.038887863808038645,0.5962036164601212,NA
Peve,OG_03909,50.446763346651174,0.46481842276877317,0.05471525163131103,0.48006316864355025,0.6860448136811195
Peve,OG_03906,517.1408681778943,-1.54629033139219,-1.189827833346392,5.999870294650635e-4,0.01375606039280116
Peve,OG_03907,44.63222830836884,-0.35827269772184783,-0.09855439063680196,0.426925490055487,0.6469700384409588
Peve,OG_03908,125.70287996224044,0.44050899630064394,0.3267537805935228,0.03605094680441033,0.16044687629738852
Peve,OG_03914,612.6826016413806,-0.20526984571536158,-0.17135999655592205,0.11291440248244373,0.31153806218507346
Peve,OG_03911,44.437061008917965,0.7518813764433698,0.10521998117567359,0.21289009905498535,0.44530389198266845
Peve,OG_03912,37.31294897226208,-0.13837177419636199,-0.03716873673502077,0.7475402835936878,0.8672440612997141
Peve,OG_03913,5772.560753961198,0.09716053488767147,0.07368034310444427,0.5392379577546982,0.7283536812367537
Peve,OG_03918,231.34078705256468,-0.05052954933923983,-0.020433164542843635,0.8786188629906677,0.9416869421226216
Peve,OG_03915,395.81552779396276,-1.4388959543363278,-1.2668762594763243,1.8338082055503014e-5,0.0014668739027717704
Peve,OG_03916,32.70224719466165,-0.44172407491021365,-0.05961053056565938,0.4642626326164966,0.6737955296765995
Peve,OG_03917,22.233626149377045,0.09657008170244549,0.014319896201819386,0.8675518118907457,NA
Peve,OG_03920,11.267985446767153,-0.6380178973763655,-0.05677767346076846,0.43951563860899895,NA
Peve,OG_03919,1206.8621159108595,-1.3465944472598574,-0.8086147032234551,0.0057437165408655054,0.05305066995541991
Peve,OG_03924,89.13224040593191,0.09968552923759762,0.04880630725567848,0.7190134592121118,0.8488214059008008
Peve,OG_03923,62.7259863861553,0.4916789694569397,0.3264116439435931,0.05103502025241361,0.19775421377562916
Peve,OG_03922,178.81222268920604,-0.14743183895659898,-0.09240018076331653,0.506462301989556,0.7037781825920528
Peve,OG_03926,176.91833160633814,0.5529411574466198,0.3329106993309649,0.05535727979896485,0.2061691439050941
Peve,OG_03925,1060.271133536513,-0.34956753735689255,-0.17541494774278887,0.2383868424201839,0.4732944919356166
Peve,OG_03927,30.03720798948082,-0.007999367849903837,-0.0034676324264509666,0.9802077209844642,0.9906105622790725
Peve,OG_03928,12.916776732845719,-0.5872357914763373,-0.06776151429134511,0.38341635960149206,NA
Peve,OG_03930,27.40371596485063,0.37587337846317614,0.15119185697345303,0.2847207806009988,0.5226402805758521
Peve,OG_03932,227.02474532424338,1.1868350056132926,0.15310042157342668,0.07893906799553196,0.2554621155437394
Peve,OG_03931,129.297249630682,0.9094326890554953,0.6881829457143871,0.002842413933478356,0.034868775113104857
Peve,OG_03933,225.51422235553682,2.105081743973571,1.726188582846681,6.316166870236067e-5,0.003165563106411734
Peve,OG_03935,36.656017838068344,-1.1786141576803424,-0.8937259148851083,0.0019680757219930753,0.027867659572756963
Peve,OG_03938,236.80975224604535,0.1785960583685737,0.1409897459356479,0.2368919126522558,0.47192536364667487
Peve,OG_03939,97.20172010039957,0.19121669292503862,0.09358382997874884,0.5008177779320084,0.7004884783156717
Peve,OG_03948,42.45223960336924,-1.2079511645877254,-0.9167919899268567,0.002253834029100705,0.030282640160353626
Peve,OG_03949,26.141463674582482,-0.8016121379882772,-0.16523216100031826,0.14220198574406875,0.3566989553501205
Peve,OG_03950,34.7784152723475,-0.6094061817911958,-0.041566585479257366,0.49762532245236,0.6990429110164261
Peve,OG_03951,17.73195973174983,0.7580921254825291,0.32229842868782266,0.05954925450027667,NA
Peve,OG_03953,22.08892612252756,-0.01414135247777191,-0.005104294345134008,0.9689369122331495,NA
Peve,OG_03952,368.37327948475365,0.42082595035963577,0.34364652286860126,0.014939918153442745,0.09445003858334176
Peve,OG_03954,8.441185353610337,-0.7362888664566885,-0.06517962454382727,0.40093532665531584,NA
Peve,OG_03955,234.3208303903824,-0.19430354824001209,-0.10187529972940979,0.46363134841909676,0.6735209024135543
Peve,OG_03956,61.91461231641829,-0.4501587898382003,-0.27533494379321233,0.08715407924600994,0.2722180302157047
Peve,OG_03957,264.2688404936739,-0.1302250161702711,-0.08582493836715355,0.5083857564724799,0.7045181966274402
Peve,OG_03958,137.50657678901496,-0.9097254087225782,-0.6826913317886852,0.0036320833977376604,0.04074994303971354
Peve,OG_03959,619.4084224774099,-0.6278287087510168,-0.5182066909388806,0.002909074051046799,0.03509094665294573
Peve,OG_03960,30.51617598572768,-0.7386745905594826,-0.18884843270535723,0.1339475114686002,0.34543403600805567
Peve,OG_03940,927.5282919897095,-0.09602592689719924,-0.0635334141409178,0.6242816701218712,0.7873804243358302
Peve,OG_03941,9318.078616776234,0.14551456989371295,0.10788999040363674,0.3041095296249334,0.5416662138608236
Peve,OG_03942,73.82279506389197,1.5236178287873097,1.4127021091394842,1.2296551179106958e-7,5.8546954301523e-5
Peve,OG_03943,15.718413679057706,-1.2809716797407427,-0.30073317304042113,0.026291989643580007,NA
Peve,OG_03944,157.36231037592862,0.5315179980900472,0.3374807122996562,0.048393106909453525,0.1918501383886111
Peve,OG_03945,94.65853829493471,0.10750090103694653,0.06413535003340903,0.6349782285015817,0.7956026553824095
Peve,OG_03946,1358.9673368737924,-0.03922322780138912,-0.03330677014694675,0.7312304009195869,0.8558170524205582
Peve,OG_03947,119.7856371666191,0.8529109290285909,0.7296999843288934,3.1963201183001324e-4,0.008777001086655639
Peve,OG_03962,435.8822156295894,0.08560120566708641,0.06941381567616968,0.5479262816584501,0.7342308555275415
Peve,OG_03963,598.0998277888534,-0.876774143064987,-0.7071252832664567,0.0014468912132313784,0.02320508897346661
Peve,OG_03964,43.38984855045029,-1.283828836297009,-1.0055712301738504,0.0010089607078149828,0.01829849314108489
Peve,OG_03961,63.39382332524778,0.5079637049521393,0.30869753949955253,0.06721413997817742,0.2328795853609196
Peve,OG_03967,20.460713515674836,-0.9281709502357866,-0.12285478084017674,0.1735082815298153,NA
Peve,OG_03965,18.106586820107633,-0.9649902455229223,-0.23367213328407405,0.06683780650284782,NA
Peve,OG_03966,68.84689030132427,0.0822318596882847,0.04783701085957664,0.7428252858870366,0.8638136204987703
Peve,OG_03970,40.78197734232167,-0.15640058256136216,-0.04596817807893418,0.7074891394915042,0.8421331663509811
Peve,OG_03969,18.481817831746117,0.7122897279549902,0.052333814068809346,0.41942682554486305,NA
Peve,OG_03968,214.1237278748207,-0.5300895791855516,-0.41461478534716123,0.01102515818675415,0.07864438285013438
Peve,OG_03971,2703.574234926247,-1.0689842392445594,-0.6107427324084426,0.010359313526236008,0.07593077394068838
Peve,OG_03972,112.80870240772335,-0.6379352908168592,-0.2820711006323735,0.07836030606257645,0.2545337888798479
Peve,OG_03973,94.76040759236807,-0.09534182211207343,-0.02989942568053367,0.8052189994376977,0.900360830429529
Peve,OG_03975,766.4508138630196,-0.6616013634937807,-0.3328441013747614,0.05460340234856172,0.20488379009635266
Peve,OG_03976,65.76384723624244,0.3300310645892176,0.17957058462092268,0.2269207032163811,0.4632052296630202
Peve,OG_03977,916.9065838639584,0.26637224226939266,0.1934466072449689,0.157201234841468,0.3745883662878646
Peve,OG_03978,26.326991746251636,0.1428778442709319,0.030280953341015625,0.7739250400000629,0.8825989453174371
Peve,OG_03979,280.0561777805865,0.4327916124039816,0.37108081195696424,0.005028295180376483,0.04917272488332227
Peve,OG_03980,73.9289945159747,-0.061080728805388854,-0.03101234260356203,0.8203926105446503,0.9095259133795244
Peve,OG_03981,437.13895884150924,0.2613006139228628,0.22074470593118437,0.07737521308748516,0.2533649538530721
Peve,OG_03982,102.29904615027993,0.25503282567450686,0.07696835040834621,0.5360130421478688,0.7257383842321581
Peve,OG_03983,137.02318604851908,0.3050133195469207,0.22704285352876655,0.09748538453745395,0.28998190527384776
Peve,OG_03984,45.68784092899505,0.03541095252177168,0.014602177995911602,0.9108170660515277,0.9574032247585129
Peve,OG_03985,58.99697746319715,0.03869578058063387,0.01822378490998512,0.8942557517106218,0.9487283220179793
Peve,OG_03986,725.9781635831113,0.21109409768575638,0.08334304889353569,0.5314454487827898,0.7219993247359009
Peve,OG_03987,727.4895649086853,-0.3423931185911838,-0.27060083859728634,0.04599137960234897,0.18619539367033988
Peve,OG_03988,122.97133237296471,0.21266503499501718,0.05680455398253573,0.6267620980264077,0.7893327265275539
Peve,OG_03989,79.45463922326087,0.8339416383092875,0.48844810962727114,0.01988323061732921,0.11184802838227985
Peve,OG_03990,300.897733099562,-0.444623851354371,-0.24339991217291013,0.12633649178996592,0.332765955349651
Peve,OG_03991,387.9053720362637,0.2819649649199421,0.1859677835412228,0.19132923015398953,0.4198919984348461
Peve,OG_03992,450.5885403956653,-0.09047884720729138,-0.07144614004839378,0.5262621169481838,0.7180843286604449
Peve,OG_03993,35.55751441034931,-0.12714679747428567,-0.045820748943591526,0.7086185361924213,0.8425559557849018
Peve,OG_03997,256.260992765095,-1.0864058534316074,-0.8647669106529421,9.17030471410242e-4,0.0174657934006776
Peve,OG_03995,782.60639857672,-1.1317646221571576,-0.7009595414547858,0.007292813905496386,0.06152453635888313
Peve,OG_03996,30.065780787740124,0.29293110258581584,0.06735088387160382,0.5486610692550407,0.734990294780894
Peve,OG_03998,357.43792858025165,-0.7820890612759083,-0.5846657169771656,0.005502594095456428,0.05187965571681568
Peve,OG_03999,373.95712282214,-0.44661713883697673,-0.27485581848952456,0.09062006138073393,0.27937823860721617
Peve,OG_04000,22.886013694792208,0.297128196957753,0.06395644740957737,0.5582007278652898,0.7421244580938531
Peve,OG_04005,400.3221612520427,-0.15696294058530194,-0.039576934152626364,0.721933830361555,0.8509503202374015
Peve,OG_04006,257.45518237617404,0.5545076695084249,0.23175985829963622,0.1273486727821251,0.3343012368208922
Peve,OG_04008,74.64171472205753,0.671570582760485,0.12574636747818957,0.2372371556644294,0.472111117211607
Peve,OG_04001,656.7985240873528,-0.09129639774619414,-0.05557621611768546,0.6774458514834968,0.8236636208768267
Peve,OG_04002,2094.5585796246264,-0.4742583948483757,-0.2239786420255846,0.14513901988029695,0.3601836579600976
Peve,OG_04003,1246.670562469884,-0.044412825553570935,-0.028160156946179814,0.8281111754866197,0.9142827441821838
Peve,OG_04004,173.545300410179,0.46953177451909117,0.15941730140727026,0.23947378546824682,0.47483375785973564
Peve,OG_04011,55.81912705498551,0.44948628524488093,0.23688941392405355,0.12621828190108017,0.332765955349651
Peve,OG_04009,41.849540586128256,-0.1605773726201409,-0.08579366132695376,0.5327707279396119,0.7228223340060488
Peve,OG_04010,363.64200779604704,-1.5963981153950053,-1.2975355023797173,2.0606249683402416e-4,0.0067084790635965645
Peve,OG_04012,111.86788563916791,-0.2196473555178781,-0.08284042940352689,0.5227864464662606,0.7156808688261942
Peve,OG_04013,139.6331108406448,-0.269176376234518,-0.16515366731495484,0.24805962975634785,0.4856639063181336
Peve,OG_04014,94.00698995905155,-0.8395773756047625,-0.5255294582651957,0.016416429724562177,0.09964464393366636
Peve,OG_04016,50.75993298999207,0.03202761067923668,0.01115715907465055,0.9211982763563642,0.9629287766935469
Peve,OG_04017,28.71706365109471,0.2260185240060251,0.06047057616287995,0.6192669318086383,0.7844322391949131
Peve,OG_04018,298.93799289846464,-0.09994600865115273,-0.03310185322494042,0.78771764552039,0.8892757889114302
Peve,OG_04019,78.4783856822395,-0.022061973760814382,-0.010469320892568374,0.9364969439583171,0.97051200096238055
Peve,OG_04020,52.62013550067741,0.2528395137083625,0.1475496906866233,0.3059673766059076,0.5431972675329304
Peve,OG_04021,417.1156277222153,0.3397275027234754,0.22730852670209242,0.12400183814339644,0.32955141812149036
Peve,OG_04022,190.19587090848148,-1.0555979505481359,-0.5386027017186066,0.02083384785069587,0.11467648332846903
Peve,OG_04024,236.86634616535397,-0.45452821700213236,-0.12366372570839448,0.2910380892869683,0.529273851560784
Peve,OG_04023,109.92757498206943,0.3179733352032031,0.18440217644674625,0.20868474460640613,0.44025367729386355
Peve,OG_04025,42.77349357434395,0.23547280388922542,0.08076662570985078,0.5325890035613975,0.7228223340060488
Peve,OG_04026,548.0353730919156,0.22506154997849806,0.15187043829785832,0.26914491128474805,0.5065370996072343
Peve,OG_04027,1694.5645796466822,0.5201823950273232,0.39524636796609625,0.017352237146196676,0.10311181168465389
Peve,OG_04029,140.66711840721808,-0.04372587648523276,-0.013495249624735082,0.9033595081012575,0.9544233675542536
Peve,OG_04036,147.3123390786743,-0.20988202632806965,-0.10765720039985675,0.4444247090678929,0.6584233651046842
Peve,OG_04037,291.2630840751228,0.14265943271655698,0.06557503261319782,0.6188664679551329,0.7841857539724223
Peve,OG_04033,59.68599462924917,-0.43715340605367387,-0.2634688440575521,0.10406321938542079,0.2999446103965704
Peve,OG_04034,114.32819288373598,0.8349260266829044,0.7324560920888235,9.411212869837377e-5,0.004192667815346266
Peve,OG_04035,37.968374037810946,-0.10578976121901576,-0.047931404408979195,0.7244951805418813,0.8522416893829383
Peve,OG_04030,36.478067039913476,0.0024438746584105405,0.0023235629329660355,0.9934197785995766,0.9972824388489978
Peve,OG_04031,313.96402023478316,-0.12724883960890937,-0.08102983085343796,0.5456659092321416,0.7330070351843511
Peve,OG_04032,548.8644125124092,-0.1878936162101117,-0.11142592348113257,0.4183609905591258,0.6408149824933466
Peve,OG_04043,156.5972455139314,0.12154588817184554,0.05340182406161456,0.6935779389436536,0.8341769401441037
Peve,OG_04044,65.47075102660061,-0.22549898709474,-0.12175825117617081,0.39214598257858513,0.6191443477239353
Peve,OG_04038,10.34160621055996,-0.13947618137927206,-0.014591420831934947,0.8447274410206389,NA
Peve,OG_04039,33.08958917282025,-1.022197797859758,-0.1881135441845741,0.0775255612928009,0.2533649538530721
Peve,OG_04040,177.61289493775723,-0.16006321449740504,-0.11654114593725742,0.3787834774571507,0.609881308099433
Peve,OG_04041,203.39554338475662,-1.0482043570510113,-0.7814785974848547,0.0024138857767878703,0.031814847487145324
Peve,OG_04042,215.37094768193037,0.06258231768069553,0.031993993088322625,0.8135882021547894,0.9050693522218437
Peve,OG_04045,131.1095821542958,0.3154475939191415,0.2479840808920416,0.06332904673965851,0.22387038425184155
Peve,OG_04046,2483.2128394331603,-1.1779320970237073,-0.929999968373493,0.0010096768695354525,0.01829849314108489
Peve,OG_04049,51.63439532418682,-0.37540809167039546,-0.1275291524465312,0.3334033937125686,0.568640779395329
Peve,OG_04047,110.16962613019051,0.08484879513787852,0.04830878473100274,0.7109272404769698,0.843796654942727
Peve,OG_04048,1835.8783622390954,-0.4252618004464898,-0.2520092510609925,0.10948418702001977,0.3080990519435027
Peve,OG_04052,353.39930052753107,0.15002758456387275,0.04524721450304993,0.7172203430761592,0.8478871156974209
Peve,OG_04053,32.21149793344484,0.2839373205003704,0.046008125992165055,0.6170264518737332,0.7831568661069809
Peve,OG_04054,96.687751989477,-0.07618940091244134,-0.04055513904172417,0.7652512186757351,0.8772294257658654
Peve,OG_04055,57.436731095275434,-0.414456633948326,-0.19585174887534695,0.18947628661457344,0.41802211162172614
Peve,OG_04056,355.4512779064568,-0.2683850122418165,-0.13259287408020437,0.3684819176649306,0.6009841008761962
Peve,OG_04050,148.72822344352764,-0.4109110486185967,-0.23054079948704845,0.13207256288736602,0.3423860010781337
Peve,OG_04051,14.472656047936647,0.33876237673536563,0.08895348351563341,0.45158173891898434,NA
Peve,OG_04060,16.076094512820692,-0.24749414824217222,-0.042860976485411456,0.6575195143859704,NA
Peve,OG_04071,378.91443200404456,-0.018480475226602296,-0.010649538434657215,0.9334142912385223,0.968807017599569
Peve,OG_04061,569.838162171377,-0.5289857929945995,-0.3965772674047264,0.017443371405568824,0.10343941671362938
Peve,OG_04062,89.85127347616152,0.8264176900142707,0.5727918490899323,0.009504247049449023,0.07240335402270266
Peve,OG_04063,20.385583474561294,-0.6760860749683274,-0.32400759112476535,0.06826987679787644,NA
Peve,OG_04064,91.93066304034797,-0.023412149081796917,-0.005263181701020049,0.9488468747528914,0.9765354622895874
Peve,OG_04065,30.406626282617978,1.2457823191314366,0.3573329640206688,0.022962792326982527,0.12132331387480975
Peve,OG_04066,85.28810423146513,0.6904404821547392,0.4447503982476199,0.024003270307761327,0.12524446109899026
Peve,OG_04067,230.6493875231395,0.16427419497263035,0.05454779917387021,0.6675810007907949,0.8170528499034717
Peve,OG_04072,10836.170256632273,0.2423774869530406,0.18445963953399444,0.1537485546742762,0.37065078781918864
Peve,OG_04076,87.9314753638888,0.4115273060671881,0.13688686807739583,0.3063267384895153,0.5433420937661402
Peve,OG_04073,172.52102892900936,-0.5258113923313932,-0.24153114279242757,0.12304320481244825,0.3282528525198543
Peve,OG_04074,235.3169392486965,-0.3408026592619367,-0.22418266065729078,0.13000090872430556,0.3396251449457338
Peve,OG_04075,235.3333850320002,-0.03658289682026332,-0.014649724073744508,0.8904242480442247,0.9465400223550284
Peve,OG_04077,201.051730872835,0.14793943801304127,0.07746936576978576,0.5751340761315695,0.752942325480374
Peve,OG_04100,84.69470488689564,0.22425728718912807,0.0904564596675511,0.5020280235535042,0.700803167423223
Peve,OG_04098,218.42843843714635,0.5610920980695004,0.4330562503865151,0.012819825084730325,0.08612118826761518
Peve,OG_04099,48.04902187567069,0.09285768426971765,0.061310408852804706,0.6452201818360062,0.8032827823544199
Peve,OG_04078,859.3100154212789,-0.08388517224017863,-0.06214604849954722,0.6059313714093282,0.773844960167018
Peve,OG_04079,81.86959257485432,0.5711153953505135,0.39255378805227975,0.02885635442613147,0.14082492505974986
Peve,OG_04081,5.139310630763129,-0.7484629544939536,-0.0747389558028422,0.36320059946893957,NA
Peve,OG_04083,1910.0230213398195,-0.526110856846015,-0.17639521018199142,0.19161891407993242,0.42031468110018
Peve,OG_04084,44.97921196221008,0.10733253675477114,0.057216323421175976,0.6738763957034336,0.8217689102719317
Peve,OG_04085,322.582768083696,-0.2656895795867042,-0.17053869545936512,0.22956157741886565,0.4656017297063148
Peve,OG_04086,177.00134102120333,-0.37022940209068833,-0.26846400262025605,0.0685902443786974,0.23533301784239297
Peve,OG_04087,121.56355579325786,0.07562592822264799,0.027903819377684505,0.8310109248978368,0.9162890759692749
Peve,OG_04088,855.9655834657008,-0.10183829391515459,-0.07667152375205213,0.5086970605213317,0.7045181966274402
Peve,OG_04089,267.8882420148161,-0.5540306245780777,-0.3252821636311638,0.058218760481332794,0.21281694690345165
Peve,OG_04090,27.250560433574204,0.7980650182587777,0.42210973157089077,0.03190612347286663,0.14901072940639384
Peve,OG_04091,29.02685430456115,0.633527262825949,0.15004598373560485,0.22671541375108292,0.4631584934180074
Peve,OG_04092,179.47036432726722,0.06550023172318242,0.02298833257739556,0.8542492630075439,0.9303396878966661
Peve,OG_04093,108.57147615115571,0.028882145321410996,0.01451202760849045,0.9205970425317433,0.9629287766935469
Peve,OG_04094,215.65623780350347,0.3163113328234504,0.20643230347455116,0.1571943808806587,0.3745883662878646
Peve,OG_04096,81.84106638365051,-0.8836396843729363,-0.205284523359101,0.11089821863871267,0.31046025533656163
Peve,OG_04097,225.9395423084025,-0.480965799292209,-0.24179554482848234,0.12742593892594778,0.33438884007505
Peve,OG_04101,36.423339471393064,-0.6262387544600653,-0.2164840253062174,0.13787125857932045,0.3511467863904286
Peve,OG_04102,291.27643106706046,-0.269976039128377,-0.12003415532024148,0.39322977452193747,0.6196988875275382
Peve,OG_04103,349.0201689414346,0.22487960069142263,0.13939402994777683,0.3154440137790068,0.5533162553461833
Peve,OG_04108,7.10747186773755,0.5013654437085047,0.062903508131879,0.4812321378410542,NA
Peve,OG_04104,111.18704726390241,0.8274907800826996,0.6508565388668381,0.00242812912080984,0.03189354773338155
Peve,OG_04105,140.92734550709406,0.3539640807799683,0.19269336160200082,0.20150908171982748,0.43205634239843677
Peve,OG_04106,32.5445923416654,0.4239709928333301,0.0878765285807766,0.4105656840730617,0.6352789633820379
Peve,OG_04107,769.8945007475662,-0.36846088249402964,-0.2155511252038175,0.15685715962685112,0.3742367184583
Peve,OG_04109,170.21860398801445,0.5385509956112794,0.280630134799998,0.09385572067105703,0.2837001037165321
Peve,OG_04110,224.77981690217956,-0.133460218392206,-0.06994032068988808,0.6019395660519072,0.7725288128574715
Peve,OG_04111,942.1776871905503,0.4146786534656783,0.2714970103656412,0.08336675657932499,0.26417968037491585
Peve,OG_04114,79.48977312546417,-0.020123961733094404,-0.005790543292086124,0.9578946873039171,0.9801533549874065
Peve,OG_04115,73.77368631705026,-0.15505870681880346,-0.09159176130064388,0.5046803258976693,0.7028619237090393
Peve,OG_04113,246.16556584367382,0.13393706231170782,0.08432996334833762,0.542717047078533,0.7307208315030513
Peve,OG_04117,102.20210646659427,0.5621935887440547,0.4458246649249309,0.007701201539621961,0.06376929709656533
Peve,OG_04118,38.98746498857728,0.13599446818239136,0.030944084561735738,0.7801682860840342,0.8849496729285546
Peve,OG_04119,106.84165042244405,-0.8889789096835063,-0.4479541266064797,0.029703453127178932,0.14258959189275433
Peve,OG_04120,60.44921502630309,0.37659686415655474,0.18664993956696704,0.21787727674213478,0.4526286049145304
Peve,OG_04121,6.731080579172877,0.1848621203914573,0.00722718846109857,0.8526449611552821,NA
Peve,OG_04124,35.682817845581155,0.5195410016863695,0.21390511489116795,0.15228561355547618,0.368903235563033
Peve,OG_04123,125.26257950715923,0.19112677017988158,0.10302113451464531,0.46513919873319015,0.6743374001201468
Peve,OG_04127,298.28888301433227,-0.9229837303716355,-0.7338610643586649,0.0014667495070630166,0.023474154926063154
Peve,OG_04128,646.8058654486138,-0.6124124671671698,-0.298515351039793,0.07139637133075112,0.2411962557861029
Peve,OG_04129,86.43612450256867,0.6484067670150802,0.21612305668287723,0.1367358052440194,0.34947141700621287
Peve,OG_04130,70.34475518526024,0.34264155251273926,0.20445581850062125,0.17458289799427862,0.3981953643474295
Peve,OG_04131,365.28682843763335,-0.5632679532627716,-0.4438953750094613,0.008309522195791607,0.06663562607214427
Peve,OG_04134,39.331315253624346,0.4774620752354376,0.22832249000452323,0.14398104040800638,0.35868134919169153
Peve,OG_04135,28.197065466675763,0.6310153392207123,0.2854889984851789,0.08733444549976865,0.27244627592843473
Peve,OG_04132,47.631016682202215,0.06314871476901081,0.027746957067090915,0.8272982474789068,0.9139150303501034
Peve,OG_04133,77.65914449821064,0.5574714999863147,0.39454559469864264,0.024798164548426937,0.12798944277094607
Peve,OG_04136,24.20593560034206,0.1368795332220501,0.033833957404177925,0.7667434179402143,0.8781450405305424
Peve,OG_04137,40.60611873376757,-1.2757584281069863,-1.1190692231150132,3.407975727827408e-5,0.0021816772348394286
Peve,OG_04138,238.25793579648837,-0.05213082550275658,-0.0361523767476826,0.8006579515456473,0.8972362863893412
Peve,OG_04141,203.47329946358386,-2.0739211245126534,-1.3056447229598505,0.0022406975763754867,0.030282640160353626
Peve,OG_04142,34.128808057717436,0.3211524959895209,0.05858158496056223,0.5647367469150384,0.7469035656247852
Peve,OG_04143,172.63588375124507,0.34153659712913764,0.23536431765531632,0.10771768988137544,0.3055702665038996
Peve,OG_04144,114.40014823759664,-0.09164227859280502,-0.058315877671394054,0.6598795792757209,0.812110280278262
Peve,OG_04145,361.54979120641707,-0.4303948052287602,-0.3427511081323106,0.016316219557226584,0.0993551734221252
Peve,OG_04146,183.49711731835123,0.36698010399270975,0.23012877731287495,0.12996760277069383,0.3396251449457338
Peve,OG_04147,36.9558038541424,-0.6029930497489977,-0.29292221754348763,0.08184935509673905,0.2619867172802345
Peve,OG_04156,33.20373790606669,-0.7398241575082868,-0.3590585370600348,0.049956409042666176,0.1955071004388684
Peve,OG_04158,75.18306738526778,0.6154364646664054,0.4875497319826743,0.006609153606446904,0.05793847200680382
Peve,OG_04159,586.7715773508811,0.29326401319289963,0.18165948345194577,0.21697709624331657,0.4512507559873289
Peve,OG_04160,614.4598074652089,-0.5056210031806148,-0.30726155550156575,0.06469505997093951,0.22659630660166308
Peve,OG_04161,23.36682426600227,0.020304955601292758,0.008951368447082024,0.9471468473526659,0.9756100599450783
Peve,OG_04148,148.32832976617135,0.1545838331861695,0.11697519645947912,0.3372772538233842,0.5731381038649433
Peve,OG_04150,78.2091165217886,0.476074559519338,0.3074819112957569,0.06804401217718616,0.2339166447499116
Peve,OG_04151,44.517626461998134,0.2982664119811299,0.20553183613497175,0.15103611648583862,0.36800190225204665
Peve,OG_04152,84.16553917608536,-0.7337700563156577,-0.541781694114173,0.00789035682241282,0.06484222035937526
Peve,OG_04153,32.29413931158128,-0.3819391882950865,-0.13404770512685008,0.3130384536658041,0.550872474018502
Peve,OG_04154,78.18190149008056,0.1210261715615588,0.07004716295588319,0.6000957962001193,0.7715703833124632
Peve,OG_04155,91.13435750998242,-0.21445471842345715,-0.1484060360460137,0.26870643632694197,0.5064139455895876
Peve,OG_04162,164.7586871345474,-0.27350234934417245,-0.1542385074719667,0.2829811995276365,0.5214772254856358
Peve,OG_04168,19.406665977917694,-0.6721872034903285,-0.19966048911511516,0.13264200737209816,NA
Peve,OG_04163,31.22551181773602,0.09324097940323425,0.030238975128475433,0.8126671307449546,0.9041767492354408
Peve,OG_04164,104.26844404568787,0.11621814417859426,0.07231284885070569,0.594283841146643,0.7677216045201164
Peve,OG_04165,703.1407599968294,-0.5346720064384914,-0.35178868207208813,0.0434527091143229,0.17942256490303954
Peve,OG_04166,780.6497533365568,0.08533009340059881,0.04637007341104871,0.7322307448121377,0.8563121437733935
Peve,OG_04167,39.993081779157286,0.17322513875711218,0.04399719602068841,0.6977484710394324,0.8365791641190085
Peve,OG_04170,599.9469716223147,1.6547818600260253,1.5202506575617127,4.4140528153287734e-7,1.601250207008314e-4
Peve,OG_04171,41.240044780535825,0.07582390366858563,0.03241631597356427,0.8144586247145678,0.9053833627184397
Peve,OG_04172,93.52287759969602,0.14719766697518044,0.09677714826718951,0.4641764065971831,0.6737955296765995
Peve,OG_04174,18.38480931408974,-0.7577103615300033,-0.10504486569781439,0.30024876631687153,NA
Peve,OG_04173,10.447230471037654,-0.8376435146906931,-0.10740311913902754,0.2536884364345201,NA
Peve,OG_04177,227.30853935940343,0.8074785334247069,0.601390431895387,0.005223973958895164,0.0500581554954256
Peve,OG_04175,151.21566524992258,0.22812175578542915,0.1431846577851087,0.3091238890420209,0.5467624301653391
Peve,OG_04178,242.24823273658637,-0.39852452194903787,-0.25560300496070076,0.09978146356101336,0.2936018499064503
Peve,OG_04179,164.68333423358163,0.1259839653608614,0.07777657840426262,0.5570014425847163,0.7412444521909595
Peve,OG_04180,70.14792211475738,0.24915694874356561,0.13055279317408924,0.36723069271766123,0.5995635270302493
Peve,OG_04193,72.4924474198685,-2.7646437750240493,-0.18554678597708332,0.0013397209849233755,0.022138816622876954
Peve,OG_04195,122.44679875506843,0.5931839016991601,0.2501408331861505,0.10871442362788895,0.307262678888133
Peve,OG_04181,17.85444564408918,0.26526230485308055,0.0475820641975501,0.6426324459133101,NA
Peve,OG_04182,124.17874530551525,-0.7131762763463037,-0.3815445713318831,0.041393013029795124,0.17450579593856075
Peve,OG_04183,125.35565104069872,-0.761196044063072,-0.49977616761189414,0.017727100759668067,0.10452403528417287
Peve,OG_04185,87.69340043755014,0.40248492798870683,0.23568131467480058,0.14259329529450318,0.35674079591248775
Peve,OG_04186,955.4997507942384,-0.0021741327220437014,-0.003505364878896023,0.9854581795166222,0.9940704994117623
Peve,OG_04187,216.49095337883654,-0.4709926996698124,-0.2554397775992387,0.1136979252633695,0.31302883796759984
Peve,OG_04188,50.81682386040384,0.3359577823236955,0.1448115425720988,0.31965977318397304,0.5569503378502213
Peve,OG_04189,34.909820713120354,-0.054429963522231596,-0.021215411276931027,0.8762557062577219,0.9406832456795454
Peve,OG_04190,590.6994984901912,0.6176034902263458,0.5124629680791252,0.0025263999973268204,0.032502002753841304
Peve,OG_04191,58.963967298379814,-0.0605126507267175,-0.03009613356150296,0.8206877131946524,0.9095259133795244
Peve,OG_04192,10.790753659578467,0.5856737150934551,0.21824336721475476,0.15153988254669123,NA
Peve,OG_04196,16.142861215392347,0.8230988298425965,0.39837561705101016,0.041464701310456736,NA
Peve,OG_04197,32.240743537654474,0.25948765241173827,0.12489756155634792,0.3758829802972283,0.6075698162326088
Peve,OG_04198,69.30986757115049,-0.27249445177445064,-0.10766778670991292,0.4306578859186197,0.6497148347725845
Peve,OG_04199,557.6272708238331,-0.2100359568663875,-0.11481982963806064,0.4125040886013447,0.6357386500030435
Peve,OG_04201,35.97993347096184,-0.09122554694633449,-0.04557003791667802,0.7473207767860566,0.8672440612997141
Peve,OG_04202,427.52414294969566,-0.5950363913642054,-0.4223246656917498,0.020527584896432485,0.11373028490256194
Peve,OG_04204,16.352313712597578,-0.7185736279200329,-0.04760593196030694,0.4073382000136813,NA
Peve,OG_04205,296.4805986887356,-0.015188165894870303,-0.010713423773510993,0.9472878898333974,0.9756100599450783
Peve,OG_04206,88.5522967099298,-0.5452641182825064,-0.18513648022988005,0.18900235926080847,0.41734639447688954
Peve,OG_04207,261.2256892794418,-0.6895445678125208,-0.49748041494664264,0.011520523829487818,0.080752884228958
Peve,OG_04208,24.339184065016575,-0.018835336574353493,-0.0037429954074973374,0.9676478164271175,0.9852765697920154
Peve,OG_04211,273.4007210855237,0.4793129976765862,0.3670618463476442,0.01989569472086023,0.11184802838227985
Peve,OG_04213,41.693924308272436,-0.14547873424822663,-0.04330261821181229,0.7495265176185046,0.8682229417568514
Peve,OG_04214,99.4601686840278,0.17435556343032885,0.10074676638059002,0.4673249590739914,0.6757200081154512
Peve,OG_04215,260.662411274731,-0.2840361497361127,-0.1507356912121403,0.2924271153301226,0.5303738629159689
Peve,OG_04216,350.5228072449173,0.36019379492943693,0.2018842044943693,0.18139342910299935,0.40719585501141065
Peve,OG_04218,59.59429063878923,0.3401485085486778,0.052405666299414864,0.5632784313171519,0.7459005438996129
Peve,OG_04219,50.15060617088599,-1.849868619195486,-1.5018371568095286,3.3186712704631695e-4,0.008992767086351177
Peve,OG_04220,214.63345255448277,0.02508579923577087,0.010099538586998857,0.9401908941870102,0.9720117577149391
Peve,OG_04221,57.467182328356735,-0.23914373109341303,-0.07415729443115673,0.5417751770594073,0.7304855396174451
Peve,OG_04222,150.02345912160763,-0.17141290364038464,-0.10648474542994393,0.43257978919249934,0.6512634059423834
Peve,OG_04223,19.49518164819417,-2.086236808525496,-1.0524407751786973,0.0028849042436333216,NA
Peve,OG_04224,84.34513743985212,0.16071840018217035,0.06580849810219183,0.6214711163259594,0.7848336457754179
Peve,OG_04225,6.096982649479237,0.47737691734601795,0.035632128333908,0.5719528471434672,NA
Peve,OG_04227,396.09341911937963,-0.2928844555687675,-0.12012412866314726,0.36126376249569253,0.5951789235926007
Peve,OG_04230,16.88973892478372,0.743422061851798,0.19434156099115898,0.1303050439537535,NA
Peve,OG_04231,31.32728700887398,-0.2506770388569945,-0.039394163224425585,0.6846639201783966,0.8281628681992735
Peve,OG_04232,67.53780298572417,-0.03180107266518305,-0.014523018441849547,0.9075055366630235,0.9561120442898222
Peve,OG_04233,76.37115461127655,-1.1180733097157343,-0.9639892144137685,1.070916953561888e-4,0.004482552391337617
Peve,OG_04234,61.11607664291133,0.6358407397684294,0.47402785928470914,0.011824645455680332,0.08226497633002079
Peve,OG_04235,40.305068868544915,0.7152945748058227,0.3154069642447635,0.06730688654573587,0.2328795853609196
Peve,OG_04236,69.09086542790372,-0.8450259160680087,-0.2732508325756199,0.06302676472212149,0.2232580337898683
Peve,OG_04237,539.4646749411152,-0.40641939591730275,-0.12083767460319997,0.3291583265479287,0.5657333307656898
Peve,OG_04238,5413.433752358224,1.7211311269268836,0.17454758358498568,0.017534784069171725,0.10368515582922352
Peve,OG_04239,292.7293736997162,-0.2950388050395853,-0.17569910202570396,0.21973044866741118,0.4546188370310534
Peve,OG_04240,43.2951204241611,-0.8313466584270734,-0.34738712990707366,0.047923351580783896,0.19054284569019403
Peve,OG_04241,693.409378394314,-0.6066631978330945,-0.4876156433696291,0.004818445808350775,0.047991251349588676
Peve,OG_04242,7.64044812068796,-0.33499454284087843,-0.07203968885471229,0.5080236967642181,NA
Peve,OG_04243,114.60354298751253,0.9828985116725953,0.8281481342604036,3.2029486769365547e-4,0.008777001086655639
Peve,OG_04244,176.67551161876239,-0.43862557609877384,-0.26263649271772666,0.09878430020603561,0.2922480772697395
Peve,OG_04245,13.752821675376827,0.8034134562682389,0.1908098218782181,0.12436291145992398,NA
Peve,OG_04246,216.57735122237094,-0.7205087244440144,-0.5563642469662606,0.005181128541977067,0.04995134704825642
Peve,OG_04247,739.1682601094066,1.3406232622007443,1.0453970046720322,0.0010777113407821066,0.019137540778736802
Peve,OG_04248,101.36521453498094,-0.18784984316723088,-0.12045199223318875,0.3703574670488356,0.60247345376426
Peve,OG_04250,162.1316317123076,-0.5091919751089968,-0.08510424456151645,0.3545513893409724,0.5903764992348695
Peve,OG_04249,5.97238537362801,0.18359627631479367,0.0034130250108947045,0.8090938416186505,NA
Peve,OG_04255,56.97349011298238,0.08265196513272889,0.03758215701836965,0.7805194007102112,0.8850843695460539
Peve,OG_04251,1740.7170089603903,-0.32397041314280456,-0.21038036310355074,0.1547476686192461,0.371756118374235
Peve,OG_04252,59.99271478198431,-0.4302254079536958,-0.1862522739166973,0.20775510153396193,0.43967706309915094
Peve,OG_04253,141.14584186757642,-0.1375741456380096,-0.0759312000850987,0.5819782562509408,0.757775571107355
Peve,OG_04254,200.89068270128905,-0.14102420844904448,-0.08301371501419394,0.535333344813562,0.725136810239992
Peve,OG_04256,1793.1986557259886,-0.6476350300475358,-0.22902138140053876,0.1144791969317626,0.3137440914727779
Peve,OG_04257,60.00283769517642,-0.2801592557050445,-0.1283998987244338,0.364421528851673,0.5975383570366003
Peve,OG_04258,42.889814337226355,0.10238778304777042,0.05254593767747656,0.7016710143097449,0.8390942424429005
Peve,OG_04259,72.39184846713803,-0.6532254477320656,-0.3639205804861278,0.04626338453127157,0.18647479889279758
Peve,OG_04260,41.693514833901865,0.2986052576286981,0.1050944505943481,0.4383392148472565,0.6549520382639584
Peve,OG_04262,24.416168389663714,0.4219765766114651,0.18558688262287826,0.2164572082518456,0.4505385279952349
Peve,OG_04265,15.907787573759666,0.6638392233974212,0.07503642124446971,0.33541753193878626,NA
Peve,OG_04261,1844.7122698874289,-0.7429550104649312,-0.3358523340901215,0.05454095816890041,0.20487821466010026
Peve,OG_04266,20.41994063230733,-0.07458389699813917,-0.010102053690114252,0.9090778802460285,NA
Peve,OG_04272,64.0007812516834,0.29924149076634027,0.12146762186899117,0.3804987914511628,0.6107542758691441
Peve,OG_04268,90.0275431542148,-0.0722653867324109,-0.03205855168949771,0.8169061307196768,0.9066420314426715
Peve,OG_04269,69.29662179746336,-1.32993030940303,-1.075728098650447,4.240316014194931e-4,0.010591058162667862
Peve,OG_04270,678.6332355271197,-0.9447699729146363,-0.7964970753115214,3.762980494972757e-4,0.009850991550069575
Peve,OG_04271,123.29768417693514,-0.6990220553259168,-0.4937478659633205,0.01247790773921984,0.0850279645393846
Peve,OG_04294,29.599648157312075,-0.6236018949498988,-0.3547480924487375,0.05025190015258492,0.1960158604006103
Peve,OG_04295,185.87173838408384,-0.17134940485104141,-0.13290885531592592,0.28726141222111307,0.5255265689605502
Peve,OG_04296,77.68292623110246,0.03770378107826434,0.018955938207210553,0.8858864723991455,0.9448492195023364
Peve,OG_04297,10.07078429177251,-0.3392845612429691,-0.03349366271571994,0.6615593900326656,NA
Peve,OG_04273,276.79894688589104,0.09325129753792188,0.0718357576698798,0.547244260828924,0.733977269059831
Peve,OG_04274,65.28301896251344,0.4726398500856139,0.23775377967239245,0.13274125799864447,0.34313637714071044
Peve,OG_04275,424.11067494785925,-0.49778556357628195,-0.28838987096613666,0.0860870336435646,0.26999218703033145
Peve,OG_04276,103.88036320740824,0.009257641248596772,0.006552825511498126,0.9609377335819771,0.9818164772569073
Peve,OG_04278,1147.0709184804361,-0.30699024907707295,-0.041072357272388435,0.6302559409771608,0.7920306430821529
Peve,OG_04279,89.2039164052232,0.4999316067489666,0.24094166527487884,0.12098484509495226,0.3246652169263759
Peve,OG_04280,56.8362799607076,-0.2053246478988021,-0.04788859704957249,0.6676495130807445,0.8170528499034717
Peve,OG_04281,164.40198096427343,0.08165007559282529,0.04240839481052601,0.7503549411934975,0.8683281090706463
Peve,OG_04282,43.19830368040423,-0.029301525132440692,-0.008289238406357728,0.9382204611125181,0.9716372312065203
Peve,OG_04283,15.643902016211962,-0.1591460818512489,-0.03958865783981457,0.7487103448220693,NA
Peve,OG_04285,467.3155121261352,0.1799279070936234,0.12272029134930108,0.3651354578698608,0.5979367837602321
Peve,OG_04286,8.38448402975624,1.0626273766024212,0.034226851686903384,0.3374142217748673,NA
Peve,OG_04287,9.138530352917257,-0.5834918794069996,-0.0750002654773645,0.3861960660606164,NA
Peve,OG_04288,58.649120209671885,0.2026722213823733,0.10462497221674387,0.4546641614693387,0.6660829965525812
Peve,OG_04289,409.5233155574081,-0.04042783080957557,-0.018628097913105303,0.8880076488959943,0.945602777367862
Peve,OG_04291,9.694467004258257,-0.6679431462951965,-0.048129734726038355,0.4884781968527993,NA
Peve,OG_04292,90.25312389678444,-0.26537136082922264,-0.15358290782014591,0.29969226877809846,0.5376201616930448
Peve,OG_04293,190.53804026693388,-0.1686421940422077,-0.08178855252364568,0.5504134380938889,0.7358683985258199
Peve,OG_04298,800.7228577205045,-0.8253376305344564,-0.5283605076483301,0.01495488244855536,0.09446624750671205
Peve,OG_04299,3149.809757058077,-0.6799497915682076,-0.4044696778150035,0.033478988250073234,0.15349788616337093
Peve,OG_04300,42.767593675357354,0.4006870760516954,0.19126679785042255,0.2041413447225377,0.4355053205585326
Peve,OG_04302,70.0956691520434,0.322111642582582,0.21724640785945004,0.138181286025277,0.3513568214087317
Peve,OG_04303,71.42334750597799,0.3873917673805553,0.2564462365148583,0.0983101032351568,0.29129769212190765
Peve,OG_04304,1154.0570154517557,-2.570497887791543,-1.5250878951816444,7.112145567542299e-4,0.014763031317040117
Peve,OG_04305,110.53741822556209,-0.21563793456510497,-0.15583296898303095,0.24486169506774097,0.48150655473052417
Peve,OG_04307,20.212188945976532,0.899031459291204,0.2587362659439665,0.07235579082845174,NA
Peve,OG_04306,6.24875946415269,0.19892574849050856,0.009420988685166765,0.8610409654158334,NA
Peve,OG_04309,89.68726661159637,-0.27868556609793127,-0.14524907445240656,0.29613246622259604,0.534329021242003
Peve,OG_04310,37.82392359085641,-0.8572160487243906,-0.28967683503922337,0.05717645009064423,0.21072578461080202
Peve,OG_04311,263.23819233074283,-0.8369386142959477,-0.5176592283316682,0.017434726546074586,0.10343941671362938
Peve,OG_04312,434.16705665215676,-0.44815025127117636,-0.3412929390017145,0.027040214021249696,0.13516558426107625
Peve,OG_04313,70.31236608458975,0.09387980164924514,0.044285606956370224,0.7499882831445426,0.8682229417568514
Peve,OG_04314,8.475093825791097,-2.226909372754695,-0.13157884767125053,0.019605585922669613,NA
Peve,OG_04315,441.5431128923739,0.04808181816384629,0.03594009186845073,0.7669926505748615,0.8781450405305424
Peve,OG_04316,38.30313170324193,-0.20693785686606753,-0.08507787192270763,0.5282797655583324,0.7192913769478778
Peve,OG_04320,87.83469409066521,0.0634357295810771,0.034859864102062675,0.7905153010534371,0.8907181723746611
Peve,OG_04318,21.90942562672541,0.7495323036319105,0.20692906732780272,0.12634755373621492,NA
Peve,OG_04319,104.2539751813232,-0.21176658785917493,-0.12051238333872168,0.39265377876843555,0.6191906651638284
Peve,OG_04321,64.72444987555646,-0.22234796592454822,-0.11486472485430857,0.4189941906211927,0.641587486261758
Peve,OG_04322,37.2464383412808,-0.6483026892546013,-0.13470500352724632,0.24271809978793096,0.47897841712441036
Peve,OG_04323,48.68099770349675,0.21221786232413012,0.06747968573271429,0.5899671146821006,0.7640886568596128
Peve,OG_04324,65.40520485284821,-0.35547348943769425,-0.07986996434763736,0.4527554291923876,0.6648209058572877
Peve,OG_04325,169.59447152674701,0.3442276553813992,0.1674751721405596,0.2588522122737413,0.4971398274262734
Peve,OG_04326,578.8188591869009,0.2763813736793046,0.24179371276747866,0.03353799146674949,0.15363344497516393
Peve,OG_04327,989.0163974550957,0.2126969145446882,0.14396897766761563,0.29248207220243655,0.5303738629159689
Peve,OG_04328,36.71429076755093,-1.0689293234846249,-0.6798640026767676,0.007943881942150243,0.06500160326025838
Peve,OG_04329,46.07246200805287,0.38820406571519056,0.1554196820462255,0.26870254582140524,0.5064139455895876
Peve,OG_04334,49.354364194406855,-0.09925272069772267,-0.040502024731342214,0.7573322348491169,0.8720919909013386
Peve,OG_04335,231.9104705243615,0.4192752244404475,0.23512531993515962,0.12583995729211694,0.3324024946779982
Peve,OG_04336,29.03782107192812,1.121339331559617,0.16182685343626957,0.07681168060052222,0.2524380426293263
Peve,OG_04330,133.36455147912076,0.3624689426487803,0.25861410723968226,0.0886214028295609,0.27498820602801094
Peve,OG_04331,23.11880060484735,-1.9249071623820577,-1.4093528391679133,0.0010843498379627414,0.019166072077958618
Peve,OG_04332,13.373568195369003,-1.0360030992953648,-0.30982388084084517,0.04330603870362443,NA
Peve,OG_04333,15.313608218333465,-0.6221820221960577,-0.27356004668111233,0.09313062616268296,NA
Peve,OG_04337,221.49948661277162,0.6486924975525757,0.45175846445828943,0.017821495606036578,0.1049023622258057
Peve,OG_04338,108.88120666875066,0.25564356841627545,0.10127920122666334,0.456920310433536,0.6681034404765215
Peve,OG_04339,9.818429700088195,-1.368016316322495,-0.18106642148118982,0.05988386908153201,NA
Peve,OG_04340,28.57415158037003,0.0042164865593497585,7.381600916268509e-4,0.9911374876568181,0.9968953500091946
Peve,OG_04342,307.1074018312261,0.47348448637120066,0.2802699703789369,0.08444232280333168,0.2664795423014833
Peve,OG_04343,90.56258231886626,-0.02023838535391658,-0.011286726052774363,0.9276458489846089,0.9656745118290175
Peve,OG_04344,118.67629322896748,-0.4693077542168564,-0.15608077048810823,0.2356482966646866,0.47043205555334966
Peve,OG_04345,492.38099928393825,-0.14710550206043588,-0.055379464592162704,0.6656050143636678,0.8157302122622943
Peve,OG_04346,78.3642396401044,0.11533032961660268,0.03894853234684014,0.7700204808995258,0.8797264582322416
Peve,OG_04348,25.90889754317014,0.6327238397603162,0.15359496985128918,0.2033103971369719,0.434207626966485
Peve,OG_04350,294.22870892762285,-1.2773135826274027,-0.7578609961330871,0.00495094625443168,0.04872908083496194
Peve,OG_04352,17.981685276882317,-0.5711124968464586,-0.16606947887407314,0.2133456350882559,NA
Peve,OG_04353,1766.888928112569,-0.24778780263638542,-0.03982551762575302,0.6699406367615586,0.8187862265729098
Peve,OG_04354,188.6794117822278,-0.7577803003465221,-0.524892444705049,0.010441286982949065,0.07626243934430103
Peve,OG_04362,267.35825434672626,-0.009005030396815775,-0.006237008703096798,0.9563670201859257,0.9797746045960706
Peve,OG_04363,99.95084294953126,-0.6385292665443246,-0.23692645931411424,0.1085076519278271,0.3070784760259153
Peve,OG_04355,145.26226122542667,-0.37711021492748864,-0.25749021887407764,0.08681451289694699,0.2716028580077791
Peve,OG_04356,27.30222622193598,-0.0898642649091457,-0.023683039216697475,0.8376605025595297,0.9208221801585132
Peve,OG_04357,264.3859835299809,-0.247278134480558,-0.16862545382994626,0.22277824365484833,0.45831073728399535
Peve,OG_04358,271.5325040705682,0.49702600861370916,0.36611575599564283,0.027190120426415384,0.13547046266084525
Peve,OG_04359,1917.1583093716768,-0.43575893767768714,-0.3205292157579958,0.038453818341542365,0.16682428425974674
Peve,OG_04360,366.9836714324334,0.6198112198596887,0.37045056314182884,0.0416848989272589,0.1749617410621809
Peve,OG_04361,25.315191395128693,1.2720988823202402,0.6007414997290642,0.013761673499002317,0.08941599080026165
Peve,OG_04365,161.8159298652774,-0.06334936654448195,-0.03998823274824316,0.7883428375626853,0.8897178868966721
Peve,OG_04364,761.3542867499204,-0.2712005117266786,-0.18208927524035484,0.1737578854898259,0.3973747155681305
Peve,OG_04366,50.86253073939906,0.5165454223339605,0.22871211128608665,0.13889271908868697,0.3524599380471743
Peve,OG_04371,329.82291181920937,-0.4929349646068034,-0.17893321203451718,0.19974679409897417,0.43009357757093986
Peve,OG_04367,173.6951304360867,-0.23735633656766714,-0.10084013150207898,0.45371632092707675,0.6650781090672447
Peve,OG_04368,187.2517711317771,0.47953595712441743,0.3614221725906762,0.02351738083011649,0.12330034904599273
Peve,OG_04369,53.1861685133094,-0.32627196258592556,-0.17810100418868757,0.23511094026187068,0.47003074396679956
Peve,OG_04370,1033.1848925076197,-0.27252982194056774,-0.16211537316403019,0.2614351537993651,0.49979602232561116
Peve,OG_04372,16.758038367213548,-1.0274542552705006,-0.11917254335078989,0.17843726264491025,NA
Peve,OG_04374,71.01039370347101,0.2670926927628751,0.16577670414132215,0.2386374026044992,0.47354512452229097
Peve,OG_04375,12.515031557820345,-0.05322197471272105,-0.015545276577134245,0.9007718960997358,NA
Peve,OG_04373,179.88784868642105,-0.21461679075262505,-0.11292178189677761,0.41402115533794775,0.6371743760332295
Peve,OG_04376,77.54527744152745,1.7547409019330265,1.5455916248698314,1.0540908279401136e-5,0.001130994919330674
Peve,OG_04378,56.583046105652976,0.2010460941302763,0.0853538246701938,0.5278956311624728,0.7190253742527657
Peve,OG_04380,103.63849268411357,-0.14684194875318457,-0.09314760341670554,0.48686692733539083,0.692103016980763
Peve,OG_04382,28.2798671729126,-0.5094513921692109,-0.25696737341987635,0.10773979204902526,0.3055702665038996
Peve,OG_04383,89.87541817179167,0.22799726159777825,0.10713005739540125,0.4450059496541975,0.6584233651046842
Peve,OG_04384,68.06605263493849,0.6190591248945936,0.359768132216845,0.048459765559609784,0.1919742558674505
Peve,OG_04385,292.6444352583052,0.5192090682065056,0.3415221703458464,0.047383395002353564,0.18930048739014202
Peve,OG_04386,24.970114296216288,0.0464663137930524,0.013737164204604031,0.9145469567260809,0.9595122870595351
Peve,OG_04381,120.99295750896874,0.5010312796219227,0.212524188732366,0.15812518768488912,0.3762016489017756
Peve,OG_04387,76.01445154844112,-0.22033529064427668,-0.10231183106912724,0.4691052986020387,0.6770830171940755
Peve,OG_04388,113.31759872595089,0.07788132871714983,0.03383408802179145,0.8035909012970311,0.899200277038893
Peve,OG_04390,13.583627268116937,0.06037217179231735,0.00999346988352762,0.8933101584217724,NA
Peve,OG_04391,65.92393291646844,-0.5249865814294605,-0.2498871801431386,0.1165525930091998,0.3180586943974926
Peve,OG_04393,21.793658076959815,-0.5303428492879603,-0.1993522549167273,0.17057239405079447,NA
Peve,OG_04394,351.4793268419321,-0.7489698848223146,-0.5795576863015358,0.0038482153544472826,0.04193949151670873
Peve,OG_04392,163.58557017716063,-1.3114934248504382,-0.9411277017965688,0.0022361691264368763,0.030282640160353626
Peve,OG_04395,109.77833268554478,0.4002339292528451,0.24638038685985314,0.11214814424961551,0.31098160528240204
Peve,OG_04396,12.70907899392216,1.0063290206235627,0.08045729331895235,0.2427930806264742,NA
Peve,OG_04398,46.1328961229232,0.6565286196496486,0.4193605321279159,0.02652675386607637,0.13338667389555764
Peve,OG_04399,208.3911899507219,-0.09065963709031132,-0.06120228973585929,0.6394725844155785,0.7985894143451682
Peve,OG_04400,65.88106722964363,-0.10231920407340268,-0.05671395368525333,0.6825487974551061,0.8266544895092208
Peve,OG_04404,9.474938910743468,-0.48796277521109366,-0.019225822261407236,0.6415328697812264,NA
Peve,OG_04401,1319.1623435397844,0.06632134636572645,0.030699590115681453,0.8227059364392194,0.9106907619578573
Peve,OG_04402,62.34320645337616,-0.029682101066141338,-0.013757908380718826,0.9173057506105965,0.9611781407708014
Peve,OG_04403,30.50843705940692,-0.37630700238877257,-0.09025453091360007,0.4253003141465323,0.64559221628026
Peve,OG_04406,673.7896236552348,0.24977810372256756,0.18813911630085314,0.151312234207828,0.36800190225204665
Peve,OG_04407,4754.668792350152,0.32698338515655057,0.2722629265387626,0.02936090443010309,0.14175656535430958
Peve,OG_04409,187.98059932338737,0.05578207226620205,0.039933061342808364,0.7608041886013188,0.8750569572050942
Peve,OG_04410,26.53609569306533,0.6126071132149942,0.08461534804409439,0.3327576066399798,0.5686288576454387
Peve,OG_04422,30.12286474821575,-0.10667616242328273,-0.03385612956804726,0.7866129459368804,0.8887422623380635
Peve,OG_04423,15.817144921675585,-0.678371963349716,-0.041193963232532854,0.43232031884583033,NA
Peve,OG_04424,40.66992339586588,-0.4397406571732327,-0.13119002202337665,0.3046231213085155,0.5419474400112729
Peve,OG_04425,73.53330196042137,0.07151672271866821,0.026062841587202255,0.8428443827785633,0.9231034677717506
Peve,OG_04426,35.411346860561665,-0.2904467766655203,-0.11113194657286388,0.40819944113748846,0.6336187783145456
Peve,OG_04430,238.74251565572314,0.09333530615458602,0.07700512550879919,0.48966086978230666,0.6945143373676433
Peve,OG_04431,55.00551357223029,0.2524203239932994,0.11656219061066116,0.41379616215349296,0.6369567919347968
Peve,OG_04412,83.10476519543543,0.5762924969765136,0.34420463175994187,0.051474063801893254,0.19835865927214422
Peve,OG_04413,51.441576246674245,0.4248223613291597,0.2546323449775078,0.10858523215123855,0.3070784760259153
Peve,OG_04414,30.28341850951978,0.6743362258819442,0.2269529657133574,0.11231222721670238,0.3110121944517771
Peve,OG_04415,14.741628368416343,0.31525035214118446,0.11706201912379803,0.3887568122209663,NA
Peve,OG_04416,402.485817557632,-0.01621219140127843,-0.006992923690781776,0.9565285295743651,0.9798083015056492
Peve,OG_04417,16.838375652600533,-0.9387610879525887,-0.15851348704712837,0.11849994296479457,NA
Peve,OG_04418,40.066273448808694,0.17723759715347315,0.08635719162852012,0.5330610540618683,0.7230874483339232
Peve,OG_04419,21.103397473237056,0.18666630628875405,0.058413287080723617,0.6369938811495542,NA
Peve,OG_04420,187.9683334142278,0.19491336567851733,0.08608887234720396,0.5243638565591804,0.7167780117114366
Peve,OG_04421,5060.386415828761,-0.010903092017968801,-0.005432910272202064,0.9645890433827026,0.983640001663379
Peve,OG_04432,831.8907504816312,-0.4262504268160953,-0.26756060455787434,0.09114977681950406,0.2798786778762523
Peve,OG_04427,17.457112458500276,-0.354454720951382,-0.07530702737786503,0.48419991349243535,NA
Peve,OG_04428,519.4498219735922,0.8501621563907519,0.5311614727826552,0.015520446848260573,0.09675512609660315
Peve,OG_04433,74.29327659693753,0.14765256454718773,0.07621031942476021,0.6004028921339304,0.7715703833124632
Peve,OG_04435,41.3090928423833,1.2479261901373118,0.8326250720659716,0.004141529791910062,0.04389791228402721
Peve,OG_04437,127.74999595480092,-1.075812670774629,-0.914117799035295,1.481886115702204e-4,0.005506833380204581
Peve,OG_04436,623.0113068800626,-0.3665765941465004,-0.24471016088818162,0.10687188093719069,0.30420521170974846
Peve,OG_04439,776.5632881056678,0.0029290269338589844,0.002010752885284197,0.9924088305561036,0.9969600049720454
Peve,OG_04438,294.97069602271904,0.1101027198489135,0.06605879951867592,0.6051242371990352,0.7736567497744516
Peve,OG_04440,535.6505548862087,-0.04563302319708009,-0.03747057727543271,0.7445776172306726,0.8654550332717827
Peve,OG_04441,228.21102680552372,0.1291303891599788,0.07055691681327053,0.6267288353829965,0.7893327265275539
Peve,OG_04446,28.261540086419313,-0.10599689699672558,-0.039196608844530786,0.7621095216866385,0.8754147069072393
Peve,OG_04443,208.84150183943044,0.39374569130305126,0.23039187134289116,0.14055280804428866,0.35495374100393967
Peve,OG_04444,10.933476514364509,0.5906236207083035,0.05425928523497834,0.46098793671188604,NA
Peve,OG_04445,34.03913178034804,-0.3020298480085054,-0.09207709950088663,0.46118389397439313,0.6709890955494513
Peve,OG_04449,25.35437625037357,0.7341472033058251,0.17830644730052614,0.15071015268075905,0.36800190225204665
Peve,OG_04450,316.0413279760074,0.8320952033468804,0.1809640100161415,0.12366017831996559,0.32915556898724596
Peve,OG_04453,10.71954058059046,-0.8264223164566905,-0.20716206761623113,0.11779091416901566,NA
Peve,OG_04455,35.00726151447972,0.7784745264217893,0.11123186341035886,0.20543591440436668,0.43678783029094764
Peve,OG_04454,2592.9601680970627,0.05750371774312391,0.02073230438318516,0.8724937932691637,0.9389260795485929
Peve,OG_04456,15.634722229885211,-0.06922677728969372,-0.010139378768141472,0.9063949541270437,NA
Peve,OG_04457,53.187894445369835,0.14767597100860555,0.06765021300683846,0.6046975560365586,0.7736567497744516
Peve,OG_04458,99.34089010884718,-0.8128557762689728,-0.5084322499073195,0.016224197294725528,0.09911462308838738
Peve,OG_04459,484.0657595453272,-0.3389558402886519,-0.300684615437874,0.0064472459767419875,0.057177089465448735
Peve,OG_04460,270.47085147856114,0.2053250970171749,0.14360444489582036,0.26783314918098045,0.5058825436264618
Peve,OG_04461,857.4981434805173,-0.9501118070099033,-0.8292731522503048,1.0656471889935054e-4,0.004482552391337617
Peve,OG_04462,108.26062976684027,0.06857033333889039,0.045207672561778225,0.7059990876126951,0.8420699936485848
Peve,OG_04464,1899.0936008984224,-0.6067191262926706,-0.45169310116783756,0.012478506741274873,0.0850279645393846
Peve,OG_04465,25.913935052442415,-0.11075616045366775,-0.016628435081351624,0.8525312288153506,0.9293907986713423
Peve,OG_04466,242.56649558811532,0.055412267272374735,0.025784579910390085,0.8549087763039429,0.9305349127925776
Peve,OG_04468,383.10654538976615,0.1576027049998742,0.0908705476425007,0.5022821336480439,0.700803167423223
Peve,OG_04469,17.27872756885365,1.3813811964499276,0.7415616400042478,0.007951460147823807,NA
Peve,OG_04471,68.20849081373505,-0.33121153976875967,-0.15852890342640225,0.27651673999427057,0.5136742173456302
Peve,OG_04474,24.883062435354606,-0.39874393916233636,-0.09840662398924974,0.4094151552079566,0.6346052252761085
Peve,OG_04473,168.25062924655847,-0.48815090241392833,-0.30980124641250395,0.06638071189415497,0.23080249347771453
Peve,OG_04472,339.5736988641861,-0.18862396047286864,-0.14685418461320981,0.21563927244575268,0.44932712732268704
Peve,OG_04476,37.551445816831794,-0.8311306619359927,-0.14693495717196614,0.1636233302754411,0.3836511326679933
Peve,OG_04477,131.22099739798782,-0.20552790214324246,-0.12368128208228145,0.3649579899947995,0.5979032188775016
Peve,OG_04478,360.93927680834577,-1.1196687818807982,-1.0144078921174364,2.7194574628960817e-6,4.75379995445561e-4
Peve,OG_04479,5.831981761018061,-0.3237487604363415,-0.017995135873166708,0.7352660898231053,NA
Peve,OG_04480,419.7333760035687,-0.6035144179696389,-0.3511958425425965,0.04738280913746738,0.18930048739014202
Peve,OG_04482,35.56358936974763,-0.4958435993856356,-0.18388268944601727,0.193512701155118,0.42280993266336286
Peve,OG_04484,38.87973695100359,-0.44846527354356774,-0.14959484563214526,0.26513857698851406,0.5030889322258243
Peve,OG_04485,12.895761393025044,-0.09610007972348283,-0.015038428541543183,0.8774513067559265,NA
Peve,OG_04486,47.09811354963784,0.1495331437566409,0.05371389844031948,0.6828209455921891,0.8267489222538312
Peve,OG_04487,21.833754877786976,-0.0913694923852505,-0.025177112575168255,0.8380015347896231,NA
Peve,OG_04488,436.6304032957888,0.011744659476102218,0.007591701691081773,0.9596595566253249,0.9809052062755569
Peve,OG_04489,16.690846742955788,2.479202416763347,0.14919789847158485,0.007449305713065352,NA
Peve,OG_04491,485.1344477458095,-1.059181277671482,-0.9107039310068987,1.2484892924597793e-4,0.004953641369770103
Peve,OG_04492,7.217848885026583,-0.04087181476387197,-0.006613195724902386,0.9468261906113381,NA
Peve,OG_04493,38.29944068284639,-0.181362267827877,-0.07556156820907009,0.581889788752219,0.757775571107355
Peve,OG_04494,6.949207071461508,-1.3951186146118657,-0.10618621854923836,0.1029976064351337,NA
Peve,OG_04495,41.179487936010105,-0.5663963886304627,-0.08155276381085098,0.37564503550242384,0.6074796261578763
Peve,OG_04496,21.838467127476587,0.7481706730904686,0.17055568894081904,0.15105270886765162,NA
Peve,OG_04497,418.8471458992805,-0.8117341883103975,-0.6821565053878456,6.711529003468264e-4,0.014558588608833262
Peve,OG_04498,106.88280889335029,-0.35870429521468683,-0.10650160025450023,0.39588447385541276,0.6223375818882655
Peve,OG_04499,234.0262722304919,-1.0118002913949324,-0.876457622514917,9.753519249308161e-5,0.0042702476805304345
Peve,OG_04500,67.2672712911725,0.15446845913283921,0.03736524250197282,0.7251530583612864,0.8524033619480467
Peve,OG_04501,36.43295754367141,0.5510149073739891,0.17923379611013324,0.18529624736214967,0.41167552360277
Peve,OG_04503,173.71239507132498,0.6416792038491522,0.25078068421540933,0.09908461669680024,0.29249042223331234
Peve,OG_04504,479.59164538516643,0.019408168099392404,0.015000732856392284,0.8981963046841992,0.9508698511790202
Peve,OG_04505,67.73257764077229,0.5179933511231367,0.3489204279276493,0.041486843243983815,0.17465473268237267
Peve,OG_04506,785.2592408501035,0.15084612766191655,0.12446841969930524,0.29894838878241003,0.5373127700145638
Peve,OG_04509,30.876567249278853,0.7967714081063879,0.33694677738661366,0.0543051641594687,0.20429468669967038
Peve,OG_04507,508.2040754484644,-0.6644922045109941,-0.34827113731492876,0.04608368871978011,0.18619539367033988
Peve,OG_04510,128.50962655494328,-0.21037712321718133,-0.07774493167080823,0.5465191894601051,0.7333773446022689
Peve,OG_04511,191.8564354285537,-0.14792830475116422,-0.09207025270564033,0.4907854880931767,0.6952573594196312
Peve,OG_04512,19.36855588217773,1.0354811840227978,0.17175940257658773,0.11429744422004509,NA
Peve,OG_04513,39.53438501669092,0.3376306206929462,0.12569375712583927,0.3606239206996272,0.5947083081001903
Peve,OG_04514,68.73125144378062,0.23105009825160136,0.09817745168733469,0.46720742635315693,0.6757200081154512
Peve,OG_04524,13.040955906435203,1.428923552517286,0.13355701391551233,0.06583189854775437,NA
Peve,OG_04525,303.55615681721736,0.2556538771410574,0.12806569405624135,0.3608927117019472,0.5948248978246287
Peve,OG_04526,42.28005537757663,-1.0370979447869038,-0.2955520734097299,0.050242598804049944,0.1960158604006103
Peve,OG_04529,13.079950751332712,0.22272401695887906,0.02283847545278963,0.7813676450834578,NA
Peve,OG_04527,21.060017935029133,-0.6913041606298124,-0.12794426945959075,0.22234408879001044,NA
Peve,OG_04528,17.74086419794084,-0.39794282037457734,-0.11321723103718491,0.37288126834487223,NA
Peve,OG_04515,25.71242581583514,-1.2329752304867494,-0.2911227022676667,0.03173504877493983,0.14870642217545968
Peve,OG_04516,545.2018430273077,-0.3967394108309951,-0.11895958027915615,0.3334733859194168,0.568640779395329
Peve,OG_04517,11.018257940960954,-0.021756350042230584,-0.005069527722300295,0.9630963585114517,NA
Peve,OG_04519,30.815440148750607,0.20205628299905135,0.08395612204134577,0.538301259973429,0.7277336288336438
Peve,OG_04520,143.95717266221823,-0.2477168727820798,-0.17254963573236404,0.21965468398977636,0.45458554268788814
Peve,OG_04521,69.49052251014558,0.7276694600525593,0.5218232747227538,0.010300726343040112,0.07567110248917991
Peve,OG_04522,69.72572058566102,-0.1985192984325386,-0.08656408712415466,0.5223701682429116,0.7155642052305965
Peve,OG_04523,79.47716198443993,0.1568850618286027,0.06568379045164828,0.6249833393547324,0.7878740822777348
Peve,OG_04531,136.11498772669148,0.4746902236498015,0.30522930962285494,0.060498261573061755,0.21764878160143097
Peve,OG_04532,424.06460664574416,-0.2754477531210113,-0.20919083781972905,0.11399180840318485,0.3133525474429047
Peve,OG_04533,291.6249245094165,-0.9294163262418593,-0.6643600177645057,0.0049691209031963324,0.04884485553619311
Peve,OG_04541,516.1887598587978,-0.4252619900932464,-0.18270666372860692,0.197472063906472,0.4268848418954324
Peve,OG_04537,19.362214677537867,0.04517950193712203,0.002922511064823244,0.959172427199709,NA
Peve,OG_04538,453.91319977035056,-0.1442534777056781,-0.017353164728671915,0.8333348036871252,0.9173908286833121
Peve,OG_04539,22.290470103576215,0.004493900752154729,0.0021140602451789783,0.9905326503341028,NA
Peve,OG_04540,20.060161926159047,0.5645034733047514,0.15517502740699302,0.2213336636431408,NA
Peve,OG_04542,345.03465096740894,-0.3912228607499886,-0.20643495867919676,0.17917914201653978,0.4048003273671412
Peve,OG_04543,60.18447847712596,0.2925985508003352,0.1580908521028784,0.292402323919858,0.5303738629159689
Peve,OG_04544,194.46709498015707,-0.15976228315050342,-0.06722398498230416,0.612002815165485,0.778987041926594
Peve,OG_04545,141.99301899786684,0.14516542358751028,0.09502222300795199,0.47360786041524444,0.6807442793666665
Peve,OG_04546,66.7572057957154,0.6979884679707823,0.26837730634086876,0.09060203840862914,0.27937823860721617
Peve,OG_04550,11.978340465840876,-0.6514230446016364,-0.15099580776020366,0.2181166312663233,NA
Peve,OG_04547,1108.8737612105222,1.0079225364948556,0.8697757872591882,1.103355032729546e-4,0.004593092152641356
Peve,OG_04548,13.855170141683157,-1.1165852430623955,-0.7271588107767603,0.008086758596393436,NA
Peve,OG_04549,6.612344180511748,0.3037366878883729,0.06100195758863625,0.5752190501491188,NA
Peve,OG_04551,30.65195513880268,-1.4703613816265453,-1.0083173235056568,0.002095787078041788,0.028971188309846577
Peve,OG_04553,145.38088468401577,-1.3207946456107842,-0.7407879744182299,0.006617221172509339,0.05794251826686913
Peve,OG_04554,352.42618134750546,-0.7274695386549352,-0.5713282810672042,0.003400104238779216,0.038659692673164284
Peve,OG_04555,121.71517053715195,0.016074300007554748,0.00937628165971501,0.9460171185527965,0.9749402609760828
Peve,OG_04556,25.489310356198473,-0.3400668839582184,-0.17888920769424038,0.23729072435844145,0.472111117211607
Peve,OG_04561,966.5587954954242,0.3751704046918642,0.2689177134870863,0.06613602148730709,0.23022996782609748
Peve,OG_04564,69.80285442989982,0.6234954533770726,0.5021650674650445,0.004638379797069965,0.04721396646669316
Peve,OG_04565,42.612237547757715,0.5745961088705582,0.24803433479978504,0.11691339143415265,0.3184511198378414
Peve,OG_04566,47.16048919876939,-0.7196792747903517,-0.1184023575123629,0.2077759815118067,0.43967706309915094
Peve,OG_04567,61.041539619183474,0.23834714059340778,0.10705371540410613,0.439096995073511,0.6549520382639584
Peve,OG_04563,186.52946431224132,0.6688718316559751,0.2589209141765959,0.09707656694817304,0.28921755456049364
Peve,OG_04569,17.53116360275361,0.39017832378085726,0.08430129188516204,0.4584923583110193,NA
Peve,OG_04570,14.529763970651633,0.39016664250627636,0.10209819243339954,0.403055524738626,NA
Peve,OG_04568,145.27833263516823,0.12188973358045802,0.05745735964611549,0.7083005047256264,0.8423662712652383
Peve,OG_04557,172.87311232024936,0.26311726563691434,0.15684326714493593,0.2783774527970503,0.5154787154613342
Peve,OG_04558,304.7671295969262,0.200494076966587,0.12959685827563758,0.33907640903756103,0.5740816739350001
Peve,OG_04559,59.06839191963758,0.07516966017826784,0.02551423768956211,0.8381431373703219,0.9209507887234181
Peve,OG_04560,8544.00536289636,0.36017240606220163,0.05686919143881434,0.5472756798067415,0.733977269059831
Peve,OG_04574,631.464085373839,-0.598444374419634,-0.15999557143972765,0.20487905172318505,0.4361872832780015
Peve,OG_04571,1303.6293261700964,0.13291292609667119,0.09755708467177233,0.411740511665875,0.6357369021752649
Peve,OG_04572,26.17610555323436,0.5980695430754562,0.20335334498679153,0.1510136987173901,0.36800190225204665
Peve,OG_04575,12.657071631735406,-0.020874398495808532,-0.0029366958433222003,0.9799223792956164,NA
Peve,OG_04581,260.03326266311086,0.18107278422011783,0.1411335208174294,0.2444001681881385,0.4812002239852054
Peve,OG_04582,211.2501402208431,-0.1350666807530515,-0.06130811825814317,0.6469899797597629,0.8046970882954897
Peve,OG_04583,38.73926980252873,0.08550123829704434,0.03967426383963386,0.7715457291863695,0.8808085366314646
Peve,OG_04584,108.38798657389144,0.43593474879255595,0.24432360574452724,0.12326469172554042,0.32833231523257583
Peve,OG_04585,339.65190373549973,-0.5068623446565435,-0.20984712544190598,0.1489881961068938,0.36659950837930133
Peve,OG_04577,167.04883781582498,-0.3554512451093466,-0.2624558604895136,0.06975074872476755,0.23749574551758715
Peve,OG_04578,20.9935337408262,-0.09732407937792152,-0.03100130843902645,0.8027680886791447,NA
Peve,OG_04579,783.0554550566654,-0.35669461762669236,-0.3231743477006447,0.0037091712125329737,0.04101083642536458
Peve,OG_04580,311.95911247787603,-0.36343188644265223,-0.2582807995357868,0.08277210011376437,0.26354050211910685
Peve,OG_04592,353.48655555097366,-0.3840368717454842,-0.1272327867885178,0.319689353491105,0.5569503378502213
Peve,OG_04593,270.09069250820704,0.23268864538989603,0.16951133048586958,0.20755474044194674,0.4395752050838894
Peve,OG_04587,46.63522308433078,-1.3622633885632678,-0.2068732345502696,0.03345948740938771,0.15349788616337093
Peve,OG_04588,1489.0717503664691,-0.3416452122880957,-0.29409493869549685,0.01849958420124532,0.10749413751131838
Peve,OG_04589,10.934131456733168,1.1398796966621787,0.09912000559912611,0.14774301024992997,NA
Peve,OG_04590,35.92603414359049,-0.20457580148378093,-0.05679577574264977,0.6363792319520383,0.7969648181835652
Peve,OG_04591,99.64536443215884,-0.12714570625384897,-0.06444650242571767,0.6375995420263245,0.7975752563475436
Peve,OG_04594,51.08569078034784,0.38784105889663206,0.2511762311477012,0.1039913055933639,0.2998507819872242
Peve,OG_04598,9.063148332799782,-0.5161160837261065,-0.0511610140583745,0.5209514284350378,NA
Peve,OG_04600,72.23177967576332,0.19634952461346245,0.029059742529079197,0.7288608833848418,0.8540253553795947
Peve,OG_04595,68.61783390017564,0.2585162249385343,0.08533974478294144,0.5083059772778009,0.7045181966274402
Peve,OG_04596,41.18074246316545,-0.06850481158730219,-0.017947325365922008,0.8788245178738427,0.9416869421226216
Peve,OG_04597,153.11534479668617,-0.20332925728671397,-0.07577418825076057,0.5673826758761873,0.7484129459659773
Peve,OG_04601,3374.5086999835917,-1.3486600624071279,-0.8803538935412448,0.0029100679775435263,0.03509094665294573
Peve,OG_04603,47.44916710645546,0.5177846218613587,0.1870189584191815,0.17563107021421875,0.39968676617449456
Peve,OG_04604,67.04749598957984,0.5484005804171233,0.2833857448563935,0.0913120312573254,0.28009977051253876
Peve,OG_04602,169.43977444843665,-0.22882946365331439,-0.14535877475175052,0.2908729709215028,0.5291899835701719
Peve,OG_04607,21.868126572059705,0.2519899062680153,0.05403156241839187,0.6158148444431093,NA
Peve,OG_04605,102.16299305963742,-0.2669231648140518,-0.10701474002222011,0.42948955769431935,0.649176875102247
Peve,OG_04608,141.07884995341948,0.6334326695465355,0.11006591010768281,0.28409262733724466,0.5222532903125313
Peve,OG_04612,922.5158341841324,0.08679658924472138,0.023435757067479614,0.8395989194633104,0.9209863599275961
Peve,OG_04613,24.681129423667166,-0.7059559722350965,-0.2507052714493967,0.09493475435238982,0.2856598115650864
Peve,OG_04610,16.12401612785654,-1.1195282810373954,-0.15711975481336976,0.14169234040585535,NA
Peve,OG_04611,1000.2664992998448,0.14403047802430352,0.09509073037473356,0.4770518698244433,0.6840043771632028
Peve,OG_04618,205.67806346025037,0.2271640055424641,0.07851970825485473,0.5422654912868731,0.7305227198214392
Peve,OG_04619,68.69460928028418,-0.5585765422532178,-0.15229152737596907,0.23091274512711457,0.46660299532582455
Peve,OG_04614,23.408516264040518,-0.7277103915944546,-0.18042129316118347,0.1366240223415554,0.34947141700621287
Peve,OG_04615,42.26590059145309,0.9661060828835216,0.13612294916903564,0.14467738411222003,0.3595929240348751
Peve,OG_04616,86.70613409828908,-0.09913084378178459,-0.022197754428903236,0.8316086064887047,0.9168153927975329
Peve,OG_04617,270.26147654676714,0.9720409405166445,0.8741377564034717,1.4495742405895717e-5,0.0013304646463628141
Peve,OG_04620,937.9205637799256,-0.35095766341428974,-0.11199849228610012,0.38645770618669084,0.615778039265888
Peve,OG_04621,861.6949952963105,-0.45696460577466896,-0.14975879673740985,0.26486456387785445,0.5029257845517187
Peve,OG_04622,458.20270338842306,0.49718340529471516,0.43122536105675374,0.0019774755214546666,0.027948809874659832
Peve,OG_04623,60.207597361684996,0.029365411094199767,0.011411534732900474,0.9302620569213016,0.9670764669250104
Peve,OG_04626,162.624435972834,0.38912346451455126,0.1885423648332723,0.2082235771379589,0.44013518608129043
Peve,OG_04624,173.55110688995867,-0.05998400473878431,-0.028810711644395363,0.844626462283731,0.9240793321380817
Peve,OG_04625,146.19246807504055,0.350853837706942,0.1581618746440656,0.27915360723338356,0.5162884631959009
Peve,OG_04628,8.747773478855017,0.5614400052260496,0.04844814329534064,0.4574680856984062,NA
Peve,OG_04629,26.14065365973417,0.686166623310385,0.20988482293974475,0.1316104072201606,0.3419124789858628
Peve,OG_04630,34.22354595619043,0.2818226720651147,0.04100569549459385,0.6605057076309769,0.8125315738042902
Peve,OG_04627,917.744368245198,-0.23975938494400748,-0.1858356864231265,0.147867520969642,0.3649027453018247
Peve,OG_04631,47.258568580483974,-0.15918949695823098,-0.07665240250751551,0.5686287333086552,0.7485421963617306
Peve,OG_04632,151.23687671369467,-0.278424446922686,-0.17866857792173874,0.2064340739856126,0.43771230911251935
Peve,OG_04633,6452.227497770352,0.2521085107520659,0.1873583044534197,0.15823093337600788,0.37633570104852576
Peve,OG_04636,361.75994236705753,0.10782454093673556,0.07689040495595031,0.5402842349020629,0.7289913746871972
Peve,OG_04637,193.3206384334034,0.6264524670226638,0.5024504484678751,0.004175264795471381,0.0441577876564746
Peve,OG_04634,800.4306657793653,-0.26310179390328825,-0.20411299276945793,0.11302957522570893,0.31153806218507346
Peve,OG_04635,216.67338030106063,0.77949029258753,0.4045144204391279,0.031317649518338,0.14744237174055952
Peve,OG_04638,746.7765771299258,-0.823446716267916,-0.5410459235259384,0.012262732057971034,0.08431181662240374
Peve,OG_04639,324.1557545951553,0.07991297408542816,0.054926599411138734,0.6849952999383344,0.8283006658619415
Peve,OG_04641,47.3200495628476,-0.19767456588496607,-0.09912979503336145,0.47689154461297517,0.6840043771632028
Peve,OG_04642,38.51698864587996,-0.37613112446890323,-0.1599568168246263,0.2641286704287782,0.5020289948419242
Peve,OG_04643,67.76559785008085,0.5907427249861408,0.23750148335129329,0.1253091293235648,0.33169039165632963
Peve,OG_04644,415.63347221749325,-0.23214837502172092,-0.17922311590981316,0.1708903182785862,0.3930683709680766
Peve,OG_04645,858.9766995966478,-0.641137517397673,-0.4183462873788792,0.02709676016138209,0.13524690938771744
Peve,OG_04649,8.968418577921051,-0.7092475825682586,-0.03085586340281668,0.49488331373108474,NA
Peve,OG_04646,119.87277242363375,0.09329178078604297,0.046393535873885776,0.7416465040383667,0.8627725756010752
Peve,OG_04647,768.2235303877964,-0.6405340623823448,-0.2951025774601382,0.07994066494316311,0.25782725890644226
Peve,OG_04650,74.44951175367946,-0.24001945179666773,-0.1185309821782433,0.4009824355002669,0.6269194945887111
Peve,OG_04651,124.27033341501053,-0.03061380778849842,-0.008870883138758206,0.9466885558517043,0.9753683281685535
Peve,OG_04653,41.8830909365085,-0.3617664199339957,-0.16685924212865894,0.24726413036207223,0.4847293219501457
Peve,OG_04652,301.7806252854375,0.24865104339141622,0.10633757942122639,0.43876445847905304,0.6549520382639584
Peve,OG_04655,394.16832712985143,-0.06507191856269008,-0.04336091442378656,0.7505081512214467,0.8683734957480226
Peve,OG_04656,238.1025625092367,-0.03634882231470664,-0.020274350981152312,0.8720596005937445,0.9389259294638499
Peve,OG_04657,193.5604651391741,0.3063312666024067,0.23405562919072873,0.08356669066424914,0.2645652840731164
Peve,OG_04658,27.30002740983329,-0.14704470781965698,-0.05381466271214843,0.6762341482764258,0.8230716765022182
Peve,OG_04660,299.796383468434,-1.2137394377718467,-0.8797584509792878,0.002523085228743226,0.032502002753841304
Peve,OG_04661,489.77419543563684,-0.8068981477744446,-0.673980374257331,6.162030995643661e-4,0.014012642425317436
Peve,OG_04662,485.9041804146841,0.204383092220427,0.15453194224174768,0.215431328948208,0.4491395358312667
Peve,OG_04663,97.73956467712048,-0.22453752626331225,-0.11022348556860743,0.4340781980669895,0.6524877097226373
Peve,OG_04664,495.9215889196107,-0.8446659065486417,-0.7376787902140384,1.4300641536188117e-4,0.005340308197190249
Peve,OG_04665,57.61166513235627,-0.22910042133670785,-0.13976971278926992,0.3219990646361872,0.5586401444769925
Peve,OG_04666,141.02633274134888,-0.9443669588949792,-0.06234974175147995,0.2572998350054301,0.495227265464512
Peve,OG_04672,19.948003725041964,0.0392571569811879,0.007261980538808246,0.9441629230030885,NA
Peve,OG_04668,342.41333588625093,0.028762773864691924,0.0190149764903828,0.8794986768905559,0.9416869421226216
Peve,OG_04669,7.501570755792261,0.1754429065760668,0.01864554624516065,0.8153665674130461,NA
Peve,OG_04670,94.04393802753236,-0.5983356505973998,-0.4802204461337848,0.00487994050853846,0.04827972310915063
Peve,OG_04671,656.8367891963295,-0.5297952477558231,-0.4340332821302448,0.005826499146953257,0.05334888281429075
Peve,OG_04673,53.07859038029635,0.3316616037496485,0.1910227242464894,0.20055030014581868,0.43091233099175613
Peve,OG_04674,17.94432016224667,0.352768407541652,0.09160426749318282,0.45254700828926475,NA
Peve,OG_04675,63.12963595110621,0.5838411010449684,0.27619726401756356,0.09629706632035256,0.2875031448120361
Peve,OG_04676,180.80228941369407,-0.645271515561448,-0.4420890949817868,0.018774167086621763,0.1086790310531038
Peve,OG_04677,772.2870736306761,-0.7198610372501418,-0.10189437344220327,0.2688288259338793,0.5064139455895876
Peve,OG_04678,10.59572367850796,0.05510510902425824,0.004441135857671754,0.9470480797256474,NA
Peve,OG_04681,135.40827416630427,-0.2535458981179866,-0.0881141750418939,0.49930773746361073,0.6997522830458456
Peve,OG_04682,34.91740292955343,-1.030374813186073,-0.5110689212573853,0.020578035619281978,0.1137557088205674
Peve,OG_04683,18.552221413214294,0.3432946378194146,0.06493775853430214,0.5361722516547456,NA
Peve,OG_04684,105.6805925894639,-0.34738870501385255,-0.12983775384990848,0.3326181106096159,0.5686288576454387
Peve,OG_04685,52.41520862251984,-1.1921770030268724,-0.8869945943247571,0.002405117473097965,0.03180934880218802
Peve,OG_04686,67.81351505863626,0.5944255670404125,0.27028539309488,0.09949959411112191,0.2929988047694344
Peve,OG_04687,110.23942015709638,-0.1970006757358808,-0.144788658328044,0.25849252593903005,0.49664465639433314
Peve,OG_04688,18.924232129297835,0.9686062103215531,0.13511247873975724,0.14682824781807632,NA
Peve,OG_04689,464.87391761192004,-0.05258189279677213,-0.04013256575769375,0.6706647178537402,0.8191636717347751
Peve,OG_04690,270.0499570622356,-0.04337551508563115,-0.024195375769932415,0.8564198947679615,0.9312313386158053
Peve,OG_04691,78.84735528666904,0.24027445718397922,0.10199103235156691,0.46493450767908656,0.6742568207689476
Peve,OG_04697,41.53606229514836,0.05705818267920404,0.016825462200688448,0.8930159393842564,0.9481526726451937
Peve,OG_04692,176.90880374350377,0.9452978294736638,0.794066205725551,4.592471136332177e-4,0.01123399371433477
Peve,OG_04693,1773.0684013441764,-0.9217169244148927,-0.1576103590802594,0.11716825841408711,0.31870127877932053
Peve,OG_04694,281.27119214032865,-0.36313027556879623,-0.28751059991138034,0.03565174838625931,0.15920278527798729
Peve,OG_04695,119.80904065209779,-0.025368848483773614,-0.009359669154790957,0.9408437043462462,0.9721073294059005
Peve,OG_04706,11.061829761840837,1.5341999764762342,0.19228383977883454,0.03366666742239473,NA
Peve,OG_04707,154.87051644440803,0.3096219986785496,0.23872429069243345,0.07283568047839502,0.24454042039859553
Peve,OG_04698,143.50940425562803,0.5557101755277227,0.139885276639989,0.2311140289935381,0.4667621083968116
Peve,OG_04699,11.702074095016489,0.7828408996930899,0.15875341618006586,0.14766015220282744,NA
Peve,OG_04700,8.987777654192591,-0.5125053759992637,-0.07170713875151663,0.4437749093155403,NA
Peve,OG_04701,47.77486446639998,-0.0915524937689968,-0.04463868152527021,0.7481089574204944,0.867310004204737
Peve,OG_04702,127.14460589112655,-0.03109353480877934,-0.019911380410132955,0.8859356753616682,0.9448492195023364
Peve,OG_04703,116.55460285227144,-0.22219201013156417,-0.15105438208256236,0.27468935898365704,0.5127624446796126
Peve,OG_04704,16.862607982864212,-1.101194489571946,-0.39106902939210003,0.03314709124075214,NA
Peve,OG_04705,47.183552482831004,0.09132782975908325,0.04328056815793701,0.7519877826188728,0.8689302806301746
Peve,OG_04708,206.31072492213593,0.1498413624390146,0.09849978773122899,0.4544978280012047,0.6660829965525812
Peve,OG_04709,9.682523479704122,-0.141024941001782,-0.006698924352204959,0.8870659359989244,NA
Peve,OG_04710,50.2494344491223,0.2452105090218238,0.12108597417145085,0.3850418578548119,0.6146485759057679
Peve,OG_04711,93.17754381152693,-0.056835039040049086,-0.01304461767623644,0.9095152752752982,0.9570081359229416
Peve,OG_04712,288.5597467722847,-0.018288016596788567,-0.013630712556358402,0.927821568711927,0.9657254693875476
Peve,OG_04713,189.57875933101997,0.19338632448410745,0.13719220708655144,0.30129297281763007,0.5387910485738746
Peve,OG_04714,117.80291352110477,-0.7470615911367245,-0.09960885961644043,0.277669734763639,0.5147938767168172
Peve,OG_04715,117.0582651611168,0.039600328500898015,0.02587686860793734,0.8645913937233312,0.9351777988618964
Peve,OG_04716,69.58145075812494,0.5587091533449532,0.29883293939004046,0.076326079975127345,0.25171726693835494
Peve,OG_04718,829.9513490256523,0.07105079130677189,0.05485709158632193,0.6380923653372996,0.797798726266133
Peve,OG_04719,33.30501658841835,0.021343684874129985,0.00721645164489003,0.9622181864617406,0.9825597272432927
Peve,OG_04720,8.070183797773367,-1.1369967116581414,-0.07304583383844726,0.26978096249437367,NA
Peve,OG_04721,166.9773231977628,-0.45658900115048107,-0.1661302315761775,0.23526217205899275,0.47003074396679956
Peve,OG_04722,251.27867386014086,0.03493370772465468,0.012323781957737466,0.9240978860207794,0.9644852302652827
Peve,OG_04724,77.03745025671535,0.06331875479838911,0.03793022360666969,0.7712080277680889,0.8806869668021737
Peve,OG_04723,165.0305950997484,0.26431961507608487,0.18660464444400746,0.17519259463587677,0.3991733992472585
Peve,OG_04726,825.8991897009171,0.3604250106457366,0.22536866094901403,0.13597043781675536,0.3486444952164397
Peve,OG_04727,77.84747720174956,0.3678057201350013,0.21683822627118077,0.1543664409047896,0.37143510638429794
Peve,OG_04736,31.007787802774672,-0.3897536721254399,-0.14081249443906188,0.3012049839672922,0.538760170899937
Peve,OG_04737,468.4676956863704,0.678182476439568,0.35939140466071967,0.04304368755873583,0.17869581025746573
Peve,OG_04738,61.260331560505044,-0.10959328984362636,-0.05873866455838195,0.6665513602322881,0.8163646723873909
Peve,OG_04728,115.85967995159528,0.3425999797297776,0.23474402663318605,0.10919280372194964,0.3080990519435027
Peve,OG_04731,545.2620602636135,0.35240496647309616,0.23503251649843854,0.11754415754032893,0.3193478573973701
Peve,OG_04732,48.20561106351064,0.6058198437083324,0.32739608714298674,0.06293697171417478,0.22320924496814643
Peve,OG_04733,96.81916558244001,-1.0729010225961826,-0.872031254899324,7.597292620208387e-4,0.015433646714865999
Peve,OG_04734,25.93981950451492,0.2111016634715349,0.05318976438200422,0.6373077552368475,0.7974787655579514
Peve,OG_04735,139.35114491401822,0.15736576649484005,0.11239807001136162,0.3830478002109614,0.6126513000224867
Peve,OG_04745,55.00894789252218,0.007758122434319688,0.0028786073244323872,0.9805637153843525,0.990707477957294
Peve,OG_04746,234.52435598783234,-1.173902952609765,-0.8886148763404725,0.00158432609912414,0.024481533921151516
Peve,OG_04739,188.75622333869896,-0.4142966348563665,-0.29660239362756086,0.05276649700306061,0.20149510221883132
Peve,OG_04740,319.62697612745706,-0.23533458406319896,-0.1243790362096224,0.379763549785955,0.6106033605465186
Peve,OG_04741,95.01898098620535,-0.6154796865896808,-0.24182823736281103,0.112894119943767,0.31153806218507346
Peve,OG_04742,407.15409304423684,0.050370997433485394,0.033662869805545594,0.7805164793670543,0.8850843695460539
Peve,OG_04743,53.7636271115536,0.037546569988313884,0.016662242968847937,0.9039967782317153,0.9544811852078189
Peve,OG_04744,328.6041322110711,0.09958071868097414,0.042663688546784616,0.7145484426332518,0.8461499591526707
Peve,OG_04748,114.81314592784709,-2.6372311592060145,-1.9778175735964572,3.347693844766942e-4,0.009011565975065217
Peve,OG_04751,18.186312560994,0.2536038755045405,0.04502260854584339,0.6244051484256947,NA
Peve,OG_04747,824.8756383571754,-0.48362082080778085,-0.29613979849259287,0.07027330474958009,0.23821411794020877
Peve,OG_04749,60.328396593374116,0.6257801303693832,0.50010933479322806,0.004931711312910925,0.048602557285582694
Peve,OG_04750,120.8580747661892,0.038416527887336384,0.025887495704751174,0.8422115499836238,0.9227955587470597
Peve,OG_04754,102.72744185342258,-0.4059327359452448,-0.2109801796246819,0.16546400265976619,0.38608286607217335
Peve,OG_04755,12.219070570586954,0.5723493425000424,0.08993855371879496,0.3347915710460248,NA
Peve,OG_04756,58.852264850515176,-0.1333441600296675,-0.035580666358592,0.7615889966449583,0.8752126982110865
Peve,OG_04757,73.49378970140422,0.6885230988733552,0.14902553522183704,0.1826480293008975,0.4085181113371219
Peve,OG_04758,55.45768363377715,-0.05642770140413069,-0.020582319370711855,0.8735564716133801,0.9394061548208257
Peve,OG_04759,149.57017041237734,0.11172665001404097,0.0703739148295225,0.6038504165164174,0.7733914715907981
Peve,OG_04761,39.64654811419568,0.04047449943351697,0.0075089564027942335,0.9406236122177122,0.9720117577149391
Peve,OG_04770,44.725318331747964,-1.2240935208022155,-0.625808828556657,0.00915671964390262,0.07046049519924258
Peve,OG_04768,376.64483780247826,-0.5072740852739106,-0.4461417328785125,9.388761252688019e-4,0.017660144005673416
Peve,OG_04769,135.36038010333715,0.3884754247390705,0.31060452670863836,0.027452775437666086,0.13617496719281266
Peve,OG_04771,52.90894175907038,-0.18237702878569426,-0.06425985116246186,0.6111531579094285,0.7782956798652668
Peve,OG_04762,382.02660239033673,0.7065954869854593,0.5984541611740807,9.589251392107042e-4,0.017856372668642557
Peve,OG_04763,24.295900380047907,0.36092495589603296,0.1057363392563714,0.39352330519767553,0.6198766501467659
Peve,OG_04764,52.70374450226547,0.9605932236762796,0.7011662020477427,0.004509819510960468,0.04623930691049374
Peve,OG_04765,84.25577202008631,-0.19958466351543164,-0.051282747983330795,0.6559153859500351,0.8095857761126648
Peve,OG_04767,85.79490602192097,-0.32139771570794307,-0.21016384639520622,0.15445128349965104,0.3715159894443943
Peve,OG_04774,10.19758128840485,0.9215384707198604,0.18977169552575385,0.10164684692206669,NA
Peve,OG_04773,1109.8136587566423,0.5055248343210829,0.12470693831349579,0.2843080716156922,0.5223972237260838
Peve,OG_04775,30.029467906430085,0.10076976093542116,0.02261483442010895,0.8397262732842348,0.9209863599275961
Peve,OG_04772,157.01293502917179,0.2727373302139685,0.1663712675318571,0.24792699100942026,0.48552900193053045
Peve,OG_04776,59.15016168679414,0.012916893114837997,0.006047884046827679,0.9626735985864223,0.9825597272432927
Peve,OG_04777,51.07177651784233,-0.27686649825593185,-0.1237970992501232,0.3800801036728678,0.6107124389034573
Peve,OG_04778,7.683470094045167,-1.7957564125275314,-0.059407313117651094,0.1827677743690346,NA
Peve,OG_04779,7.798340285407145,0.9019994452860297,0.06538369867530351,0.3277877611519495,NA
Peve,OG_04780,60.52298653106491,0.29313338101658465,0.11094519866183046,0.4058929813566939,0.6314259203543586
Peve,OG_04783,850.1655216619909,0.3556532247727655,0.1036592890794039,0.4072855893749845,0.6329460668826259
Peve,OG_04781,58.16787084829599,0.5661415549084032,0.09898844942951823,0.31168347066308644,0.5491222663069826
Peve,OG_04782,25.825469549383833,-1.4309484397269387,-0.6275173808123727,0.008426280797041477,0.06693577383927214
Peve,OG_04784,128.8896042891011,-1.5200767018810504,-1.2808774697236782,8.793547460303683e-5,0.00394054379721138
Peve,OG_04785,226.67500861316435,0.05412093966404292,0.03840001035151815,0.7477105532444897,0.8672440612997141
Peve,OG_04786,23.737792280080463,0.27452067145641756,0.09396861144044565,0.4769224000348818,0.6840043771632028
Peve,OG_04787,26.864903634779083,-0.6207484866883316,-0.3347055080098664,0.06117639344691101,0.21910755302236395
Peve,OG_04788,495.64877558934916,-0.6957618122838704,-0.5761653080934073,0.0016863611197438788,0.02518960590237033
Peve,OG_04789,809.4737043075105,-0.8439737361445822,-0.6985167512661556,9.060321957543479e-4,0.017443627256656213
Peve,OG_04790,29.887897325301484,-0.6670012262900424,-0.3476486992295121,0.054466915412038595,0.2048020541011402
Peve,OG_04791,27.813012947153627,1.1201240026662371,0.5347227683039281,0.017305319371813354,0.10291328881691969
Peve,OG_04792,9.547554843512362,0.24968319200561614,0.023904012732393166,0.7400843232927439,NA
Peve,OG_04794,333.08632763990613,-0.056976413978861745,-0.03897448544197005,0.749218115464276,0.8680674682291794
Peve,OG_04795,82.60663145673891,0.8249294201917798,0.6795669755222149,0.0010435893534703432,0.018750150223436495
Peve,OG_04799,2235.4022238862617,-1.1643541471878276,-0.7433949511402025,0.006246952500745189,0.05597542971269332
Peve,OG_04796,86.3826968969908,0.17033893865455874,0.10223667558272613,0.45920501951062725,0.6697728965406774
Peve,OG_04797,24.872794549077238,-0.5029823568511834,-0.17730154601556858,0.2005219974755448,0.43091233099175613
Peve,OG_04800,575.2111827839154,0.11188500674732668,0.08927248667303621,0.43543032846211055,0.6529034986921253
Peve,OG_04804,36.726217560337226,0.06256790092424437,0.017423369305529058,0.8894456808514348,0.9462915562183579
Peve,OG_04805,39.241185892872345,-2.1422975730604388,-1.6619064709187932,2.4081504966191243e-4,0.007582062095193397
Peve,OG_04801,825.2720845462026,-1.0730015708307528,-0.7600747006040267,0.0034060858809217454,0.03866998843645582
Peve,OG_04806,12.991463801090728,0.1241839942612963,0.018248109530054842,0.8384401999418672,NA
Peve,OG_04807,29.295038070028113,0.10456801639082149,0.009307558651850619,0.8895240002729929,0.9462915562183579
Peve,OG_04808,28.83153273013964,0.5106730524549733,0.12897057671630185,0.27641789089478797,0.5136742173456302
Peve,OG_04809,26.53036437218382,0.8014589266039785,0.3609868697526453,0.05120407666357569,0.197932559205693
Peve,OG_04810,94.48708688294232,0.5720219604952731,0.34673105759384615,0.04946658592586861,0.1946469274706958
Peve,OG_04811,96.17343048027091,-0.6847667152041502,-0.25898087884320764,0.08505909564959455,0.2677604093630625
Peve,OG_04812,6.296534029769132,1.185416289728384,0.04018209030298206,0.32051902114845143,NA
Peve,OG_04813,134.16916503465245,-0.35544361537882085,-0.1968416306753616,0.19072767057840792,0.4190759816551433
Peve,OG_04814,95.94943564389845,-0.41308669727633424,-0.1893410501482248,0.19254824262991996,0.421624752042176
Peve,OG_04815,18.696448330537454,0.4484215164741225,0.05033640805660851,0.5064156292123267,NA
Peve,OG_04819,581.5778372368713,0.824616079878012,0.4729271237037169,0.021489393686760505,0.11693300078981538
Peve,OG_04820,42.50490536891256,-1.0419229880058245,-0.3664904137552629,0.03135424550009273,0.14744237174055952
Peve,OG_04821,148.74446850725394,-0.5736721018998449,-0.45223548499966015,0.008362238685314816,0.06676584291308484
Peve,OG_04816,448.51409741366507,-0.4851397075144309,-0.40332010809782526,0.006540124454567394,0.05766512510983149
Peve,OG_04817,53.16500630307518,-0.19254066967927555,-0.07565763837150966,0.5718693226461367,0.7511207758479774
Peve,OG_04818,174.5813234333361,-0.5665089446533352,-0.41726061741039006,0.016341826240210407,0.0993551734221252
Peve,OG_04826,207.62203270628402,0.011163608284854878,0.009483682072136118,0.9547602668512809,0.9788725186632138
Peve,OG_04822,1132.1285366321724,0.48279064797708365,0.3394077615586551,0.04020714350802016,0.1714034802708996
Peve,OG_04823,121.78511199263633,-0.20094847132994473,-0.15610946387124677,0.2024541028146648,0.43359442092834316
Peve,OG_04824,8.453385454627854,-0.7629386242008851,-0.19106162499587076,0.13607059882755174,NA
Peve,OG_04835,68.82171167817299,-0.4008422510245635,-0.2911728805639145,0.05651720853772129,0.2088021608238374
Peve,OG_04836,13.490112092082274,0.878017793109702,0.09212189004275868,0.2447528783683795,NA
Peve,OG_04837,8.252627626462985,1.2999210193342452,0.02120244313572916,0.4344165554771587,NA
Peve,OG_04838,65.58226513861472,-0.2452814702715814,-0.11138038896297459,0.42140929203415817,0.6429593404198312
Peve,OG_04839,29.844861153600476,-0.31813090901147995,-0.12562800558515128,0.36481002300532517,0.5979032188775016
Peve,OG_04827,97.24388452401084,-0.45603432711435515,-0.2566391644218551,0.112290458009706,0.3110121944517771
Peve,OG_04828,57.41486773138174,-0.3493199226766427,-0.12914555863803742,0.3427298042360365,0.5783474326525033
Peve,OG_04829,109.43056735258972,-0.5986084778609366,-0.3788687369346172,0.03269092410359578,0.151391768888263
Peve,OG_04830,56.71247171846818,-0.8757919710993556,-0.4002624189818317,0.034145879974709185,0.1551122919781363
Peve,OG_04831,6.075370047358385,-0.718395503314494,-0.020455138037267777,0.5579687934869193,NA
Peve,OG_04832,72.45642446762561,0.9645399837887172,0.737902526905842,0.002296073875420388,0.030740757087790012
Peve,OG_04833,10.002646992662608,2.132486507782141,0.1002903009437612,0.03312792847952106,NA
Peve,OG_04846,57.78051544863019,-0.04562157250243193,-0.01961428116784876,0.876066700757186,0.9406449790511969
Peve,OG_04840,18.820614840295846,0.01798575513165736,0.0041206971848354625,0.9721530217855356,NA
Peve,OG_04843,551.402449589118,-1.1849225894416686,-0.890781182568668,0.001985988485356871,0.028017148669349342
Peve,OG_04844,28.97882454417754,-0.03343678528808339,-0.008596811149938925,0.9457320021787399,0.9749102019753234
Peve,OG_04845,27.029612984717417,0.6657023828275748,0.31331795864967005,0.0704463813595877,0.2385157925321507
Peve,OG_04852,193.52491681861235,0.4888105198449749,0.3212730744717093,0.053575583188396635,0.20315519797372103
Peve,OG_04853,268.25040575031926,-0.30810885912137287,-0.24019404648673517,0.07570611195142124,0.2511152386628198
Peve,OG_04847,11.578032771744489,-0.08682266160563194,-0.011382599087000896,0.8992176931854293,NA
Peve,OG_04848,33.22731972396093,-1.3697192496148358,-1.1398609637274697,2.227512415046279e-4,0.007190334566873964
Peve,OG_04849,144.77702351004646,-0.26070561277926035,-0.16150327954120272,0.25077998768056003,0.48888740371515976
Peve,OG_04850,35.52795893549327,0.06286406381318912,0.030281941583440265,0.8226656021335552,0.9106907619578573
Peve,OG_04851,96.12329532108704,0.2752126725586316,0.14980597533046794,0.30105612813439775,0.538760170899937
Peve,OG_04855,101.00007098613624,0.24487483819578995,0.1439960557590918,0.3143148587181522,0.5520643275609984
Peve,OG_04856,20.87986761634095,-1.1032303512777644,-0.35877035562542053,0.03123714214446965,NA
Peve,OG_04857,913.1803428182002,0.36258407753421396,0.09389597674908493,0.43499625204766806,0.652779649618852
Peve,OG_04858,38.97238249227417,-0.4105839060736904,-0.07503289289676858,0.451823343836592,0.6642204232626704
Peve,OG_04859,72.80004893896916,0.14800029068625215,0.07790135069980203,0.5774534312223705,0.7552000410389731
Peve,OG_04860,36.28954309850745,0.03395305695478055,0.011645532106941102,0.9285196904440965,0.9661880893051669
Peve,OG_04861,135.43328072613886,-0.16069472205484406,-0.11229886004287092,0.39366805374245906,0.6198766501467659
Peve,OG_04862,46.433013475891755,0.5051659000759866,0.11574734492827445,0.3162036040903822,0.5538967795301867
Peve,OG_04863,41.554364979957825,-0.3583360482466706,-0.1568301385344247,0.27127940618029733,0.509267253888986
Peve,OG_04864,131.8578593528939,0.3198774858745892,0.18847991765362765,0.205600864074884,0.4370165687841703
Peve,OG_04865,68.20669346678841,0.7581910462757615,0.5793915342905208,0.004846566024602936,0.04815453098773244
Peve,OG_04868,103.18207777461626,0.4112481036041542,0.03785530806713724,0.6003655033711435,0.7715703833124632
Peve,OG_04869,118.45288861744037,-0.3794639064907818,-0.25864572296641203,0.09257630461263258,0.2816478788095188
Peve,OG_04870,885.3940141853986,-0.02656488668618607,-0.011378333555096288,0.9292005405489061,0.9665005076326553
Peve,OG_04871,52.7076419000216,0.6636518965542446,0.38644772277236394,0.038662581274399484,0.16731844313721111
Peve,OG_04872,148.67584876471062,0.1295569869416899,0.09166268271607186,0.47285721281086385,0.6803071288372352
Peve,OG_04873,132.604285116117,-0.08929215701962327,-0.05426748591321858,0.6864124997294665,0.8294199293839626
Peve,OG_04874,508.906564289871,-0.15756129578283437,-0.10575230255315507,0.4226162396893703,0.6441988425015311
Peve,OG_04875,67.76202579043654,0.6573468686739802,0.35662930632370127,0.05029406052026202,0.19607991455647703
Peve,OG_04876,30.531470598137233,-0.010416589628647523,-0.004082063597914593,0.9695289820895662,0.9852774043893626
Peve,OG_04877,138.3309526243694,0.19428932545101169,0.11008079621594445,0.43113457578598136,0.6497804907104194
Peve,OG_04878,138.3025712992493,0.3639017656483209,0.20306646715913287,0.18518546718444098,0.41167552360277
Peve,OG_04886,43.227717788204245,1.0296630934932343,0.7927166947195949,0.0017842405062879992,0.02608895235489823
Peve,OG_04880,2425.3451542331213,-0.5555595169069819,-0.36557456744304173,0.03607843254101162,0.16044687629738852
Peve,OG_04881,405.09470538703073,-0.2740738200875288,-0.18157084343092192,0.19688675671723252,0.42626021483460563
Peve,OG_04882,107.619489662087,-0.917734616107089,-0.7634758209935472,5.581351193802561e-4,0.013062534139718208
Peve,OG_04883,26.13566165374142,-0.9200304814710086,-0.3152124995914029,0.04987333038191815,0.1953393474804383
Peve,OG_04884,30.092854850588203,0.6976605689912764,0.3478188733863017,0.05386065050709799,0.20358249322045271
Peve,OG_04885,315.5000057035121,-0.1643648206093245,-0.06683891098465268,0.6127278222491807,0.7796493318680906
Peve,OG_04898,38.71766042377725,-0.18228345683066216,-0.01876462280486775,0.799579389693611,0.8964650602078336
Peve,OG_04899,12.415171234662086,-0.17830650236759024,-0.02218479360690787,0.7827255894033165,NA
Peve,OG_04900,134.2745495173737,0.33239611838737926,0.17749206072978577,0.23063122361943228,0.4665508340620153
Peve,OG_04905,25.075623171769138,-0.020530586994246716,-0.005586860350549572,0.9637709196998443,0.9832605954564637
Peve,OG_04901,21.800623675080107,0.43941501093185587,0.11982894933218677,0.3320451392498159,NA
Peve,OG_04902,49.58278208801605,0.5689392072784144,0.3809417384993517,0.032819343874133496,0.15180191963154155
Peve,OG_04903,82.09792105160092,0.6426935212136063,0.4783691306522787,0.010370860664790576,0.07593077394068838
Peve,OG_04906,663.4846369932212,-0.10837908848039583,-0.06870899363621169,0.603829839413366,0.7733914715907981
Peve,OG_04887,191.6973069789881,0.25747296580184764,0.1750872889592264,0.21046068560735431,0.4421647829445188
Peve,OG_04889,46.46248981083138,0.27549040764542604,0.11342791371792182,0.4051239724757379,0.6307448236910221
Peve,OG_04892,57.504986337575225,-0.0016893383034360652,-1.6815333674653204e-4,0.9952716729197643,0.9976349096860704
Peve,OG_04893,100.08162957669762,0.03624010841067856,0.01830271938041418,0.8933665921630334,0.9482606519573622
Peve,OG_04894,41.471001448709124,-0.30481381335359725,-0.1487447849024583,0.2997548438351443,0.5376201616930448
Peve,OG_04895,205.12974952871014,-0.05581284783627607,-0.027321260633519747,0.8359307575356726,0.9190533281724279
Peve,OG_04896,137.1789042575804,0.35082224352132685,0.22632851966588383,0.13366103942404395,0.34492879347302396
Peve,OG_04897,28.497131853851453,-0.15639821104635543,-0.028334509433842737,0.7832186060850717,0.8865615662936219
Peve,OG_04910,42.991930985841066,-0.460230622362556,-0.11840288276989969,0.31776010962073187,0.555402461676597
Peve,OG_04907,189.09409353528085,0.05031160741256746,0.018565785572023166,0.8753667340083837,0.9403203244430947
Peve,OG_04911,7.889716323863496,-0.559513723903171,-0.04005917054492366,0.5369678510128932,NA
Peve,OG_04912,109.56690175512932,-0.2697774694078517,-0.17796719210615827,0.20701881560057053,0.43856210713157573
Peve,OG_04913,63.614556562500354,0.029279211410127817,0.01384428804122645,0.9272820872466155,0.9654277628324064
Peve,OG_04915,81.437933940632675,0.6732303281299616,0.4848936955646037,0.013024158490458557,0.08681014836473244
Peve,OG_04916,499.07487859431285,0.3807023094879072,0.24875291772279426,0.10326917964322888,0.2986718360892675
Peve,OG_04914,496.4169907231696,0.2234181416874334,0.13647919582619664,0.3253393057385678,0.5618759535516684
Peve,OG_04917,46.60751084794628,0.07688936667516381,0.03640384523949503,0.7897381334776443,0.8904574378832139
Peve,OG_04920,114.43260050979849,0.26455921350252287,0.1757113448006097,0.21320838680409168,0.44560260375132243
Peve,OG_04918,408.8436369531096,-0.45128694365702193,-0.386560682789228,0.004143160794462531,0.04389791228402721
Peve,OG_04919,16.4334634800624,-0.027922128834967634,-0.005814967461125598,0.9531633360228666,NA
Peve,OG_04921,14.695030841085467,0.07934811143079246,0.019568065149326234,0.8618638262940207,NA
Peve,OG_04922,216.712110465026,0.13095174435071633,0.06929196297561169,0.5986057272006833,0.771212316897481
Peve,OG_04923,144.8288918918454,0.3635773055085035,0.18912702849906135,0.20003620519849555,0.43059503000908145
Peve,OG_04924,521.7218402050604,0.3279553126618815,0.29519421353335384,0.005743676225623694,0.05305066995541991
Peve,OG_04925,43.081800705155196,-0.5277410735756004,-0.23623059315279205,0.13722379588853384,0.35028949570610285
Peve,OG_04926,676.0403534242231,-0.5862859664947792,-0.43218947600242436,0.015087765912649449,0.09506914865389868
Peve,OG_04927,73.85180080427862,-0.046131827198607624,-0.020456269441058047,0.8752666026582148,0.9403203244430947
Peve,OG_04928,18.289519613066673,0.14020558601491642,0.039808375855486626,0.7461510290708795,NA
Peve,OG_04929,30.132540824093482,0.6247183537215095,0.312108317996365,0.06984666469282981,0.23758003333590075
Peve,OG_04930,52.246473796188425,-0.38675913190250594,-0.1069910558204256,0.3871997862506959,0.6165735726709451
Peve,OG_04931,98.88889966667635,0.14921523248389157,0.06896667470493376,0.6148038096974116,0.7812969405112915
Peve,OG_04932,921.5974843385535,-0.8618168007194165,-0.6979376186413156,9.182921185984891e-4,0.0174657934006776
Peve,OG_04933,57.49589673032947,-0.4758937615266038,-0.19243120623097826,0.18649884191326715,0.4132484519183447
Peve,OG_04934,117.43982879150072,-1.0615404393442307,-0.6165997894331238,0.010598390650445483,0.07674766157328297
Peve,OG_04935,261.38266585120454,-0.4860209783423716,-0.31344793996114684,0.060177157137446015,0.21702519336260553
Peve,OG_04936,16.83726588329461,-0.8784823059811292,-0.49120173090770203,0.024112711911988993,NA
Peve,OG_04937,56.65385040203427,0.4721110159460631,0.24208693703340775,0.12643783302177608,0.332765955349651
Peve,OG_04938,16.516176505717386,0.05225869537725108,0.009572050114173983,0.9209675188262508,NA
Peve,OG_04939,222.0922820013158,-0.1375791936605083,-0.08614615500160044,0.5326987692017754,0.7228223340060488
Peve,OG_04940,264.42050821965205,-0.19667641195480096,-0.15762599509158243,0.18046683598597973,0.40626369874148743
Peve,OG_04942,28.26080577613487,-0.11853525438987696,-0.049310262113133184,0.7071745693002667,0.8421331663509811
Peve,OG_04943,216.86805127440851,-0.24949041042209993,-0.16789484080044106,0.24951007446900067,0.48758958243176803
Peve,OG_04944,58.531443679549405,0.36890037328945247,0.09497645048450429,0.43167398747841806,0.6502852356358688
Peve,OG_04945,127.93773771090463,-0.673119982159372,-0.28701326909756036,0.07486779315378175,0.2496029970439866
Peve,OG_04955,119.97804311950226,0.2723607416240675,0.16965735523922537,0.24896190077869218,0.4869298485576578
Peve,OG_04946,486.9163033092101,-0.6091356605148063,-0.4839522532268432,0.005463938226757218,0.05164302904644725
Peve,OG_04948,96.99609166436412,-0.11869349735172982,-0.06739209225117974,0.6209859474982065,0.7846851124882477
Peve,OG_04949,60.15325019335149,-0.266648837853046,-0.15770658688070766,0.2758278603254001,0.5135035777025654
Peve,OG_04950,157.08589033710092,0.3611219049824923,0.2642556714938591,0.0751120213789107,0.25005158938115307
Peve,OG_04951,7.529249236267829,0.35433295573794193,0.016810446894676354,0.7346821253117247,NA
Peve,OG_04952,39.24400643982987,0.4248194464781053,0.17432039854713383,0.2303229309009036,0.46652488370196327
Peve,OG_04953,66.59955875754885,0.6043871555403008,0.32562612560463255,0.06452252978075554,0.2263041583194271
Peve,OG_04954,447.8478085758451,-0.220933489278323,-0.16613077123312442,0.19541054849243508,0.4247182762953981
Peve,OG_04956,103.60686414676609,0.43351212160684016,0.3681070426263636,0.006572760733311064,0.05775235440180356
Peve,OG_04957,20.314748626508955,0.05034449631476566,0.013389791118307529,0.9142506405567354,NA
Peve,OG_04958,8.178154842219922,-0.1732026315978254,-0.014183331519286437,0.8355674246165032,NA
Peve,OG_04959,189.56275447160348,-0.21746637000200808,-0.16074065820955186,0.2235294077145669,0.45935986726991385
Peve,OG_04961,76.755049541008,0.5479924346283098,0.14895097939873128,0.22038395942917496,0.4553525909767982
Peve,OG_04960,55.15926666151677,0.16075833312021492,0.03568249949702858,0.7551997041515646,0.870496496629841
Peve,OG_04962,73.15327244023142,0.8728294580908399,0.6247117184607592,0.0065269184492615226,0.05761537050576394
Peve,OG_04963,67.98007229112476,-0.40621549508591764,-0.17824772182377843,0.22565495934803043,0.461983198149233
Peve,OG_04964,21.75578843792368,-0.525959879568019,-0.08431708518284235,0.37348195137645934,NA
Peve,OG_04965,232.87794025444074,-0.152230700214118,-0.09966121519897217,0.4528778621575417,0.6648725291802183
Peve,OG_04972,306.8049925967606,-0.38351570953662795,-0.26059886029888857,0.08509484777266209,0.2677623091004295
Peve,OG_04973,29.159556037346157,-0.16324542794845268,-0.0617739320322448,0.6372408713171982,0.7974787655579514
Peve,OG_04974,42.10133336090671,0.2879202640929198,0.10762795394689338,0.4210846269724735,0.6428986918141775
Peve,OG_04975,48.88920552287206,0.15124757738223815,0.07649987226033803,0.5744571047534714,0.7527917511524965
Peve,OG_04976,9.96488071141923,0.9089876740481987,0.08817218977330861,0.2392308691724269,NA
Peve,OG_04977,272.48802194247975,0.10701090629410413,0.0655180288459243,0.6137317346190512,0.780665946623465
Peve,OG_04979,14.178558933317097,-1.4644292734293558,-0.08341914030250532,0.1335867591249055,NA
Peve,OG_04980,59.253455073784515,0.4198409754385899,0.24806645192578,0.11727275032616855,0.3187241569692301
Peve,OG_04966,1100.584843146785,-0.090091015117009,-0.036765233096598446,0.7756908341002796,0.8832903997273439
Peve,OG_04967,151.95582562879187,-0.3758074370187448,-0.21741878218450866,0.15144210600684777,0.36800190225204665
Peve,OG_04968,2654.7526022686047,-0.272952113020584,-0.17085320203923263,0.22778592693944044,0.4639594323499266
Peve,OG_04969,166.17087392192403,-0.4697440222924633,-0.3262146525277368,0.045394844939423896,0.1846331707146456
Peve,OG_04970,139.25282295336797,-0.14173930174284943,-0.09818073077907563,0.45815982830204294,0.6688018997142832
Peve,OG_04982,125.34103385972703,0.3027684845423273,0.24525699314266702,0.05332811761895013,0.20231752989101698
Peve,OG_04983,3688.9942054950807,-1.057230401826123,-0.6500452230773613,0.008976577813288986,0.06955482024901162
Peve,OG_04984,59.90352550458885,0.3526294244295148,0.13318269338459687,0.3342955669693585,0.5694443982063532
Peve,OG_04985,195.8671100158879,-0.30369253227612397,-0.16822559419665237,0.232529532642207,0.4676882420342905
Peve,OG_04986,84.15378799947788,-0.3637341046331282,-0.1643974536570368,0.24960856786928023,0.48758958243176803
Peve,OG_04987,16.590474952732364,-0.7045246859497314,-0.20269221689692815,0.13451891828079413,NA
Peve,OG_04988,52.38188486306033,0.08380777918633292,0.035051908001519444,0.795173112294364,0.8937192047002753
Peve,OG_04989,109.35294926179667,-0.2767417902891891,-0.15472397856262746,0.28761496756734023,0.5259363473182904
Peve,OG_04990,306.8898421324567,-0.7880867998320772,-0.6658181012039953,6.57664370887162e-4,0.014521991818604058
Peve,OG_04991,23.685611639157045,-0.6705790120107927,-0.3228707814105492,0.062383958478562686,0.22207363305009234
Peve,OG_04992,14.212217687432766,-0.7564009565980805,-0.06517358686725293,0.3753205109257155,NA
Peve,OG_05001,38.727986042650876,0.3336705017257774,0.13873478938074713,0.32055727136020506,0.5574081929290213
Peve,OG_05005,308.57357723593185,-0.19928164054135836,-0.11685783400377625,0.40216611770609884,0.6279363567708671
Peve,OG_05002,270.0199943719085,0.2643079972845206,0.18906762864160093,0.1584867121553581,0.37659132039910104
Peve,OG_05003,269.56270619687876,0.4098020313951976,0.23504004358208974,0.13675167945596226,0.34947141700621287
Peve,OG_05004,312.6673690755737,0.33501111847193876,0.25865090920542855,0.06241266058811338,0.22207363305009234
Peve,OG_05006,77.66730993836288,0.5080133818198177,0.32101179937434365,0.05838333658961225,0.2133161909542763
Peve,OG_05007,24.40737067260229,0.03594232960868165,0.010073447725221226,0.9351774090781014,0.9698041794659648
Peve,OG_04995,118.80321366286682,0.6144876421105137,0.3507756229329874,0.049967488127392594,0.1955071004388684
Peve,OG_04996,58.4737393727652,-0.09226751700192806,-0.029718868535468294,0.8061697932987089,0.9005925830788502
Peve,OG_04997,98.68300641555898,0.11804795673930477,0.07656404995986463,0.5618750514414207,0.7450886210309497
Peve,OG_04998,78.47482856234922,-0.3222661659524128,-0.1724871135339128,0.2407904659253328,0.4764524076413468
Peve,OG_04999,28342.310081735846,1.5669276524203304,1.193135822695149,8.861775311197341e-4,0.01713426505601557
Peve,OG_05000,363.0472620861053,-0.3992895350635542,-0.24981117440177636,0.0994491625215927,0.29296354218464543
Peve,OG_05008,1055.361425042607,-0.7735913834650076,-0.6411981264983373,0.001152077589977968,0.0198262474462475
Peve,OG_05009,9.245906657959598,0.4069886234393511,0.020446818650426805,0.6984758044364315,NA
Peve,OG_05010,18.013205077716588,-0.72311673834174,-0.07018074451018294,0.3530146413809181,NA
Peve,OG_05011,286.85443594223534,-0.6628677844227604,-0.33842930136645816,0.04738724461184049,0.18930048739014202
Peve,OG_05013,18.883055920499697,-0.25272502506741057,-0.0789433546569834,0.5342488280312638,NA
Peve,OG_05015,109.07709339738803,0.6543665305742978,0.262568427476959,0.08904632512745035,0.2758661670682866
Peve,OG_05014,240.78374749291498,0.3480567859203301,0.17593881080778284,0.24392581126033436,0.48065877656006906
Peve,OG_05016,573.6569886363693,0.3374555512592411,0.3118533441908687,6.773589721133387e-4,0.014558588608833262
Peve,OG_05017,153.96794808155778,-0.2377651960566914,-0.17668558457406683,0.17830188204991054,0.4038964428950992
Peve,OG_05018,39.54883884790816,0.765131005590273,0.4354483837793311,0.028615205156552505,0.14018690217531637
Peve,OG_05020,521.7949948336984,0.04775862382233347,0.01790018639137873,0.8741500809456919,0.9397791866559809
Peve,OG_05021,41.04850365498731,-0.253960521604303,-0.09573348293163686,0.47578562253077805,0.6832299476794472
Peve,OG_05022,68.26645825406872,-0.4827424927525128,-0.15641422906411143,0.23447124270048045,0.4697647782430419
Peve,OG_05023,53.94670701142891,-0.41406948442797675,-0.15477366075072527,0.26777224876339734,0.5058825436264618
Peve,OG_05024,36.56304411746278,0.014707875127179183,0.004688886729634124,0.9730813259822779,0.9872064910551329
Peve,OG_05025,5173.580198095411,-0.26067025950984896,-0.19065651902107292,0.15553424396671361,0.3725974435655422
Peve,OG_05026,1168.990021357015,-0.36135151937643356,-0.1814825123197,0.2176946180495578,0.4523725041739038
Peve,OG_05027,6.397589471086791,-5.113388244645608,-0.054014051950303336,0.0080054422779014,NA
Peve,OG_05032,115.69643989981569,-0.6539940400922603,-0.20721619885112003,0.13571942128956935,0.34835261165227066
Peve,OG_05034,8.028048430043606,-0.6447879664630586,-0.03706291839933316,0.5101852743403088,NA
Peve,OG_05033,22.122973442042653,-0.0011715045495056097,3.0633664003048574e-4,0.9980746849978059,NA
Peve,OG_05035,163.14561420679152,0.09965423259753596,0.04428442654564098,0.7385739508155641,0.8611044317895573
Peve,OG_05037,6.3861250032412125,-1.2310216264543288,-0.07675106886176523,0.2103269199007976,NA
Peve,OG_05036,194.53664082202846,0.5075333859844078,0.314134738142406,0.05765484795153295,0.2117472024431081
Peve,OG_05030,8.51815533586699,-0.16893568480968124,-0.006023615408810364,0.8759293082549096,NA
Peve,OG_05031,361.5998066513087,-1.3154132719136777,-0.299539802969534,0.027500050327395848,0.13630148561750266
Peve,OG_05038,225.6874031177806,-0.42674891540637666,-0.28787114095098365,0.06615306711085543,0.23022996782609748
Peve,OG_05039,83.95564551690032,-0.08021901261134796,-0.04472227699098231,0.7413980947607036,0.8627725756010752
Peve,OG_05040,414.65554645597973,-0.04490008650692673,-0.029107071164718924,0.8226135921352371,0.9106907619578573
Peve,OG_05041,211.76177790339352,0.002534816759681187,4.201340093289886e-4,0.9910242649833336,0.9968953500091946
Peve,OG_05042,10.687580598179505,0.8309709233711831,0.07264587618682773,0.3255255808759733,NA
Peve,OG_05043,177.8031673034125,-1.2971093615740856,-1.0971762701485548,1.8393238131058447e-4,0.006340257379294265
Peve,OG_05044,78.51327449452111,0.43648776301420217,0.2308078554679558,0.14318938521715177,0.3573383901245631
Peve,OG_05045,49.831057133410944,-0.02513212032687455,-0.007684694070955336,0.9495675286493189,0.9770131595422086
Peve,OG_05046,289.2525981737128,0.7556655324937185,0.448231003723602,0.026365451205111592,0.13283862915379635
Peve,OG_05047,784.0050216551334,0.1224467953763717,0.09287583908594235,0.45757681892025304,0.6685500971489237
Peve,OG_05048,270.51097184758373,0.08207479061814682,0.05907209590887988,0.6480952546443175,0.80515160630796
Peve,OG_05049,358.380539170425,0.07631394984338001,0.06299402829295152,0.5630663468691408,0.7459005438996129
Peve,OG_05050,301.7985052076212,-0.1969085712952543,-0.10499264370300389,0.4549356482278222,0.6662244844674259
Peve,OG_05052,18.495633836940907,0.7467567035242834,0.2326285597324817,0.11004435539601395,NA
Peve,OG_05053,21.015748865682596,1.2619746959443126,0.15119866856552608,0.06790483619741229,NA
Peve,OG_05054,1040.6060250430762,-1.2212020843001437,-1.1311283134677594,1.7247772068882742e-7,7.729031036514632e-5
Peve,OG_05055,531.0448870997642,-0.2180447723629607,-0.16858334058108343,0.1759727536730652,0.4000478774937065
Peve,OG_05056,315.96721665331825,0.011237985266560408,0.008561777827795325,0.9462131517176908,0.9750103868233962
Peve,OG_05058,12.020946715632657,0.7561764272478093,0.12155835979884766,0.21830786401240268,NA
Peve,OG_05059,181.66863203903333,-0.2089155116828598,-0.11033279966304052,0.4508078527343096,0.6633676303129169
Peve,OG_05060,229.1534056230651,-0.08055533628978952,-0.037846025454724624,0.7770168253373904,0.8838754928207019
Peve,OG_05061,29.487826123485462,-0.21087491180112683,-0.08555170315869992,0.5239640307302162,0.7165121165703793
Peve,OG_05062,38.88014016878103,-0.3678727058586119,-0.14630563044102804,0.29900208276834783,0.5373127700145638
Peve,OG_05063,345.07923769805393,0.4362098088778868,0.3076147204389219,0.051172205907418306,0.197932559205693
Peve,OG_05067,76.31424752458538,0.03239715477462414,0.015250683268586739,0.9106003836218115,0.9573493958640574
Peve,OG_05066,190.6542061608715,0.2697551670040455,0.17216566907422182,0.230896072320392,0.46660299532582455
Peve,OG_05064,57.881480571318264,0.8002654916322751,0.5692008758184365,0.008094958537365138,0.06574349055186313
Peve,OG_05065,19.533496608290882,-0.001409300769289396,0.0015380456557753405,0.9979989732902863,NA
Peve,OG_05083,8.124606031281308,1.5869970851409874,0.08520664134258704,0.11456169133263448,NA
Peve,OG_05085,143.1072772409345,-0.1597342377635709,-0.0891988421733867,0.5155023574255851,0.7095009048059466
Peve,OG_05086,35.6896444078429,0.49737247408468893,0.2072939422986022,0.17030987935488104,0.39219639789137495
Peve,OG_05087,75.46144235414164,0.5262450084590933,0.10284254794130462,0.33328629876924853,0.568640779395329
Peve,OG_05089,60.051330109770575,0.30071578106666413,0.1694713284014721,0.2507916725434503,0.48888740371515976
Peve,OG_05090,600.4220737410114,0.23547479218271922,0.1290294410607411,0.360211900011455,0.5944744918299966
Peve,OG_05069,128.49922527917875,0.06149026409367438,0.008225946225759584,0.8715642533181112,0.9389259294638499
Peve,OG_05070,134.3725934748949,-0.08884122937512871,-0.053144054672486264,0.7010967033735019,0.8387177585269061
Peve,OG_05071,112.76731751940343,-0.023556370235455894,-0.010953250872426294,0.958301454032175,0.9804378829998804
Peve,OG_05072,33.3928124777588,1.1247797119250365,0.692170912180877,0.008151084576209175,0.06593337932651898
Peve,OG_05073,104.78593155772148,-0.9860880466786296,-0.7706002722495994,0.0033302344718771286,0.0381594188384164
Peve,OG_05074,962.5609415035931,0.3098075079015797,0.24722894058493342,0.05764176551163352,0.2117472024431081
Peve,OG_05075,130.29222607337493,0.12828238742318748,0.058426496529319645,0.674778695991012,0.8223638467468177
Peve,OG_05076,123.22070362735282,0.207139957096286,0.09810516752729147,0.4767670901865838,0.6840043771632028
Peve,OG_05077,118.06845086315256,0.3279619716211562,0.206576450038501,0.16878312055490918,0.3902245257624577
Peve,OG_05078,59.23491179830446,0.5506320824078467,0.23582862740385013,0.12499159687733045,0.33101633463419167
Peve,OG_05079,48.8176183809714,0.667465140612974,0.28912941928878644,0.08004129011970705,0.2579333959948935
Peve,OG_05080,86.8990343262487,-0.4747825648657567,-0.1374404616674617,0.2683848994561291,0.5064139455895876
Peve,OG_05091,48.58382534077852,-0.43621921002064856,-0.15780112589255668,0.2546920121893855,0.49244765199460366
Peve,OG_05092,59.515215946175445,0.5037329145925021,0.28217018738073957,0.08771994431793548,0.2734249328207989
Peve,OG_05100,10.35352303027758,-1.0777189751227505,-0.09048939118870632,0.19101845139281526,NA
Peve,OG_05104,23.34648843172837,0.7117058927531686,0.2248500515839474,0.10937660229881627,0.3080990519435027
Peve,OG_05101,37.48543620925554,-0.5929475874063797,-0.16311926433497156,0.17885381966977115,0.40442517015266155
Peve,OG_05102,23.07394261361885,0.6143125920236457,0.07126815204845359,0.3576186319711513,0.5922288677110696
Peve,OG_05103,15.199207901497351,-0.9167231073149926,-0.08457057166980131,0.2743848507234241,NA
Peve,OG_05093,97.61407494590378,0.1887854420280292,0.06682066036793688,0.6054793308158677,0.7736567497744516
Peve,OG_05094,387.76774745538336,-0.3002921563844083,-0.21478406310653886,0.13164404108290617,0.3419124789858628
Peve,OG_05096,62.9821806133348,0.57819836521511625,0.33161281802388276,0.059220789939522595,0.2149692454516291
Peve,OG_05099,277.809485104658,-0.7688377029138951,-0.5962007082130096,0.004674214342481791,0.04725124960108051
Peve,OG_05112,69.53272179841257,0.44094237530959046,0.25497495796748015,0.11386039953304027,0.31324973768244885
Peve,OG_05114,94.05998247074906,-0.16842901556269077,-0.06797318143580802,0.6062452949523202,0.7738566784428242
Peve,OG_05113,98.43471182302109,-0.4822217321838267,-0.20894297958364227,0.16381408136034722,0.38386209529471704
Peve,OG_05106,103.84058571413246,1.049461701128216,0.735506005374725,0.00490570062668658,0.04847163083540645
Peve,OG_05107,100.44582105768221,-0.21522430388665872,-0.038040150847489004,0.6945653364933926,0.8348372883254441
Peve,OG_05108,217.83378466356638,0.2469952973741244,0.17457151764370527,0.194620158846856,0.42387405870383704
Peve,OG_05109,9.990135881337478,-1.6354222704070243,-0.383817987034372,0.011246544603340042,NA
Peve,OG_05110,389.81392792508234,-0.23214174512389596,-0.08093630068039379,0.5281625821214513,0.7192603772973214
Peve,OG_05116,1118.4133408955306,1.2885512373685415,1.2112384809489924,1.1184892504303986e-8,1.2172358728255393e-5
Peve,OG_05117,10.973195475996121,-0.65197776606339,-0.07591210296913316,0.37792837503471344,NA
Peve,OG_05119,48.416871713450725,0.563403402022619,0.26966945623597194,0.09899243534951269,0.29249042223331234
Peve,OG_05120,18.930277708550637,0.2406532181554161,0.043698955879592674,0.6694512690671399,NA
Peve,OG_05118,5.718470523025667,-0.37964413869975516,-0.014498368959524563,0.7725976511600138,NA
Peve,OG_05125,18.90936552712562,-0.22273016051288153,-0.056729961418498114,0.6177445838905928,NA
Peve,OG_05126,34.200758470738414,-0.07162500795599679,-0.029902375841041103,0.8074733006967536,0.901161969631976
Peve,OG_05127,21.27951543365819,0.5491556366852852,0.14292750985533642,0.24549873664981603,NA
Peve,OG_05128,401.47750899360864,-0.040121241204650264,-0.028857004717972683,0.8525262217389062,0.9293907986713423
Peve,OG_05129,114.99981712698082,-0.181851826244104,-0.11035948491533248,0.42472345277190066,0.6451731332435372
Peve,OG_05121,2052.4612046901116,-0.003451471719293252,-0.0021309298897276463,0.9851000756864556,0.9939725002091947
Peve,OG_05124,81.7745306604967,-1.2029959088837827,-0.8472513576300591,0.0033216367361719834,0.0381594188384164
Peve,OG_05139,106.92791884933258,-0.7366713776159536,-0.4901408464031937,0.016211831586898495,0.09911462308838738
Peve,OG_05142,186.096097300774,-0.15956654035312023,-0.09412252924890513,0.4983177065843163,0.6994905148740506
Peve,OG_05143,18.327460693882085,1.4344368164439683,0.531290438076702,0.01053206175860971,NA
Peve,OG_05130,82.80361664473571,0.13607344672767377,0.06969576455555533,0.6210787534038711,0.7846851124882477
Peve,OG_05131,30.28740179961621,0.3352707271152983,0.12445527108541207,0.3637771967359139,0.5972531648134035
Peve,OG_05133,308.6643746606008,0.3996518667691702,0.31036731713520427,0.03435028254396047,0.15557696338875793
Peve,OG_05134,36.066623405364695,0.40722203906051035,0.1856833714188189,0.2096586492232329,0.4413317462786926
Peve,OG_05135,106.24621282893565,0.30421302076979706,0.12172502099812241,0.37342090234421876,0.605259666820906
Peve,OG_05136,16.79497339878549,-1.0222644278214224,-0.08054162143753127,0.2152032414902067,NA
Peve,OG_05138,967.2133361901265,-0.058666038696089655,-0.01591103826854378,0.8900076323037335,0.9464095676842325
Peve,OG_05140,417.9262034897793,-0.10252466140616999,-0.08272400450079413,0.48630879792107296,0.6919500228918068
Peve,OG_05141,398.5904137447958,-0.18403372344555452,-0.13876391955173306,0.26683161694959673,0.5052691994120002
Peve,OG_05147,436.05180365639734,-0.08975621411323231,-0.06685055596206103,0.5851112157715066,0.7603850634164683
Peve,OG_05149,14.978122698038499,-1.3416912187509913,-0.1743956762622635,0.05430104433439825,NA
Peve,OG_05144,207.96381869074193,-0.755331640614411,-0.6197750660659533,0.0016193485599603347,0.024771480581883193
Peve,OG_05145,297.5396062653863,-1.3049458962298495,-1.0457189994877092,5.85994318750324e-4,0.013527590061333238
Peve,OG_05146,836.5891770507537,-0.4658500870046622,-0.39722059751069494,0.0037022345861088507,0.04099363819328085
Peve,OG_05150,60.17205360781171,-0.49665699889960613,-0.22785896749896176,0.14594994987159382,0.36135453761690717
Peve,OG_05158,9.76718616830774,-2.0815318119465522,-0.09910284748735679,0.0667479728885914,NA
Peve,OG_05151,76.8953820942093,0.41970593688272523,0.22971021441707806,0.14434436372866394,0.35910093158848505
Peve,OG_05152,139.2617411556697,0.34323666607892694,0.2629418847879134,0.057528969156144256,0.2115133624669435
Peve,OG_05153,45.59382858709125,0.6412888658998159,0.2749454171077201,0.09420909306613393,0.2844569445017076
Peve,OG_05155,535.6211928453606,0.05099248367168953,0.03411145004774446,0.7898513050669572,0.8904574378832139
Peve,OG_05156,10.366249438763218,-0.13053539391298322,-0.015050894786508747,0.8557307276334192,NA
Peve,OG_05159,332.355086553416,0.477394589497323,0.2837200026113886,0.0828305509124903,0.26354050211910685
Peve,OG_05160,95.1192941441553,0.5596208159542914,0.34830283666479434,0.04876279041245481,0.19264965345747415
Peve,OG_05161,659.6699501116208,0.5330918370616213,0.4574373523444576,0.0018694521367047835,0.02692627369180109
Peve,OG_05165,8.697852964328312,0.888444210886026,0.06966736021725943,0.3084146334534727,NA
Peve,OG_05167,132.47411523636487,-0.4731478267498167,-0.34813778447281807,0.029846198167349798,0.14303363549587084
Peve,OG_05168,487.7227203902015,-0.5907330115744773,-0.4518740642663458,0.009863357388176298,0.07381195189133238
Peve,OG_05169,1218.1914883723657,-0.37965426576115624,-0.24409879745836227,0.11144362819144257,0.31082088408972997
Peve,OG_05170,86.37236619026406,0.3051747977168025,0.19749919413313885,0.17891619990267132,0.40444617532894667
Peve,OG_05171,286.10444261202184,0.2613039275835505,0.20976340444621946,0.09811018385862676,0.29093163901713454
Peve,OG_05172,10.660020937146625,0.6953710636820438,0.21530533162725501,0.12429200498173672,NA
Peve,OG_05173,91.78996540401722,0.298261989020611,0.18073523765264754,0.21580226430593752,0.44942089925714385
Peve,OG_05174,30.56774205454432,-0.5077875888114759,-0.18536029110095775,0.18910494493326802,0.41744464517578544
Peve,OG_05175,77.72502822336742,0.4511426061942348,0.1915640341678108,0.19208079457824667,0.4209641809830504
Peve,OG_05178,15.862558628721633,0.5772739216079638,0.14406841314334845,0.23858167251411408,NA
Peve,OG_05177,128.8728215089529,-0.7076296667712189,-0.3724085396943192,0.04609668055424797,0.18619539367033988
Peve,OG_05181,179.3070041288831,0.48907472695768334,0.4173455615909784,0.0034628988310256713,0.03925649299814518
Peve,OG_05182,68.29272763775796,-0.2503246734313544,-0.1225145980344415,0.3870849671450596,0.6165196068808413
Peve,OG_05184,33.55268953497127,0.46054751398611987,0.17070672981643698,0.22799479074431583,0.4640300069169645
Peve,OG_05183,61.16426945149368,-0.43033411629966867,-0.08325481458780298,0.4299994213294107,0.6494321157191615
Peve,OG_05186,42.6223368890658,-0.14533490077366462,-0.043200826545848094,0.7217183462334387,0.8508279730124321
Peve,OG_05187,72.55232604919028,0.3201783051284825,0.17829921827209816,0.2304333590382123,0.4665508340620153
Peve,OG_05188,39.73965232770792,0.7431797423068084,0.46566506668405805,0.022852896690098216,0.12098218692506477
Peve,OG_05190,159.68453784514807,-0.7595781406700487,-0.6562339621116715,3.3252183547930896e-4,0.008992767086351177
Peve,OG_05191,148.3815352643449,-9.775561567114829e-4,-6.036453777272626e-5,0.9966305134987602,0.9981695125851978
Peve,OG_05185,1032.6238634991626,0.36953220819733223,0.3188326326600209,0.015207610049787464,0.09550353453638032
Peve,OG_05192,149.8531030706888,-0.0389776052928237,0.001068056855196165,0.9889867087749403,0.9959207365764156
Peve,OG_05193,65.25522459797192,-0.4698875058247029,-0.20599836046505313,0.16563817986414375,0.38608286607217335
Peve,OG_05197,13.322075029589989,-0.633760584086358,-0.08205446713761194,0.3613029205770375,NA
Peve,OG_05194,1334.6161492736787,-1.236344593816989,-1.106937770730762,8.055850392550438e-6,9.298404286431702e-4
Peve,OG_05196,28.07815901612042,0.027360710176323126,0.011953934725255301,0.9428243866261894,0.9730168023081153
Peve,OG_05198,20.864299682859986,-1.3630702492938245,-0.9464338066382832,0.0029890190123294334,NA
Peve,OG_05201,18.07565048145711,-0.29664937533919283,-0.050344008478783876,0.6243060956585994,NA
Peve,OG_05199,395.27369212449366,-0.8119169070736993,-0.2847666204484446,0.06725675230999625,0.2328795853609196
Peve,OG_05200,54.890516258766546,0.34837720353776575,0.21356504264797743,0.15830134536729504,0.376385658242214
Peve,OG_05202,89.0879666742861,0.44657308975761656,0.22204461133483608,0.15732503557674038,0.37464899062944923
Peve,OG_05205,14.984510825376915,0.08895109305672991,0.03583573957895479,0.7968399192538586,NA
Peve,OG_05204,199.52241873866942,0.1879613686186361,0.07676826046134817,0.5735597389385088,0.7523033903639048
Peve,OG_05206,17.128851777546373,-0.19599951454005302,-0.03410877836714164,0.7256711922704311,NA
Peve,OG_05203,710.1270051942021,0.4029389807044755,0.22857977605197444,0.14595535734408288,0.36135453761690717
Peve,OG_05207,872.0275161065659,-0.6578462750318511,-0.5932985289456384,6.535008398350914e-5,0.0032384993010624243
Peve,OG_05208,127.64431503754521,0.08574631004335388,0.020313357262645527,0.8606791814262802,0.9331986911621695
Peve,OG_05210,387.69552664084375,0.3537833444296667,0.27858147213621254,0.0463102989412101,0.18647479889279758
Peve,OG_05211,17.064648688773115,0.03275207733809002,0.007327478597943567,0.9495142935612793,NA
Peve,OG_05212,11.99934082514614,0.9047003145819387,0.10735244966579875,0.22423818926955652,NA
Peve,OG_05214,113.62275523598909,0.10425297923937657,0.02992761877239586,0.7941503190052126,0.8934924132597415
Peve,OG_05215,1264.553193558888,1.057764400465727,0.750669358603742,0.004582039758868947,0.04685366293028676
Peve,OG_05216,280.73354300983175,-1.5123165543872221,-1.3137449605708043,3.22654133359114e-5,0.0021008369127604536
Peve,OG_05217,36.03765054751522,0.07015476772032636,0.02163922711447978,0.8604490811277574,0.9330820071218869
Peve,OG_05218,229.6360597661986,-0.2922515550079639,-0.1368453750784856,0.340753864637763,0.5758681116961601
Peve,OG_05229,46.5409378839544,0.024869053857968785,0.005918484123591262,0.9637100030987715,0.9832605954564637
Peve,OG_05230,30.941219653431677,0.13701099584941787,0.05968321094321093,0.657457887123791,0.8107015513287537
Peve,OG_05231,29.462113626352288,-0.7024803729306021,-0.26841088978392574,0.08885413822046759,0.27538276035944753
Peve,OG_05232,138.48669779604694,-0.04498823370842467,-0.023106019717695922,0.8613547878325818,0.9333925968838528
Peve,OG_05233,57.26641850860381,0.40278827630548714,0.16507247544852932,0.2486563307516453,0.4865820518022178
Peve,OG_05234,167.78353330418403,0.1739614283550634,0.08198459467656337,0.5450817389989144,0.7323868440687332
Peve,OG_05219,282.75452481280126,-0.41184980018510864,-0.29241602438164765,0.05807723127007526,0.21278018100490606
Peve,OG_05220,161.16971633235983,0.26367565516798086,0.16538362044616509,0.2414273863756302,0.4770291746743374
Peve,OG_05221,50.53050741526772,-0.08161959515183848,-0.029773162026321666,0.8268535111359294,0.9135562070824526
Peve,OG_05222,2252.3628506871287,0.414975182566622,0.34693659361790086,0.010767002947603124,0.07753467882817545
Peve,OG_05223,433.5811246252103,-0.5820449037660215,-0.287081225221047,0.0828107435405193,0.26354050211910685
Peve,OG_05224,1175.8066162347786,-1.5302786993298059,-1.243943578364711,2.6190177699861864e-4,0.007917332290378876
Peve,OG_05226,1434.2234947427671,-0.8257114325513626,-0.19764952129188315,0.10026407276493628,0.29433977122284566
Peve,OG_05238,113.12844588361759,-0.40888922702579983,-0.2378567795974109,0.12750884908510773,0.33449118881899126
Peve,OG_05240,45.003577697504,0.4123817668664842,0.2547345059852428,0.10949762221022483,0.3080990519435027
Peve,OG_05239,134.68562553644162,0.3023542402111188,0.12245689323236832,0.37163563980993713,0.6032173025744686
Peve,OG_05235,556.2444407515392,-1.3164347884730667,-0.7324813456006959,0.007049988106232129,0.06007473086496237
Peve,OG_05236,27.743289406626026,-0.14879687529637467,-0.060714096799149984,0.6529767313543324,0.807266591927508
Peve,OG_05241,1954.6278400940998,-0.485478555335307,-0.3732893683792285,0.018726952259981493,0.10848815385288138
Peve,OG_05251,65.45531648177989,-0.9973411592787986,-0.6187143109624647,0.011225590308927474,0.07940255057883891
Peve,OG_05243,71.41092816254643,-0.3695072066659115,-0.1584727506989426,0.26231640133171474,0.5003739282890125
Peve,OG_05244,128.31133674655956,0.3909626562086041,0.22617872927714572,0.14453133626653125,0.3593471669968783
Peve,OG_05246,196.16935943620146,-0.05884726191047647,-0.03300741112363888,0.8062537958253818,0.9005925830788502
Peve,OG_05247,53.0344425825331,0.33593255276027023,0.05587195940188751,0.5421259484116023,0.7305227198214392
Peve,OG_05248,125.60935734930526,-0.07577359128545322,-0.040327280916862114,0.7625603603690545,0.8758005164015464
Peve,OG_05252,429.915877896133,-0.19355077053380762,-0.07895728749165389,0.5676102853677947,0.7484129459659773
Peve,OG_05253,1054.3398822927622,-0.8755197707406414,-0.43421813053727176,0.028043179347246427,0.13813178131960419
Peve,OG_05254,283.95692087271357,0.3092843052536021,0.14963056484764856,0.29966878020989696,0.5376201616930448
Peve,OG_05255,329.1288782160167,0.2854464278560922,0.16186587151259424,0.2691601705447735,0.5065370996072343
Peve,OG_05256,299.5754735957565,-0.14274900441124477,-0.06919355147303898,0.6098164169926411,0.7773730697205389
Peve,OG_05257,17.168905189051852,0.38673734515386343,0.09659520413818992,0.4103932401508098,NA
Peve,OG_05258,215.4597926617461,0.29603054599276557,0.19987047138198505,0.15656146613098912,0.37401620463695306
Peve,OG_05259,236.98817543841437,0.7873625881672055,0.5347879947852474,0.011489061330472687,0.080752884228958
Peve,OG_05260,7.1871657990077935,0.7708989846132174,0.07450206732297872,0.3211813273295705,NA
Peve,OG_05261,84.28611467125033,-0.476869252480724,-0.3496319250218953,0.03115363142328981,0.14695254748149955
Peve,OG_05262,67.21349113679304,-1.4308312093499786,-1.1937440694592905,1.9847383082025256e-4,0.006517127772365017
Peve,OG_05263,5.703305237678566,-0.900271172660954,-0.06293797000241073,0.3194059310800576,NA
Peve,OG_05265,325.5464771956387,-0.07080824138660315,-0.05022516838637187,0.6835838119625198,0.827213779280622
Peve,OG_05266,804.8369084508123,-0.3685193036835658,-0.30497453836282723,0.02038665325204056,0.11319644640965378
Peve,OG_05267,101.90318672282731,-0.6937505882700962,-0.40621906684970377,0.0350689053307963,0.15779971695806627
Peve,OG_05277,51.31306030485699,0.19581369337210253,0.07269143664862474,0.5777736328626748,0.7552298447405381
Peve,OG_05278,28.605245286128866,0.47062725747189427,0.18688156744186746,0.19837120595873128,0.4282209824294743
Peve,OG_05279,175.65953338863784,-0.43596213692108515,-0.3370829623737825,0.024101484083612127,0.12558488765318548
Peve,OG_05280,21.624878621203724,-0.9668660311804786,-0.21522438214200498,0.0725011020718099,NA
Peve,OG_05281,57.131881173805915,0.2819998854526647,0.1281199845866303,0.36488044028303407,0.5979032188775016
Peve,OG_05283,58.182507509244175,0.09509533099759514,0.04718612790659574,0.7273347451048111,0.8528299350790289
Peve,OG_05268,183.60947281553428,0.2675230934252796,0.1435591078164913,0.3225072675709839,0.5590246063084733
Peve,OG_05269,54.456164315298494,0.09695509931326687,0.027248646282354915,0.8149244784998331,0.9057517093690376
Peve,OG_05272,407.3509450963814,0.17673127062093916,0.12320447655145819,0.352210368140099,0.5881294145571613
Peve,OG_05273,94.0266282863356,-0.2525701614709428,-0.09870045884530937,0.44958349348319054,0.6619574896900218
Peve,OG_05274,186.07759496732845,0.3107368741727062,0.16484901216177217,0.26037997119894785,0.4989370779133958
Peve,OG_05275,96.7688104811027,-0.19085451649465865,-0.08576769104358895,0.5221624303918475,0.7155642052305965
Peve,OG_05276,350.5671420611754,-0.8089391700900889,-0.7354044072042359,1.1426777105668318e-5,0.0011867782053962197
Peve,OG_05288,102.02398209193476,-0.03329292538406692,-0.022116541259433613,0.8733462412523869,0.9393126734237871
Peve,OG_05284,151.77898068894118,0.10260390960152463,0.06863308184422189,0.5956235274239909,0.7688004120494685
Peve,OG_05285,346.36202963608207,0.37548514465292904,0.27382134011872294,0.06497280721832334,0.22704717678403083
Peve,OG_05286,805.6964885998432,-0.3003699690171464,-0.16876258313906917,0.2530025599617213,0.4903755879888542
Peve,OG_05287,791.5716473353583,-0.47548280079255206,-0.3438902841974305,0.03453185567529009,0.15612087628151922
Peve,OG_05289,87.07634244660528,-0.33653108190328923,-0.1676033642796597,0.2539071584343181,0.49144114564608765
Peve,OG_05290,735.5029307267922,-0.026102657188335734,-0.021257538150751876,0.838261061828325,0.9209507887234181
Peve,OG_05291,287.72688929197193,-0.08105691858319834,-0.02969439038025138,0.8186880791696631,0.9081737077520585
Peve,OG_05292,133.97229860441075,0.49094367382608184,0.2815885114380567,0.08528687082357746,0.2681450193702076
Peve,OG_05293,58.7949557045234,-0.06605513237253025,-0.028423842165281665,0.832761398650202,0.917165680532745
Peve,OG_05294,482.1011127621374,-0.6885949883871314,-0.2732479956765546,0.08564771246459879,0.26905743239394375
Peve,OG_05295,18.967409747660675,-0.29260474539318126,-0.09413769967534336,0.4598261243760006,NA
Peve,OG_05296,12.334464296113913,-1.38108919144198,-0.31853030272403937,0.025600369072592444,NA
Peve,OG_05297,16.00812063171452,-1.8304233996204409,-1.1941594230723918,0.003797110833959805,NA
Peve,OG_05299,38.93446380361124,0.7716903502704537,0.5113596194043522,0.016125870629525623,0.09884043080550856
Peve,OG_05300,25.162628365802494,-0.28016923791823894,-0.05689964676418124,0.5933451922885877,0.767029301689201
Peve,OG_05302,170.72386750866073,0.21368406101848816,0.16640489835876024,0.19361710087464554,0.42280993266336286
Peve,OG_05304,8.329744967535119,-0.6716176130609457,-0.04120884623543372,0.4960037173049556,NA
Peve,OG_05306,158.97322165604828,0.1421644418428294,0.10196054948499557,0.4250435948036537,0.645402054059046
Peve,OG_05307,225.87073738280188,0.042358590719999166,0.0191836993111754,0.8854018472062246,0.9448492195023364
Peve,OG_05308,204.47678444696058,-0.0024491135758867334,-7.83080340454334e-4,0.9927994247992858,0.9971187894688148
Peve,OG_05309,386.31314286724347,-1.0442590411981514,-0.9018397236052288,1.284840008037283e-4,0.004980112867930325
Peve,OG_05313,11.200505181024951,-1.4757906795419389,-0.302510354615492,0.018175344075382776,NA
Peve,OG_05318,272.8299100844328,-0.01718077039423193,-0.009410944486988312,0.937201001802456,0.9708454217746953
Peve,OG_05319,21.570367560580436,-0.35327632522679486,-0.09816415746227952,0.4190537241573226,NA
Peve,OG_05314,204.06411958878456,-0.4634248302519587,-0.1858791928907193,0.19801636483596044,0.42781868046521454
Peve,OG_05316,249.4007108285442,-0.14072287369318712,-0.09315474474179801,0.4872531545809257,0.6922935109995909
Peve,OG_05317,31.320093513399097,0.27146454133585746,0.10911899994690323,0.4255277550582908,0.64559221628026
Peve,OG_05320,30.319315683508165,0.05599429745473301,0.02063236471204475,0.878114559885795,0.9416493126703247
Peve,OG_05322,133.83482593484416,0.4348736762578252,0.2807501355688564,0.0775549530063937,0.2533649538530721
Peve,OG_05326,374.7650208511221,0.048999714166296233,0.02879971897916999,0.8114393293897807,0.9036144650196317
Peve,OG_05323,1635.9035473523356,-1.4251970652602808,-0.24340156165715626,0.020919815897220796,0.11498351912339684
Peve,OG_05324,21.070386637740768,-0.4068472011804814,-0.08317762730331181,0.44891079235198206,NA
Peve,OG_05325,253.8245821423033,-0.44398069203720775,-0.218448674037706,0.15098979299976897,0.36800190225204665
Peve,OG_05327,114.08416935107513,-0.5309230331307044,-0.37471919552068533,0.029008912660613218,0.14129788788270556
Peve,OG_05328,1132.5118646941846,-1.1957693742700284,-0.49245382825264367,0.013586273909251023,0.08853741201084199
Peve,OG_05329,10.545801530629022,1.3417125434686223,0.1430058928669681,0.06990931439790547,NA
Peve,OG_05331,185.58183320763882,0.6076874630729373,0.4513169932085682,0.010889728592912087,0.0781148327879513
Peve,OG_05330,1269.4737906448904,-0.18653250118083778,-0.15697502560608192,0.19565117010703864,0.4248977785466974
Peve,OG_05332,1235.504844928732,0.7285102943487576,0.6101602997269153,0.0010136471653370731,0.01829849314108489
Peve,OG_05333,846.5188374167711,-0.20140734005764618,-0.14362752584812155,0.27357107043932155,0.5119293575550851
Peve,OG_05334,15.60275510431573,-0.4149040855041644,-0.12140247570895968,0.32848243281076556,NA
Peve,OG_05335,16.644100935057242,2.111263746283994,0.18640593867991218,0.008785388533176144,NA
Peve,OG_05336,414.12816344083103,-0.018414637499642193,-0.009881130918030693,0.9403355895624311,0.9720117577149391
Peve,OG_05337,373.8941506642227,0.26239574174437225,0.15758209961709102,0.2625353887334186,0.5003739282890125
Peve,OG_05341,15.613488187232262,0.2166201740241935,0.03121404468774632,0.7351777956328354,NA
Peve,OG_05338,61.43665329635014,-0.4281445672024818,-0.14328910651602114,0.28339509451982786,0.5216322374661864
Peve,OG_05340,175.7709105757837,0.7235082451098819,0.5645434880693001,0.004241349838099042,0.04456634905743241
Peve,OG_05343,250.67774915007192,-0.03754593603367262,-0.02627953115149949,0.8257705332483753,0.9126678472260522
Peve,OG_05344,374.1579940712895,-0.5639604770395924,-0.32709248430488513,0.05959125787322495,0.21576340421968995
Peve,OG_05347,21.525869634247197,-0.23524827518940922,-0.03904240865883538,0.6842629629452459,NA
Peve,OG_05348,163.22986977722007,0.6938922405966728,0.3968647768602898,0.03554823316579238,0.15920278527798729
Peve,OG_05354,206.75229228379908,-0.15074639281208763,-0.10546999359163292,0.4103417124024026,0.6352333194638291
Peve,OG_05355,32.114600852818825,0.2834429626968708,0.07986220381148326,0.5172708518509227,0.711294106389951
Peve,OG_05356,272.83552298754915,-0.4885938546342812,-0.22806745941068834,0.15436466342770275,0.37143510638429794
Peve,OG_05357,65.91222199965337,-0.6178292018228588,-0.4786531043583761,0.008132433378841931,0.06590731646810409
Peve,OG_05350,182.8665356859476,0.38545900430419766,0.16532712933332713,0.2447238614665692,0.4813597667576359
Peve,OG_05351,37.95914904794132,0.17648457646437274,0.02217584014388667,0.7602795409261696,0.874631462213162
Peve,OG_05352,143.83299799184041,-0.47130869979350964,-0.30334296654481446,0.06544118939966721,0.228160631966437
Peve,OG_05353,849.0240461703694,-0.16686410934014054,-0.07934344427294199,0.5747814194760524,0.7527917511524965
Peve,OG_05358,13.040992494710936,0.44084271568017064,0.07789691473637217,0.4539501378079298,NA
Peve,OG_05359,277.53923995268985,-0.11806559693824487,-0.07088548417802666,0.6000329357556454,0.7715703833124632
Peve,OG_05360,49.413289720241664,-0.7279961403970856,-0.4700442330848109,0.01990635526975241,0.11184802838227985
Peve,OG_05361,13.935027134236101,0.44823575118108316,0.060885689456289666,0.4918472902671309,NA
Peve,OG_05362,30.50411280753454,0.9626883829162425,0.7378377190042132,0.002703582045184717,0.03389265658643378
Peve,OG_05363,145.7578045210742,-0.856190025427085,-0.15538990597493516,0.14072791534663492,0.35501304194362093
Peve,OG_05364,37.28632832359436,-0.08272559537118584,-0.018464981796263994,0.8621493690023263,0.9335968575777857
Peve,OG_05365,74.23703469031904,0.030144534810639598,0.018245540852353716,0.8878003336928542,0.9455316320535798
Peve,OG_05366,340.93342220960443,-0.48661475152502043,-0.25791470253935644,0.10169812675301308,0.29717542370711686
Peve,OG_05367,1864.0053677386902,0.42454569147029525,0.21989027430109778,0.15161430480615784,0.36830286161138726
Peve,OG_05369,73.84703440046933,-0.07175982166757806,-0.03871059262095577,0.7744933128738537,0.8828505248351066
Peve,OG_05370,17.717333232150366,-0.8844969534778073,-0.05713283945084376,0.351587928434331,NA
Peve,OG_05371,21.01716472814751,-0.04844995965444162,-0.0011883557154384937,0.9593901509077283,NA
Peve,OG_05372,68.30798108058208,-1.0777190225649143,-0.8052130885776144,0.002616434781464474,0.033137365571674224
Peve,OG_05374,206.9283954134179,0.7902116446814809,0.5417684306466738,0.012434952410095299,0.08495916364135066
Peve,OG_05375,669.7557539216342,0.7332075575113355,0.1080726817154342,0.2422932230377768,0.4785182938203588
Peve,OG_05376,209.4156850988018,0.2903915574271149,0.22319467257474696,0.09040631160513965,0.2789450311089323
Peve,OG_05377,1311.3425686612431,0.24734345866074844,0.07308778962561989,0.5567956646040337,0.7412444521909595
Peve,OG_05378,269.3067129916496,-0.10126637235666355,-0.05315803785328091,0.694918612946387,0.8351301456736988
Peve,OG_05384,35.21144225793421,0.43337438196899375,0.11001464120969655,0.3620976983731625,0.5961660398112713
Peve,OG_05380,30.672103341497806,-0.3691830944882308,-0.1090607706899283,0.38736318261732644,0.6166136643265252
Peve,OG_05381,9.319120375713124,-0.15182024088465004,-0.019395486053580966,0.8228138495620808,NA
Peve,OG_05382,137.93257841469398,-0.1655929157734932,-0.1318786900966084,0.26113438161711044,0.49968063172223326
Peve,OG_05383,84.35771028417099,0.13472285739634454,0.07252078872016893,0.590380775188957,0.7643645046549072
Peve,OG_05385,149.83123002777822,-0.5356151830268104,-0.37499819365984055,0.029570494226127116,0.14227974415949507
Peve,OG_05386,5.954057880725544,-0.8767503613150792,-0.16435184825788757,0.16070412913106266,NA
Peve,OG_05387,5209.353516329403,0.026928393887444606,0.017813068053964855,0.8495661272402323,0.9272858522487174
Peve,OG_05388,86.20659990061918,0.06268334824242183,0.03420818346906243,0.8043802981416005,0.8996871401031731
Peve,OG_05389,169.0526600410881,-0.5094518173463829,-0.3739052384691334,0.024052950148296844,0.12541777839132467
Peve,OG_05390,120.74570941731382,0.337971318868803,0.2569653910561711,0.06977100006148071,0.23749574551758715
Peve,OG_05392,68.72059769639445,-1.6245657025772346,-1.050960384422513,0.0035133614345356726,0.039769372077700975
Peve,OG_05393,72.10270986979899,-0.9094013491284634,-0.7238796895704874,0.001721638220351723,0.025545199552766996
Peve,OG_05394,113.96853003171066,-0.5036385133468944,-0.3276698768958299,0.05128572009973518,0.197932559205693
Peve,OG_05395,2498.3156577072623,1.9131732718216616,1.762061548942523,5.440047085298311e-8,3.18786759198481e-5
Peve,OG_05396,213.39327776042265,-0.027179869165311423,-0.018686089120229808,0.8878167188342421,0.9455316320535798
Peve,OG_05397,759.3456938035612,-0.21760600926803633,-0.1364685387280851,0.32647235017175663,0.5631943758171291
Peve,OG_05398,7.790490745321383,-1.0045228205381438,-0.04428972947298696,0.3034263627645471,NA
Peve,OG_05399,24.401281092551155,0.04178763011570912,0.006492226730881583,0.935468913283968,0.9698424307835151
Peve,OG_05410,39.90836771521123,-0.44751328664577306,-0.17818721255702483,0.22718779968339187,0.46356059489577384
Peve,OG_05400,633.5285613581365,0.7718647068689876,0.25293361896998434,0.07611341338907754,0.25133592683051265
Peve,OG_05401,8912.443555449334,0.2711681639605386,0.23273927031014963,0.041681873677631626,0.1749617410621809
Peve,OG_05402,95.07457304266451,0.7147342108308293,0.17815579163651862,0.1498415261996078,0.3675121527973639
Peve,OG_05403,387.12756187111864,-0.063621312584975,-0.04539764908782098,0.7265233695364488,0.8524033619480467
Peve,OG_05404,118.77013180658821,-0.24516078065193636,-0.16484008827418029,0.24145766573172026,0.4770291746743374
Peve,OG_05405,124.7160549068177,-0.5731270977041587,-0.23581264974157615,0.1201786730561574,0.3237046452513081
Peve,OG_05406,92.61655922505646,-0.6256178193836036,-0.4523991492076113,0.014619824078121471,0.09356085788645416
Peve,OG_05407,10.272772459250294,0.11991058414513105,0.012406189626600162,0.8816388989717849,NA
Peve,OG_05408,1001.4339965418884,-0.6988417932292976,-0.45930901219218706,0.01945320260615797,0.11084106017480286
Peve,OG_05409,541.2014155176444,-0.4367865732587879,-0.36152697059497246,0.009940005860641057,0.07416548936960193
Peve,OG_05414,28.614153848050243,0.029539527974535826,0.004134515565501643,0.9655501008216625,0.9841558336592489
Peve,OG_05415,50.08028635044617,0.04563832062602576,0.018627814541765878,0.8857790918901913,0.9448492195023364
Peve,OG_05416,23.551430643354262,0.4373179567030028,0.13972340520673104,0.29087124877373605,0.5291899835701719
Peve,OG_05417,49.720454636438156,-0.48605749166848966,-0.12910244799131612,0.2897444100868499,0.5283411853125544
Peve,OG_05411,80.89595980330414,0.7670372496137267,0.6281201834695664,0.0016306409502552996,0.024789460339513108
Peve,OG_05413,554.9719690193751,-0.08289874812362183,-0.0606883346006461,0.6492407754864129,0.806148586580588
Peve,OG_05436,61.86734194175144,0.6655025303787562,0.26427517233903863,0.09791107474704798,0.29068065760834433
Peve,OG_05437,232.24817892317296,0.2876057795607909,0.11859345515631065,0.38437757173652637,0.6143536317859324
Peve,OG_05438,189.65726390419266,-0.2588848825302609,-0.17083441365957364,0.22746613839925706,0.46379620936699123
Peve,OG_05418,224.28181307576835,-0.756187742423237,-0.17487133071948957,0.1542078774547674,0.37143510638429794
Peve,OG_05419,41.50013987264653,-0.3689596818286456,-0.0720604301458887,0.5089214539302709,0.7045181966274402
Peve,OG_05421,248.26031961650915,0.19831310587390932,0.13732325034735032,0.33790223175529704,0.5733121629961225
Peve,OG_05422,99.23478750887348,0.5653270077119146,0.39725540316544555,0.02347670928485712,0.1232492665147856
Peve,OG_05423,198.63951030432202,-0.7178831071569155,-0.5452909187524813,0.006365624244199497,0.056779244055349024
Peve,OG_05424,20.07389291759641,-1.025307682032257,-0.39225352356204846,0.03261450603536262,NA
Peve,OG_05425,22.446824613675226,-2.1982790177179408,-1.9806952032201912,2.3050474891145614e-6,NA
Peve,OG_05426,105.31908521084964,0.1906404730299382,0.1180836308510385,0.3987850341742317,0.6249252964182845
Peve,OG_05427,27.218414895561192,-1.0203731345484204,-0.2627275269433393,0.056275433265304535,0.2083120751288095
Peve,OG_05428,33.973217408897206,-0.42814436553259483,-0.138662280771489,0.29246807047991696,0.5303738629159689
Peve,OG_05429,103.45695724388175,-0.2663601933094125,-0.17148721027724503,0.23229654752652265,0.4674155042411647
Peve,OG_05430,7883.866074450032,0.32495682431715234,0.2825934313686037,0.01333151687227319,0.08781036888447273
Peve,OG_05431,60.248027059198705,0.28041158851744946,0.15423424521730644,0.2855015766348994,0.5233279621762905
Peve,OG_05432,282.9633786224151,-0.3394442821021912,-0.23918207829486754,0.1001029426468455,0.29398003742624096
Peve,OG_05433,117.06173179740462,-0.03257421269831606,-0.021430919135476543,0.8757257409901728,0.9404114314721083
Peve,OG_05434,49.793178294531415,0.028774965224427757,0.01567522777733672,0.9238358693966509,0.964343882305246
Peve,OG_05435,61.692373126620716,0.3802766448098822,0.15027881430404016,0.2884650173448523,0.5269407640769552
Peve,OG_05441,184.08595113927555,0.39200058229987284,0.28456711989734457,0.06056494621416716,0.217736555101239
Peve,OG_05442,63.44368517159472,1.15678147737102,0.5057056942347558,0.014761979521548365,0.09373816992058912
Peve,OG_05439,759.7135596742851,-0.25599411541677913,-0.14750232477815622,0.28329755566935766,0.5216322374661864
Peve,OG_05443,48.15905478865866,-0.8255689729100486,-0.08448187575259719,0.23064195866074425,0.4665508340620153
Peve,OG_05457,87.22587830417861,-3.2802730820397805,-2.5871289266906796,1.5228968456999035e-4,0.005604554671759355
Peve,OG_05458,47.24083458490311,-0.15593802442646984,-0.09057186757388089,0.4930922324898263,0.6969153685353967
Peve,OG_05444,481.76181187202315,0.3408179410015224,0.2593451635644985,0.06496247178311541,0.22704717678403083
Peve,OG_05445,53.27576449682746,-0.14058159129189945,-0.03749930272092677,0.7472627291504285,0.8672440612997141
Peve,OG_05446,31.648278363369837,0.8244791147783254,0.4969554944807739,0.018270845508869434,0.1067387278271222
Peve,OG_05447,9.614219773044232,-0.0031663431979221967,-8.163080479490382e-4,0.9956917762338848,NA
Peve,OG_05450,36.91627150543245,-1.2974794640143,-0.4605929221797229,0.01356812800816095,0.08849486229980319
Peve,OG_05452,142.92246560682761,-0.04512453101580336,-0.012332004602833728,0.9143455071629641,0.9594330679844988
Peve,OG_05453,159.92120026849733,0.2890276422241745,0.1532371880200974,0.2899327837681804,0.5283990303220091
Peve,OG_05454,621.593359040892,-0.27288840965442585,-0.16313823538550556,0.26047250824525114,0.4989387899955553
Peve,OG_05455,2941.6805299850043,-0.28087489645943986,-0.19440446023336933,0.1659271833041275,0.38608286607217335
Peve,OG_05463,15.943525135033907,-0.8930459065008659,-0.20108453628737558,0.11007806917401805,NA
Peve,OG_05464,44.65025255440716,-0.29003566127748714,-0.1395503828718879,0.3343561030686555,0.5694443982063532
Peve,OG_05465,246.6785835209238,-0.2888661745647942,-0.13850102824468352,0.3293763908222802,0.5657698636491839
Peve,OG_05460,83.89391817521275,-0.274197828051607,-0.12422848205727932,0.3815911324495947,0.6115974828252689
Peve,OG_05461,40.55211440674414,-0.05339207224976,-0.016187946865876365,0.891196025917304,0.9470205716985314
Peve,OG_05462,537.2383719976912,0.38675867172871736,0.2550710995051113,0.0975344371442451,0.2900145753961199
Peve,OG_05473,183.0711203811714,0.6128596207433151,0.35738646516941314,0.047692878557792334,0.1900231950069362
Peve,OG_05474,531.6685908390347,-0.02394583379332284,-0.006130710317470977,0.9406095454680076,0.9720117577149391
Peve,OG_05466,5.313147225698689,0.03312224163321242,0.002807906759074646,0.9749069300812337,NA
Peve,OG_05467,278.42467485384526,-0.07524295233045758,-0.055794644809066755,0.6549112480221069,0.808759307927088
Peve,OG_05468,34.05143768774526,0.35155279472026263,0.10785398142209532,0.3969195801298698,0.6228081074004835
Peve,OG_05469,70.38702881410978,-0.4663275804752191,-0.28210741689794633,0.08295571350007522,0.26354050211910685
Peve,OG_05470,5457.719013352064,0.4161967763280364,0.3577966722449398,0.0057451828187478895,0.05305066995541991
Peve,OG_05471,1320.3702341510304,-1.0151055027528069,-0.8981415305060152,3.199925270747792e-5,0.0021008369127604536
Peve,OG_05477,47.33628147403411,-0.05931046661958007,-0.013833663903379294,0.9064641247431238,0.9557606809044644
Peve,OG_05475,327.94205476081714,0.18542128069193614,0.1409425961525666,0.26873382627125897,0.5064139455895876
Peve,OG_05476,278.921621442992,0.01484643034898223,0.003567000768398256,0.972765182867008,0.9871486829733406
Peve,OG_05479,279.28473759181554,0.5796645105252698,0.46273705777264024,0.007930188147280397,0.0649593261354646
Peve,OG_05480,389.5288743778112,-0.5244270239769492,-0.29351802915711517,0.07584880075651725,0.2511152386628198
Peve,OG_05481,6.850596636359851,-0.2635017389034439,-0.028108926621588277,0.745963366481095,NA
Peve,OG_05483,15.718600843486534,0.7082082654268963,0.2527581884331414,0.10925799793630295,NA
Peve,OG_05484,957.3974903756783,-0.7241068873399474,-0.5868719801713991,0.002163740921978528,0.029646363927396453
Peve,OG_05485,24.13432035430311,1.0701574160574732,0.43082411951410027,0.023454540000026818,0.1232492665147856
Peve,OG_05486,1031.6113560865813,-0.1666439119362398,-0.04983133019949319,0.658766365905811,0.811264496519636
Peve,OG_05489,6.8751615297330035,-2.3862456466806754,-1.4607656504102364,0.0041188620075699334,NA
Peve,OG_05487,325.33111801445335,0.3521536156618942,0.27098149420256146,0.054856714543342296,0.20537866856278514
Peve,OG_05488,100.63405635709687,0.487811138141181,0.32285750650824235,0.05428001324724684,0.20429468669967038
Peve,OG_05494,14.365456918025297,0.5718230036164591,0.11091787547295914,0.3064314176805127,NA
Peve,OG_05495,97.76244332214618,-0.12116375008738121,-0.058505284245614055,0.6723905794335516,0.8206138151433509
Peve,OG_05492,192.58057649345457,-0.2085661444827236,-0.10240241745898243,0.4523771544236376,0.6646497902409394
Peve,OG_05493,7.5912137237395365,2.2136848884587295,0.06210803330838799,0.09436775373824093,NA
Peve,OG_05500,495.50294636397035,0.10733308417735596,0.07242773756195282,0.5793085289309301,0.7560685923241092
Peve,OG_05496,36.22676658470877,0.27306351006513613,0.1335887802594838,0.34977600696871214,0.5858825024379175
Peve,OG_05497,442.4532036237432,0.3668889402224252,0.26236577890761426,0.07885363045684099,0.2552940742967338
Peve,OG_05498,246.06165233689185,-0.3530656191832325,-0.14337727552539692,0.3038781168980773,0.5416300024253853
Peve,OG_05499,29.387774619208347,-0.20945934943385186,-0.11674299124431509,0.4118878882088851,0.6357369021752649
Peve,OG_05501,65.56030907917673,-0.3855427083127895,-0.23437063196119162,0.12536453397945396,0.3317217852919348
Peve,OG_05502,2089.4928984587327,-0.07924848913867319,-0.05773911018866825,0.6401498364398786,0.7990597171881034
Peve,OG_05503,35.713880518322476,0.1929856049544646,0.06321150007498837,0.6201784420944674,0.7846851124882477
Peve,OG_05505,392.89354834228266,0.25785021605260106,0.13693314429510656,0.33871177351518633,0.5739115415121641
Peve,OG_05507,246.81766803753607,0.25693535206804097,0.0906546251974825,0.48906143742364083,0.6940517940188703
Peve,OG_05508,229.22064942635572,-0.0812879373445965,-0.062275290877388326,0.6203687340840345,0.7846851124882477
Peve,OG_05506,34.79068830156331,-1.7656421564723666,-1.3337381253464606,8.834767303410187e-4,0.017125510767780867
Peve,OG_05510,14.046965616251782,-1.0234632373933776,-0.4162270725115354,0.03034971938410791,NA
Peve,OG_05509,160.9070556349494,-0.05501478887930349,-0.03843569135411129,0.7647585160452696,0.8772294257658654
Peve,OG_05511,59.393411041254886,0.16873469161192253,0.07932021365155506,0.5673915706019762,0.7484129459659773
Peve,OG_05513,142.16504920128958,0.2480359671243684,0.1557330644773065,0.2616927310209082,0.4999163919445175
Peve,OG_05514,1636.580046912922,0.006299605778466854,0.004067194770589424,0.9777084879263126,0.98939735135795015
Peve,OG_05515,81.15766843219016,-0.6749822926997313,-0.478953828048764,0.014651890713906513,0.09356085788645416
Peve,OG_05516,39.84943276574159,-0.5395562246756502,-0.30260704599040417,0.07243554514864478,0.24368088783799585
Peve,OG_05517,13.655490270830905,0.25154263435759816,0.03775791490104222,0.6778642492997078,NA
Peve,OG_05518,148.07260104279743,0.14872599327952363,0.07491878464649424,0.5882783733367085,0.7631990204494287
Peve,OG_05520,96.974323638774365,-1.3823366090004436,-1.0752448025217978,6.743837843648341e-4,0.014558588608833262
Peve,OG_05522,86.45045062394483,0.8173775011528293,0.30112598231459375,0.05711740293710621,0.21061005594137228
Peve,OG_05525,33.09412208639319,-0.21803558193641473,-0.07634799955688155,0.5549429421556705,0.7402478258346872
Peve,OG_05523,799.8426073861655,-0.12961560824691448,-0.09817208669214822,0.39221290583856244,0.6191443477239353
Peve,OG_05524,171.59588005786205,-0.09251154082987613,-0.03506147231177446,0.7735920010740203,0.8825264873478866
Peve,OG_05526,29.43271416596769,0.31628807304610435,0.1039416782008157,0.4326808636679279,0.6512868641419235
Peve,OG_05527,14.45907066153482,-0.8752048038903887,-0.22127285325420712,0.09561700240293444,NA
Peve,OG_05528,22.417508798342865,-1.4476227247507227,-0.9998536222059587,0.002815522770981558,NA
Peve,OG_05529,20.914742270019357,-0.18732040421312013,-0.035466280463192015,0.7274008255717705,NA
Peve,OG_05530,182.57332892290577,-0.25180619901158124,-0.17294687729141145,0.20861777978635382,0.44025367729386355
Peve,OG_05531,1345.804350198531,-1.0639219760457332,-0.14863042340645324,0.09892057618734573,0.29242411695584003
Peve,OG_05533,86.02452647231256,0.6407907654748264,0.4887892815470393,0.008986530454044331,0.06955482024901162
Peve,OG_05534,9.913803889721748,-0.801737912922919,-0.1598365189427919,0.16278608892500487,NA
Peve,OG_05536,89.75903408399913,-0.4034007895461376,-0.131800703975524,0.32070109415673287,0.5575310212884507
Peve,OG_05537,105.06353736116252,1.1895208476650416,0.9862479285226328,3.867791378944045e-4,0.010056257585254517
Peve,OG_05535,93.72240211858245,0.18237477438705596,0.07514685768918956,0.5882414407732617,0.7631990204494287
Peve,OG_05538,89.80490993348694,0.6861312762367323,0.5094916335844876,0.009863555660984034,0.07381195189133238
Peve,OG_05539,27.919634753766225,0.30207730059633137,0.08134094272849612,0.5041304405809302,0.7023529071590209
Peve,OG_05565,2253.5923079035815,-1.4208664521118264,-0.9770344709409579,0.0021878675120333047,0.029923114374631445
Peve,OG_05570,9.00599687072919,-0.8586324612111416,-0.12214661191120964,0.19994740186530882,NA
Peve,OG_05567,826.7647859973301,-0.5479863106117878,-0.40876096737551704,0.017029870568632248,0.10199178772943433
Peve,OG_05568,43.758569158705036,-0.09912130187595929,-0.05372758492252164,0.6932289416147841,0.8338888484480381
Peve,OG_05540,150.8801154709625,-0.12161215552341492,-0.06288409614314525,0.6267081390878286,0.7893327265275539
Peve,OG_05541,20.916814254664395,-0.4744198356479168,-0.1485261153207515,0.25174381174822513,NA
Peve,OG_05542,15.52038149879074,-1.2668066838139183,-0.21398843488564623,0.042887532327986366,NA
Peve,OG_05543,147.48893331988617,0.6308275580464826,0.1297263639660096,0.2190314079145006,0.4540186560767806
Peve,OG_05544,938.5281490022949,-1.8305923421102623,-1.6197968464131878,6.478821074198148e-6,8.008765289775716e-4
Peve,OG_05545,23.832361187424965,-0.1365673035475959,-0.05757411729514764,0.66981585676697,0.8187862265729098
Peve,OG_05546,217.47116268309506,-0.03882618021668003,-0.028380976963398526,0.8171964056847029,0.906832078442253
Peve,OG_05547,33.16950090841763,0.6161359114462663,0.16290565820570158,0.19425545961078663,0.4237795221405992
Peve,OG_05548,45.489285285358996,0.8957422051036977,0.1565853980975404,0.13933420774238625,0.3529886594862557
Peve,OG_05549,6.6531205431165015,0.9679790433537776,0.17715838856391566,0.10720901405362171,NA
Peve,OG_05550,112.51633583044843,0.16258408416509898,0.09085461735942811,0.5230997435550907,0.7158207017069662
Peve,OG_05551,43.70626869922046,0.3232931960303219,0.09225867246439808,0.45301651133033843,0.6649479351280382
Peve,OG_05553,167.84846364054593,-0.737646450156856,-0.5049660379418079,0.01389625176756837,0.08994192520419358
Peve,OG_05554,30.913455341442642,0.42023546153873553,0.14355393951476295,0.2913014598810008,0.5296263774161012
Peve,OG_05556,26.60497757420158,-0.015518768190117192,-0.004352089655355108,0.9734529547485347,0.9874520118873951
Peve,OG_05557,80.16105787107227,-0.06301497359241359,-0.019618202613380827,0.8738638884060822,0.9396041075338791
Peve,OG_05558,143.40091308887386,-0.14343763043777125,-0.046149268516125254,0.7082088271360312,0.8423662712652383
Peve,OG_05559,102.54723197691669,-0.3097116996950194,-0.16225826418833733,0.2751620237174331,0.5132045576396325
Peve,OG_05560,472.66985007589307,0.021592818522769064,0.01693464162664576,0.9042138729545363,0.9544811852078189
Peve,OG_05561,310.9021437682509,-0.637281709493922,-0.4946974995822552,0.009092586009756973,0.07017965574704015
Peve,OG_05562,133.22373256858052,0.23131335022881666,0.11850753387111794,0.39836713085656816,0.6244363791903984
Peve,OG_05564,100.44982088038338,0.2822132467273688,0.16689390001313067,0.25087049783991544,0.48888740371515976
Peve,OG_05571,1428.6126586664755,0.0978380729772782,0.041898689158447855,0.7063385755379575,0.8420793847336715
Peve,OG_05572,327.5761034945019,-0.15953592937778666,-0.07684638286363715,0.5767966627355895,0.7546002020813534
Peve,OG_05575,62.04433405269236,0.8615078877389143,0.5263328996233906,0.01667914648732881,0.10036472191190433
Peve,OG_05573,45.48505146833785,-0.7257581732576052,-0.3013729285871554,0.06702579809655232,0.23262074255104126
Peve,OG_05574,137.16503015269822,0.20887920107126842,0.13602408794216989,0.32125047105876064,0.5579797022489591
Peve,OG_05576,8.03570361995098,0.5114567720019576,0.038411231169553424,0.5642799339856973,NA
Peve,OG_05578,95.94227223609674,0.3906205323259726,0.1770622373177232,0.2229209729557878,0.4584805539895225
Peve,OG_05579,229.677373643396,0.17707532711432453,0.14450629761065487,0.2063827533598054,0.43771230911251935
Peve,OG_05580,8.715984699271743,-0.8392697982416074,-0.0710326763318367,0.3394513733194264,NA
Peve,OG_05581,184.4086191658029,-1.2264329779177254,-1.0581581504339637,6.988957821145609e-5,0.0033611291728361053
Peve,OG_05582,59.91915103921783,-0.4670605533160106,-0.11776916343231572,0.3149098253957459,0.5525064601254703
Peve,OG_05583,134.63230928491333,0.20081616001579475,0.11564884113912183,0.4091591193192913,0.6346052252761085
Peve,OG_05584,8.73108892478954,1.6507216100140796,0.38913416380783583,0.011898426658689818,NA
Peve,OG_05585,452.8015175003413,-0.0930631143855601,-0.06535164071714461,0.604046449106612,0.7733932289465129
Peve,OG_05587,165.96611932374972,0.07906899056500354,0.046662704777911825,0.7264865652152019,0.8524033619480467
Peve,OG_05588,27.14526553934863,-1.5170459934929217,-1.1529032618251434,0.001256500965518261,0.02115428526817194
Peve,OG_05589,95.05372991967984,0.30277595580704475,0.17722283475483003,0.21057945019597912,0.4421704111336739
Peve,OG_05590,34.30654410016943,0.15541558472539999,0.06751413934658995,0.6184719916393221,0.7839756290631725
Peve,OG_05591,184.01865702874022,-0.16434976414595406,-0.10623760509144214,0.4306295213344331,0.6497148347725845
Peve,OG_05592,877.4618355918476,0.05109202248939466,0.024319428940586647,0.8440968916644718,0.923854058416687
Peve,OG_05593,184.47978248611327,-0.3565218193831233,-0.25600245469257277,0.07779492295044452,0.25383236750608584
Peve,OG_05594,859.3597026481444,0.41321213340576096,0.3337133450297571,0.017707849459812998,0.10449139983335044
Peve,OG_05595,118.16976475118118,-0.148101809394752,-0.10089337850534262,0.44507064727537227,0.6584233651046842
Peve,OG_05598,104.04229378427526,-0.08052978259734325,-0.03722944273490833,0.7807311785325031,0.8851927545855943
Peve,OG_05599,166.08381468731062,-0.0946438428324128,-0.056678472094987144,0.6785944171112123,0.8238298437535004
Peve,OG_05600,98.967344174014,-0.08998862438448513,-0.025544769782774,0.8309857768855059,0.9162890759692749
Peve,OG_05601,81.84750004718991,0.1640469652696035,0.08640901318319344,0.540224424531853,0.7289913746871972
Peve,OG_05602,25.986635345001094,-1.8310876286376745,-1.3440504714149697,0.0012579274384985416,0.02115428526817194
Peve,OG_05603,122.09604893410527,0.11333173809897308,0.05581948051664898,0.689878800436267,0.8316975315276914
Peve,OG_05605,70.61679254995522,0.580089278848888,0.4493903541524214,0.010292790701981327,0.07567110248917991
Peve,OG_05606,54.74352346045052,-0.36197722117636033,-0.21320843480895116,0.16466486517768436,0.38526318885859934
Peve,OG_05623,28.312212348436507,0.20914317425550688,0.03504773075974723,0.713968134320049,0.8458801317651841
Peve,OG_05624,40.30948050607249,0.3360100624631848,0.11735643563458835,0.3799916949945482,0.6107124389034573
Peve,OG_05625,1232.67871527105,-1.0302765146964614,-0.722970921562467,0.005307908397912147,0.05067123580864002
Peve,OG_05629,269.0042713945262,0.14958739816522962,0.08582108330166463,0.5241554153376049,0.7166216715796616
Peve,OG_05627,106.95780075728842,-0.37518038417447097,-0.24484956708205535,0.1102660703672286,0.3092808998739129
Peve,OG_05628,219.21718306395633,-0.03887979552927097,-0.02252109467004607,0.8800124795165232,0.9416869421226216
Peve,OG_05630,490.9233207751621,-0.7453277782802086,-0.5389148168192145,0.009055292113266616,0.06996269302116134
Peve,OG_05631,28.979986476298766,1.1304167679250257,0.5873958899203293,0.012899625264538214,0.08650470533913038
Peve,OG_05632,37.71279496007884,0.08653876074955905,0.03367580147111764,0.7948639659756027,0.8937161630744295
Peve,OG_05607,12.585602812337429,-0.04044982719502783,-0.008243879858388162,0.9384748682936764,NA
Peve,OG_05609,35.76426288272236,0.5350340363183481,0.12699895502174058,0.2768520261377833,0.5140284511619871
Peve,OG_05610,158.0566570075422,0.4144517112446408,0.1956947510717915,0.18900565252628893,0.41734639447688954
Peve,OG_05612,8.690712047895301,-0.36360494265588467,-0.03796006416254907,0.6441557492795454,NA
Peve,OG_05613,167.66288719590435,0.2702281984565642,0.12606392233671893,0.36638630171086833,0.5984414336263711
Peve,OG_05614,19.701668020222925,-0.7382890199974793,-0.12348107412395092,0.21483599713567314,NA
Peve,OG_05615,51.43732648541506,0.5290486031348786,0.34185115260558674,0.04710895109116863,0.18888209969080139
Peve,OG_05616,206.53492595048584,-0.3864070989776052,-0.25493834032817975,0.09801267492864603,0.2908451196308844
Peve,OG_05617,95.44893567876905,1.071812855519858,0.8686444846344604,6.696132642242955e-4,0.014558588608833262
Peve,OG_05618,504.2177572569091,-0.4721372541527944,-0.36453264614549674,0.01849740926331957,0.10749413751131838
Peve,OG_05619,85.65434456245949,0.6381755300267147,0.49210246574407174,0.0077248160076743705,0.06387299274087171
Peve,OG_05620,13.000241411292444,0.6511810478083286,0.12992414085128645,0.23159454776943514,NA
Peve,OG_05621,162.74806241124884,-0.1976439560658519,-0.14434319414947647,0.27908348827285057,0.516284121821898
Peve,OG_05622,249.14534318696553,-0.8093289163786864,-0.4983480727495976,0.017611777970400984,0.10400505781280209
Peve,OG_05637,119.92992627883534,-0.48469720200008637,-0.09506556775032755,0.35486409203248204,0.5907584722876279
Peve,OG_05633,308.1473720465493,0.008936084607893188,0.0064176419146595816,0.952035115556525,0.9779421895258326
Peve,OG_05636,410.8561224248941,-1.2167232609392695,-0.8857830946344092,0.0020360346537101593,0.028435600617640323
Peve,OG_05640,18.379657885263214,0.09193417042380915,0.0028231956591909814,0.8902633038223154,NA
Peve,OG_05641,54.4732447735938,0.12091005338952646,0.0779421115888719,0.5570668302053493,0.7412444521909595
Peve,OG_05638,112.82261015105371,0.746525261424398,0.617645391853846,0.0014894817133076852,0.02359016983779199
Peve,OG_05639,2773.051815404245,0.28592902759879396,0.2232426931129121,0.08852842942759889,0.27493256232346036
Peve,OG_05651,116.84974092836998,-0.28039195618318846,-0.12912165479773904,0.3657352581764529,0.5981867457080587
Peve,OG_05652,34.38706788469309,-0.3426907804322346,-0.10193629667280395,0.4097398302392409,0.6349216449071631
Peve,OG_05653,40.53358281542029,-0.032755067517186646,-0.013543623071727571,0.9137144659179303,0.9590351062775961
Peve,OG_05654,65.00490949742792,0.3803275508740381,0.059959642587148046,0.5216036118658971,0.7152310201896591
Peve,OG_05655,44.34560948219869,-0.7425125425042477,-0.1987005181573445,0.13670348411782896,0.34947141700621287
Peve,OG_05656,12.272375635871693,1.0547929013700308,0.11542018992389173,0.15576988626079857,NA
Peve,OG_05657,478.6398807870179,0.21809695486187242,0.13014229527786858,0.3415570143922831,0.5770639466933716
Peve,OG_05658,181.24261083119555,0.27051126733653386,0.2005665961611547,0.1389527763244746,0.35249492175819097
Peve,OG_05659,26.24967800771338,-0.2854071151722721,-0.10154399498356578,0.4412120479037945,0.6567318055746593
Peve,OG_05643,2104.797598307861,0.2784302287843205,0.23407676061437196,0.045916461329099365,0.18619539367033988
Peve,OG_05644,73.43790288963336,-0.2229775855227947,-0.12889648139181983,0.3641902036052806,0.5972876148686819
Peve,OG_05645,3939.822607266709,-0.11906343391684544,-0.09134449916005932,0.4392425785626889,0.6549520382639584
Peve,OG_05646,50.09166087458015,0.06223362964714344,0.022306474359596533,0.8608443963914967,0.933244999531866
Peve,OG_05647,450.9098991092399,0.07323988848661053,0.045548065057683086,0.7512902298164972,0.8686681157384847
Peve,OG_05648,2128.9615614956583,-0.02823104993371377,-0.02014811338427132,0.8681521976000298,0.9374320965722222
Peve,OG_05649,690.1514236878113,-0.29396771145733563,-0.1924004306096578,0.1778387467314895,0.4030355608425367
Peve,OG_05650,49.46499254290988,0.45514468248967244,0.22156303075071823,0.15137503207085928,0.36800190225204665
Peve,OG_05660,23.798670824243562,-0.03528498551698384,-0.01507457631288173,0.9046828325790968,0.954685388362316
Peve,OG_05661,37.81140515506548,-0.3104033003205513,-0.1093867063041127,0.469580699977316,0.6771216395754803
Peve,OG_05663,21.758043577516283,0.9261917170303067,0.5465548152875934,0.015950822937649857,NA
Peve,OG_05662,20.53330698196614,0.655940449022312,0.19710342321921404,0.14676359054985383,NA
Peve,OG_05664,21.669748690578977,0.7933428055954524,0.2690794574080289,0.08893096149221283,NA
Peve,OG_05665,12.213134408982539,0.32443360129126025,0.026012432811206555,0.6960956636433023,NA
Peve,OG_05666,102.37664710625012,0.06670416536884806,0.02623023254151905,0.844178012685555,0.923854058416687
Peve,OG_05667,373.910971914621,-1.0318428615731507,-0.6178834485268097,0.011381278170065108,0.08020589925953375
Peve,OG_05668,9.184032471115398,-0.6369138283716401,-0.08236594029182168,0.40554916658257695,NA
Peve,OG_05669,1617.0265090413525,-0.5156353536866948,-0.4320818624352843,0.004116262577438997,0.0438972539983586
Peve,OG_05670,208.86695838757592,-0.24256209445409443,-0.040976185797389236,0.6584854596399718,0.8110719118108872
Peve,OG_05671,107.03439484428263,-0.2757519452911054,-0.12375018017620261,0.3792159898366287,0.6103670844232912
Peve,OG_05672,6478.754781172206,0.030058750908509697,0.01355151399932077,0.8139653371017025,0.9052245165023021
Peve,OG_05675,28.235395515807067,0.33278049158510864,0.08847485000766132,0.46835465477444593,0.6763840303453514
Peve,OG_05674,71.53501420078626,-0.18638061910084253,-0.03990801237806345,0.7152630930861239,0.8463613300916576
Peve,OG_05673,8.791527852850095,-1.8123592615171176,-1.194147159363026,0.003151747535886953,NA
Peve,OG_05677,17.128685174094453,0.0626935663041747,0.006748411256993539,0.9322455146316029,NA
Peve,OG_05678,91.77618532458004,-0.6533072105914121,-0.37890345126975766,0.03845411435548901,0.16682428425974674
Peve,OG_05679,1022.9398916645487,0.17828064046093767,0.09552291034617476,0.4943841767164436,0.6974598216380345
Peve,OG_05680,506.3215218676239,-0.9037481501022134,-0.6399095014057377,0.005501619309808935,0.05187965571681568
Peve,OG_05682,56.24950227749332,-0.5965324986199643,-0.3491158197802327,0.04955194055199594,0.1948144974842577
Peve,OG_05681,259.8128566612476,0.16189521614400604,0.10328214377622838,0.4444275751230841,0.6584233651046842
Peve,OG_05683,118.3020028485869,-0.49308440550054383,-0.3123171167141673,0.06395676839629388,0.2249336634988982
Peve,OG_05684,472.1929100701067,0.8567055285242392,0.702645693896619,0.001115565551790416,0.01940269035054655
Peve,OG_05685,170.3343816806586,0.7028788728451077,0.4856630045643883,0.01596400412531773,0.09832181746081527
Peve,OG_05686,45.119595418416864,0.07049614658691782,0.04154962930220419,0.7602527778492376,0.874631462213162
Peve,OG_05704,19.681654324129155,0.18540396562006295,0.010675894091144748,0.8377888956258104,NA
Peve,OG_05701,308.2377139102703,-0.09440833928236399,-0.06611666423637434,0.6337432300247083,0.79510143714233
Peve,OG_05702,72.05294035623974,0.5166914936395751,0.3342762830663027,0.04778311974135645,0.19028322330875766
Peve,OG_05703,48.98729953552743,-0.10232134045200482,-0.030811966277506812,0.8065552324900622,0.90066516580318
Peve,OG_05705,102.64146026060872,-0.3115262642868611,-0.18839621644215332,0.20523359877167244,0.4367233395091063
Peve,OG_05706,110.93950603073168,0.12952835391961157,0.06968291944252128,0.6114995708541697,0.7786066740376174
Peve,OG_05707,27.16812736191988,0.9984991205753975,0.7482952331092816,0.00289379066757615,0.03509094665294573
Peve,OG_05692,75.88351395818373,0.03776448607517975,0.01645809408472786,0.9095994688765398,0.9570081359229416
Peve,OG_05687,29.30398528134591,0.04414741302070749,0.016028164471451518,0.9043640318758253,0.9544811852078189
Peve,OG_05688,150.473620973617,-0.45209795916451323,-0.36192362267960626,0.016127416052933465,0.09884043080550856
Peve,OG_05689,132.97812728099652,-0.23403632344085354,-0.10807279075377647,0.4453886554979817,0.6584457165890985
Peve,OG_05690,562.6173453049453,-0.24572659584433956,-0.10877854369952719,0.4223199174003101,0.6439617955875825
Peve,OG_05691,193.35364168682986,0.3502930913087626,0.1409908965614083,0.30773347033806187,0.5449831165299366
Peve,OG_05693,47.64493139331612,0.43906903204503134,0.22259944777593466,0.1566174445775637,0.37401620463695306
Peve,OG_05695,72.10199604679137,-0.2738831978398125,-0.07274708740700528,0.5335702149562508,0.7236492607329034
Peve,OG_05697,254.4746095773451,-0.18148438333229588,-0.13339371625571556,0.29700970423696654,0.5350248112738735
Peve,OG_05698,34.41296662919794,-0.16844596209113014,-0.03344284619516447,0.738101235127242,0.8608167803428245
Peve,OG_05699,900.4178984350443,0.018415265923179505,0.012055497185759503,0.9271640675642281,0.9654277628324064
Peve,OG_05711,383.4923972048242,-1.8191394018910398,-1.3980547740554825,3.5017185505369444e-4,0.009294805546338132
Peve,OG_05712,283.70017285230244,-1.1572696611165667,-0.9003469713276355,0.0012283128598873556,0.02079397192582639
Peve,OG_05713,136.34422494692407,0.2263200586618591,0.11602770971435188,0.4194056736809944,0.6418031301957083
Peve,OG_05716,46.559472197840826,0.6656745129852565,0.32983701734131904,0.05425094203748017,0.20429468669967038
Peve,OG_05708,554.8988805727996,-0.2911406047926886,-0.15343902053468805,0.2903667183243032,0.528810341906417
Peve,OG_05709,738.5804864065547,-0.23650720267530936,-0.12605099257085808,0.3802393663291635,0.6107124389034573
Peve,OG_05714,354.01139596358666,0.17538544553121146,0.13474529235933344,0.27399137576201804,0.5122125890932646
Peve,OG_05715,86.20406588972988,0.500167235101459,0.3515368049199301,0.037049798522316685,0.16281832169334723
Peve,OG_05718,1130.6722391436895,-1.825245323083081,-1.6547207390499628,7.750993831303789e-7,2.1088239645311523e-4
Peve,OG_05720,28.38039326690028,1.393557667752581,0.18368685859360573,0.043213537464966624,0.1793032289804552
Peve,OG_05721,7.792862429213721,1.0953092362913115,0.14060846052101053,0.12682448060769477,NA
Peve,OG_05722,11.10501445302707,-1.1600329430925427,-0.1497064548671461,0.09606053903462074,NA
Peve,OG_05723,184.85367738045588,0.1658675127236399,0.09984442571253654,0.4675761021361246,0.6757721013228984
Peve,OG_05724,1615.266906838418,-0.7720271784038126,-0.6315142663351448,0.0015521781818771845,0.02427925650248712
Peve,OG_05725,291.7946686578286,0.1938051213576342,0.12112282836159129,0.3847082889919468,0.6146485759057679
Peve,OG_05726,165.33029903992562,1.1278050866795362,0.649979171205636,0.010529164255037818,0.07646441686832993
Peve,OG_05727,73.10675199960845,-0.09152848706720533,-0.034183033592682766,0.7922254318864237,0.8921172712654508
Peve,OG_05728,130.62365793189778,0.575893616792781,0.4143697717317174,0.02013693677614663,0.11236915413353286
Peve,OG_05729,30.117192587604634,0.5636630684196389,0.1472600590890931,0.23299275051139612,0.4679619866815555
Peve,OG_05730,40.168026907684315,0.03592266250962539,0.014485865842108885,0.9222427952132802,0.963234939887049
Peve,OG_05731,76.53106156476959,0.4122320998843653,0.09074190771580024,0.3988431072703727,0.6249252964182845
Peve,OG_05732,422.22487746952646,0.5633527178798499,0.40485606979921884,0.021437911466530374,0.11693137113837089
Peve,OG_05733,1735.08503964438,-0.050108845710114105,-0.03179367919931653,0.8067014432375755,0.9006964084103547
Peve,OG_05734,263.68651499125355,-0.03820851190114498,-0.024001413118851015,0.8656821013039588,0.9356346165968245
Peve,OG_05735,1132.8981026340764,-0.04718644529868446,-0.043464199865703906,0.651565374757552,0.8066217031419394
Peve,OG_05736,2826.3902540659697,0.6091379002227894,0.47476135472461545,0.007339292666560109,0.06171162420955288
Peve,OG_05737,70.93911279167123,0.22928171444897713,0.1479475271112519,0.28330273538173933,0.5216322374661864
Peve,OG_05739,259.18963813730215,0.19255738619850635,0.12446247049550553,0.36066584187751105,0.5947083081001903
Peve,OG_05740,93.86532780633766,-0.2787280226261306,-0.14623963584605654,0.31457183514595516,0.5520643275609984
Peve,OG_05741,197.19367571125602,0.20363102816139675,0.13188098213520455,0.3440378389621063,0.5795843116349682
Peve,OG_05744,125.74148889851921,-0.5179748072238844,-0.388827161720853,0.02007444296846798,0.11228128233024162
Peve,OG_05742,149.480613547441,-0.5162947655824346,-0.2493846065422602,0.11927793905227406,0.3222196240071716
Peve,OG_05743,297.72607703243966,0.12109235980594195,0.09899803018181103,0.3650916394189304,0.5979367837602321
Peve,OG_05745,99.5582012851668,-0.35693745288898027,-0.2183317012971803,0.15617787374955772,0.37356783896864354
Peve,OG_05746,426.78363604547985,0.31250710617523375,0.14337013009996563,0.3234129854733946,0.5601171250750809
Peve,OG_05747,17.84364480838718,-0.9225321837201992,-0.18390053507624007,0.11064019326925655,NA
Peve,OG_05748,33.09889898635241,-0.7157864775875491,-0.26436995517573314,0.08226858808968593,0.26288678861880344
Peve,OG_05750,134.65918013430672,0.2892194338724579,0.15420413135865615,0.28913562083602756,0.5277036798104595
Peve,OG_05749,2289.299419413112,0.7977816765186063,0.44815611796248495,0.022120643776184726,0.11892382800774541
Peve,OG_05753,35.312618111968256,0.12776192250685808,0.03750349515596061,0.7628965281751751,0.8760545299424907
Peve,OG_05752,30.59976714702817,-0.4675984331801387,-0.1787493430250263,0.21193293720817694,0.44403331013528374
Peve,OG_05754,195.1731278501755,0.2705982154585538,0.15929061207524878,0.2596458242613589,0.4979813416976416
Peve,OG_05756,20.803325595631325,0.17530422259554143,0.04435245169655544,0.7126829135770465,NA
Peve,OG_05755,2325.861487738765,-0.9346195662551396,-0.40157474186206854,0.027965733074052698,0.13807061215692382
Peve,OG_05757,150.84942656744002,1.2675192519911753,1.0706305030105516,1.8809370929360802e-4,0.006432375131934716
Peve,OG_05758,27.699234410654213,-0.4115458545990809,-0.20184093646584117,0.18398870638227371,0.4105524209783718
Peve,OG_05759,253.04190771915952,-0.7215271311141024,-0.29673736636323933,0.06328640579842515,0.22382350945794002
Peve,OG_05760,93.29511470538218,-1.2205267639031097,-1.030353188629214,1.5062962364995486e-4,0.005570371227987166
Peve,OG_05761,109.42648275967868,-0.2902723291617835,-0.14881699929275463,0.31641451624525785,0.5539981118722993
Peve,OG_05779,478.315500959152,-0.027035970065415582,-0.021233813950239162,0.8562869751034101,0.9312197253872632
Peve,OG_05780,106.13307195681642,0.8125301817527927,0.5313382851383829,0.012550966519095328,0.08503229277158884
Peve,OG_05762,397.294619405312,-1.579950227594836,-1.2686442068544213,3.393508933329349e-4,0.009102729244402459
Peve,OG_05764,80.75692819409834,-0.3934365592096261,-0.17599708509210044,0.2193860527558619,0.4542764201941169
Peve,OG_05765,126.32557657112984,0.3359964169450877,0.07417512940196962,0.49423007633987814,0.6974598216380345
Peve,OG_05766,3546.195207096108,0.9163320434436933,0.6236306343306752,0.007468552418500528,0.062144313094666614
Peve,OG_05767,70.262801839734,-0.1614294894024366,-0.08542243203135746,0.5474479972168496,0.733977269059831
Peve,OG_05768,94.0935165799078,0.36080310566126084,0.249869771425533,0.08986521796612182,0.2776128266285142
Peve,OG_05769,46.25044368011076,-0.03911047127866973,-0.011477465704594068,0.921030172916389,0.9629287766935469
Peve,OG_05770,52.45685805039616,-0.2604275980363015,-0.12799110756179,0.3659387745641072,0.598223516014886
Peve,OG_05771,72.52197012920355,0.030739673016741208,0.012898262716826574,0.9013545776041999,0.9530213979443157
Peve,OG_05772,164.67966917840604,0.16671249348681869,0.0925788566419611,0.49609254169082534,0.6983945196861876
Peve,OG_05773,113.20072714290582,0.5316702561429689,0.27117535979027674,0.102243294010313,0.2975920783688131
Peve,OG_05774,130.2795977865679,-0.226237860877421,-0.12329289444933214,0.3804430510755399,0.6107542758691441
Peve,OG_05775,9.943281570038108,-0.5775001377225539,-0.07412130040571467,0.38585145819278893,NA
Peve,OG_05776,14.075730790231091,-0.26152066084201486,-0.030848589139835746,0.6983606756299514,NA
Peve,OG_05777,1718.8479115051186,-0.5740013074907487,-0.3659574116887175,0.039313127619604524,0.16901095158360455
Peve,OG_05778,167.4544417479855,-0.30715189206960103,-0.20040256750599228,0.1687713141220593,0.3902245257624577
Peve,OG_05784,230.98824048841763,-0.5854573878349105,-0.38823917954076725,0.03390302236459608,0.15483801348422183
Peve,OG_05781,302.90346917276986,-0.22517792849354276,-0.17383100229051734,0.15319757722353772,0.37018436474935923
Peve,OG_05782,234.85069774288095,-0.6572927888591904,-0.5323431772727681,0.0032238205442477207,0.037429943145372485
Peve,OG_05783,89.34461321394411,-0.6331623184652196,-0.2654964936472285,0.09141823793712983,0.28009977051253876
Peve,OG_05785,513.933478962938,-0.4051014167648618,-0.29655177165877505,0.05021560754914548,0.1960158604006103
Peve,OG_05786,94.20514637414382,0.26231300968320204,0.17367035958993945,0.22307412418614572,0.4586717079757242
Peve,OG_05787,19.61704187881443,-0.14897743153332715,-0.05041696795045839,0.6939642514855048,NA
Peve,OG_05789,367.40411324452714,-1.3238716751434545,-1.1508579281172346,5.5754295736488767e-5,0.002909152225483366
Peve,OG_05790,52.072268838021714,-0.08835154811338079,-0.03563540541577758,0.783639642507713,0.8867746281378132
Peve,OG_05793,7.0507169878909774,0.18899919661068965,0.02146042573598673,0.7838061247540167,NA
Peve,OG_05794,3635.9634833688287,-1.2444760747752235,-0.7221299140753257,0.00688723329227037,0.059351745724565245
Peve,OG_05795,53.409090506782476,-1.416764714390276,-1.0183761137360023,0.0021416041032890063,0.029395928033974145
Peve,OG_05796,18.3530929524784,-0.35710691194915184,-0.07678982386011482,0.4805361985420829,NA
Peve,OG_05816,512.9415950606528,0.026959618744836312,0.014078002433960646,0.9083293168653529,0.9562814726202679
Peve,OG_05819,19.643368335150956,-0.19900414560251556,-0.025988718966130874,0.7546188574661213,NA
Peve,OG_05817,201.57552197191853,0.21005398716893264,0.12730517686849036,0.36929311525989555,0.6015127115779099
Peve,OG_05818,116.92258850445377,-0.0356991467287839,-0.019150192940392975,0.8868480387880652,0.945135154195151
Peve,OG_05820,11.623693730762557,-1.374568101426198,-0.25070708869746194,0.03086449748867201,NA
Peve,OG_05821,49.88152029279989,-0.03880623545238621,-0.01923262802587408,0.8852957060117937,0.9448492195023364
Peve,OG_05797,2059.606869018897,0.19990920107332572,0.1516784028541749,0.19137109721262613,0.4198919984348461
Peve,OG_05798,1881.0414061925778,0.5731836141553841,0.4895609817660253,0.0015887658882266702,0.024486461626571917
Peve,OG_05799,793.5422580729302,-0.5434857505337738,-0.45512266896763587,0.003046373249296476,0.036245924345270956
Peve,OG_05800,107.70396179375427,-0.1404804151787769,-0.07948764928857155,0.5799113983522872,0.7561885169168305
Peve,OG_05801,65.99664895867359,0.004651075562373199,0.002695733601703366,0.985365713421338,0.9940704994117623
Peve,OG_05802,2336.122520902445,-0.4397936893018529,-0.29307348103752867,0.06708574526585584,0.2327227720561429
Peve,OG_05803,11.877948731202409,1.6736542561035268,0.247801010813772,0.017012292183290388,NA
Peve,OG_05804,32.04606396841112,-0.939123821302066,-0.7228093950802694,0.002805108972468213,0.034634230392646424
Peve,OG_05805,76.07075075987377,0.6864815201592602,0.13652705700320572,0.2105332949634026,0.4421704111336739
Peve,OG_05806,996.1791644644691,0.1457144403956285,0.12049555260238468,0.27637015990430275,0.5136742173456302
Peve,OG_05807,216.6752334635027,-0.7730679351219478,-0.350820804985202,0.04881773161262187,0.19269092198184115
Peve,OG_05808,188.0465075863148,0.4808452896682911,0.3954093056316687,0.008494851081904257,0.06727003694589047
Peve,OG_05809,437.9333608541407,-3.652644300801497,-3.196325436148454,5.061408770398554e-7,1.7218572054113586e-4
Peve,OG_05810,68.24615920089163,0.6583847661483632,0.4464071760691778,0.019825257510163733,0.11184802838227985
Peve,OG_05812,11.190157345906313,-2.5597441698777232,-1.905277960104698,8.683718482540764e-4,NA
Peve,OG_05814,38.419617419489576,0.7218544633636077,0.44168980615818887,0.02598775338915259,0.13163211789798168
Peve,OG_05815,38.312398001886166,0.2895114326617218,0.13924994665840337,0.3234385971653034,0.5601171250750809
Peve,OG_05827,80.2484898357992,0.2543489655689462,0.14733847379974518,0.3053111968977563,0.5424979733879347
Peve,OG_05828,424.59323704482495,0.06948719674875146,0.05186421357163337,0.6475052799529586,0.8049437373827739
Peve,OG_05823,3875.0036465490803,0.46408960802726884,0.3842958410323774,0.008209920497291608,0.06618289000630034
Peve,OG_05824,292.90825204190537,-0.31781056493839815,-0.2432370655877656,0.06918940506931635,0.23657310943359605
Peve,OG_05825,295.26345556604747,0.30932272312023207,0.23579830183769754,0.08661340634540456,0.2711343846116376
Peve,OG_05826,247.05438021970096,0.18311165467612586,0.0714877153120942,0.5951134387281793,0.768532662524372
Peve,OG_05830,7.869469431597609,-0.40519794621326277,-0.0454463100926586,0.5559252627591162,NA
Peve,OG_05842,200.01401797159346,0.27552738326456766,0.18943975964888818,0.17266350323836982,0.39547521577567685
Peve,OG_05843,35.13265539553446,0.21879412928503184,0.08295657450355128,0.5382587470744675,0.7277336288336438
Peve,OG_05844,63.64355113472584,-0.7466890322104034,-0.21489238497180346,0.1019344927769467,0.29758385009425675
Peve,OG_05832,40.95796231920082,-0.2061110036131786,-0.0864098152886477,0.5285194812484322,0.7194388184693354
Peve,OG_05833,28.294924982703325,-0.4843501303321971,-0.1222529948850014,0.30959446258383916,0.5473405931686439
Peve,OG_05834,258.5873022182425,0.4911468713963572,0.3380432685086318,0.04265414703294131,0.177951419549259
Peve,OG_05835,54.93582210347558,0.3501395952352685,0.2179424710595574,0.15270123207830488,0.369529220448706
Peve,OG_05836,241.8878883418235,0.22494436658065486,0.15326725545811964,0.2610884488292386,0.49968063172223326
Peve,OG_05837,106.05261087640599,0.12811271392054424,0.06593093887287664,0.6287780040670508,0.7908539763679041
Peve,OG_05838,101.13206725945817,0.602442540648345,0.38878999440976,0.03617075161485911,0.16071347052038798
Peve,OG_05839,22.754770623582935,0.25145670594204433,0.08769773621559998,0.5017466652406828,0.7006312188102033
Peve,OG_05841,28.156336519991658,0.2698081018708964,0.08961691186745027,0.4511781864766598,0.6634075942280363
Peve,OG_05845,144.89619513601917,0.36202501897809314,0.15832359611982544,0.2720149594470525,0.509540085127956
Peve,OG_05846,141.93104619142133,0.27939215128594,0.16968143329653146,0.23630098404525665,0.4709944784031306
Peve,OG_05848,88.19685689750722,0.15891532786210952,0.07814188707632491,0.5645723439173878,0.7468157867620525
Peve,OG_05849,31.70056563051923,0.9803513653567825,0.6850023101115394,0.006445557163335002,0.057177089465448735
Peve,OG_05853,6.962187803145829,0.041065755549556215,0.002981683787598147,0.967339582140246,NA
Peve,OG_05850,167.52511852714915,0.04477166399255566,0.023037559181359264,0.8577916244842575,0.9319247854137298
Peve,OG_05851,521.5722365119061,-0.21174852017024776,-0.12331447585674267,0.3794562524060862,0.6104958248848078
Peve,OG_05852,1890.579385876335,0.07268615666922244,0.056123435113509035,0.6301111791428604,0.7920306430821529
Peve,OG_05854,1147.603262148451,-2.711138813344018,-2.128557196829421,7.87174962594629e-5,0.003724657680152723
Peve,OG_05856,220.44273809854602,-0.22663098077223134,-0.07133976303857337,0.5638464513405556,0.7462443131188937
Peve,OG_05860,80.08714499171465,0.35137507668859885,0.2023285576723304,0.1820906686593313,0.40781548118939687
Peve,OG_05861,131.3325224895127,0.2465091705907119,0.1528563894294138,0.29140298384432484,0.5296845456755109
Peve,OG_05858,26.393959728185106,-0.3809331386173814,-0.07175059587744685,0.4809898665370146,0.6869480321107944
Peve,OG_05863,188.27955060965743,0.9869769116937356,0.23896730798302016,0.049125696655384486,0.19370577490720445
Peve,OG_05864,11.980910785107138,-1.4951327206498308,-0.06538707066407744,0.14413499311508457,NA
Peve,OG_05865,9.476466487762423,-0.18354421760781464,-0.018001621624266006,0.8103810142747468,NA
Peve,OG_05867,313.91103308850796,0.07955522375445791,0.04981405443525946,0.70681510640102,0.8421331663509811
Peve,OG_05868,9.866608612967669,-1.413531830438497,-0.12584644464035444,0.07511770228393781,NA
Peve,OG_05869,142.763713439013,-0.8214367481458982,-0.6672459338451966,0.0016339517612848024,0.024789460339513108
Peve,OG_05870,19.277455621149507,-0.5098983832760913,-0.1245675595825743,0.3000149672477046,NA
Peve,OG_05871,484.0210640579491,-0.872710307705806,-0.6533714781334532,0.004062461577911322,0.043588496197927394
Peve,OG_05872,103.06647556053315,0.24410063488616543,0.13024557798341224,0.35773403824392014,0.5922288677110696
Peve,OG_05873,9.082553365370023,-0.9951551925781094,-0.03900978343667043,0.36742580950925957,NA
Peve,OG_05874,5632.750103176326,0.30246400322265116,0.043393520399813014,0.6279905838858186,0.7904612630505621
Peve,OG_05876,148.59280909187424,-0.18314960879126785,-0.10696030123879692,0.4435717784814351,0.6584233651046842
Peve,OG_05875,2208.279860273847,0.20585102403054237,0.020103802312687706,0.7945955369244897,0.8937161630744295
Peve,OG_05900,9.323369242259655,0.6877210695717166,0.041995449429340095,0.4593057003352744,NA
Peve,OG_05879,90.59325985641608,-0.03801765794865323,-0.01005523903269649,0.9235381247002539,0.9641651958293181
Peve,OG_05880,60.11068541262862,-0.14675384316422052,-0.0631040730928509,0.6386513431928638,0.7981046477105047
Peve,OG_05881,84.9749497078415,0.020853192585617637,0.012816852773716404,0.9316432510599703,0.9681159850736398
Peve,OG_05882,51.35673247828853,0.46409419481894304,0.15690531748390812,0.2494450330455251,0.48758958243176803
Peve,OG_05883,56.15668733810272,1.3935636597087298,0.16670271707481593,0.04522499247630184,0.184215670981305
Peve,OG_05884,22.719535422790813,-0.09913230938451911,-0.013578672958137496,0.8723717283146627,0.9389260795485929
Peve,OG_05885,19.61512961337501,1.4646258051060108,0.1927898712553134,0.04408373951018241,NA
Peve,OG_05887,30.244176259927503,-0.03380462176456374,-0.006468231233794602,0.9447971498078529,0.9743913792304497
Peve,OG_05888,528.0325419989107,0.3083296315072969,0.12374617194616637,0.37689458760189615,0.6085593404729217
Peve,OG_05889,156.12137683689184,0.21343469404106022,0.17562040426870518,0.13629379148692103,0.34905013698855336
Peve,OG_05890,361.30233198948747,0.6272364164812024,0.39919740699914613,0.029228226152092973,0.14160094932547365
Peve,OG_05891,151.3729157768814,-0.37461282671648555,-0.2642228194173827,0.07820377427265796,0.2542707436658593
Peve,OG_05892,306.01329665454494,-0.07002477753128203,-0.03721017068379167,0.7796661360571836,0.8846435246475461
Peve,OG_05894,29.552116809375995,-0.13219616403638626,-0.05526311024304669,0.6810832218850645,0.8259299561159538
Peve,OG_05895,225.827404670776,-3.713340031184771,-0.18095500826930322,2.9045223411923985e-4,0.008413175359393038
Peve,OG_05896,264.7317864598383,-0.42160968933713355,-0.21358973602732373,0.16257740992876712,0.3826450159673697
Peve,OG_05897,70.87845900647564,0.11557322022579189,0.052248135969543225,0.6978814108658833,0.8365791641190085
Peve,OG_05898,44.34078517311378,0.5171130333795676,0.26858129012706233,0.10110621211651737,0.29585891313653073
Peve,OG_05899,79.8463322999523,0.44621656907572305,0.24243086866029834,0.1225339246446899,0.32764599436407427
Peve,OG_05901,27.0366911553472,-0.10854518957089039,-0.04829549721457553,0.7651135790142871,0.8772294257658654
Peve,OG_05902,195.51312189677105,-1.5460108528147205,-1.2651315371167515,1.941414806895481e-4,0.006445568252219177
Peve,OG_05903,424.43916523248805,0.19421647319429053,0.15995829387644406,0.15618450605344314,0.37356783896864354
Peve,OG_05904,75.17115121714652,0.4382038668509329,0.2506231248188084,0.11251766604611019,0.3111750405686006
Peve,OG_05906,28.49329091845179,-0.856610022991422,-0.5070922933261801,0.02208291234036647,0.11880482076900549
Peve,OG_05907,501.824975196598,0.6033521370743496,0.41907980378056364,0.02279750159665713,0.12085690129668338
Peve,OG_05908,11.214206225949267,0.3054163134413102,0.060977261662336385,0.5735033626322168,NA
Peve,OG_05909,6.016191536607561,-1.1978831516560422,-0.08463557546548002,0.19616701518507468,NA
Peve,OG_05910,196.61195345900015,0.2969950022663217,0.22132394450770762,0.09870232221047893,0.29222781702571504
Peve,OG_05912,84.94326684127323,0.08897749510002873,0.05337436863613955,0.6766660660555477,0.8231555901057351
Peve,OG_05913,640.7511496802928,0.4744295399719415,0.4098990311354856,0.0032280746451181053,0.037429943145372485
Peve,OG_05915,411.89364384103317,0.36854528000027464,0.31256537452007943,0.013108221323021248,0.08698469515572811
Peve,OG_05918,64.22432328567783,-0.03728699318133646,-0.012664745894239837,0.9097090792696297,0.9570081359229416
Peve,OG_05916,783.5145695609623,-0.494089837052655,-0.32026311513974237,0.0517648984397052,0.1992264042539681
Peve,OG_05917,47.35983454936749,-0.11377385819099395,-0.06236479274069326,0.6468741214619578,0.8046970882954897
Peve,OG_05919,114.46814302874404,0.20290211995398483,0.14888523495052547,0.2604061199505988,0.4989370779133958
Peve,OG_05946,48.805891995215184,0.6610222291878356,0.49212265814744327,0.009840321811778992,0.07381195189133238
Peve,OG_05921,121.36029276887785,-0.3609445980526861,-0.21537939860132574,0.15454636000909497,0.3715159894443943
Peve,OG_05922,786.7419641660456,-1.2973158725598104,-1.0614989651515352,2.7521345708923816e-4,0.008189750453538345
Peve,OG_05924,33.31965625071297,0.05993068979666667,0.026217544271265575,0.8522760674601759,0.9293907986713423
Peve,OG_05925,70.05523265853758,0.3824003041170241,0.14323087969847098,0.3018214031468096,0.5394827426495532
Peve,OG_05926,16.03668772361517,0.14920092883738073,0.03126653526026195,0.772217858326335,NA
Peve,OG_05927,35.22138934150112,-0.3640396308438995,-0.12545201452020122,0.3464621821164698,0.5820172227538624
Peve,OG_05928,5.5188515033153305,1.4134863582849937,0.0224542814038607,0.35260131838934106,NA
Peve,OG_05929,105.07112415392184,0.12593286152668184,0.05242129193300349,0.700984878082244,0.8387177585269061
Peve,OG_05930,435.27612016282956,-0.27601291759354774,-0.2095908820915695,0.11242811078314154,0.3111750405686006
Peve,OG_05931,88.67907107363655,0.09698061047998287,0.04915151090892922,0.7073925974025799,0.8421331663509811
Peve,OG_05932,388.53252949960483,-0.5265549347304127,-0.12768740844832208,0.2556366097902956,0.4933922799757776
Peve,OG_05933,57.343383106390945,1.7518648237094725,0.13883013997447305,0.04840325098226707,0.1918501383886111
Peve,OG_05934,405.5445073500425,0.020997409253810467,0.016768346649692078,0.8709511836819961,0.9388392083471694
Peve,OG_05935,38.19870164911929,0.31625329185142864,0.07673084775550727,0.49073941343416333,0.6952573594196312
Peve,OG_05936,1278.3743413913837,-0.6244826557320434,-0.566711899403871,3.104030427125477e-5,0.002092610955207246
Peve,OG_05937,372.2850136181813,-0.4283938459089735,-0.2512980052399339,0.11178244220848157,0.31082088408972997
Peve,OG_05938,32.546185188567414,-0.14275613667985546,-0.05281142932741928,0.6804456369490468,0.8252881487466707
Peve,OG_05940,1285.2395101042941,-0.8719526041145251,-0.5815161930455575,0.010476800690814294,0.07644853224389205
Peve,OG_05942,389.60384137380316,0.01869102056773709,0.013074027149521435,0.9113647741137739,0.9574923250860199
Peve,OG_05943,12.50946832165331,0.2972186379542171,0.01983134964877039,0.7451237756137761,NA
Peve,OG_05944,35.44139067144358,-0.16771504831344453,-0.04806742411339175,0.6774844117109735,0.8236636208768267
Peve,OG_05950,38.40350113471132,0.330922689048618,0.07750209170192857,0.46615306137318774,0.6747395062779677
Peve,OG_05948,111.76608568119124,0.19054581731880352,0.11784918757107103,0.39554315762321707,0.6220945145089886
Peve,OG_05949,797.1395731699392,-0.6323233014190497,-0.3742913963625175,0.04153325027171783,0.1747102708834602
Peve,OG_05951,581.5803273463852,-0.7291355780281096,-0.6111902476255636,9.992003117814173e-4,0.018297855709497206
Peve,OG_05952,142.42838918356125,0.3670025959530998,0.10113312919666154,0.4002114743592109,0.6262964280337856
Peve,OG_05954,44.90322327197466,0.7755882219726616,0.17075036629273596,0.1511753159949418,0.36800190225204665
Peve,OG_05955,39.6134052445337,-0.6696641940224423,-0.14587463440007312,0.2029503223283123,0.4340209124542894
Peve,OG_05956,24.220292269681053,0.08288234549586886,0.015642561517672,0.8799791982100968,0.9416869421226216
Peve,OG_05957,222.59998811621537,0.2150532603200213,0.14996031403646495,0.2635053147763445,0.501344527464084
Peve,OG_05958,336.65858035848623,-0.2140999156383355,-0.13354809187864233,0.3474359832273815,0.5831168363573898
Peve,OG_05959,16.83141119062535,0.015060910656605397,0.005534764917087118,0.978512712792778,NA
Peve,OG_05963,17.851761908946262,-0.5434816600807519,-0.08726329081208965,0.37168076324830296,NA
Peve,OG_05961,299.56403456277457,-0.09427292072159685,-0.05704986979468976,0.6701254049386004,0.8187862265729098
Peve,OG_05962,7.144442429129763,-0.9683326365045348,-0.0673681164140995,0.28956380124008685,NA
Peve,OG_05965,143.8119697064918,-0.2698828038005597,-0.09752345986224921,0.46243234584337256,0.6721636349236428
Peve,OG_05966,128.6533395205538,-0.014819713831525885,-0.004253218810684316,0.9696856087242252,0.9852774043893626
Peve,OG_05973,32.66239714965348,-0.27507388771983227,-0.08497321073791289,0.5040195688830296,0.7023268841688165
Peve,OG_05967,19.434812144749216,0.20392579318136367,0.05945182875574712,0.6363978195064776,NA
Peve,OG_05968,338.7760795591146,0.5100774109151205,0.3457711128172707,0.032592069486790484,0.15120973529255172
Peve,OG_05969,5.849659757745106,-1.6401650712570022,-0.1924329864159493,0.04189397753165375,NA
Peve,OG_05970,49.23443787167187,-0.6728121581145515,-0.4187742237159579,0.029293536586662828,0.14168772172520472
Peve,OG_05971,2028.6530697157532,-0.6432424536042669,-0.3095979743895388,0.06051196107007493,0.21764878160143097
Peve,OG_05972,98.08509826889866,-0.24181451085905345,-0.16234680469165202,0.23345174948807682,0.46827388117611457
Peve,OG_05976,10.69596654278254,-0.3042059323031262,-0.08099207099809222,0.5094889499161321,NA
Peve,OG_05974,207.03084517655108,0.028541489263172376,0.012632650942783293,0.9060688538458911,0.9554862304260795
Peve,OG_05975,14.01315885597377,0.09748394041333938,0.017815298524514245,0.8603935553269755,NA
Peve,OG_05977,13.793211138856725,0.6340222808656725,0.08945590594733105,0.3326924492506805,NA
Peve,OG_05978,113.07590973873994,-0.27496164730403133,-0.1905532781746181,0.18146132332102044,0.40719585501141065
Peve,OG_05979,573.266846711799,-0.005727727499851455,-0.0035790196562117457,0.976301229437443,0.9886299037424487
Peve,OG_05980,374.4435473489554,0.9320837309716011,0.8411852077261092,1.1995526623196236e-5,0.0011867782053962197
Peve,OG_05981,35.90844194820829,-0.16068532209402786,-0.0543438843751675,0.6713564208076757,0.8197456665672179
Peve,OG_05982,259.8045254170337,0.29815654615094267,0.17361339336877024,0.23732277646499866,0.472111117211607
Peve,OG_05983,219.56516703173503,0.39868496899453065,0.22528462455098625,0.14126972915539807,0.3554717726898308
Peve,OG_05985,13.157361765323593,1.2434598116935172,0.15079211860968522,0.07945575211261907,NA
Peve,OG_05986,638.352004120504,-1.1721460855816224,-1.027769985413565,5.36900419389309e-5,0.0029007853864594013
Peve,OG_05992,59.21281851209441,1.1842641965855667,0.8599828473518248,0.002622976035668096,0.033137365571674224
Peve,OG_05993,15.389529798742265,1.130392807175834,0.37846550711960975,0.027747310068089604,NA
Peve,OG_05987,79.8226199257554,-0.5701737661341736,-0.2742981290886378,0.09213249474323773,0.281001148989424
Peve,OG_05988,46.1389974837072,0.17548929480416206,0.07428658413808943,0.5870711324898548,0.7623630310035495
Peve,OG_05989,137.6192160512174,0.4823986248323139,0.32521461820885766,0.04984394943322006,0.1953393474804383
Peve,OG_05990,12.096099534445512,-0.7661211428853291,-0.05873231927117536,0.3698418254155291,NA
Peve,OG_05994,133.74662494990932,-1.1693609284805155,-0.6822161903371516,0.006779777332226905,0.05878509357356975
Peve,OG_05995,85.72481590554976,0.21440730701428912,0.13447373300181767,0.33351102682309397,0.568640779395329
Peve,OG_05996,77.72022233510852,0.05095721627596224,0.02497038908619763,0.8531330982110552,0.9297808214838081
Peve,OG_05997,28.215420398422882,0.1478851080160815,0.03412321436883611,0.7562153648648401,0.8712717255808154
Peve,OG_05998,106.73290302804911,-0.22563015699736944,-0.15162913078258058,0.2661179029616819,0.5043236268089735
Peve,OG_05999,108.08941807013326,-0.6030024056412914,-0.32395459849531977,0.06348039007250078,0.2238859312834773
Peve,OG_06000,16.523446851011283,-0.38167764908845614,-0.06817132930202909,0.4982909168285106,NA
Peve,OG_06001,1394.0845166978079,0.04216436464510699,0.03293607653854643,0.7737456562085239,0.8825264873478866
Peve,OG_06007,233.85266463107297,-0.5373049867441188,-0.05210451539046622,0.4354996231671442,0.6529034986921253
Peve,OG_06008,9.421655906882387,0.6126728183899932,0.10737620604778804,0.31012311624555433,NA
Peve,OG_06009,81.17327908511173,0.7997910998031431,0.5956328612330952,0.005647176132349902,0.05259191659687231
Peve,OG_06002,130.1051191237075,-0.35919132307141366,-0.10841698007050858,0.37444567813323826,0.606338445474062
Peve,OG_06003,8.741785467940039,1.9737390826698749,0.14700966145971345,0.026770961832283592,NA
Peve,OG_06004,653.782690759891,-0.030116713860236635,-0.018094151689315875,0.8750275500861066,0.9403203244430947
Peve,OG_06005,342.02320547720393,0.31448170251162805,0.21178577405076987,0.14078424779622983,0.35501304194362093
Peve,OG_06006,64.04737645855731,0.2649004290703037,0.14061228452299357,0.32776158804522865,0.5647032893986228
Peve,OG_06023,27.2679605029176,0.4414822991014209,0.11599855525228797,0.32117708590149857,0.5579797022489591
Peve,OG_06024,318.86834011088365,0.13453711942078284,0.10224606097901498,0.39710942621206446,0.622977678929882
Peve,OG_06012,54.54292070151143,0.28675780990593147,0.15194436283243667,0.2974034044319223,0.5351711022562723
Peve,OG_06013,66.42016599642055,-0.8855469059652984,-0.5936731360355091,0.010841270613102921,0.07784052736156273
Peve,OG_06014,235.9589336477074,0.42021369882375637,0.21064681400778384,0.17522129785807725,0.3991733992472585
Peve,OG_06015,219.37422844983885,0.011726435547214599,0.0019340698660141303,0.9528082829872733,0.9782809302756279
Peve,OG_06016,100.56411754443043,-0.2617019338711718,-0.05325494093888157,0.603148240085281,0.7731420651135236
Peve,OG_06017,12.37922164689129,0.6496267436750809,0.16027674807106487,0.19648351778870873,NA
Peve,OG_06018,34.73410600224257,-0.567026651721054,-0.1576006217471567,0.208502409753094,0.44025367729386355
Peve,OG_06020,50.52873817711641,0.07236430848782738,0.03212189525894977,0.8124150490106823,0.9041603861743429
Peve,OG_06021,156.4423968038194,-0.607414946746855,-0.33491309505153366,0.05698164088592113,0.21031305245588525
Peve,OG_06032,77.24943817652616,0.5359467285617165,0.29207408421652065,0.08294978160795966,0.26354050211910685
Peve,OG_06026,38.69188506498844,0.48553546247024704,0.2111795873039137,0.1656817018251769,0.38608286607217335
Peve,OG_06027,109.50121509748557,0.46306598127032256,0.2357339503040415,0.13158198572820853,0.3419124789858628
Peve,OG_06028,109.41960748979899,-0.31690228590177194,-0.1072607323412902,0.4068145657039368,0.6324721145984878
Peve,OG_06029,37.66957941664018,0.2811200027108407,0.12860191949371563,0.36462497805503713,0.5977432930542872
Peve,OG_06033,32.035892521825396,0.4899471924354444,0.107330100627834,0.3464752041465957,0.5820172227538624
Peve,OG_06034,1010.8700496264952,0.44655849074746296,0.19233776158366,0.1778689361449998,0.4030355608425367
Peve,OG_06036,91.63994510115471,0.38540760192016793,0.15336025727222727,0.2718677091512004,0.509540085127956
Peve,OG_06037,1038.7261881707195,-1.2273673396048717,-1.0664033576697867,4.5114932698588585e-5,0.0025648175917749837
Peve,OG_06038,39.06092982667281,-0.8694978219970481,-0.5907943768715392,0.010596238784437448,0.07674766157328297
Peve,OG_06039,97.17038876306344,-0.02017246794931226,-0.008460583496305945,0.9486451114165623,0.9765354622895874
Peve,OG_06041,99.7644880159511,-0.6229206570990288,-0.2605146776842239,0.10671781344439843,0.30420521170974846
Peve,OG_06042,51.214863846711545,-0.2898432129764128,-0.10102058157819023,0.4448939348429402,0.6584233651046842
Peve,OG_06043,580.8468664984002,-0.3047295351687513,-0.25451126761339143,0.038027462983841485,0.16601330258504554
Peve,OG_06044,34.37549074163485,0.2785166456104052,0.08748236189598463,0.48438722385999095,0.6901181730625419
Peve,OG_06045,378.81662625415015,-0.27811138649963096,-0.1934352652056751,0.1666856826776523,0.38686489320648537
Peve,OG_06046,51.82822134951946,-1.8798781499174746,-1.7485944488411989,2.4692855305789467e-8,1.7100924701773105e-5
Peve,OG_06047,1894.9060778781775,0.06425003868798629,0.013892344483141163,0.8958302580641276,0.9495526514446256
Peve,OG_06049,11.790935917659743,-1.664502894290028,-0.19341405980760437,0.02489360288372763,NA
Peve,OG_06050,20.1061001163509,0.46503001017136847,0.1202433492562655,0.33879968503134195,NA
Peve,OG_06051,29.833553584838395,-0.17860387350044188,-0.05006508874864511,0.6832229496364249,0.8269450953813607
Peve,OG_06048,126.46704445864009,0.16601116204182073,0.08614821872357425,0.5146945920898285,0.7086469189481861
Peve,OG_06057,253.37501105547466,-2.9901771205834025,-2.5204505334644707,9.990102332062028e-6,0.0011029652110963555
Peve,OG_06054,15.241434335608815,-0.40741738790287735,-0.06647176341132092,0.49025563417125323,NA
Peve,OG_06056,573.2601057824716,0.6733635576436265,0.4515632522464159,0.02273682269255711,0.1206191610528552
Peve,OG_06060,231.24476723167174,0.27075568610970807,0.20825138266508636,0.10950603856192206,0.3080990519435027
Peve,OG_06063,345.45858705867994,-1.134886665477886,-0.994859382328556,4.3352672143330246e-5,0.002501974669605226
Peve,OG_06064,96.1973356104854,0.44314041764201695,0.33636957296161457,0.0295422180650317,0.14225829154197944
Peve,OG_06065,33.2457183721832,0.3956733388896793,0.08092768054341262,0.46518711501287097,0.6743374001201468
Peve,OG_06066,57.58480955629812,0.04341698952265185,0.014985236461867904,0.9105578412148442,0.9573493958640574
Peve,OG_06067,67.51845881111952,0.3763871532170399,0.1713977529298099,0.24233704089773486,0.4785182938203588
Peve,OG_06068,25.03258807313821,0.9903766549674593,0.36933307615581457,0.031972448318357466,0.14906126761887833
Peve,OG_06069,79.32416902295768,0.811590877010221,0.4189006320555526,0.032937925522613584,0.15216562561023061
Peve,OG_06070,38.63690832527598,0.20066574898802425,0.05372698305689837,0.664016670403754,0.8147010782953451
Peve,OG_06071,79.24180790529054,0.0014109065596536723,0.001204939681469642,0.995508181071645,0.9976349096860704
Peve,OG_06072,74.09614180992145,0.4354216285762567,0.17729151209084965,0.22009380304186008,0.4552469702885935
Peve,OG_06073,260.1082065764857,0.3912230957663378,0.2383451051506519,0.12564524056354806,0.33210030769388627
Peve,OG_06074,94.5537713828051,-0.13194483927524606,-0.06061943040513295,0.6584140855220526,0.8110719118108872
Peve,OG_06075,8.104511790502977,-0.9609120552945007,-0.09613110539556177,0.20902980468516538,NA
Peve,OG_06076,32.7565505691084,0.08828180893176514,0.03304186095696107,0.7993669730252666,0.8964489327994232
Peve,OG_06077,246.30934443310525,-0.1794198947448394,-0.08941991392415365,0.5118405434011744,0.7064095546760892
Peve,OG_06078,150.4542513948265,0.7003981356526758,0.46900647364615944,0.019055514689418674,0.10914654955187328
Peve,OG_06083,163.44414824705837,-0.07369397100313275,-0.047163713767289624,0.731169485968376,0.8558170524205582
Peve,OG_06080,738.0157076310808,-0.5983578885759127,-0.507167054086,0.001271483609580608,0.021335158893799715
Peve,OG_06081,243.08829866621656,-0.5972516166781856,-0.27459108161586065,0.092895485263914307,0.2822807366336255
Peve,OG_06082,128.93630570028722,0.31914716850112573,0.20634305624840485,0.1694639602003181,0.39120498448667373
Peve,OG_06085,35.64563905349074,0.06826266805862631,0.015076766042259266,0.8889700329152727,0.9460985904929515
Peve,OG_06088,4.906932514232925,-0.1975431356528551,-0.012384614704644449,0.8715271005909221,NA
Peve,OG_06086,364.1188754748344,0.7179754076339647,0.6254513153108759,3.023816906975858e-4,0.00857073225648806
Peve,OG_06087,302.2104007040739,-0.11504140162813485,-0.0951820126408506,0.38284577555748506,0.6124567656860397
Peve,OG_06089,334.5314821496148,-0.5823404185400443,-0.48515454089583077,0.0028698602194491035,0.03503621017910781
Peve,OG_06090,259.8584318154385,0.026033849383767148,0.017049440885051177,0.8774196699614183,0.94130165410027955
Peve,OG_06092,452.5741652811721,0.3418254034093301,0.23103332113594965,0.12078215597056387,0.324442335748856
Peve,OG_06093,262.34664629625945,-0.627427180891602,-0.4078832565576994,0.02874694930468646,0.14056114236399322
Peve,OG_06094,25.59971859267166,-1.0664037175512595,-0.4147427638706886,0.0249551515830532,0.1285384345907365
Peve,OG_06096,21.08731374655023,0.68951945725426,0.06854999215416913,0.3716915540608669,NA
Peve,OG_06099,34.660589284643635,0.23489038048571928,0.09118626079099931,0.49626138288506083,0.6983945196861876
Peve,OG_06098,117.3729884537142,0.5708610054965906,0.3872056456626448,0.03064117352082527,0.14563579513607633
Peve,OG_06100,208.6384076753664,-0.49481235844864047,-0.3248761583062911,0.05147743100302299,0.19835865927214422
Peve,OG_06101,201.6891073901077,0.6947781666537957,0.09585123026470366,0.26788267012196726,0.5058825436264618
Peve,OG_06102,301.0302765356117,-0.3184639549550875,-0.20716630296584806,0.15709070067890196,0.3745883662878646
Peve,OG_06103,8951.987038870278,0.4042263208865337,0.34723930780366435,0.006584939801367349,0.05779270899402818
Peve,OG_06104,285.5439948648538,-0.21879997337813872,-0.14950349770772522,0.27519567051166954,0.5132045576396325
Peve,OG_06105,569.9991224458736,-0.05745286019752117,-0.03988709634618082,0.8094229063328214,0.9027451876352457
Peve,OG_06106,2153.7126835711206,0.20927420576926037,0.08442462506699824,0.5220881340013847,0.7155642052305965
Peve,OG_06107,13.331202434268596,-0.5567797363424559,-0.20730180179511715,0.15766627840546776,NA
Peve,OG_06108,171.9409186079437,-1.2748179859082904,-1.0493941368575246,3.026420290096204e-4,0.00857073225648806
Peve,OG_06109,2614.937657879351,-1.156264960044295,-1.0483069616515814,3.663294392696171e-6,5.581395336711887e-4
Peve,OG_06110,1022.1168705415378,-0.5734020296674571,-0.3456311354094064,0.04336848909891176,0.17937438440247336
Peve,OG_06112,75.71867069915625,-0.2165781358859307,-0.12566783714148147,0.37448442976574714,0.606338445474062
Peve,OG_06113,31.66754381067895,-0.09967270566010121,-0.03433118496580703,0.7943661230681813,0.8936032376747498
Peve,OG_06114,71.15662349568734,-0.06394141789131717,-0.023017094962745614,0.8558243874732204,0.9309824623405673
Peve,OG_06115,345.08848097336505,0.644680220054604,0.47227832449321516,0.01306258464823392,0.08681014836473244
Peve,OG_06116,68.45027249211648,0.7174642220411709,0.5712384537690773,0.003329426805244699,0.0381594188384164
Peve,OG_06117,59.19183449491141,1.3192210876613593,1.1507344190646025,3.8056433026675636e-5,0.002338015377396895
Peve,OG_06118,236.20283285083931,0.5520128419044155,0.4163789511829957,0.014529265445524873,0.09308994462910722
Peve,OG_06119,419.21390257736044,0.3877553175613904,0.17533000979156826,0.22883074090438896,0.4648628306547507
Peve,OG_06120,215.2140833074378,0.22236816115613592,0.13451496129605617,0.33782521383422265,0.5733121629961225
Peve,OG_06121,118.6673619775112,0.09984791091812596,0.06978871165567113,0.6053305938928887,0.7736567497744516
Peve,OG_06122,24.929659196149576,-0.06795118597412426,-0.010186674656145662,0.9090116088848429,0.9567353462952105
Peve,OG_06123,12.619464777371713,0.5039595111996779,0.0397156533685911,0.5378364012451731,NA
Peve,OG_06126,31.35309803641359,0.6047648452358113,0.2368526874286569,0.12734837596267606,0.3343012368208922
Peve,OG_06127,11.71780776070436,0.1518714291931617,0.020503042932215734,0.8117681891240252,NA
Peve,OG_06128,124.32480408436741,0.20224752861869086,0.11111839399583986,0.41807946753420105,0.6407019480337043
Peve,OG_06129,281.45789219374484,-0.6128957017126576,-0.2260226327574252,0.11718187817226187,0.31870127877932053
Peve,OG_06124,182.1007219198202,-0.8091016276285737,-0.5687129851884929,0.008152959218375017,0.06593337932651898
Peve,OG_06125,2455.4596815104687,-0.49078286553393435,-0.3192222113423117,0.05178108170423429,0.1992264042539681
Peve,OG_06130,345.2646377032659,-0.5523004904692305,-0.20447839819632138,0.15068034588627008,0.36800190225204665
Peve,OG_06131,22.016807571636615,0.012604032228118966,0.0031989452450963745,0.9791113558614098,NA
Peve,OG_06132,246.37058119204085,-2.483396236971524,-0.0848728987768352,0.028143826796804095,0.138501080450939
Peve,OG_06133,18.889064756684366,-1.178740755667037,-0.2594086693917133,0.04439855088838356,NA
Peve,OG_06140,164.04444650227512,0.17025693927852698,0.1306725170441004,0.28602603865317816,0.5240255469518876
Peve,OG_06141,352.2023860329358,-1.1417967398129079,-0.8248883411113876,0.0029082743008937597,0.03509094665294573
Peve,OG_06144,15.957250557115435,-1.330447595144179,-0.41698350872739876,0.020109704125120535,NA
Peve,OG_06145,13.914601067623604,-0.3346472567258839,-0.038553436836549534,0.6571402327099476,NA
Peve,OG_06146,56.79892432151716,-0.9472033712803295,-0.6909653985001866,0.004225915572722609,0.04446550391298458
Peve,OG_06147,130.55997725992475,1.1601326536735452,0.9846456882247863,1.8318930957361148e-4,0.006340257379294265
Peve,OG_06148,192.2796282396212,-0.11065846466226188,-0.04815691701443481,0.7206389823323496,0.8500681326715
Peve,OG_06149,23.902409850006404,-0.025361833340377817,-0.00874920051079907,0.9483307083726021,0.9763999643711966
Peve,OG_06150,86.89817058489666,-0.12833284600335795,-0.06623899852309388,0.6286381051042416,0.7908539763679041
Peve,OG_06151,95.1703227132084,0.5376839873695017,0.2766554892207948,0.08709331188394923,0.2721398071911096
Peve,OG_06134,75.38381139765042,-0.9797956583049873,-0.8675825749643128,4.12496310116069e-5,0.002474328260208042
Peve,OG_06135,8.978250442554316,-0.1888589270148971,-0.014271964499089202,0.8185567758392468,NA
Peve,OG_06136,34.47673475547581,0.04968652238827964,0.020228541395845588,0.8801274649400191,0.9416869421226216
Peve,OG_06137,13.431483487992514,-1.4232236783882242,-0.9827658666251738,0.003959184950611226,NA
Peve,OG_06138,59.10187834045795,0.09849564886388763,0.042351408140150426,0.7528788654758152,0.8693843225335576
Peve,OG_06139,245.55140904439222,0.2715730982267307,0.19638861572472863,0.1484644755043778,0.3658791271381143
Peve,OG_06158,66.6104580336568,1.316819659882789,0.5917932441561083,0.012539070262472897,0.08503229277158884
Peve,OG_06159,9.637163195228176,-0.3912778154772552,-0.0555008748530702,0.551029371141656,NA
Peve,OG_06160,71.76931368759402,0.4040690968990327,0.20379030426568154,0.18320371855130912,0.40933581840137734
Peve,OG_06161,13.864640255492361,0.23256655952215347,0.06166732177772656,0.6123288032318983,NA
Peve,OG_06152,1512.499170164546,-0.3340355923925642,-0.1340619294776857,0.32037785597757645,0.5573506523948795
Peve,OG_06154,371.80179703894623,0.040785898868738894,0.017685160950535444,0.8888210442895438,0.9460985904929515
Peve,OG_06155,77.80890784155555,-0.6693330158898073,-0.45370073435290015,0.019013799613172594,0.10914654955187328
Peve,OG_06156,53.642249919270604,0.6162668088702059,0.40976738122570766,0.029227589677238836,0.14160094932547365
Peve,OG_06157,105.56518205748826,-0.9507938612670724,-0.3293251774490262,0.04246976010969238,0.17737644326515162
Peve,OG_06162,14.386173165971735,0.4770691386545492,0.03321057069208604,0.5642662462856809,NA
Peve,OG_06163,1101.263006850737,-0.07212167121073401,-0.05635859737988211,0.621021956052789,0.7846851124882477
Peve,OG_06164,575.7131420702535,-0.5716520841722311,-0.21313405977660585,0.1345173268842488,0.3460834164823396
Peve,OG_06167,16.1167842627315,-0.4863568231887523,-0.054405658883201,0.5134603066973469,NA
Peve,OG_06166,99.4670232777276,0.6773547981058892,0.1793415543616466,0.14283404823246376,0.35687431270413544
Peve,OG_06168,23.11049251851806,-0.11418475328901263,-0.03277497019673027,0.7776041644634802,0.8842079288423838
Peve,OG_06169,23.22944754975377,0.6179173732367008,0.07991352366303532,0.3297998427593431,0.5661503843474954
Peve,OG_06170,138.09922869057456,-0.16938828165408168,-0.08575405813269761,0.5393554781395684,0.72838327113406
Peve,OG_06172,71.05665705584728,-0.49524133853768565,-0.1076696867102014,0.33333090286477496,0.568640779395329
Peve,OG_06171,59.67646930379917,0.6346732971948226,0.3263729658145549,0.06129581392119483,0.21932903262172956
Peve,OG_06173,603.4253698632784,0.5784505630498145,0.3221027045284412,0.06362006942819881,0.22427472878483043
Peve,OG_06174,11137.51002228943,0.5101156335218323,0.28075009359232,0.0817468760016118,0.2618805606048934
Peve,OG_06175,227.6998616335026,0.5778010515058486,0.45668889239684923,0.007193786011984001,0.060845284345139077
Peve,OG_06176,183.85937775369857,0.9900343397003926,0.7757530702552503,0.0013230364178477437,0.021958369131076495
Peve,OG_06177,465.1481263818201,0.5670323515264045,0.5149278418519778,1.3766551653390536e-4,0.005257511374662367
Peve,OG_06178,444.88407117969376,0.8159913940635332,0.688864406049493,6.496873254160355e-4,0.014471690190115084
Peve,OG_06179,49.52914183716953,0.5151208665492987,0.19269955720753656,0.1775832919262779,0.40298764310228924
Peve,OG_06180,364.05419226979365,-0.36225237366777424,-0.13694298924191758,0.3143802860504727,0.5520643275609984
Peve,OG_06181,4516.565359778667,0.74240689856287,0.44682696177803194,0.025491680827739574,0.1298967388265686
Peve,OG_06182,235.85508988324082,0.19979916904566514,0.13904818456640833,0.30652331597020527,0.5434243940100125
Peve,OG_06183,207.903183550766,0.0673524749784331,0.03950578210708843,0.7391350278058071,0.8612210331714355
Peve,OG_06185,83.52895553885496,0.002913983883518717,0.0020066159343657595,0.9882781350344224,0.9955967776636115
Peve,OG_06186,23.488965144273077,0.061892333133959254,-0.017306447378748473,0.9206467845038936,0.9629287766935469
Peve,OG_06187,1082.942354632578,-0.7598669490847529,-0.40853950946432294,0.032384096745604767,0.15042807866342509
Peve,OG_06188,97.0355413436936,0.238297755881135,0.10802229598084023,0.44298989396804994,0.6584233651046842
Peve,OG_06189,773.8903398551688,-0.8368869984870998,-0.5001682757170015,0.018713395544343966,0.10848815385288138
Peve,OG_06198,760.0573785219107,0.23651203551956282,0.1133331500236953,0.41541073040770443,0.6385492213081347
Peve,OG_06200,185.28869072383978,-1.2129346846270566,-0.4375655530943647,0.015978263325871527,0.09832181746081527
Peve,OG_06199,1283.5225258780015,-0.3572097286647518,-0.1709768108747003,0.23856464505225336,0.47352409223764097
Peve,OG_06190,29.218550882045335,-0.4286020342178446,-0.09282233736777162,0.3926634422954128,0.6191906651638284
Peve,OG_06191,5.393684010195055,-0.2867105824057979,-0.04126624651730803,0.6652286189390872,NA
Peve,OG_06192,32.873455516790024,-0.7814900187151582,-0.19139954966510264,0.12603482465942442,0.3325639151526423
Peve,OG_06193,70.58969713466485,-0.3124210955638336,-0.15549965104863273,0.32989518982915883,0.5661503843474954
Peve,OG_06194,18.198206289788406,-0.726509539943388,-0.08057294748567531,0.38135851693482103,NA
Peve,OG_06195,48.44954220830812,-0.0720356515922156,-0.029311760067630487,0.8154131501892438,0.9057768122107989
Peve,OG_06197,1008.3907657733913,0.5179747410455364,0.43716672883222624,0.0031847006029645207,0.03715321469124612
Peve,OG_06201,1115.0044172213247,-0.437522214423568,-0.3241674505704632,0.0362116186563551,0.16075764039866736
Peve,OG_06202,103.18051065281793,-0.056205455713259495,-0.017526891798819392,0.8808641231146938,0.942210459124928
Peve,OG_06203,43.73895011126624,-0.037214915111479056,-0.014757117905314287,0.9100957167597867,0.9570829887183953
Peve,OG_06204,119.21505133530358,-0.07486994313910006,-0.04698031764898557,0.7236747936715655,0.8521978178079943
Peve,OG_06205,30.010116231835493,-0.14719638103616212,-0.06265958335071714,0.6455799603738701,0.8035993689751867
Peve,OG_06206,25.416762465741265,0.03406950144920413,0.008620258681982384,0.9409922495930128,0.9721289608624317
Peve,OG_06207,167.695813382026,-0.24795503848683828,-0.10757653651842786,0.41646433083111467,0.6395132578656383
Peve,OG_06208,49.38398851922387,0.3993022962324185,0.19641117698875526,0.19356375215301297,0.42280993266336286
Peve,OG_06212,11.541579363620112,0.11231403731006723,0.01587182701942731,0.8528580153636529,NA
Peve,OG_06211,148.68257334324403,-0.5791153191420985,-0.09301302869008164,0.31656639228742245,0.5541366673817979
Peve,OG_06209,238.11111001754145,-0.5932649907321796,-0.4700921719138365,0.007184894481917438,0.060845284345139077
Peve,OG_06210,311.00724792590626,0.6630926803516191,0.4696670788245782,0.0132291363114833,0.08755826274620311
Peve,OG_06214,10.225907536873626,-0.6217281715119143,-0.11659681633335547,0.26823338656357404,NA
Peve,OG_06215,54.911347630590384,-0.6427872951193491,-0.05887404202022134,0.41923922978038886,0.6418031301957083
Peve,OG_06216,8.993576377696028,0.3989560162034458,0.05395042227909409,0.5435680516457044,NA
Peve,OG_06217,204.03840134268836,-0.5774209671914182,-0.4735533879420928,0.004190874307643888,0.0441577876564746
Peve,OG_06218,395.3853591250513,-0.48597056766828894,-0.06065500486007732,0.4744375466167892,0.6818081928177137
Peve,OG_06219,112.71640666041321,0.08186588469017284,0.034007484382806825,0.7993246043915996,0.8964489327994232
Peve,OG_06221,41.77030397416592,-0.2171289430431983,-0.06719730001037368,0.589931184507839,0.7640886568596128
Peve,OG_06222,9.072387500176216,-1.3538010818260482,-0.8559025984660926,0.006122346817593666,NA
Peve,OG_06223,52.32058342203609,0.16864721580216027,0.046422034772398646,0.689692780026122,0.8316975315276914
Peve,OG_06225,237.3662708154801,0.8366799582223486,0.5575196855683842,0.012656685068434497,0.08531407305319146
Peve,OG_06226,15.90543093961316,-0.23129147150066084,-0.04194797290088972,0.7286823157105853,NA
Peve,OG_06227,47.77480860320238,0.17783376553270772,0.053547954380632916,0.6615080916182603,0.812932512009664
Peve,OG_06228,275.27828669391363,0.9850579028076687,0.7854058913019538,0.0013201261831971658,0.02195790668907426
Peve,OG_06230,485.65021665593946,0.21184911303743761,0.14277391158034516,0.29394584269891466,0.5318953514680124
Peve,OG_06231,695.9137522287309,-0.23177127441227954,-0.18602114028990852,0.1263927743666202,0.332765955349651
Peve,OG_06236,67.56919383346418,-0.08814474192697176,-0.024509796478143536,0.8328894956583788,0.917165680532745
Peve,OG_06237,303.90458946213397,0.1365238643317863,0.09604973938112654,0.4366133936010863,0.6534618531341996
Peve,OG_06238,64.38801354332152,-0.1538712334659629,-0.07328400264797533,0.5901166163135874,0.7641523683625546
Peve,OG_06240,224.3233859597835,-0.41647806674506205,-0.2782966474569369,0.07543283460968919,0.2506093912152692
Peve,OG_06232,477.11200491456646,0.19090072574052386,0.1391529097641859,0.2885883969964111,0.5269574324829002
Peve,OG_06233,441.660694375581,-0.007971322920967458,-0.00711494588143248,0.9562562133356074,0.9797746045960706
Peve,OG_06235,22.255223046566883,0.006170164083513839,0.0015234686019565682,0.98784705108576365,NA
Peve,OG_06241,153.01495687812724,0.7904442758549612,0.47412188170152203,0.021629865280185137,0.1171951022080017
Peve,OG_06242,72.13161798938097,0.08945665983234469,0.056319675402508526,0.678247746046589,0.8238028267511025
Peve,OG_06247,26.302585754305845,0.15005230804323344,0.04134032393248318,0.7333747050241317,0.8570100479941456
Peve,OG_06249,18.60822981542931,-0.5736120288625933,-0.10436300051127301,0.3239002756506161,NA
Peve,OG_06250,9.563184268948316,-0.902402823025321,-0.07360582856531084,0.2655787932395444,NA
Peve,OG_06252,23.262499783287033,-0.27967331038477544,-0.10641799627518435,0.4292118815078436,0.6490147108627933
Peve,OG_06244,40.84819736704,0.1311964092420007,0.06444763640292624,0.6443998468320531,0.8029175716661074
Peve,OG_06245,97.29379763272658,-1.1255508024124754,-0.9867023547964037,5.461650873653074e-5,0.002909152225483366
Peve,OG_06246,155.15516200703394,-0.023150295447107495,-0.011319420733421194,0.9336580454263139,0.968807017599569
Peve,OG_06253,27.852328902224592,0.27841682066912465,0.11879147636996157,0.3924423456594089,0.6191906651638284
Peve,OG_06254,14.521220598812617,-0.3815233467578356,-0.05026808265394668,0.568867445374324,NA
Peve,OG_06255,34.81386379636275,-0.1644000244078824,-0.040148607213798926,0.7160171342047095,0.8468589548783537
Peve,OG_06258,11.25026456234884,-0.0497644444244347,-0.006165781600538944,0.941233576944127,NA
Peve,OG_06259,242.95068733532534,-0.3219159268695506,-0.14648558006142204,0.30502773574526576,0.5424139334517821
Peve,OG_06261,24.376245889908883,-0.4647289917661348,-0.17630009856611717,0.21835873880541629,0.45301113077877486
Peve,OG_06262,42.262947448508065,0.1546906178236478,0.05592097626912484,0.6685765438180733,0.8179484086350772
Peve,OG_06263,290.8324914698282,0.23592066625840763,0.17649058349844338,0.17199245543083272,0.39443063675450174
Peve,OG_06264,32.0062342633274,-0.3390482852221329,-0.11349582436399214,0.38874256796561657,0.6173526960104372
Peve,OG_06266,149.73933603693737,0.8653853504298774,0.7199777948219089,8.065720712662563e-4,0.016134602842067105
Peve,OG_06267,37.70791813175081,-0.3674628647778928,-0.1305222214212904,0.33911361679016805,0.5740816739350001
Peve,OG_06268,248.22609758770318,0.19861017632633307,0.1212440865490149,0.3828393428831976,0.6124567656860397
Peve,OG_06269,116.73170720906928,-0.5691724549638912,-0.22156766425651694,0.14428558810837452,0.35910093158848505
Peve,OG_06270,387.6912485351019,-0.5146189235347834,-0.28114521778417145,0.0881718994850864,0.2742725725918286
Peve,OG_06271,212.23141988368877,-0.684499627631254,-0.1386018293855627,0.20902848408969704,0.4403702964035708
Peve,OG_06273,402.00313642362,-0.2608636384026058,-0.0834126509150277,0.4940852846138733,0.6974598216380345
Peve,OG_06275,270.5946950507786,-1.4826860901480619,-1.0892627236660783,0.0014824319950636298,0.02352743112165569
Peve,OG_06276,214.64491342002717,-0.9514728357323737,-0.6960198691545506,0.0032014264885900424,0.03729123392978432
Peve,OG_06277,310.5000065186071,0.4791368223139519,0.2769435928510079,0.09144239029465528,0.28009977051253876
Peve,OG_06279,1261.7060184487887,-0.6121063134195444,-0.14118680127660022,0.2012626888917742,0.43198246415918623
Peve,OG_06280,293.2098600865479,-0.39503446409850634,-0.13308665584974977,0.3219350886936047,0.5586401444769925
Peve,OG_06281,17.31770732823326,0.6098647362376197,0.1512636749370346,0.2213114768535956,NA
Peve,OG_06283,7.626883006823457,1.6040232599347821,0.0778128815527483,0.12360838679917868,NA
Peve,OG_06282,72.04182334185028,-0.39198612863595717,-0.1618978180017905,0.2578465404899716,0.4956715225525867
Peve,OG_06285,24.009300937777365,-0.4838835182164738,-0.1252551989446905,0.31063660863467396,0.5481653195689011
Peve,OG_06284,424.9657309405273,0.40453651623206627,0.25327286724863746,0.1034835678294084,0.2988392038379201
Peve,OG_06286,174.20899849100977,-0.23894748584317843,-0.17466854615360985,0.19565119395851127,0.4248977785466974
Peve,OG_06288,139.42960849480738,1.15492253654559,0.3775141433603683,0.02240285134530892,0.11951396242143951
Peve,OG_06289,21.5976341228269,-1.2047776531456449,-0.2359529220520944,0.04087085952706618,NA
Peve,OG_06287,77.9679991900033,-0.2646824320760749,-0.1279573390669035,0.3533899668162004,0.5893443010520609
Peve,OG_06290,197.27337150540822,-0.08886949770845254,-0.05946282244173108,0.6536449637278252,0.8079615988444869
Peve,OG_06291,40.14384402138869,-0.753594491964035,-0.04513068926159598,0.4275236534934916,0.6475333763251223
Peve,OG_06292,888.0422985061867,0.32252724696664586,0.19105873719105887,0.19484307884221375,0.4239979565024658
Peve,OG_06293,183.95190099263945,0.3713303995869814,0.31807998022192013,0.009715563068010698,0.07320787285074727
Peve,OG_06294,48.5157758736729,0.29848485451813794,0.16585607236908134,0.26132927620950086,0.49979602232561116
Peve,OG_06295,24.1112102973598,-0.2645022769862918,-0.13030343994187446,0.36226632394788505,0.5962764857161253
Peve,OG_06297,166.5407643680404,-0.37309589955485406,-0.13567750978792503,0.31108886021638293,0.5485821613723161
Peve,OG_06298,809.3763503163312,-0.1928122992205201,-0.07265487259182972,0.5747681252418875,0.7527917511524965
Peve,OG_06299,14.617087228358693,0.12130986142694805,0.030472119232565834,0.7936490927476239,NA
Peve,OG_06301,235.76775372520646,-1.3659813274976667,-1.1935226358782247,3.0085511152424543e-5,0.0020647876032357675
Peve,OG_06302,125.4473977460064,0.21890410620172826,0.1356680466901887,0.3314398519526063,0.5676503579530024
Peve,OG_06303,32.86481162392623,-0.4247462761716385,-0.12203799325783543,0.3225141959471961,0.5590246063084733
Peve,OG_06304,110.25206527281733,0.254543595733221,0.145240328924374,0.30776022149012694,0.5449831165299366
Peve,OG_06305,375.79542128663235,-1.203400209367595,-0.9169098479161377,0.0016403544612189867,0.024789460339513108
Peve,OG_06307,27.825741420148486,-0.3309573378610519,-0.07876529405137761,0.4834594663924776,0.6898284725562642
Peve,OG_06311,32.74229426245962,-0.6206208879172941,-0.32905435103458014,0.0638014105582296,0.224706031267958
Peve,OG_06310,555.3276083961103,0.14073258189644317,0.07880917292652134,0.5722431473149597,0.75115062180748
Peve,OG_06308,142.1531364908565,0.32001544185148517,0.220316585975028,0.12760123224399766,0.3346183088587863
Peve,OG_06309,37.404093453870686,0.35692726047082934,0.18200186078222563,0.2247528657291737,0.4610035894251064
Peve,OG_06312,13.5362927418824,0.28201097206576314,0.04426299814590772,0.6460011129656644,NA
Peve,OG_06313,661.8836170423543,-0.16004406573762506,-0.10286068249867722,0.4296988878470241,0.6493644371391846
Peve,OG_06314,1382.453206903023,0.13928839722709385,0.11473391281480126,0.2924360500524062,0.5303738629159689
Peve,OG_06318,82.29231801134638,-0.5141482049583745,-0.27754017060391534,0.09441176751315826,0.28479498437716705
Peve,OG_06323,40.61077633120142,-0.9112776251705769,-0.517098724285865,0.02173720949530372,0.11760941898808502
Peve,OG_06324,196.6944702412671,-0.09740717917655767,-0.059468444261706555,0.6505850132339512,0.8065669612724401
Peve,OG_06325,34.55524933425994,-0.9819486758262814,-0.5594341115233291,0.01584538021021365,0.09782018350195106
Peve,OG_06319,533.8386482085965,-0.5692057079367006,-0.4292643305094874,0.013402215835098284,0.08781036888447273
Peve,OG_06320,477.134831356127,0.2220341432971455,0.15907808868525,0.23167168805028493,0.46722108818693303
Peve,OG_06322,191.3214051261787,-0.3757654086306056,-0.2355759204133211,0.12957347570656735,0.33897346769664494
Peve,OG_06327,95.534039904597,-0.302221889163171,-0.17981157873042944,0.22779303419134103,0.4639594323499266
Peve,OG_06328,91.08569126943148,-0.005285364346766256,-0.0021642682015561004,0.9833302864982232,0.9923182040725214
Peve,OG_06335,15.243509391113662,-1.4481242054682977,-0.22157372068511266,0.0385736577191121,NA
Peve,OG_06336,20.94717882339342,-1.3079449986136713,-0.22711818774617049,0.039478484049505255,NA
Peve,OG_06339,20.232034242258703,0.31398939961424327,0.059715658778299305,0.5732670037696275,NA
Peve,OG_06338,62.603252736508395,0.6461918571979602,0.5066057794811902,0.006514286918944195,0.05757057743447434
Peve,OG_06340,76.20556988496449,0.9640019356763095,0.7894078132443687,7.22794140558291e-4,0.014922075237867373
Peve,OG_06329,82.55815047429623,-0.5589153012016088,-0.25382757001476386,0.11266875648317978,0.3113204885342269
Peve,OG_06330,137.41606859314507,-0.05557587902050147,-0.02344707289281069,0.8577617262702147,0.9319247854137298
Peve,OG_06331,25.37380016137062,-0.1557048893688282,-0.041243826829184774,0.7235441120946333,0.8521978178079943
Peve,OG_06342,73.4907013350186,0.1894175109003875,0.0770369972411535,0.5698108272832987,0.7495801903374494
Peve,OG_06341,259.5512735687445,-0.5286828886697216,-0.2975731249952434,0.0744368532933132,0.24838620016139712
Peve,OG_06343,10.622106431554021,-0.07736804555575207,-0.005328548237141244,0.9333135347426876,NA
Peve,OG_06344,12.184265732157618,1.3407291887404758,0.3559147401897289,0.02449925172516524,NA
Peve,OG_06345,19.511864536425513,-0.14345378742006284,-0.03706072171461573,0.7429240154320509,NA
Peve,OG_06346,81.81776495905224,-0.43924621805804365,-0.26653449253441264,0.09996249866382785,0.2938796582571084
Peve,OG_06347,112.06971824006786,0.07321979779987929,0.034861543758255016,0.7936701104561985,0.8933479464325236
Peve,OG_06349,24.862020989579424,-0.539990623758869,-0.2628818672130795,0.11253442330880739,0.3111750405686006
Peve,OG_06351,14.669914413826767,-0.21993523569569462,-0.0390566854081493,0.6913406139354705,NA
Peve,OG_06353,671.2270624909933,-0.8912475140930582,-0.36409170278939373,0.04042299120381476,0.17193877553917414
Peve,OG_06354,18.657034443964456,0.3234488075912358,0.07997293235886731,0.48713927965983045,NA
Peve,OG_06355,9.02433890084454,-0.8954384115962606,-0.15406679778167462,0.1325958341334439,NA
Peve,OG_06356,16.73151029074714,-0.37293865108531843,-0.1102941830555987,0.3804486369605714,NA
Peve,OG_06357,44.600319766367704,-0.2607519925819231,-0.10278341853767256,0.45225934236857285,0.6646048746457924
Peve,OG_06358,143.6536311923856,0.008292296141217615,0.007093802528394603,0.9662100932539346,0.984242205604849
Peve,OG_06360,700.333740070188,1.459487754063325,0.819950475351727,0.0047408623882669,0.047520907465549
Peve,OG_06359,12.03593163740252,0.1378456386939161,0.029581321245946538,0.7944299576437462,NA
Peve,OG_06361,95.9903989623593,0.6377386232407386,0.30952540474056756,0.07266625741444437,0.24418683237019725
Peve,OG_06362,26.90662708656762,0.3794883550925235,0.06945206213139017,0.4754464790182718,0.6828716585899688
Peve,OG_06364,283.286998006706,0.38936063026380424,0.3068135440338098,0.029203380380854446,0.14160094932547365
Peve,OG_06365,97.34034829995795,-0.3246945892808336,-0.15838128307229185,0.27453519479266947,0.5127259411450248
Peve,OG_06366,908.5093528341085,-0.0180911211326209,-0.009030729568852142,0.9445369929104217,0.9743375507097621
Peve,OG_06368,10.815123220043162,0.5003869183091726,0.10727522235792898,0.33720437500602285,NA
Peve,OG_06367,86.14069490467895,0.9971662348942517,0.9035591736761993,7.370343606074003e-6,8.638042706318732e-4
Peve,OG_06369,40.718085864295745,0.23831350094411252,0.1371826587447812,0.34636798012587355,0.5820172227538624
Peve,OG_06370,7.900675084860365,0.2781046880514112,0.046002468721697595,0.644850298686263,NA
Peve,OG_06371,145.19055895762978,-0.41672755279927914,-0.26374848765455494,0.09076083498670004,0.2796990456831233
Peve,OG_06376,27.0069385328868,0.38931295473396393,0.07980267928011323,0.471385805539331,0.6787029042900442
Peve,OG_06372,1469.2502240416343,-0.35137601127905793,-0.25561040437265653,0.07733807630022406,0.2533649538530721
Peve,OG_06373,6.944913780863827,0.6109845197350596,0.024126700925764324,0.5654204562664806,NA
Peve,OG_06374,140.89015244913713,0.30425944502365854,0.22543306641827385,0.10236187493183148,0.29763082566056953
Peve,OG_06375,330.244004583256,0.10657013682680817,0.06208329565245607,0.6330086021196142,0.7944414383768074
Peve,OG_06380,130.09832864623405,-0.15099884187717644,-0.09881352225555906,0.455717280880917,0.6669844852547215
Peve,OG_06377,306.3372487615711,0.0967208760828944,0.08282595592515436,0.4258083963860803,0.6456624927685429
Peve,OG_06378,38.87794359280749,-0.4272048705442891,-0.28082233743808704,0.07927056582100049,0.25620838796112927
Peve,OG_06379,31.56986690860621,0.4010174059880704,0.186566923391263,0.20605258859825407,0.4375352581295229
Peve,OG_06383,261.99657346138974,-0.4376607600329373,-0.304568924375782,0.05925904639648479,0.2149692454516291
Peve,OG_06382,21.957410761900775,-0.8856369395449482,-0.08530879005892265,0.27480278312412787,NA
Peve,OG_06385,131.92624636015185,0.49700901159963273,0.22189493814918448,0.14560472152823536,0.3609556682727293
Peve,OG_06386,32.77667989594005,0.4158483803178884,0.20068579854785254,0.18801639201292347,0.41588527129920183
Peve,OG_06384,173.6572522199909,0.5964316498211768,0.25995245938107714,0.11187793253812421,0.31082088408972997
Peve,OG_06392,50.61825734311846,-0.5285321903521983,-0.30243926180893665,0.07540597980918423,0.2506093912152692
Peve,OG_06389,320.30903308627575,0.3006821580696903,0.18253016373503403,0.20697110619681275,0.43856210713157573
Peve,OG_06393,306.2699416897539,-0.016981340451279536,-0.015240386233651341,0.9434245988436215,0.9734536900976173
Peve,OG_06394,149.8661312229259,0.1779563026838404,0.11157366900107481,0.4174891775084437,0.6401836864451136
Peve,OG_06395,19.85263923577505,0.9535497267798407,0.15527700439404465,0.11081286638699699,NA
Peve,OG_06397,173.6642728183555,-1.881533287226778,-0.40271615736061567,0.0033357352964468795,0.0381594188384164
Peve,OG_06399,27.760530251255414,0.020673902267142906,0.00774460774323412,0.9539223190627691,0.978586079534093
Peve,OG_06398,39.20562337296146,-0.17498196117253806,-0.04571350930511139,0.7010597822754684,0.8387177585269061
Peve,OG_06396,277.00754408373723,-0.01537631565937662,-0.005079241908370827,0.9584541461092431,0.9804624258171363
Peve,OG_06402,5.445824378215263,0.6105283548406942,0.038303146030262435,0.5020226881058893,NA
Peve,OG_06403,158.78742375703155,0.8114428780866115,0.18693371019399474,0.11473200167055007,0.31428564858908686
Peve,OG_06407,43.52003163651162,-0.5209178551563579,-0.12989918357876742,0.2757305417821862,0.5135035777025654
Peve,OG_06404,85.05361171525827,0.40475853339663365,0.19621352271323184,0.19012805144684414,0.41861141500637533
Peve,OG_06406,32.89769165323561,0.003213742279823382,-0.003750472653864501,0.9923501505234973,0.9969600049720454
Peve,OG_06408,120.65723826599395,-0.31881454847711704,-0.11232190884920712,0.3885805224949461,0.6173526960104372
Peve,OG_06446,136.37750752104003,-0.05507752427056457,-0.02004880951322647,0.8755503438905681,0.9403556350991609
Peve,OG_06443,117.71164180568624,-0.8502627567551025,-0.3115896099282753,0.05870679863469196,0.2140873106745253
Peve,OG_06444,447.35642482230804,-1.0534533383305942,-0.536089568065073,0.01340554725815723,0.08781036888447273
Peve,OG_06445,366.0208773989386,-0.44802459042070214,-0.39380191477601306,0.0025272571895996873,0.032502002753841304
Peve,OG_06447,327.1237529587286,0.021948514317584537,0.014214056695267678,0.9242684384903024,0.9645310910163182
Peve,OG_06409,411.0115761240904,0.8196569363541146,0.7094954930013999,2.0097345543584744e-4,0.006570883191031269
Peve,OG_06410,142.16640641144411,-0.4054987643007209,-0.2415123785401317,0.12289133345341063,0.3280259909769034
Peve,OG_06412,6.637557144851779,-0.09405214867928949,-0.004466660527079198,0.944512207801843,NA
Peve,OG_06413,46.7877057946582,-0.7523009549049229,-0.42581422061735974,0.03204542512134026,0.1492189768288142
Peve,OG_06414,367.06867084573474,0.038774336300216185,0.0030995504663101246,0.9519693649329753,0.9779421895258326
Peve,OG_06415,28.177607513318705,-0.9749747348852023,-0.5344451472242051,0.019295363219778636,0.11023389709051373
Peve,OG_06416,3068.3667252265964,1.9115059840967654,0.25053110298437936,0.008034570894552152,0.06549831726721454
Peve,OG_06417,1418.0152692736683,-0.07583337692740022,-0.017803870605269126,0.8685379698297357,0.9377157389686689
Peve,OG_06418,173.58432574506992,0.5507961316252621,0.4369236254039569,0.008472155585466046,0.06718679552627309
Peve,OG_06419,298.92863607865735,0.16404873812277113,0.11472247166978852,0.37973631643433925,0.6106033605465186
Peve,OG_06420,1059.4905444089218,0.32494085923115706,0.2314863068869131,0.0960866762421633,0.28727955243830455
Peve,OG_06421,18.5588256893374,0.25725279607706836,0.06985839561863534,0.5564823052485306,NA
Peve,OG_06422,16.919744538523453,0.0643037396049114,0.009596754136527951,0.9209279022668547,NA
Peve,OG_06423,38.57550271092138,-0.8431568788342512,-0.027908914540355764,0.5065722008887591,0.7037781825920528
Peve,OG_06424,11.50095682861904,0.6266915942508839,0.08077621120695544,0.3662217408270845,NA
Peve,OG_06426,16.326060782378264,0.0479915999038565,0.009260391135819024,0.9315144773881247,NA
Peve,OG_06427,50.91988457986151,0.5152113775686169,0.23271060029460025,0.13413780759244498,0.3456907368874309
Peve,OG_06428,135.92875749161726,0.35365056684728713,0.19398294098438593,0.20213173906492482,0.43326943956010056
Peve,OG_06429,280.87977650180864,-0.3204139463194577,-0.19755155556429088,0.1808820358493327,0.4068377174786586
Peve,OG_06430,209.598106195452,-0.6239151252897942,-0.4940808343494333,0.005956543491925949,0.054278646317574016
Peve,OG_06431,183.01201909376576,0.47828616712639666,0.2918922732420699,0.07859679535038425,0.2548057729289762
Peve,OG_06432,17.011415135971056,-1.281577558701834,-0.50361855513186915,0.01974329229695948,NA
Peve,OG_06433,93.33839932330129,0.12560555551408514,0.06300361528178909,0.6501461749540887,0.806515805373758
Peve,OG_06435,95.31201298957573,-0.2977222059760241,-0.11837305082665207,0.3755544602573186,0.6074796261578763
Peve,OG_06436,344.1651225302996,-0.9188350409294986,-0.15423366858502904,0.12483237830043993,0.3310035008328407
Peve,OG_06437,9.481612192283455,-3.0905355795744276,-0.031109632529032174,0.10783904227638949,NA
Peve,OG_06438,23.880611779564262,0.21365360268203473,0.038599472025249035,0.7007856876299925,0.8387177585269061
Peve,OG_06440,316.47937799901337,-0.738290784347586,-0.6456955730807886,1.9442167106341907e-4,0.006445568252219177
Peve,OG_06441,35.269056591515465,-0.014035713286754448,-0.005754502899913678,0.9626970076324411,0.9825597272432927
Peve,OG_06442,350.2465021337169,0.8165907151870723,0.716690081965564,1.1394191082395701e-4,0.0046805165372925
Peve,OG_06448,32.756204562863665,0.6589645959096172,0.1932486053645089,0.1442982419645752,0.35910093158848505
Peve,OG_06449,277.49804454273453,-0.10450163208170159,-0.06916822533846888,0.5926714711323215,0.7665486022217362
Peve,OG_06450,20.292514066842447,0.820488082055023,0.19367497004206824,0.10459667067680058,NA
Peve,OG_06451,249.59366765745702,0.2536218948203801,0.1440082123364457,0.30982876295919637,0.5475006996574246
Peve,OG_06452,1807.2180516682465,0.0373458040634509,0.023678499442326417,0.8583107864727884,0.9321677342053474
Peve,OG_06453,186.30256664566755,0.5758227562302767,0.3399200609443592,0.05298421537125551,0.20195589249850518
Peve,OG_06454,80.52663113557949,-0.964737773072675,-0.7226901876331405,0.0035380779938848296,0.039871417392625196
Peve,OG_06455,151.3714839276381,-0.35886969296501436,-0.2205964875113023,0.14153906399277966,0.35562156645679266
Peve,OG_06456,35.99637400744167,-0.1995149472874033,-0.061987184362729264,0.6181448094978211,0.7839232826293328
Peve,OG_06457,96.51393870863185,-0.19199921905235967,-0.1010753454593884,0.46584356625904927,0.6747395062779677
Peve,OG_06458,80.76531056098355,-1.0984522950608393,-0.9830846728143726,1.1938141068552215e-5,0.0011867782053962197
Peve,OG_06459,105.62541145492017,-0.050145490230599166,-0.02947250872506284,0.8163827760143875,0.9065895025769103
Peve,OG_06460,45.2285891239869,0.01711575539326775,0.005463084970210421,0.9648310156406128,0.9836834418027554
Peve,OG_06461,14.00535444855999,2.4038764526500955,1.5708525191560605,0.0019635589165793417,NA
Peve,OG_06462,19.933691993784205,-0.07122938263005939,-0.022251726339197947,0.8510929433037941,NA
Peve,OG_06469,22.51268519092172,-0.12869590174431714,-0.01335496497827711,0.8492863733902812,0.9272858522487174
Peve,OG_06464,68.81011231891634,0.4506656547771344,0.16031787680216558,0.2517899237265471,0.4892191348369095
Peve,OG_06465,5.465505717077808,1.5959967274271174,0.08151430745782658,0.13142540604857864,NA
Peve,OG_06466,16.93414889941506,-0.051877107616386184,-0.008663246536728134,0.9255993806456867,NA
Peve,OG_06468,274.9278746427646,0.010264392933498729,0.004729399396455927,0.9729740665703279,0.9872064910551329
Peve,OG_06472,105.84436962853816,0.880874386474983,0.5023822826838131,0.021533711534360636,0.1169434640215308
Peve,OG_06470,288.9501285637203,-0.2589483801380606,-0.17202876856863822,0.22881203408334874,0.4648628306547507
Peve,OG_06473,79.42327764360358,0.6446297549339061,0.3973884719252704,0.034262223945634156,0.15540243189881445
Peve,OG_06474,46.97082362557494,0.03016506545124593,0.009029597599712532,0.9391712158246832,0.9718291662798746
Peve,OG_06475,45.64124730665827,-1.1276510948096439,-0.5250602263075151,0.015195516614541486,0.09550353453638032
Peve,OG_06476,135.2725295275429,-0.436111565155301,-0.2815163428089675,0.08335366313055305,0.26417968037491585
Peve,OG_06480,370.92990572795946,-0.23227083538338525,-0.11636232542423067,0.41209433933658174,0.6357369021752649
Peve,OG_06481,22.23400414048588,0.27488543127820775,0.06124284600247763,0.5841905890943824,NA
Peve,OG_06482,31.237045986032356,0.6242431570428437,0.14559494940791995,0.21245012421012008,0.444627759954037
Peve,OG_06483,15.686667395741253,-0.18884359811662124,-0.019799350711060225,0.7988572761857546,NA
Peve,OG_06478,251.06416336497364,0.23519973881154507,0.10570219175476271,0.4455702447248545,0.6585863648261431
Peve,OG_06479,164.8722543601039,0.4392567908903321,0.23177382385780787,0.1380950404149879,0.3512547639002931
Peve,OG_06484,61.752842423317695,-0.31816651131004026,-0.17312512846185138,0.24413012931227646,0.4808126486817275
Peve,OG_06485,358.37699578436997,-0.415490110186092,-0.29928371895773564,0.056133460769999095,0.20788755670678322
Peve,OG_06486,2073.88033006174,0.3580064110585875,0.11722315668614172,0.36618653467734724,0.5984414336263711
Peve,OG_06487,45.069343121410405,-0.060936564366007966,-0.019259025214015117,0.8729077415892006,0.9391916554970781
Peve,OG_06488,137.22399759238044,-0.3032117617951489,-0.1629819752125076,0.2593034301464629,0.497700562069981
Peve,OG_06489,137.77275840798293,-0.07805647165665369,-0.02353170547936065,0.8391678927125734,0.9209863599275961
Peve,OG_06490,866.8883746410826,-0.3569270397878163,-0.22509452116325068,0.13851177850023905,0.3517275762049404
Peve,OG_06491,5433.507541993146,-0.2945223874761142,-0.07521325633268273,0.5035700609847532,0.7020076352163511
Peve,OG_06492,409.7705541193443,-0.7164746485157446,-0.23775289225553153,0.09327838139316748,0.2827674928186032
Peve,OG_06497,9.095046787406714,-0.13401029065788028,-0.017350233820891344,0.8410037129649994,NA
Peve,OG_06498,8.006438257158896,1.1869120521147,0.08228094506579796,0.19560864180927784,NA
Peve,OG_06493,8.154685266057358,-0.27228862584909913,-0.021078430730780494,0.7312194931615383,NA
Peve,OG_06494,34.653740441156614,0.36259026188603916,0.1390813995541117,0.31458535651644715,0.5520643275609984
Peve,OG_06495,24.871730968630498,-0.3547519989999829,-0.09552878119300343,0.43122754230885524,0.6497804907104194
Peve,OG_06496,1385.678385503657,-0.5190921527324319,-0.31256883042881356,0.0652652915609444,0.22775583651455542
Peve,OG_06501,11.871527433488417,-0.8350085605150412,-0.1471728425260338,0.1567259367143081,NA
Peve,OG_06502,51.770030975678445,-0.2128850390224756,-0.023527548926625935,0.7548611786288197,0.8702397494434241
Peve,OG_06503,20.436521177933503,-0.18768865730109902,-0.08342287131414727,0.5450619771573029,NA
Peve,OG_06506,8.534771002725451,-0.19442471181821092,-0.03147426423887672,0.7483674245777872,NA
Peve,OG_06499,141.9299257448854,0.27191752598982843,0.1396704327130558,0.3312853868946848,0.5675133972034425
Peve,OG_06500,685.9896254328811,-0.7447250948382141,-0.27686549642287933,0.0693725701936813,0.23677430095674917
Peve,OG_06507,71.12896348958478,-0.0044573624660148425,0.001290997978124516,0.9921566506969743,0.9969600049720454
Peve,OG_06505,106.36417667814698,-0.22633742838377172,-0.13695888013800378,0.3383670745445086,0.5734550331212607
Peve,OG_06508,82.84227875417925,0.4890991225281401,0.24625190441977868,0.12545350058950722,0.3318419331565507
Peve,OG_06509,536.2355519836133,0.14400019566734024,0.10954012518694571,0.3851033936463941,0.6146485759057679
Peve,OG_06515,119.33392730197144,-0.27228234502349485,-0.05622031080654061,0.5944963060539267,0.76786586292282355
Peve,OG_06513,192.74623466653168,-0.36050161085164234,-0.20438157653962388,0.1797610221360724,0.4056337282679501
Peve,OG_06516,196.30387215292626,-0.17521654983618631,-0.11623614547439363,0.3913689703992862,0.618532205846118
Peve,OG_06510,8.712965635171516,0.5682658008497862,0.07060583084042986,0.42766507994565006,NA
Peve,OG_06511,270.1790484857303,-0.18584062065047344,-0.08891135582642971,0.5109062714834961,0.7057269222413913
Peve,OG_06512,223.61085389056274,-0.18614513909707614,-0.09334778090427925,0.49858670199082367,0.6994905148740506
Peve,OG_06517,60.628524818751345,0.32654034204014226,0.12935544473595825,0.34730319095834955,0.583022412675343
Peve,OG_06519,123.80402053170866,-0.3407792502200101,-0.2060992531014723,0.1667205886580325,0.38686489320648537
Peve,OG_06520,175.51477898252196,0.5797002961742926,0.406028489286728,0.0223514376848711,0.11951396242143951
Peve,OG_06521,52.46746185306776,0.3725732521175773,0.16575836556307824,0.2562457471018563,0.49419749403087126
Peve,OG_06522,263.57652229343586,0.43428440485620884,0.17068805562583886,0.234759058909328,0.4697647782430419
Peve,OG_06523,467.884889509375,0.3025901852992699,0.21694857467551099,0.124820809813376,0.3310035008328407
Peve,OG_06524,30.696798448032006,-0.5684582054407814,-0.21092448224517416,0.15061864793220597,0.36800190225204665
Peve,OG_06525,140.00099470093062,-0.3286007808890491,-0.20759585384143936,0.16541375396377175,0.38608286607217335
Peve,OG_06526,166.14867689304808,1.2416982024641476,1.0709036618272785,7.424070227042776e-5,0.0035347854368507413
Peve,OG_06527,56.03806210997036,-0.20273183157761115,-0.0567737688810582,0.6416071321101953,0.8006164017060553
Peve,OG_06528,66.7308006499223,-0.3089345378768907,-0.1583813771521532,0.2764302846432857,0.5136742173456302
Peve,OG_06529,60.47254052727464,0.612260605537515,0.37819179286680593,0.041106314227773305,0.1737704319330166
Peve,OG_06530,646.9882496193449,-0.9111265519633406,-0.8309880745279584,6.530250674393439e-6,8.008765289775716e-4
Peve,OG_06532,702.9226962293818,-0.413247041441711,-0.26937423161598356,0.08730299129058199,0.27244627592843473
Peve,OG_06546,345.3694876492014,0.4340604828252466,0.3220682649601697,0.03859828549749992,0.1671641494712646
Peve,OG_06547,82.0849989477304,0.5821399742005016,0.27972337641856204,0.09572603286432263,0.2866513043869536
Peve,OG_06548,31.67159788847462,0.6492401884042468,0.10618415294021945,0.29731901303548025,0.5351711022562723
Peve,OG_06550,2000.6452046364598,0.1686112744786069,0.1002974858864174,0.4668891917992635,0.6755483120848603
Peve,OG_06554,256.5017379109915,-0.8434852500566651,-0.46719894306037557,0.024154623042649346,0.1256898349309445
Peve,OG_06552,10.288522236512026,-2.682883476286685,-1.7381030593948084,0.0028447994703825205,NA
Peve,OG_06533,100.17852685906887,0.4314897873454701,0.21633491760543963,0.16491326684040775,0.38545747130055363
Peve,OG_06536,129.05436688842357,0.6381737503749031,0.5188858980856718,0.0033542355381820485,0.038252344805195876
Peve,OG_06537,89.25629990358868,0.05933962361220534,0.034064421128106086,0.8042160056072816,0.8996354670655318
Peve,OG_06539,312.1894366483635,0.16701215291556987,0.084088621156473,0.556243282976393,0.7412444521909595
Peve,OG_06540,47.55738433400574,0.3075018986436768,0.1401110692750086,0.31628393160361146,0.5538967795301867
Peve,OG_06541,123.9045221983993,0.017537588931759607,0.009115314980690632,0.9498665903454495,0.977020468206983
Peve,OG_06542,307.8040175655271,0.9508288183292178,0.3607706959763041,0.037737342889278144,0.16522016684041124
Peve,OG_06543,113.86595398527504,-0.19649304653517477,-0.10977707574821918,0.4154174246262951,0.6385492213081347
Peve,OG_06544,547.6483840571024,-0.146418241091948,-0.09759788820414837,0.4583006093690441,0.668837939113674
Peve,OG_06545,224.2458999499946,0.3023555061302387,0.22050320140888852,0.1068560085370897,0.30420521170974846
Peve,OG_06555,228.72296211464848,-0.09764145417790825,-0.06019890156552431,0.6480669689676636,0.80515160630796
Peve,OG_06568,62.758588368262714,-0.18187663736772403,-0.10934897507828495,0.4332105219903897,0.6516231990623623
Peve,OG_06570,8.102506858824585,-0.9568733896191742,-0.0467019096291503,0.35683585912562965,NA
Peve,OG_06560,7.591821341186486,2.0623644842037456,1.3600518029198951,0.0022421277323714057,NA
Peve,OG_06556,293.3898220807326,0.37183833020413726,0.2421431891378204,0.11490621134634711,0.3145742582681662
Peve,OG_06557,35.80940829621804,0.9407850950712039,0.4168421542801057,0.029500245519641328,0.14223329693802136
Peve,OG_06558,432.2172916611902,-0.7303727078105972,-0.5451543797680801,0.006956179245370391,0.059728716341073684
Peve,OG_06559,59.76984771691514,-0.14324087818221395,-0.08644433167772328,0.5230313578334853,0.7158207017069662
Peve,OG_06562,442.18190813917806,-0.06179004431342983,-0.037865105984852584,0.7653014916828488,0.8772294257658654
Peve,OG_06564,64.19048050480929,0.3635373553169537,0.1766183471125434,0.23198453104660127,0.46722108818693303
Peve,OG_06566,165.01853065562827,0.04216095749476996,0.028354765370745806,0.82223632531521,0.9105678625165385
Peve,OG_06571,403.07198636961505,-0.9715210580102563,-0.8575091195753749,5.5520333911102805e-5,0.002909152225483366
Peve,OG_06573,573.0100112073551,0.03845537928821569,0.02478546503126859,0.8549580118713439,0.9305349127925776
Peve,OG_06575,68.00457570155899,-0.6026787978789458,-0.2599394105897844,0.10553624205963473,0.3027101742796402
Peve,OG_06576,7.880828180535694,-2.7330231835103533,-0.18425841387242378,0.0053806679670553555,NA
Peve,OG_06574,1070.076000892153,0.4288379771168614,0.31578442460986134,0.04054810216240542,0.1722420906471942
Peve,OG_06578,36.81489947363573,0.14479382593494186,0.039219907454309796,0.748811441425859,0.8677282568880732
Peve,OG_06577,22.549645237612776,-1.7273064395888498,-1.325692165429266,0.0010022725058637326,0.01829849314108489
Peve,OG_06579,10.447653136495674,-0.11335049215739375,-0.01932330160743516,0.8491737567445341,NA
Peve,OG_06581,8.572749025791847,0.3147917068780129,0.053172456609999426,0.5897399709818658,NA
Peve,OG_06580,436.1879933455671,-0.10459662449771934,-0.0658581401218676,0.6085602474584826,0.7762310841142583
Peve,OG_06582,397.59904953784996,0.45340527335428704,0.3725169314561757,0.010768139958021743,0.07753467882817545
Peve,OG_06583,216.7860008310179,-0.026884367949969984,-0.01670080488865086,0.9206693522715499,0.9629287766935469
Peve,OG_06585,125.69350182050661,0.042747006204195255,0.02222502656104879,0.864551666685072,0.9351777988618964
Peve,OG_06588,169.96468722827353,0.06461842777355883,0.03669256262680227,0.7902127277042383,0.8905089585282379
Peve,OG_06590,54.48418786079418,0.07557901221633818,0.03420375931231328,0.794758748988203,0.8937161630744295
Peve,OG_06593,8.86355132573641,-0.8945873925044797,-0.13227294656480998,0.17652140166542193,NA
Peve,OG_06592,550.8439226405692,-0.32736623711733,-0.155792161216914,0.27200409642419043,0.509540085127956
Peve,OG_06594,20.291078861931705,-0.2626712556643675,-0.06764858347004662,0.5514988268725444,NA
Peve,OG_06591,36.331783491158475,0.04485272366262264,0.021673647040276068,0.8701982221013842,0.9384442321585993
Peve,OG_06595,121.79537031031703,-0.3335595590263035,-0.13910695139152296,0.32437621641263614,0.5608106856641136
Peve,OG_06596,11.393241464575224,0.27236178027040303,0.054007964892836983,0.6164918004875215,NA
Peve,OG_06599,698.1382190628868,-0.24488099729450394,-0.13643699119706953,0.340209173185094,0.5753286917698293
Peve,OG_06600,16.702584284529884,0.7510905716933828,0.18159077063675888,0.15375727779331835,NA
Peve,OG_06601,14.570419249729271,-0.3036676545417914,-0.059807223941400235,0.5873027112479525,NA
Peve,OG_06602,20.140482186364423,0.14821320569374152,0.0353575172615765,0.7603523907642304,NA
Peve,OG_06603,18.301123009037376,-0.9502924231310962,-0.21166449514957597,0.07919458001798137,NA
Peve,OG_06605,29.726752197123698,0.5958803930757163,0.2706545744171746,0.09341222168874584,0.28282304015318893
Peve,OG_06606,309.88659136193775,0.08781376404544332,0.047330162682363966,0.728619788213672,0.8540253553795947
Peve,OG_06604,192.11781773211575,-0.2859320675388191,-0.1331898076520437,0.35066651016575257,0.5862953513413681
Peve,OG_06607,236.719410083503,0.9684153914969033,0.869346188857031,1.1822819740016358e-5,0.0011867782053962197
Peve,OG_06608,490.95368776638975,-0.14506337601696448,-0.10829755315200043,0.3936127251719716,0.6198766501467659
Peve,OG_06609,477.55063094644464,-1.0830561089148245,-0.6256538252167028,0.009729765388985392,0.07324244341234261
Peve,OG_06610,46.99670845200426,0.09367724163469099,0.04512228517356623,0.738782110147878,0.8612153198326754
Peve,OG_06611,1294.633787623993,-0.37685620822600946,-0.3379372668599451,0.0022173417401981964,0.030163766744339033
Peve,OG_06613,38.49426955456437,-0.6307390759318485,-0.1678836889095222,0.18322855614973704,0.40933581840137734
Peve,OG_06612,648.2717054137984,0.02214701087359858,0.0106892701237977,0.9386214668141101,0.9716851889373813
Peve,OG_06615,37.78523970887966,0.8866767074704149,0.2549009540205022,0.071783703887551,0.24218257582611316
Peve,OG_06616,119.87740850084002,-0.5333591661474452,-0.20024702780873255,0.17027276442694006,0.39219639789137495
Peve,OG_06618,9.844693706497088,-0.011697485387134053,-0.00506046657288164,0.9887993551927403,NA
Peve,OG_06619,37.34389607897282,-0.45984197474809063,-0.1802220524663597,0.21272211797452675,0.44507473076900433
Peve,OG_06620,979.0584376275009,1.7593877360049501,1.4682587180267714,6.095345518691313e-5,0.0030956228107593617
Peve,OG_06621,13.245470849009358,0.906601114390887,0.12601941436559003,0.15505887248351213,NA
Peve,OG_06622,433.88048473085195,-1.4385257351574146,-1.2369794858694658,4.6759615539407514e-5,0.0026192261116118123
Peve,OG_06623,33.44994816062706,0.1393262756440698,0.045367951864434,0.7181713683368514,0.8485535394275427
Peve,OG_06624,288.45718810006423,-0.07264629315263382,-0.04811118892370365,0.7092950953682804,0.8432287822277716
Peve,OG_06625,116.01310246889675,0.18735134615172744,0.11479015472974126,0.4094126074772132,0.6346052252761085
Peve,OG_06626,188.15014778602935,-1.9679303833889965,-1.683956572260141,1.7994151951999293e-5,0.0014668739027717704
Peve,OG_06627,122.98758210205884,-0.801472094183353,-0.5430321080487656,0.01104613936067784,0.07864438285013438
Peve,OG_06634,115.44162972831128,1.022482373829959,0.824678095814575,8.537641630395286e-4,0.016788675720218832
Peve,OG_06638,15.185740965852107,0.183624204099874,0.03004666517030529,0.7588591560901145,NA
Peve,OG_06635,228.06530593029302,0.03133754900073875,0.0193664788343102,0.8852249411668842,0.9448492195023364
Peve,OG_06636,26.672879306040965,0.1392523578630936,0.0434595109540625,0.7268002046090027,0.8525968522807796
Peve,OG_06639,25.80805120575091,0.3943502901408831,0.1131890961150623,0.3704485314081307,0.6024896323316402
Peve,OG_06640,20.68805095927943,0.06726604273311171,0.02037370514313413,0.8709504592063433,NA
Peve,OG_06641,148.39369432078584,-0.37507721061670984,-0.29232661398045495,0.038454079374624174,0.16682428425974674
Peve,OG_06642,85.8770641151402,0.3181193518450926,0.09587317169421276,0.43596130454820065,0.6529034986921253
Peve,OG_06643,26.739755126884006,0.14878628711123326,0.039897927990094645,0.7434395401630889,0.8643959732848614
Peve,OG_06644,97.33562296757646,-0.4806724199686737,-0.19711054005467246,0.18526784875930724,0.41167552360277
Peve,OG_06645,258.1387037963187,-0.7063882049681135,-0.5338860661979637,0.006676787730202045,0.058330010239310975
Peve,OG_06646,116.43321216841385,-0.19067122288348773,-0.12356613724227797,0.3741735893848362,0.6060927926714187
Peve,OG_06647,211.1855476098972,0.4720550831376017,0.36660335490572965,0.018893801379277268,0.10895759190562773
Peve,OG_06648,147.6706241914064,-0.057570123405190535,-0.03392286925140932,0.797343697085179,0.8948698543646053
Peve,OG_06649,147.97078949970748,0.04317116690549377,0.02431932079905338,0.8589654821977808,0.9321727893643073
Peve,OG_06650,86.01836854872079,0.468509117665096,0.25497099251559774,0.11797862524609444,0.31995769566562743
Peve,OG_06651,7.172867492175302,0.07914452850771868,0.004918506840512558,0.9316996725879072,NA
Peve,OG_06652,55.798607250913605,-0.4025573951745946,-0.13507150110736818,0.3123742318705078,0.5502119996276366
Peve,OG_06653,84.97748879066948,-0.9151034263676823,-0.7501347713872879,9.264950132969242e-4,0.017513744444903147
Peve,OG_06654,185.1964387975472,-0.4990133947887785,-0.17253677255949484,0.19827451633436818,0.4282209824294743
Peve,OG_06656,141.39311515126195,-1.0515986278813712,-0.8004469242452721,0.001946393857321506,0.02771519328051445
Peve,OG_06661,25.30222299941887,-0.30363235909895087,-0.07808908458160099,0.5140316107993449,0.70812606517469
Peve,OG_06662,113.52215309570242,-0.39052755161396974,-0.27496075910557116,0.06958201193149685,0.2371756690050015
Peve,OG_06657,71.34951009579574,-1.5739021508676143,-1.3821773012087288,2.0607757092435945e-5,0.0015698989353017704
Peve,OG_06658,386.8925087773994,0.1437127230711198,0.1214724789941976,0.2666166860966453,0.505037022105004
Peve,OG_06659,26.851803855251056,-0.5895051370822085,-0.22797944012573967,0.13150313999234195,0.3419081639800891
Peve,OG_06660,21.102727774406514,-0.4148419056086599,-0.12640951841443165,0.32771770868734024,NA
Peve,OG_06663,1852.1711306344143,-1.3977824141412574,-0.9618183453608755,0.003086081382120058,0.03656262514617512
Peve,OG_06664,136.78700846468726,0.1930600407220769,0.09552832960930993,0.49498511367958575,0.6978151070890699
Peve,OG_06665,13.566002660787388,1.148173115583349,0.18399764128438176,0.07879521153607869,NA
Peve,OG_06667,61.973289208024006,-0.33028619887202293,-0.1589936743029523,0.2764019314298061,0.5136742173456302
Peve,OG_06668,118.22762743962959,0.1382328246346949,0.039087708544636904,0.7265176307339898,0.8524033619480467
Peve,OG_06670,589.3088280612745,0.19305996584215998,0.0629510298121223,0.6218497819661781,0.7850930790550787
Peve,OG_06669,3026.7266974115055,0.24643945364544997,0.19111450828782695,0.13214913516076454,0.3424190855968382
Peve,OG_06677,16.668860653733926,-0.005302949335750002,-0.001044566006807039,0.9902442982885018,NA
Peve,OG_06678,201.42691758400989,0.17927721973808974,0.03959768043101672,0.7263692092190537,0.8524033619480467
Peve,OG_06672,99.45088020414633,-0.18554406468392065,-0.11812762174621215,0.3854111012370997,0.6148820459108325
Peve,OG_06673,485.91782594550216,0.06449852958871603,0.039290350446904466,0.7713502546277469,0.8807173620734675
Peve,OG_06675,64.07134016641793,-0.08493114223257879,-0.0306348207631165,0.8103835167617661,0.9032189657192587
Peve,OG_06676,265.3149474690061,-0.19936839621257388,-0.0714445201831921,0.5625479653869625,0.7456917348734784
Peve,OG_06679,172.37823705918777,-0.2503207626422753,-0.14413602571353856,0.3129721351337529,0.550872474018502
Peve,OG_06680,189.2301482141173,0.6231871972012691,0.4584933911524104,0.013956301425960438,0.09025390854241648
Peve,OG_06683,400.8056307429365,0.01944268032886461,0.0160883466576635,0.885160062721007,0.9448492195023364
Peve,OG_06685,30.126092920554584,1.1748756111895307,0.23740026904270534,0.04746898350103712,0.1894283479889475
Peve,OG_06686,116.46707086730483,0.2293337164978022,0.14322441348086276,0.30290610056161577,0.5405337723303792
Peve,OG_06689,238.74005733111707,-0.6225595703949058,-0.392945146056096,0.03206503873310171,0.1492189768288142
Peve,OG_06691,97.31559166344599,0.34286414388434777,0.16194204706921836,0.26755443272916596,0.5057641857396492
Peve,OG_06690,93.51699586381899,-0.4247168627873768,-0.22838025290516598,0.14250394519588622,0.35674079591248775
Peve,OG_06692,822.9320575566591,-1.2644928466255185,-1.152242024688318,1.738048642906164e-6,3.782987017616902e-4
Peve,OG_06693,62.189016645006724,0.7151861025959224,0.5521576197768054,0.005615420886313822,0.05242435822541507
Peve,OG_06694,23.60113673502535,-0.3201995795459024,-0.08979393650341062,0.4584986553882834,0.6689988042037814
Peve,OG_06696,9.694499302012668,1.3458202097235845,0.42142185672499316,0.016555308498200073,NA
Peve,OG_06697,133.61617893086554,0.24395453164130074,0.13783198400041805,0.33749967534126024,0.5733121629961225
Peve,OG_06698,24.79086040519112,0.07697407797479863,0.026891613566036525,0.8332577504149407,0.9173908286833121
Peve,OG_06700,1165.8558126348034,-0.8889490682518445,-0.7528488860642294,4.3629565265426143e-4,0.010791234681558973
Peve,OG_06701,497.74927678229983,0.157274133600453,0.05973240303257631,0.6283730473862831,0.7907079410288577
Peve,OG_06704,284.73480563502335,-0.3236534838279821,-0.10931862671712571,0.4011856833972127,0.6269194945887111
Peve,OG_06702,81.81777303190384,0.164842567760745,0.0743124724843029,0.5895309452497616,0.7639133765798067
Peve,OG_06705,21.310964065090285,0.26811105703171667,0.06153993267309487,0.578466839626878,NA
Peve,OG_06706,96.04900664043456,0.24273260414425402,0.11855114326985253,0.39988501185975767,0.6261714327538817
Peve,OG_06707,490.11219776686085,0.34700328839061645,0.2903676055373438,0.020376223707474946,0.11319644640965378
Peve,OG_06708,1161.4920993385451,-0.6606903726621002,-0.3755984670392983,0.040166024757264704,0.1713753263662933
Peve,OG_06713,17.831349269934183,-2.217702684260984,-0.07810282735318415,0.08248473205026137,NA
Peve,OG_06719,425.4565156370956,-0.4771249653647129,-0.18151406638511683,0.1956604630010258,0.4248977785466974
Peve,OG_06720,171.4149094083773,-0.010958969034888409,-0.007900610650243417,0.9683875287237186,0.9852774043893626
Peve,OG_06721,31.85993991313174,0.25795038297204104,0.11690254009829516,0.40585280002130175,0.6314259203543586
Peve,OG_06722,13.570868563226165,-0.25752298676323276,-0.04824761160307472,0.6421243370446159,NA
Peve,OG_06723,18.24725201978238,-0.5942034038496933,-0.2125877940378078,0.14753779324755936,NA
Peve,OG_06733,198.40301053292632,0.2959893386482748,0.12636012603767666,0.36714999068185433,0.5995602634543121
Peve,OG_06724,300.99358188497035,0.26431578751984497,0.17873409150656483,0.20449597980002085,0.43588426807961916
Peve,OG_06725,291.3119904741769,-0.5689265547798967,-0.47319679901848205,0.0028980311403533645,0.03509094665294573
Peve,OG_06726,46.507769769710876,-0.20372269499320905,-0.08443210868777024,0.5257086935921791,0.7176110438668987
Peve,OG_06727,31.21402885247604,-0.9123146137139737,-0.18614487999065904,0.09872659265259476,0.29222781702571504
Peve,OG_06728,63.802538564744914,0.6136252564074874,0.3976921139916504,0.031772825427830824,0.14871011530864603
Peve,OG_06729,83.19225069567719,0.4120034188368402,0.23427989357009998,0.13448621156175733,0.3460834164823396
Peve,OG_06730,34.72792487972732,0.725286063089427,0.2837769347556558,0.07599109366444136,0.25133592683051265
Peve,OG_06731,82.66850542403188,0.09001386134993,0.03436776945991126,0.8023750696457886,0.8984996737559338
Peve,OG_06714,29.91064606207392,0.8523434889396101,0.4192299861773022,0.03419929650841423,0.15526236042973757
Peve,OG_06715,41.02137318475584,-0.40027866828819253,-0.15498867873660713,0.267818945373498,0.5058825436264618
Peve,OG_06716,384.4475574911245,-0.7446674754180229,-0.26898434289551376,0.07317553887135009,0.24535706651494057
Peve,OG_06717,626.2592375113487,1.4040369381344798e-4,2.465417262625605e-4,0.9995504908181413,0.9998849059800488
Peve,OG_06718,737.1232280356923,0.4708443982311401,0.2359484852631061,0.14133945910704876,0.3554717726898308
Peve,OG_06734,103.83570100544728,0.3552717707043893,0.21756177605000127,0.15645171883871578,0.3739721349586874
Peve,OG_06735,154.96722357014124,0.1976632891940059,0.130096316466894,0.344411392927295,0.5799874623242929
Peve,OG_06736,52.0726799130421,-0.5943046882081372,-0.30215643247289775,0.07726862089853569,0.25328414544106925
Peve,OG_06737,30.713082876852827,-0.2977027076354294,-0.09807453158232093,0.44652507902007516,0.6592752023187898
Peve,OG_06738,798.6911098069139,0.5721434058180002,0.4808121256822378,0.0024282302028565636,0.03189354773338155
Peve,OG_06739,16.610226544125805,1.7514135377482078,0.49078627742206116,0.0076673166983454236,NA
Peve,OG_06740,43.899081690620484,0.800243764686082,0.4210761489600991,0.03108318001410401,0.14676612936281175
Peve,OG_06744,36.59728927165456,-0.4115143961177961,-0.2021760643902149,0.18600633992986954,0.41239705983287145
Peve,OG_06741,183.99975686092776,0.23783472566697741,0.14588010867896062,0.30351240386819467,0.5413620914698917
Peve,OG_06743,267.06381618648066,-0.6653143343900569,-0.518113509989089,0.005740983103316675,0.05305066995541991
Peve,OG_06748,14.247162537658282,-0.5929435416927431,-0.13020011816869143,0.26105430564623766,NA
Peve,OG_06747,45.63196541358357,-0.449061818872489,-0.21535413503983558,0.16541889238952642,0.38608286607217335
Peve,OG_06745,130.17932250615678,0.8496273892958975,0.679874733437997,0.0020018867598439356,0.028167023343710237
Peve,OG_06746,107.45012978685575,0.618782509253001,0.5180917676079514,0.0019663325717189026,0.027867659572756963
Peve,OG_06750,28.301481566049922,0.05552703927236015,0.01750876527836116,0.8914701613866294,0.94703942120253
Peve,OG_06751,29.426011083838837,0.46744980207884246,0.17189300327501997,0.22752004102836887,0.46379620936699123
Peve,OG_06752,48.77957680241848,-0.04429024118178974,-0.020788813886557136,0.8790390255424659,0.9416869421226216
Peve,OG_06753,228.59063687625112,-0.06299734458212626,-0.03053193441154087,0.8109559454467117,0.903425037398341
Peve,OG_06754,661.6821826117614,-0.5485833260399455,-0.39803830762831427,0.01955521884194877,0.11133905615692506
Peve,OG_06757,147.14321572502783,-11.720156427665106,-0.019154664104162326,5.838963620397665e-5,0.0030054881662290147
Peve,OG_06755,338.41600037667297,-0.6562434260772865,-0.4948054421651131,0.008709284882855717,0.06828273433510965
Peve,OG_06756,46.522797894367926,0.12290624014195374,0.05508979067761201,0.6918789018181533,0.8331858163216396
Peve,OG_06758,69.41588739988349,-0.2335057601824576,-0.11195030418763609,0.4201597358620874,0.6424682592929308
Peve,OG_06759,389.0781946822703,-0.933699170998215,-0.6680914675179209,0.004868787166928471,0.048232016433889593
Peve,OG_06760,416.9732091652593,-0.5031520656771439,-0.3356515496441887,0.046075727226280554,0.18619539367033988
Peve,OG_06761,70.80351032280124,-0.8166454148926282,-0.20084312952833766,0.11020373052052948,0.3092198965397398
Peve,OG_06762,36.24888782724152,-0.2586498712171658,-0.10876775646962226,0.4302090863498229,0.6496199841056395
Peve,OG_06763,238.39231982464514,-0.23325560604360915,-0.11680063418128578,0.40331882568650324,0.6290936865637026
Peve,OG_06764,28.89588005817411,-0.1806092734084398,-0.05381164416869852,0.6583924525471747,0.8110719118108872
Peve,OG_06765,271.9342541154078,0.17796981924924107,0.09669553757428373,0.495502326184198,0.6980746979698474
Peve,OG_06766,193.76418993645942,-0.14640861016139703,-0.09963325214001784,0.4428544422799607,0.6584233651046842
Peve,OG_06767,69.92458862265462,-0.1326775760524683,-0.04968153046379983,0.6997605167164737,0.8380404993469732
Peve,OG_06768,344.6857547113545,-0.37283809266799134,-0.20479183564627712,0.18004625393022558,0.40587709273903805
Peve,OG_06769,98.50864900714112,0.3686655324366105,0.1902849511931228,0.20236919418323326,0.43359442092834316
Peve,OG_06770,19.845486770481944,0.6132082254112181,0.05613541689964854,0.4315651060814862,NA
Peve,OG_06771,37.79522649617036,-0.14345007584634337,-0.04682181917358259,0.707284198202307,0.8421331663509811
Peve,OG_06772,263.5034747306743,-0.7911450670373936,-0.6832660918216447,3.922663968132975e-4,0.010164236091577211
Peve,OG_06774,130.99856118399634,0.46133403037393833,0.28602890777738105,0.08174743674434715,0.2618805606048934
Peve,OG_06773,729.4619306767021,-0.9903533675065889,-0.8927977661323374,1.8677706559315007e-5,0.0014668739027717704
Peve,OG_06775,108.34020281693364,-0.20336126558724985,-0.07905859516594249,0.5501239088781028,0.7358240680053477
Peve,OG_06776,539.3020884917529,-0.28156350483056675,-0.1257505574116656,0.3663455902069154,0.5984414336263711
Peve,OG_06777,730.3666553495801,-0.08691443210845529,-0.055048681882087225,0.6345226781293314,0.7955552603668937
Peve,OG_06778,149.1345416447693,0.6435285402171543,0.40890504311219666,0.028229154315198537,0.1388313089562185
Peve,OG_06779,74.22724190892272,-0.09966614707993575,-0.053446022729833835,0.6764332874409316,0.8231555901057351
Peve,OG_06780,24.883645491271203,-0.829917970704689,-0.14731503134020119,0.16577720267043575,0.38608286607217335
Peve,OG_06781,1054.4372246397131,-0.16984011779163233,-0.13625344970643655,0.2847377125115741,0.5226402805758521
Peve,OG_06782,3750.978010283099,0.25730760003742903,0.04113409655127279,0.6644468474718526,0.8148351712879222
Peve,OG_06783,27.360590943187066,1.0687700462124727,0.15916634315817688,0.09278757701956954,0.2821779487964394
Peve,OG_06784,30.13950148194545,1.03779353431282,0.5300608096901512,0.01753002372614884,0.10368515582922352
Peve,OG_06785,46.781980288494395,0.2638301810018693,0.10459346622040319,0.44298442942145844,0.6584233651046842
Peve,OG_06788,16.579439444290387,-0.323480394931977,-0.10083983648773692,0.42236212203503204,NA
Peve,OG_06789,182.58741860299915,-0.8183381570607613,-0.24764691436282502,0.0848385976571205,0.2673324154493319
Peve,OG_06786,195.0100210426084,0.07497261231421098,0.0485270278514584,0.7036031511789156,0.8406601012674058
Peve,OG_06787,109.22607477605162,0.557161989961834,0.3540480440569025,0.04595363473148852,0.18619539367033988
Peve,OG_06790,569.6884125521565,0.2863755768263622,0.19598494201918326,0.1663065085789495,0.38637480401172225
Peve,OG_06792,72.4512830794567,-0.31456520273512095,-0.1442628598761873,0.31853959660431375,0.5560574351355779
Peve,OG_06793,74.85339659663963,-0.37925139505182665,-0.15225238791393395,0.28582930486542885,0.523802656835419
Peve,OG_06794,94.27240745647474,0.12834198222359322,0.06591183466376699,0.6261891869141745,0.7891330398531318
Peve,OG_06795,37.07171032203628,0.20228122458884046,0.07598252632759435,0.5600032287404978,0.7434828505655476
Peve,OG_06796,40.64014112771894,0.15136111638004401,0.03976833520305398,0.7362028677143919,0.8592605249346158
Peve,OG_06797,159.84864676174428,-0.2246191945364149,-0.16656034857561874,0.1989448111657278,0.429215964729684
Peve,OG_06798,254.68984163119387,0.5203140840869461,0.41848288546757506,0.008674040059771251,0.06819281442243282
Peve,OG_06799,28.50607436229168,0.11374741484131426,0.02428896927626837,0.8231715909505858,0.9110738311581524
Peve,OG_06800,159.56681036015135,0.50172672935784,0.3431707935611404,0.04210633464940933,0.17630661477601553
Peve,OG_06801,91.64547235006074,0.4004335533633795,0.18738304226658226,0.21362107613243272,0.4463426653803819
Peve,OG_06803,72.40464810480402,0.13837446055403885,0.09267634561226702,0.48373560743883726,0.6899055702518389
Peve,OG_06804,267.01686168533905,-0.08047269238618625,-0.04614150330521368,0.7306070613171354,0.855481800355662
Peve,OG_06806,11.216207672732901,-0.5599901959303621,-0.0743581079763929,0.4153764721938593,NA
Peve,OG_06805,53.4219248531513,0.5090530606827778,0.19523966674119597,0.17947861085675898,0.4053566728451793
Peve,OG_06807,439.60358705973226,-0.4305889138543561,-0.2797306689100297,0.07989897750542939,0.25780195283200386
Peve,OG_06808,40.17871574308069,-0.41432211590878193,-0.2816527800683386,0.07850430267645095,0.25470433466320413
Peve,OG_06811,91.71003507504159,0.9062369859693936,0.5688242458758419,0.0136536900812085,0.0888247745846681
Peve,OG_06812,45.80898201329979,0.7506388563523855,0.3881338322634239,0.040899933078966236,0.17334174881493997
Peve,OG_06813,177.12394173614643,-0.632644053848286,-0.4197023748024846,0.025770552740476294,0.13088004718463228
Peve,OG_06814,370.7294915615812,-0.7696321743889306,-0.5047859180087261,0.015572545393987829,0.09692128334264648
Peve,OG_06809,5375.6459633006525,0.13665793368144505,0.09018852544734245,0.4971510892203698,0.6988443555871336
Peve,OG_06810,107.64246382319345,0.19633634627360547,0.11674905179083479,0.40358434878542626,0.6291192079082008
Peve,OG_06815,335.00077345513523,0.11882294186695572,0.09143639639749009,0.44527670033032307,0.6584233651046842
Peve,OG_06816,760.5983167421892,0.7831669911681813,0.5007543798753887,0.018943582368620402,0.10910169903692482
Peve,OG_06817,18.57740510253052,1.7885440028670536,0.15260280313099597,0.03721217136293337,NA
Peve,OG_06819,732.7626006022952,-0.5735573084316344,-0.47842418944515036,0.002752275765388718,0.034203648908207596
Peve,OG_06820,193.6080296535341,-0.12949494279287316,-0.09057390376974343,0.4748648572866953,0.6821649034150565
Peve,OG_06821,146.99051905504535,0.49071431556196043,0.3289860523820484,0.0439297433598205,0.1806026901862453
Peve,OG_06822,62.5111496349557,-0.6094892416127192,-0.3267409831088105,0.06370731886902424,0.22447842513609004
Peve,OG_06823,274.41909785160937,-0.24374763767810437,-0.11375126989389091,0.4183480743896448,0.6408149824933466
Peve,OG_06824,32.48088894220683,0.15504230286250378,0.057303293076261856,0.6606969258499018,0.8125853740435341
Peve,OG_06825,59.79059266376575,-0.9374922022620031,-0.6919178535828119,0.004122950837688839,0.0438972539983586
Peve,OG_06826,337.28771883510547,-0.07014724937803216,-0.053827942365919236,0.6450855761813447,0.8032464725971695
Peve,OG_06827,274.33258983231025,0.10709579026079998,0.07954877694281186,0.512933560471498,0.7072448622030537
Peve,OG_06828,38.93283730996395,-0.08895161947966435,-0.029373130727124806,0.8138921320257682,0.9052245165023021
Peve,OG_06829,116.37111636388639,0.4632985859465999,0.3042779952442978,0.06010049986173192,0.21698843978515345
Peve,OG_06830,13.926789727439278,-0.2639895626505363,-0.04134368947115825,0.6662678211736566,NA
Peve,OG_06837,127.20830424334719,0.6393289729725488,0.372849889850796,0.04324310873710611,0.17930466116239185
Peve,OG_06832,184.56309824331433,0.40361822173773293,0.25624876500093324,0.1007798781600518,0.2951715155029891
Peve,OG_06833,61.284824281236034,-0.22547312385629475,-0.09858113617467147,0.4773591991955191,0.6840043771632028
Peve,OG_06834,19.444361004396434,-0.6949546308255495,-0.1375369023487646,0.21359126407837128,NA
Peve,OG_06836,130.99042189146067,0.15853918199267272,0.08519534085304574,0.550274312867743,0.7358240680053477
Peve,OG_06848,484.4546945327501,0.040368889625725386,0.024454156757276142,0.8327742792370785,0.917165680532745
Peve,OG_06838,168.87015674652548,0.24672293806426848,0.10850128020911232,0.43049925028070324,0.6497148347725845
Peve,OG_06841,12.623090142014735,-0.5795936823470114,-0.0930076974997234,0.35209453678180197,NA
Peve,OG_06842,7168.058697007327,-0.22237684426906024,-0.029485855442038012,0.724850397555807,0.8524033619480467
Peve,OG_06843,26.481063713597443,0.16402099050775168,0.045929912083140116,0.6975420831174084,0.8365791641190085
Peve,OG_06844,2097.238764172367,-0.31588639265704893,-0.21151998145443204,0.14519874161137564,0.3601836579600976
Peve,OG_06845,106.84737458845252,-0.7736471626233381,-0.13260361612484742,0.19064804985688788,0.4190759816551433
Peve,OG_06846,315.44762529856376,0.11880339504504218,0.06435367361644356,0.6374177216437866,0.7974787655579514
Peve,OG_06854,19.113345332887217,0.2682547533258736,0.10244418388632008,0.4480407195189619,NA
Peve,OG_06849,65.60422262986788,0.8563401648983286,0.5824858741295792,0.009151000362505995,0.07046049519924258
Peve,OG_06850,152.45378647786393,0.9476571014551841,0.7293844233658123,0.002325269214807303,0.03107701908491585
Peve,OG_06851,59.072758711771044,0.5231509042127943,0.17693737156769243,0.19649196284142825,0.4258537049576104
Peve,OG_06852,70.87241647728793,-0.2138523420674535,-0.10949653181189722,0.4389999491561143,0.6549520382639584
Peve,OG_06853,46.7342465999701,-1.0036718230683086,-0.5345999331543866,0.01966155358587627,0.11156622202368595
Peve,OG_06860,109.36578111555134,-0.49644144769797327,-0.2902537292353428,0.08556497861989855,0.2689084187815129
Peve,OG_06855,196.7945655725561,-0.19279707953114686,-0.06531185785164915,0.6068155259217591,0.7744547958572561
Peve,OG_06856,17.063500517482407,-0.19062007200461492,-0.03949590303590432,0.7133462456103717,NA
Peve,OG_06857,699.1048352551272,-0.24941935484248734,-0.15701556934066155,0.2685749970069442,0.5064139455895876
Peve,OG_06858,33.46942299511538,-0.36336717702679106,-0.07646079985545051,0.48672997342845176,0.692103016980763
Peve,OG_06859,46.84697950440199,0.08344319385961056,0.027774332591400042,0.8251427544323393,0.9123276492402845
Peve,OG_06866,15.677790473466617,0.1282366894406339,0.021433498191930595,0.8273652825088861,NA
Peve,OG_06867,7.889873223635312,0.05783810719573858,0.0042110126829365685,0.9457880855936136,NA
Peve,OG_06861,3733.0539115746346,0.3887446014786773,0.33206419339930476,0.008993370693787929,0.06955482024901162
Peve,OG_06862,24.72887472853209,-1.545329240478495,-0.2294767804299623,0.026455200079964263,0.13311473857937103
Peve,OG_06863,253.83577747114438,-0.4684146962286895,-0.33006873178965707,0.040893228107638555,0.17334174881493997
Peve,OG_06864,548.1779037271338,-0.16516628564448677,-0.10327373564676552,0.4434833493255906,0.6584233651046842
Peve,OG_06879,151.5312569172561,0.8216364018813991,0.625116995857279,0.00413708103885932,0.04389791228402721
Peve,OG_06880,192.64524722336876,-0.4312760769117177,-0.1679722137533565,0.22888113120832437,0.4648628306547507
Peve,OG_06881,111.47897472745763,-0.11917556877995407,-0.06407243963925145,0.6596419313150553,0.8119489792790583
Peve,OG_06868,11.548738644627178,-0.09526725562132228,-0.0039631016646944845,0.9270440410344412,NA
Peve,OG_06869,73.9096978550912,-0.894095590588892,-0.7174765112927879,0.0016137763190632458,0.024735911466043876
Peve,OG_06870,404.102840067754,0.16588157096312095,0.09274360786430069,0.49851743403841253,0.6994905148740506
Peve,OG_06871,535.3227615058826,0.07947056141709846,0.05321698971342149,0.6837706967878809,0.827213779280622
Peve,OG_06872,435.23575269728445,0.1306959094626704,0.08323513958838012,0.534244151936473,0.7241765034612191
Peve,OG_06873,52.258023940612105,-0.06485920215916909,-0.038921010616871754,0.7689875171974393,0.8791701374184192
Peve,OG_06874,34.67557095853381,0.43508373044512527,0.08756090697800299,0.40814702168275707,0.6336187783145456
Peve,OG_06875,18.390883418263837,0.7262224267895436,0.21606806320682317,0.12020075887665022,NA
Peve,OG_06876,27.59781111486394,0.4403253935772026,0.12873052567801416,0.3108052007715172,0.5482088491496684
Peve,OG_06877,14.47539908095415,-0.525820768951567,-0.11297962411090179,0.32029545193266845,NA
Peve,OG_06878,34.200562091157224,-0.11525199879598651,-0.039941054430050506,0.752979490689999,0.8693843225335576
Peve,OG_06884,86.03873530077844,0.7956653416598565,0.5079667968431234,0.017846345687141534,0.1049023622258057
Peve,OG_06882,574.8554062896511,0.5768881510384051,0.4872525662003412,0.0015804595633576355,0.02447142470255786
Peve,OG_06883,7.236721119373203,-0.03496822652174835,-0.0054416254770538255,0.9550717602679069,NA
Peve,OG_06885,214.15897049305178,0.6229377212627766,0.510041380064939,0.002994616422716975,0.03581245560606927
Peve,OG_06886,28.183237361229413,0.5970215508119177,0.28675841941341346,0.08647475415308876,0.27087363369170653
Peve,OG_06887,8.249336713384787,0.2171832888446823,0.028021883315760117,0.7571806737791515,NA
Peve,OG_06888,38.207648960580535,1.6482102800114369,1.4480339005055767,1.782771328834798e-5,0.0014668739027717704
Peve,OG_06906,9.570448590361304,1.1820591805924003,0.11763964535637861,0.13352226606689857,NA
Peve,OG_06890,23.438889890937798,0.293309193579222,0.08337425050407109,0.49739224153234957,0.6988443555871336
Peve,OG_06891,399.36538187976066,-1.2892202601028135,-0.44268810697984934,0.012156325450489084,0.0838071378116071
Peve,OG_06892,54.04454142273833,-0.1269634740955543,-0.03901494797760371,0.754296212566512,0.8702397494434241
Peve,OG_06893,29.143156800171973,-0.5865093951825034,-0.16271047451316922,0.20611127711280353,0.4375352581295229
Peve,OG_06894,22.127199782478463,-0.7638734889738376,-0.2802607174098177,0.07877272802286235,NA
Peve,OG_06895,815.7639636056007,-1.1485767901958608,-0.906416022722674,9.672820948627043e-4,0.01788532766666039
Peve,OG_06896,189.7165608301944,-0.8166602268349562,-0.27387188950007146,0.0719280785949486,0.2423476792288007
Peve,OG_06897,7.148040548031908,-0.7903599840989343,-0.05144149336155456,0.3906750428527909,NA
Peve,OG_06899,129.50968728512962,0.013664906518347028,0.00787577972158529,0.9518379654598005,0.9779421895258326
Peve,OG_06900,146.87115038302744,0.42644529357234895,0.14395465951622688,0.292731661244419,0.5303738629159689
Peve,OG_06901,127.00936989301516,0.4474673482326746,0.26264315787472053,0.10445990077856437,0.30074660775929835
Peve,OG_06902,29.611990795691433,1.2353409432664058,0.49460174605036666,0.018966040022743123,0.10912635414898574
Peve,OG_06905,79.95421938541453,0.20931532840342246,0.11986896672637957,0.3896434310458836,0.618139037423478
Peve,OG_06903,3966.874900587089,0.6809586784726025,0.38376087841899525,0.03376037521700043,0.1543736725108699
Peve,OG_06904,740.2597659276156,-0.26278274007916436,-0.20923972325340356,0.10657972183026078,0.30420521170974846
Peve,OG_06909,51.73344689790908,0.5128969078231878,0.08182780615134702,0.4071684023204111,0.6328930603707186
Peve,OG_06917,108.74922715422532,0.6076978734009115,0.44563136248390706,0.01471767929446676,0.09363791210412978
Peve,OG_06918,12.62382090647951,-1.1165517896745243,-0.2661603105394666,0.056742817299312,NA
Peve,OG_06919,17.721707644787763,1.154163799711404,0.17297166080476703,0.08992404113177466,NA
Peve,OG_06910,88.00730288563777,0.24434453099038056,0.10123165844470222,0.4535602120191182,0.6650781090672447
Peve,OG_06911,169.95360617751018,0.1366861022073581,0.04667020119492938,0.7179908840957301,0.8485535394275427
Peve,OG_06912,238.71316565601535,-0.2504375519181118,-0.14079762937310167,0.3171794005086558,0.554827249844992
Peve,OG_06914,296.02013670029874,0.2527231817344059,0.18928690212563082,0.15104219525697768,0.36800190225204665
Peve,OG_06915,14.425716506836737,-0.16075376816601614,-0.04842575291032656,0.6940913329468344,NA
Peve,OG_06916,50.96464657620409,0.6212311237782125,0.30544566015244745,0.07038035162803921,0.23839818528341608
Peve,OG_06925,99.38114426050412,-0.9134563773240245,-0.5994871975475009,0.010718308908828052,0.07739533390279821
Peve,OG_06920,1659.2709666102517,0.7884853725985143,0.7528054384914259,1.8938375559229857e-8,1.4427254501021304e-5
Peve,OG_06921,219.98574912941052,-0.3595965097008912,-0.09890375545795406,0.41624621202414186,0.6395132578656383
Peve,OG_06922,472.7041811023693,-0.6103271623229116,-0.3062259723277056,0.07025233598683289,0.23821411794020877
Peve,OG_06923,38.98573270973645,0.5263078309150491,0.3479666006604854,0.044202385530237254,0.1811500090759931
Peve,OG_06924,55.49556685708139,-1.0473808392158606,-0.5666102582158111,0.014194966277212433,0.0916417399150884
Peve,OG_06926,338.94880149066574,-0.05030628704126799,-0.022784645752698198,0.841485372006716,0.9222321340738258
Peve,OG_06927,81.88804652232858,-1.0255832532222142,-0.8410219496593043,6.80361275822645e-4,0.014558588608833262
Peve,OG_06928,21.06001053538569,0.026574380884555056,0.0075245684464975236,0.952234506183635,NA
Peve,OG_06929,112.49284570615794,0.28992280222410505,0.14673931337816393,0.30859677436697514,0.5459583847932747
Peve,OG_06930,27.864184919953985,0.7361127224136296,0.45085420931856107,0.02514090240333818,0.12902456801877815
Peve,OG_06931,148.79529564875938,0.7158302454168048,0.5470186824844875,0.0059115248584350796,0.05406242061411577
Peve,OG_06932,87.32044396679969,-0.4891533798095137,-0.2772574527718254,0.09159219183767583,0.2803331930170408
Peve,OG_06933,125.1067834550583,-0.06151845115110792,-0.032977902297636426,0.796113085380766,0.8939842990021631
Peve,OG_06936,50.03058272765885,0.5290324424592288,0.3196409534465357,0.0628559144245593,0.22306226983591218
Peve,OG_06938,10.644938097500864,-2.359240238118217,-1.6981428067130802,8.253199092508935e-4,NA
Peve,OG_06934,52.496098233096085,-0.2532634087729813,-0.0797005440361646,0.5228096659251471,0.7156808688261942
Peve,OG_06935,174.65403138522112,0.1449839567087692,0.09408107673149729,0.48378518722569214,0.6899055702518389
Peve,OG_06939,729.8342410945994,0.16343875167635116,0.1249706157898113,0.33098863102001636,0.5673878017800371
Peve,OG_06944,22.75962286945305,0.03872177524588572,0.010968763590528334,0.9294729983516101,0.9665199701668805
Peve,OG_06940,173.80867532683462,0.257750469567424,0.18992785497755282,0.15992718299743208,0.3784794284170356
Peve,OG_06945,18.528542578141273,1.1885595003931515,0.7819739915847258,0.006531138977920397,NA
Peve,OG_06941,10.59839845791383,0.568430259551466,0.04153180429519942,0.5236527117119683,NA
Peve,OG_06942,43.040581219801915,1.7151911606875831,1.3708431130369076,4.036103459652007e-4,0.010317797367660735
Peve,OG_06943,341.7270175992193,0.38949971290255847,0.2370012555333728,0.11491994759258421,0.3145742582681662
Peve,OG_06948,32.843096032899496,0.18120046860027234,0.05517742400483946,0.6509189090775147,0.8065669612724401
Peve,OG_06949,42.978487593185775,0.4924336785576772,0.1752081684860096,0.21908277497220338,0.4540186560767806
Peve,OG_06950,20.797582302160567,-1.394930102309127,-0.16594083859539557,0.04104416773169603,NA
Peve,OG_06951,48.15811285570983,0.4030361189781988,0.25162281010998533,0.1140947616153524,0.3133525474429047
Peve,OG_06952,149.15096879468146,0.18068398522959453,0.10573443642924814,0.4442695695135202,0.6584233651046842
Peve,OG_06953,162.6695264243973,-0.17995855134668987,-0.09708706381291902,0.48975626556745705,0.6945203334126745
Peve,OG_06954,48.5060367104312,-0.40885249103053345,-0.14893069771045406,0.2754876901682025,0.5133516984252265
Peve,OG_06955,286.5344566743958,0.22807521079019188,0.17707599596590703,0.15499968995905009,0.37190161830174595
Peve,OG_06956,101.47334854731191,0.5140269330645255,0.19947943556907005,0.17862989036848526,0.40415874809240293
Peve,OG_06967,196.23115228848602,0.6347125456209489,0.3518789518449342,0.048872867001819205,0.19280864879329815
Peve,OG_06957,282.61190494025834,0.559306607087341,0.11732504284763826,0.2926265411864628,0.5303738629159689
Peve,OG_06958,107.8993774675945,0.4700171703797865,0.32789984315364706,0.044166032258064036,0.1811500090759931
Peve,OG_06959,116.53622495176909,0.7989150188176333,0.40679164259436956,0.02966930878543955,0.14258959189275433
Peve,OG_06960,11.251314360106258,-1.471229315305162,-0.06910905993316725,0.13426947399366929,NA
Peve,OG_06961,888.7761172988937,-0.2203285372166238,-0.13581618295934514,0.3283930878634094,0.565269918700882
Peve,OG_06962,56.56332675423914,0.06827613016372772,0.03936591991422137,0.7736802477487947,0.8825264873478866
Peve,OG_06963,239.0873017823214,-0.9243215573885489,-0.7245158864142194,0.002056978546580885,0.028548708912680652
Peve,OG_06964,55.781344482668146,-0.0967378558659186,-0.039080677153019,0.7678243989751461,0.8785350362560322
Peve,OG_06965,339.20181153365024,-0.3167880341364397,-0.14202926721053477,0.3142054497945489,0.5520643275609984
Peve,OG_06966,21.96467859826683,0.8828088562009999,0.38414620783402,0.041730766367617425,NA
Peve,OG_06968,26.357928953866622,1.152069989422333,0.7830914925383009,0.004555816527137197,0.046648132128670916
Peve,OG_06969,25.433888687469096,0.19151031623324766,0.07329951428649706,0.5788265017972656,0.7558120321543847
Peve,OG_06971,437.6049421324734,0.2805126881662194,0.22463227000542582,0.07748767141862468,0.2533649538530721
Peve,OG_06988,39.00575416068404,-0.2524148193334165,-0.06291889688485404,0.5762630310551298,0.7540315648536549
Peve,OG_06989,138.9801448400176,0.23673693380216593,0.13275372604142918,0.3530080828690558,0.5888363423027079
Peve,OG_06990,33.27952907424545,0.6680959727177606,0.5077565130989745,0.008131467079969956,0.06590731646810409
Peve,OG_06991,81.42281910505173,0.06852072899008818,0.031432942712179425,0.823864490184486,0.9116834147345612
Peve,OG_06972,258.34016908151887,-0.30901877649635356,-0.19927940976007708,0.18169897535828644,0.4075921066782762
Peve,OG_06973,60.43989993659564,0.3984365974591323,0.24330754879109343,0.12011373074502237,0.3237046452513081
Peve,OG_06974,56.06557145287807,0.4478214164281391,0.2578247800175293,0.1085940423226327,0.3070784760259153
Peve,OG_06975,19.33376954279338,-0.3014236024231539,-0.06454728386904658,0.5605626068408174,NA
Peve,OG_06976,29.903910535915447,0.3660576622073538,0.14854376788241216,0.29788378206151606,0.5358391149337968
Peve,OG_06977,14.746370720440478,0.04928855788851902,0.011446433610984358,0.9185288481086598,NA
Peve,OG_06978,1241.1125103438346,0.10541443981617887,0.0481680861740532,0.7142272595971806,0.8459240148649443
Peve,OG_06979,67.40223509710604,0.3944745053597475,0.19236659615061164,0.2030841382547903,0.4340209124542894
Peve,OG_06980,449.8824818278797,-0.4307520922125761,-0.36881193156895026,0.004927054028947964,0.048602557285582694
Peve,OG_06981,53.64576817560898,0.5587336130775268,0.31529451537858627,0.06882290843592538,0.23584926516638757
Peve,OG_06982,8.083303047164284,-0.49900407052043866,-0.08092736810541634,0.42175413374759313,NA
Peve,OG_06983,20.85242990064205,-0.020627154915383628,-0.006095928439691147,0.9578623359192857,NA
Peve,OG_06984,689.9801160594611,-0.8959878856780011,-0.7663835741480666,2.613586025922635e-4,0.007917332290378876
Peve,OG_06985,260.99441918307906,-0.26314353299454485,-0.17269453054053416,0.22466287239957702,0.46100123014495525
Peve,OG_06986,74.26022085877008,-0.19557777205359572,-0.0666539630779615,0.605763254301628,0.773844960167018
Peve,OG_06987,18.49717717937456,-0.06103687468840826,-0.009707926862610104,0.9216076345150547,NA
Peve,OG_06992,29.188835866915586,0.6361222610476163,0.1366052732497318,0.23334052864783011,0.46827388117611457
Peve,OG_06993,61.03893826534666,-0.14549546890336013,-0.04212691018189996,0.7242428754594149,0.8522416893829383
Peve,OG_06994,91.07296902098565,-0.4747400807803543,-0.29710613915722456,0.07348367031335899,0.24617352702162215
Peve,OG_06995,96.38693645463236,0.2273765971337766,0.08524913857297414,0.5184709958485582,0.7124300227947901
Peve,OG_06996,306.6790967501572,0.07850918626708739,0.06276996489579006,0.5725964498890219,0.7511812573917498
Peve,OG_06997,202.25576652357674,-0.24603364213094223,-0.15218606446001312,0.2974421694608896,0.5351711022562723
Peve,OG_06998,6079.705850424911,-0.5572394480429353,-0.099831119489972045,0.32933811026172294,0.5657698636491839
Peve,OG_06999,16.59332991627919,0.13965232037964134,0.014600147007331511,0.8448290409662353,NA
Peve,OG_07000,2096.032532813819,0.5991990887585356,0.13416345175140215,0.24056765013406936,0.47634715963153573
Peve,OG_07001,90.20156978048654,-0.4834142581054364,-0.12099104578115216,0.30480938062046947,0.5421521974239403
Peve,OG_07003,59.94904005593363,0.24262461958444173,0.13194824781906736,0.3568404613868486,0.5918103079060859
Peve,OG_07004,154.48295584317071,0.7149536706353453,0.5969616971087055,0.001152930902951909,0.0198262474462475
Peve,OG_07005,29.392778217523283,0.07486258633559234,0.025221822990806053,0.8461845037487081,0.9249868775373308
Peve,OG_07006,54.25081967289876,-0.4566809874397204,-0.24952131381892703,0.11669901713181162,0.31830043412464765
Peve,OG_07007,79.19157402986494,0.8449502817116575,0.6914215276809442,9.931382134259234e-4,0.01823066725271972
Peve,OG_07008,6.953158879344042,-0.6364590733083766,-0.025768764860334675,0.5780014875915248,NA
Peve,OG_07009,768.0832492978412,-0.025146483567007938,-0.017003029982652927,0.8479051744570312,0.926468964287674
Peve,OG_07010,76.63080913392136,0.6814501305113628,0.16628696198068266,0.17110080040164466,0.39319634915828927
Peve,OG_07012,7.323715283088557,0.6322323977919984,0.03413575699647763,0.5360884734032794,NA
Peve,OG_07013,222.10046556984722,0.19886353468194198,0.09228840751001521,0.5067961599089668,0.7037781825920528
Peve,OG_07014,99.60870107507607,-0.04410677000406686,-0.030644767195744233,0.8014562450819422,0.8978667169167994
Peve,OG_07019,10.797929729643913,0.9283918609642724,0.08808752605275481,0.24532348246862715,NA
Peve,OG_07020,34.567005290775704,-0.39943709669495225,-0.05653619731431711,0.5105182071473622,0.7055623650849889
Peve,OG_07021,78.11184555299573,0.22577208734024953,0.07845055393947124,0.5459694380884079,0.733156210004846
Peve,OG_07022,27.991714476693303,0.691313125185925,0.1297568259404845,0.2214822332565094,0.4568783246542346
Peve,OG_07015,22.324729953180835,0.5021577567682439,0.13980190725984543,0.268014017760434,NA
Peve,OG_07016,78.98092251905452,-1.538505241210035,-1.0087022811597317,0.002240376895884073,0.030282640160353626
Peve,OG_07017,29.43644823222894,0.22604332838341007,0.076958065194941,0.5495834996968263,0.7353227011833924
Peve,OG_07018,108.11761210761834,-0.15377791001103877,-0.08495234706336723,0.5388369662434256,0.7280702392412941
Peve,OG_07023,68.89451857248218,0.38166239899489174,0.22302721932068284,0.1488154769642824,0.3662928282758977
Peve,OG_07025,41.221870335904804,-0.04436041120706119,-0.01156795943505153,0.9171217936671043,0.9611547426270466
Peve,OG_07024,704.0682365515095,-0.3386167308962765,-0.24893946291745875,0.09229455570148437,0.2813525111380184
Peve,OG_07026,19.746558271027773,-0.1583026526489109,-0.070900881857297,0.6045364619887308,NA
Peve,OG_07027,51.82868187434578,0.2272114167829571,0.09418735843233922,0.48490979449191235,0.6907335105533635
Peve,OG_07028,353.34705411807175,0.16245949082930883,0.10391998289050451,0.4177240212356389,0.6404148910793112
Peve,OG_07029,244.50573074661077,-0.07042148344240541,-0.04104323860147309,0.7579695333205831,0.8725010433418257
Peve,OG_07030,53.25523634893851,-0.4148959547008906,-0.23092722221996836,0.1391082212326459,0.35269970521501864
Peve,OG_07032,45.7798708561401,-0.4202607078700286,-0.21393193203168132,0.1631136728035711,0.3830456101780532
Peve,OG_07033,18.90241380395138,1.3133321159358773,0.8640772899153701,0.005011431627024782,NA
Peve,OG_07035,30.92407728242543,0.9062013647373749,0.4579520450720376,0.027381148685317828,0.13606626920075096
Peve,OG_07036,9.199273753124116,-0.47526555935484055,-0.08290973103874012,0.40588104109380313,NA
Peve,OG_07037,40.68959473213805,-0.1426828109526504,-0.05392600388138118,0.6787754925447456,0.8239183719257285
Peve,OG_07038,170.97578381663124,-1.240830123039521,-1.051161581886627,1.6256974625330158e-4,0.005841775127158733
Peve,OG_07040,20.480207173997528,0.4712949177131619,0.14446513873008426,0.2636291464909371,NA
Peve,OG_07039,2056.4992975276095,-1.3161726813069459,-0.16915669637896716,0.04738123148628925,0.18930048739014202
Peve,OG_07041,137.64790167870896,-0.3512212937384771,-0.07767704907590085,0.47008858817778604,0.6773472412972147
Peve,OG_07042,105.78478356574237,0.30228540642122353,0.19011960721576865,0.19404714178365629,0.42344632658490217
Peve,OG_07047,300.0915940798786,-0.5331292071689636,-0.2560293405949857,0.11105332052928989,0.31046025533656163
Peve,OG_07048,469.61198525130874,0.6009803425043393,0.2746205796384659,0.09181026190131653,0.2807750201381892
Peve,OG_07049,48.606378579883206,-0.5931383413450668,-0.24049139333879918,0.12241813816125176,0.3274513260226179
Peve,OG_07043,176.94468790116798,0.07748555884540559,0.05160042198591829,0.6929085667080365,0.8338888484480381
Peve,OG_07044,376.16809349487613,-0.7309108603517788,-0.4517342998767295,0.02414381232633218,0.1256898349309445
Peve,OG_07045,576.1457075169596,-0.1697994133043832,-0.12263169033104619,0.34301683756512147,0.5785039337106698
Peve,OG_07046,979.5671723574546,-0.14070700165231245,-0.0996345627090138,0.4350611622098047,0.652779649618852
Peve,OG_07052,55.83076784603736,0.08193326002387852,0.015222194934584415,0.8795433240094872,0.9416869421226216
Peve,OG_07050,880.5744232928963,-0.5373364895372191,-0.4025490262481674,0.017140413130444117,0.10238228391043708
Peve,OG_07051,261.91717325432234,0.8086009358071302,0.6585069253351039,0.001526466637905651,0.024092893862210352
Peve,OG_07053,103.83392579027691,-0.326893910480825,-0.1967811463990606,0.19327647110963597,0.4226119853367414
Peve,OG_07054,528.7212073172859,0.5735975757818286,0.4689918777042341,0.00465239678988739,0.04721396646669316
Peve,OG_07055,24.446863230546533,1.657260315211257,1.4580736139177233,1.2696448384927637e-5,0.0012153866153517463
Peve,OG_07056,57.16716267161436,0.11458229601302532,0.05518981052784696,0.687782132891547,0.8303525021185111
Peve,OG_07057,40.67253208371523,-0.9415526323238487,-0.4642914189664661,0.02424682459999707,0.1260825454599149
Peve,OG_07058,99.92823966368395,0.6308938163745988,0.5240678969128354,0.0020992512400938973,0.028971188309846577
Peve,OG_07059,39.17203944109029,0.8647166178568003,0.4487512057574854,0.025760990739869667,0.13088004718463228
Peve,OG_07060,64.86729289867786,-0.8156049822941404,-0.3507154223847141,0.04732147955168868,0.18930048739014202
Peve,OG_07061,291.91881118080687,-0.08350295060024944,-0.05085796717115638,0.7040155564314017,0.8408059146370324
Peve,OG_07062,174.16170689333126,-0.02045009687966257,-0.010555822942555072,0.9415089353596346,0.9723990061781043
Peve,OG_07063,23.013827546227215,0.10808762329304461,0.031098162818660978,0.7955582440365322,0.8938883042876552
Peve,OG_07064,9.905949802946987,-0.43886981138617914,-0.03738799213410877,0.5967341181876513,NA
Peve,OG_07065,19.466520840476697,0.0844300659251107,0.028601080900483702,0.8309365538008708,NA
Peve,OG_07066,119.49645273951717,0.1706477199801307,0.07355719368283455,0.5952263763593784,0.7685482262891092
Peve,OG_07067,48.35452973108461,0.07590109742487391,0.031167078505727978,0.8211604571527975,0.9099055072858199
Peve,OG_07068,16.17501981065403,-0.8390246912196467,-0.23614252829528173,0.08948782898803984,NA
Peve,OG_07069,603.6135141091596,0.06264287953599006,0.025710565225962077,0.8461426846249306,0.9249868775373308
Peve,OG_07070,672.2421695638859,0.01744751786235662,0.008797379539366395,0.9509491251690882,0.9774629868238639
Peve,OG_07079,84.16256345592197,-0.4816288790790543,-0.18806730085639659,0.18457149187420002,0.41121696435972355
Peve,OG_07071,126.62873751536091,0.14559111231516883,0.07131566613843837,0.5988637194911699,0.7712838233446716
Peve,OG_07072,181.0834992719872,-0.08477543454819172,-0.04411548952218478,0.7448516655126962,0.865509455136626
Peve,OG_07073,11.562103525649272,-0.08688411561408135,-0.022050977231288512,0.8984477966977289,NA
Peve,OG_07074,100.14286791724058,-0.4144001853415527,-0.11852150545687666,0.32696396093074953,0.5637871105410706
Peve,OG_07075,16.045934809794183,-0.7059115264227604,-0.18605917412107628,0.16885174897483718,NA
Peve,OG_07076,933.7946906503175,-0.1739742051762299,-0.11405801027356162,0.3962832158922199,0.6225959429457185
Peve,OG_07077,8390.026769040265,0.4940740536960083,0.41510517702701955,0.0044821250971174955,0.04621641408200142
Peve,OG_07078,262.44511678362926,-0.4245182549981633,-0.3008118940103574,0.051020769189507945,0.19775421377562916
Peve,OG_07080,482.24260978264243,0.28683756162456586,0.19675902490386715,0.15087641736966484,0.36800190225204665
Peve,OG_07081,128.9170265060813,0.08528313305027067,0.038881004256959194,0.7759048386351248,0.8834020416563115
Peve,OG_07082,131.9654366008127,-0.11084066999535137,-0.02657306328285317,0.8014399679136888,0.8978667169167994
Peve,OG_07085,446.2561021144776,-0.8038835241600811,-0.6136723774330685,0.004993818087314875,0.04895168206619046
Peve,OG_07094,21.69764476021216,0.03936352674852959,0.008299534291082085,0.9384035441193921,NA
Peve,OG_07095,1404.4290405720208,-0.9786413720512092,-0.7241231950907785,0.003151963602344334,0.036941013419475595
Peve,OG_07096,64.60593633722587,-0.45525925985201665,-0.20205096528468922,0.17131295903581525,0.39344652455075085
Peve,OG_07097,54.39856786750402,0.48974591268058926,0.29424960009578766,0.07620677205784682,0.2515351774422344
Peve,OG_07098,59.001528110785856,0.6554991024828154,0.3109927427476043,0.07245172104923348,0.24368088783799585
Peve,OG_07099,86.5561081367269,-0.33289046653277005,-0.24484842330630094,0.08330373768569423,0.26417968037491585
Peve,OG_07086,41.72145324896915,-0.4987916534892252,-0.18113407706752396,0.20366479747794,0.43484260851652096
Peve,OG_07087,96.49014449192816,-0.3192774681565946,-0.12282093226411364,0.36077482376153924,0.5947592744893758
Peve,OG_07088,127.0234831902665,0.18570762092614782,0.08462615328487344,0.5187480834918707,0.7125537143961542
Peve,OG_07089,63.90121244831203,-0.677030235239549,-0.39813100721821965,0.038320346840211836,0.16674487693946055
Peve,OG_07090,134.00124991879332,-0.07112042596909957,-0.040189678181667673,0.7648417953448554,0.8772294257658654
Peve,OG_07091,251.73924977028037,-0.6487693424810405,-0.5027382149450952,0.006420563809158749,0.05707334317172854
Peve,OG_07092,113.46760768766077,-0.8462525899061033,-0.5137896912341635,0.01581158565330899,0.09782018350195106
Peve,OG_07093,47.616527802371245,0.3674645864538652,0.15428657200355367,0.2790397247902345,0.516284121821898
Peve,OG_07101,90.16609284678988,-0.014020235845404712,-0.00486106035627807,0.9700513704428808,0.9853135120045156
Peve,OG_07100,192.53225374760373,-0.09834177523715183,-0.07022351630390228,0.5699707549577402,0.7496611207299835
Peve,OG_07102,203.92742952602805,0.1905751021584291,0.06934000222356243,0.5915972951095483,0.7656792718560208
Peve,OG_07105,15.1576006327898,0.07637642754805354,0.0053862569236139135,0.917411941909287,NA
Peve,OG_07103,47.44635107514731,1.0265802745729737,0.43078378755598135,0.02592995514725662,0.13151135485352264
Peve,OG_07104,377.7076675130149,0.4684945912045981,0.07144053596896187,0.38926904070498697,0.6178042679598702
Peve,OG_07113,26.607967144747462,0.3649293999292564,0.12706318147866996,0.3456279926252393,0.5812348891432833
Peve,OG_07107,110.30320483472804,0.6484075449574415,0.49162471023481175,0.009624465026669693,0.07290633869872686
Peve,OG_07108,2172.36540654471,-0.4723688367132853,-0.3674183356327222,0.017805269579655468,0.1049023622258057
Peve,OG_07109,51.29434533250355,0.2480844704303987,0.14060880717714347,0.32555506099546105,0.5621211365964239
Peve,OG_07110,30.678349884440866,0.7160205017780117,0.10113394947206582,0.26247561213700976,0.5003739282890125
Peve,OG_07111,128.95840784032794,0.4915970616381709,0.3954795376208781,0.012573442406924528,0.08506614942802047
Peve,OG_07112,1247.4631426630338,-2.3057943236321474,-1.9007427364143974,6.261577611419824e-5,0.0031589866386620012
Peve,OG_07114,118.29128067570495,-0.27947727910251097,-0.19568260808404336,0.16486746095148774,0.38545747130055363
Peve,OG_07115,32.81559464322012,-0.1516290326376896,-0.07083412668557047,0.6111166813461786,0.7782956798652668
Peve,OG_07116,42.47161953381382,0.22631702277635612,0.10790990979003984,0.44584356767194416,0.658800983211708
Peve,OG_07117,1149.3230833777911,0.46365776511031614,0.2872430097904907,0.0760500401329264,0.25133592683051265
Peve,OG_07118,195.88159041700385,-0.5406394095188153,-0.31068183164688434,0.0644418365734434,0.22612524689843014
Peve,OG_07120,61.816089756795414,-0.28111266505757543,-0.1732663569197695,0.2348493285752418,0.4698220023860799
Peve,OG_07121,4913.657313579388,0.27982205975923097,0.09820094592589929,0.44487190093658885,0.6584233651046842
Peve,OG_07129,45.113788258900456,-1.04858922231707,-0.5006248797879486,0.01904122661488706,0.10914654955187328
Peve,OG_07130,138.19705749019897,0.09394157621707798,0.06769174327579525,0.6010304732400757,0.7719861988101328
Peve,OG_07132,400.33488097882906,0.10972038726170888,0.0562461520048838,0.6876536395641057,0.8303289627832235
Peve,OG_07122,165.1400298477944,-0.5729415989026134,-0.41707257449030555,0.01885196346448637,0.1087986800548918
Peve,OG_07123,37.624338700792585,0.4353861835042462,0.14718932546319063,0.2741226576812476,0.5123322880804083
Peve,OG_07124,166.13938602742076,0.9797374847170344,0.8443387220049051,9.652017482462455e-5,0.004264160670376884
Peve,OG_07125,85.43963900295834,0.16524519407960467,0.08806468881243448,0.5293623864865094,0.7203335263598971
Peve,OG_07126,59.53513858746571,0.07039803300303885,0.031261894627903505,0.816771376145422,0.9066245582800269
Peve,OG_07127,87.916437085611,0.36830896379364453,0.2103426469036321,0.17456569651587173,0.3981953643474295
Peve,OG_07128,8196.811261785702,0.19311234468481736,0.15085351242430642,0.16556231940215085,0.38608286607217335
Peve,OG_07139,25.60757619495748,-0.7183448942809368,-0.3304509398599073,0.060852005496540636,0.21821833570528293
Peve,OG_07142,9.496957379415788,-0.627399385848545,-0.08299578553534144,0.35479910738781517,NA
Peve,OG_07144,76.80543157289753,1.0263374171404414,0.7464500016636054,0.004027921446202735,0.04329932975097219
Peve,OG_07145,146.58727984992058,0.3529630192759306,0.1737994765467604,0.24072671955365818,0.4764500258663985
Peve,OG_07146,60.6910270549342,0.17884940526045065,0.07613501986815804,0.5741664378396643,0.7527917511524965
Peve,OG_07134,112.95900377107381,-1.6989564969697708,-0.9807896316715277,0.0035339327970604576,0.039871417392625196
Peve,OG_07135,344.6602157051399,0.2882633568160141,0.2218110750873443,0.09102253484432647,0.2798786778762523
Peve,OG_07136,64.82909402200671,-0.429597422221908,-0.2295462843538917,0.13581641830831032,0.348484161223546
Peve,OG_07147,11.176713651965134,-0.27715316119770506,-0.03206326330551949,0.69129341750139,NA
Peve,OG_07148,74.68933953190893,0.27765140960660595,0.1292101428738935,0.3636150919061366,0.5971157081571349
Peve,OG_07150,78.64408159420195,-1.2801610946740405,-0.49877930732157877,0.017021425739403913,0.10199178772943433
Peve,OG_07149,36.84758820327138,0.2343602109546073,0.061359612341490566,0.6020613759431358,0.7725288128574715
Peve,OG_07151,64.0697463695002,-0.7341220879865149,-0.5176112874282197,0.012058361272791925,0.08320706175373993
Peve,OG_07152,47.34798339635043,-0.6273087476339774,-0.18434293960615758,0.17419310409091907,0.39807466871306224
Peve,OG_07153,119.12337258913634,-0.5832899192379134,-0.24977541137761677,0.11302342032931036,0.31153806218507346
Peve,OG_07154,33.03034403466577,0.9535559811644978,0.18744131547207857,0.09099395934922883,0.2798786778762523
Peve,OG_07155,134.72172288032294,0.11897632643812926,0.07662351655984888,0.5799992451779983,0.7561885169168305
Peve,OG_07157,269.02834229485006,-0.28621209100991624,-0.11861059074040493,0.3803123930372803,0.6107124389034573
Peve,OG_07163,98.40080475877367,0.1592119888262553,0.09278435353562518,0.5022453658514663,0.700803167423223
Peve,OG_07158,49.438534212177935,-0.3964882297442111,-0.23086659695887174,0.14096362422299746,0.3552301982569615
Peve,OG_07159,683.5441852538386,0.4645087802899573,0.23530414942115782,0.13113556383551275,0.3411853570010028
Peve,OG_07160,137.56299323748107,0.12005170037072949,0.03396182354295999,0.7510411632804506,0.868594440848713
Peve,OG_07161,61.09533056761484,0.5209559856805482,0.24363741354081678,0.12099298383486232,0.3246652169263759
Peve,OG_07162,299.7624610202374,0.15146616026106,0.08817332120691378,0.521636065656832,0.7152310201896591
Peve,OG_07167,406.66989671416576,0.5797889602567872,0.45080426273982566,0.009255645263451,0.0710065514773109
Peve,OG_07169,5.7423609693556585,0.560908211073231,0.021677400352311568,0.5854943871122503,NA
Peve,OG_07168,98.80077911952503,0.5969652995238042,0.3984375540466881,0.02903121859870795,0.14131618101275217
Peve,OG_07170,41.123766105110896,0.3467213158435191,0.07053863672917579,0.508852715362987,0.7045181966274402
Peve,OG_07171,217.86293910860977,-0.3645617481149679,-0.2701316367678124,0.06521251534980334,0.22773128159700742
Peve,OG_07172,214.0242868019355,0.19386650169860306,0.11842792438271929,0.4163654884197004,0.6395132578656383
Peve,OG_07173,139.1193270934034,0.5290730665159653,0.3071487556590116,0.0691025754039697,0.23657310943359605
Peve,OG_07174,14.59467182080562,0.5510620030039165,0.1599624578080411,0.2269649495280385,NA
Peve,OG_07164,219.72929853659988,0.5517513503673536,0.40590143652536853,0.01818559726972955,0.10640390169032236
Peve,OG_07165,6.345982314971771,-1.4869116158627798,-0.06142176047789125,0.19765920966865066,NA
Peve,OG_07166,43.298244171132055,0.2721728144441687,0.08872661710553174,0.48755487883512544,0.6924297291137184
Peve,OG_07175,5.992880012293129,-2.4805798655726594,-0.2008048787160309,0.008571451683818386,NA
Peve,OG_07176,29.36629842371575,0.6713168537703063,0.34798494889214643,0.055162552834712913,0.20579252081040303
Peve,OG_07177,719.3456424562562,-0.14666704359449753,-0.09804687055455617,0.468023957414528,0.6760346051543182
Peve,OG_07178,175.50772627856182,-3.5558193000539613,-0.20563411495537393,1.2593578428095285e-4,0.004970874635504139
Peve,OG_07184,11.689525497627782,1.3952516390499494,0.2543464760739608,0.027686229134762475,NA
Peve,OG_07183,135.81514027710952,-0.2944774104817658,-0.10201386692341073,0.43598321053384625,0.6529034986921253
Peve,OG_07179,146.3384596747347,0.7045292503617632,0.5593779582966878,0.0031301246364477337,0.036855161484480425
Peve,OG_07181,6.490103476555302,-0.575741812697664,-0.04182104433338006,0.5156387061505595,NA
Peve,OG_07182,172.79059475035447,-0.7059592204565087,-0.5557763634551488,0.0039522970401633896,0.04273874847344555
Peve,OG_07191,81.56964525841374,0.008085913373898447,0.005203456861582474,0.9713192847818236,0.9862068921055487
Peve,OG_07185,87.27415704650879,-0.16655491469897082,-0.07107339771706585,0.5979134448893133,0.770581056194686
Peve,OG_07186,48.863178228862935,0.03035884808835057,0.014791874995931223,0.925636320993181,0.9650544513945174
Peve,OG_07188,16.714353583542447,-0.6968149586414047,-0.05380491532454811,0.4449748656083541,NA
Peve,OG_07189,136.05296611109387,-0.10397080342738278,-0.06776078504699592,0.6054774728317351,0.7736567497744516
Peve,OG_07190,53.804366044025556,0.34291805782736695,0.20591597312391685,0.17281066426884983,0.3956933094079044
Peve,OG_07192,51.880481708682844,0.08255152403391516,0.044270152233689505,0.7468399311298843,0.8672440612997141
Peve,OG_07193,12.973003660477987,0.3530145612933773,0.04617843077951267,0.6022187277108793,NA
Peve,OG_07194,96.92322979035877,0.007039957238904289,0.0022211559717583416,0.9832705513459763,0.9923182040725214
Peve,OG_07198,24.003777332910186,-0.29896004962557277,-0.07443751193032351,0.522716092160234,0.7156808688261942
Peve,OG_07199,50.26507248570899,-0.3520042689437922,-0.17027087442212868,0.24744584695502903,0.48483602420355226
Peve,OG_07195,1607.306763544808,0.31019446709085846,0.2641894578207123,0.02502415759439098,0.1287198059109186
Peve,OG_07196,39.72644999967954,-1.2518164116486004,-1.0989102975713008,3.6539711291714144e-5,0.002280029748090506
Peve,OG_07197,30.73002810587057,0.561211767103705,0.26190019891524446,0.10544622418641905,0.3027101742796402
Peve,OG_07205,42.68383232777069,-1.8457909841965214,-0.09409413314444158,0.07598158840581848,0.25133592683051265
Peve,OG_07200,20722.434955335102,0.12718955679092528,0.07466200210056088,0.5845049661492409,0.7597741267821259
Peve,OG_07202,35.72036069539699,-0.1841520681033179,-0.06293886276389879,0.624090976352575,0.7872702529978335
Peve,OG_07203,65.72856907980861,0.27614252445502907,0.07454866656151068,0.5233969410155627,0.7160987601753872
Peve,OG_07208,5.914218570025065,-0.9261424507436553,-0.04997969539876014,0.35618306618363343,NA
Peve,OG_07207,281.5305162068459,0.048194692620257766,0.036468367406615826,0.7612558684294972,0.8750938894968929
Peve,OG_07209,16.37756510847822,-0.146512317892314,-0.02980721489743155,0.7747468503629753,NA
Peve,OG_07210,13.648911662402782,-1.0015537991013486,-0.49664826071550666,0.021853051185661672,NA
Peve,OG_07206,627.9259770483226,-0.3944591244515671,-0.2570655615964641,0.0963501612897254,0.2875031448120361
Peve,OG_07211,275.43801741929093,0.29338757279976513,0.22062998485328636,0.10313517318275638,0.2985892704069274
Peve,OG_07212,13.844098039876297,0.15456294149782743,0.033032025724584774,0.7630984909093925,NA
Peve,OG_07213,273.8659869895091,-0.23242234931750388,-0.11476576022443478,0.4120157633534108,0.6357369021752649
Peve,OG_07214,367.02929395121595,-0.1879945840187152,-0.11552273622946495,0.4019172336524597,0.6276764013867236
Peve,OG_07215,31.071699180558348,-0.44639588364793814,-0.14671428364222888,0.2728427584652897,0.5106919248129183
Peve,OG_07216,118.55293360150336,1.0620352394330907,0.9549693985839397,1.3571667493561447e-5,0.0012608410117798915
Peve,OG_07217,662.1566551052367,-0.6909992370013253,-0.4681320514207385,0.01609505834141194,0.0988010914140823
Peve,OG_07218,107.91252092059463,-0.11191030799200088,-0.0495660654847548,0.7061146637529713,0.8420760032044671
Peve,OG_07219,12.536885051240729,-1.2938133045261553,-0.2707950228287257,0.033153464149574666,NA
Peve,OG_07220,16.759159053224824,-1.2541690018351928,-0.18875334184767278,0.06708686416777636,NA
Peve,OG_07221,15.846630450642772,-0.05837071288334447,-0.0071825146493443,0.9340537890945171,NA
Peve,OG_07222,6306.589112665772,0.8954710257908497,0.4135661464563541,0.02900012982078896,0.14129788788270556
Peve,OG_07224,131.02612440987892,-0.46015380818854074,-0.2505676126055623,0.11177364245309561,0.31082088408972997
Peve,OG_07223,407.88282019268007,-0.09391617843683918,-0.06779461705577586,0.5993152138236242,0.7714903514808923
Peve,OG_07225,7.047699605546346,-0.5140280783917479,-0.049155510206563315,0.527117697375221,NA
Peve,OG_07226,757.6091408866574,-0.5924902724782266,-0.5365477412274196,8.592606834654085e-5,0.003896338027761596
Peve,OG_07227,22.315692071637145,0.7494248745900087,0.15280807125785095,0.178274897873724,NA
Peve,OG_07228,479.82126410407375,0.365310918422185,0.22756449740889076,0.13803394946957323,0.35121664230434496
Peve,OG_07235,13.823474948987723,0.6783030718385968,0.090440486063753045,0.32763747629093093,NA
Peve,OG_07230,53.08635076931404,0.3933409251597388,0.18748370947071674,0.20567527659516074,0.43705279138129277
Peve,OG_07231,18.387672887964897,0.4207489058121059,0.06340472025569989,0.49851219641277233,NA
Peve,OG_07232,27.10685541199756,0.4168591250462232,0.15039354423581852,0.2755441185167697,0.5133516984252265
Peve,OG_07233,1221.5509848066613,-0.05664773118497452,-0.03210153650053022,0.7670942337432675,0.8781450405305424
Peve,OG_07234,225.0091323352953,-0.023094857001631885,-0.016941565547787474,0.8912909190534644,0.9470205716985314
Peve,OG_07238,114.96343590274073,0.6715700272961811,0.4720908244956257,0.013768043739656986,0.08941599080026165
Peve,OG_07239,99.24130143930743,0.5949695107271458,0.28142090527511615,0.089324891143416,0.2761676220497334
Peve,OG_07240,283.9538156584811,-0.19130324740196497,-0.11388479639366306,0.4145390476438935,0.6378425499800405
Peve,OG_07241,31.295898603314754,-0.26463658179492,-0.05003427645481177,0.6274890112129212,0.7901175681686007
Peve,OG_07242,8.989565839026186,1.9459292545870812,0.26803226296920574,0.013458870227348934,NA
Peve,OG_07244,69.05794333077586,-1.0905537046763287,-0.4334996958898656,0.018303024347883706,0.10684478121239699
Peve,OG_07243,148.45965724708546,0.09509669329499856,0.05677674374673072,0.6745257735809349,0.8222975425091315
Peve,OG_07245,738.508250342979,-1.6937298754146457,-1.348550394204982,2.523800010515794e-4,0.007794528652639712
Peve,OG_07246,978.4586684385289,-0.3387993860430609,-0.26854882822531506,0.05066523395547329,0.19712346898508454
Peve,OG_07247,33.399906302134525,0.09722014745005171,0.03192602685385659,0.7954063910826452,0.8938495187000429
Peve,OG_07248,31.076068851419194,0.4908703745601129,0.2283628012692885,0.14336021095313675,0.3573684839793834
Peve,OG_07249,1548.9247420675179,-0.36736181986961147,-0.17489080722138936,0.23136549803751844,0.4670745246704194
Peve,OG_07252,164.3518538305503,-0.3665486592941396,-0.11158814106383284,0.3867033213705542,0.616040548348156
Peve,OG_07253,28.838735768823796,-0.2961425147061702,-0.046810373988422624,0.6040548322698545,0.7733932289465129
Peve,OG_07254,1017.6128482767061,1.3076385424017596,0.003699894697422291,0.5799321458069584,0.7561885169168305
Peve,OG_07250,178.31192903500008,0.3045426367187028,0.14322463716171333,0.32786592924784835,0.5647032893986228
Peve,OG_07251,8569.107889593099,0.35582202975462585,0.28825446941804994,0.031235266209234155,0.14715538527022004
Peve,OG_07256,14.064562613194479,0.36995304251082745,0.08877833792996781,0.4396743326209833,NA
Peve,OG_07255,66.5268305131832,-0.8254538753460783,-0.41400802161726913,0.03303027013547368,0.1522229872305133
Peve,OG_07257,120.67212356165496,-0.8076768154849464,-0.6433627784162985,0.002196521629082632,0.02998763758127507
Peve,OG_07258,87.263661987844,0.4801142636203386,0.32046591172590533,0.05106676934498027,0.19777663897816963
Peve,OG_07259,191.39885991848675,0.3274607094164889,0.1815241649236071,0.22688929381952325,0.4632052296630202
Peve,OG_07260,6.398718333503015,0.29065192237643633,0.04142648879934494,0.654490000667955,NA
Peve,OG_07261,164.5460712268313,-0.5894127556567347,-0.41480872171170885,0.0219123194027203,0.11822099802402497
Peve,OG_07262,11.938257430594414,-0.8603628857753156,-0.1360992746108666,0.15981456844588282,NA
Peve,OG_07264,80.08976755453308,-0.30462612870006855,-0.13316780734930891,0.34066817966235313,0.5758681116961601
Peve,OG_07267,80.29681554963908,-0.21433246423898947,-0.10099077056021609,0.4637788660017323,0.6736067495140509
Peve,OG_07268,48.66509692588663,-0.6357438528479025,-0.12458607087898668,0.21766237799408253,0.4523725041739038
Peve,OG_07266,86.31306965461084,0.73308112229104,0.5244649845849446,0.01109390469934284,0.07891070588197363
Peve,OG_07271,58.12665150664246,0.11520415821830167,0.05378351803486881,0.6931960501311787,0.8338888484480381
Peve,OG_07269,15.997557873942265,0.1435158609010773,0.020664975421649374,0.8153341144222742,NA
Peve,OG_07270,173.125365167757,0.3866621993393436,0.2382040594506403,0.12130982584129799,0.32517179917628714
Peve,OG_07273,10.126973445101287,-0.42243420242017143,-0.05285198119324,0.5160419984701141,NA
Peve,OG_07272,372.97032466223516,0.25268108179677873,0.21769326243519857,0.046803103577114646,0.18805171046965158
Peve,OG_07275,711.3644308409436,0.5215477257453378,0.4433043778922857,0.002620257529879527,0.033137365571674224
Peve,OG_07276,6.032876046749474,-0.7960397011234759,-0.046567908127390124,0.4449769713998553,NA
Peve,OG_07277,137.196738270943,-0.5959856478564709,-0.4450818937866629,0.011369788621639525,0.08019912011078695
Peve,OG_07280,439.36558211262843,-0.06348288571729048,-0.05257697561388763,0.6187945467860185,0.7841857539724223
Peve,OG_07281,17.07091813118251,2.2575562258002644,0.18357745821873606,0.014272320327924838,NA
Peve,OG_07282,249.0295477769624,-0.3255273902795753,-0.033254137260982315,0.6528621892550601,0.8072559905445622
Peve,OG_07283,245.64137454267544,0.44057666747507324,0.21572665826414297,0.150107489469742,0.36754047952683006
Peve,OG_07284,197.73308437695587,-0.1485805405045271,-0.06266043067314704,0.6371267564017868,0.7974787655579514
Peve,OG_07285,756.2864095129036,0.14413752473292543,0.11458354281684416,0.32860382815354156,0.565269918700882
Peve,OG_07286,430.7692100846449,-1.5912614865569248,-1.3724286719067207,4.3208130553267446e-5,0.002501974669605226
Peve,OG_07287,679.2125259006265,-1.184605036591291,-1.0288286366139279,6.0568017249681406e-5,0.0030956228107593617
Peve,OG_07288,910.6968176421752,-0.26372087526924626,-0.2313225778374686,0.030310991732278823,0.14458931434971828
Peve,OG_07291,69.11006872650258,0.30521478198021923,0.1413790739699701,0.3180555998343655,0.5556479190700224
Peve,OG_07289,215.27553672401876,-1.3546254817174965,-0.9519400482021471,0.0026061129308744095,0.033088947179002084
Peve,OG_07290,21.81522902272454,0.31470248215590496,0.08250530125233715,0.4979651151399573,NA
Peve,OG_07299,38.058244476815446,-0.3223145307693491,-0.1468053212233666,0.30377332387253486,0.5416300024253853
Peve,OG_07303,6.792262979235635,-0.7700098766205149,-0.10802460951805508,0.24716341548277312,NA
Peve,OG_07304,23.398030964619632,-0.040599368400075206,-0.00988769121240969,0.9310379149916679,0.9676189408467293
Peve,OG_07292,62.79938783797211,-0.7867864506029869,-0.5558127588360674,0.01050713432753743,0.07646441686832993
Peve,OG_07293,128.930418922906,0.14113518197334157,0.06760943786820235,0.6184948189379977,0.7839756290631725
Peve,OG_07295,115.4740695021906,0.0784577941441058,0.042204609149595396,0.7514469523124986,0.8686681157384847
Peve,OG_07297,461.67037049359254,0.35596597699309096,0.20383386280277235,0.18011273575790318,0.40587709273903805
Peve,OG_07301,141.64995298137615,0.49479261463575047,0.32344831456565526,0.05451881271550308,0.20487821466010026
Peve,OG_07302,95.9050189634252,-0.17458714945652912,-0.06844638843339468,0.6054574541311558,0.7736567497744516
Peve,OG_07305,388.62956801087773,0.1185325402646995,0.06540082675581328,0.5993322590315588,0.7714903514808923
Peve,OG_07307,62.4251052748444,-0.003737432071609722,0.0010491425403535894,0.9877832975841606,0.9952298850676016
Peve,OG_07309,57.88755617405436,-0.14214728098603868,-0.0739074217650133,0.5961963564822437,0.7694094263394431
Peve,OG_07313,13.226660690090215,-0.14192508833116374,-0.012393576037060823,0.855590300363848,NA
Peve,OG_07311,45.0077363473653,0.44956767615411425,0.14412221134494524,0.27209360282233197,0.509540085127956
Peve,OG_07312,1033.6957615737876,-0.19317891658026423,-0.09826180922839803,0.4778962212855745,0.6845831917550783
Peve,OG_07314,15.355911541298834,-0.339925435845681,-0.08534761297774968,0.46045403481607516,NA
Peve,OG_07315,40.47639587122289,0.2843478764691482,0.1021264510414263,0.4485368594967112,0.6615574377457318
Peve,OG_07316,131.698183807635,-0.5123776013048627,-0.37731457882600355,0.023448406482155182,0.1232492665147856
Peve,OG_07317,9.546225228591053,0.5525628810900983,0.045869173213499384,0.47043081667426356,NA
Peve,OG_07318,111.55413272049299,0.49163727817846015,0.18098128745710312,0.21813750605431897,0.4528383838963772
Peve,OG_07319,34.92160573842156,0.26044638901678213,0.1094610099763768,0.42946601253763345,0.649176875102247
Peve,OG_07320,176.50279669676465,0.5961024248218211,0.4217406545286366,0.020896447314632558,0.11493800407427497
Peve,OG_07321,76.07629940419852,0.049770051305078375,0.01954357549686497,0.886414876520185,0.9449662612436335
Peve,OG_07322,41.55121327488664,0.01249499112480563,0.004656795609435483,0.9746060154681437,0.9881824770681618
Peve,OG_07323,1288.9726261360129,-0.5589417827820967,-0.46193123497998073,0.003675593815939774,0.04093351443215734
Peve,OG_07324,29.960128689012915,0.050269791621961726,0.02159685208416043,0.8729871505086386,0.9391916554970781
Peve,OG_07325,169.8290394802173,0.0767523975043686,0.035621550675971045,0.7826482526271147,0.8863182444824297
Peve,OG_07326,87.05653094296864,0.3531404334995918,0.1949686183636065,0.20057956493787968,0.43091233099175613
Peve,OG_07327,32.00540046143911,0.472479081535184,0.23943045964372567,0.13322053997580693,0.34402510967311767
Peve,OG_07328,130.16882156181995,-0.24399688568973255,-0.10672455615597151,0.43237725934363985,0.6510871638030932
Peve,OG_07329,55.80601757374949,0.7561516426288029,0.3409247078375021,0.05390903582972844,0.20360884231575174
Peve,OG_07330,8.469724668091109,-1.2895710115142878,-0.1273008413079128,0.10569747189237184,NA
Peve,OG_07331,579.695116108514,1.38444287637107,1.1839256864593013,7.00667008573856e-5,0.0033611291728361053
Peve,OG_07333,112.14288670750231,0.11764766268098019,0.08282776935523779,0.5272770000021922,0.718696758993863
Peve,OG_07334,350.4520755451335,-0.9452277038057716,-0.6824506554593943,0.004446950558847374,0.046148519580664286
Peve,OG_07336,6.562535575235826,-1.21423610085556,-0.05423327156993721,0.2652353326960923,NA
Peve,OG_07337,36.17486307775125,-0.3977722917291256,-0.14617218348947927,0.28620680359871076,0.5241162090901391
Peve,OG_07339,164.23417564141613,-0.847249351325057,-0.29148466335191225,0.05799241442132978,0.21260164247434565
Peve,OG_07340,71.22102652930693,-0.6923385924266724,-0.4737201495446882,0.01683778503365427,0.10107978438642887
Peve,OG_07341,58.75397211354484,-0.13610280433176927,-0.05880153007592847,0.6630523697166898,0.8141054857858872
Peve,OG_07342,878.9004865834992,-0.5313051751988279,-0.41186230483920666,0.012387914949490639,0.08495297150120192
Peve,OG_07343,2370.4575790760914,-0.40007346884289485,-0.09015481906042316,0.40426545325771107,0.6299231382526577
Peve,OG_07344,273.21133535003673,-1.3684545704897364,-1.1071021600275086,4.0845555078353624e-4,0.01040673707648488
Peve,OG_07345,741.6223438384401,-0.537929507723893,-0.25997675096042083,0.10101235472059085,0.2957387080174716
Peve,OG_07348,28.375566513708943,0.32111066389218135,0.12609263471406346,0.36119190347354707,0.5951789235926007
Peve,OG_07346,2126.2711297231053,-1.0883014344398094,-0.9758242580207133,1.1725739227178794e-5,0.0011867782053962197
Peve,OG_07347,1687.7504978408285,-0.0730962288783499,-0.03660062452393677,0.785293122591598,0.8881180237385382
Peve,OG_07349,897.8863818639578,-0.9245543065546581,-0.7264234500369097,0.0017533897412217907,0.025825646716155913
Peve,OG_07354,215.08445035759095,0.34818632948476747,0.2164543000914749,0.15542297263667001,0.37256519998305604
Peve,OG_07350,81.41845144806013,0.3594441472346951,0.2149429580150785,0.1605336858185874,0.3795499215581794
Peve,OG_07351,282.1561524350759,-0.3485038757203105,-0.13682829336442115,0.3114315670481482,0.5488486675452626
Peve,OG_07352,40.42945685725522,0.4742955825244717,0.2635455203419078,0.10330799266148856,0.2986718360892675
Peve,OG_07353,183.77718510418558,0.5476825503105414,0.4166435166955736,0.014400152086416436,0.09235486996583192
Peve,OG_07358,196.77013151471792,0.453385526088312,0.34170126854895183,0.026680015984960736,0.13389220143177263
Peve,OG_07355,339.22935507411216,-0.2845962956521406,-0.1826268928847978,0.19926313417149913,0.4295377917709339
Peve,OG_07356,622.9865070695664,-0.3522776229630838,-0.24720636621502354,0.09100660761758322,0.2798786778762523
Peve,OG_07357,27.865052486799616,-1.225826859441119,-0.3118680480198303,0.027080469008129732,0.13524690938771744
Peve,OG_07366,135.8233181095561,0.5141456061948235,0.3894521695660334,0.018002033979875823,0.10557312922147347
Peve,OG_07361,956.6063296563785,-0.47978868932894736,-0.11026598916018143,0.33592113189376155,0.5712158890104186
Peve,OG_07362,17.765103011268657,0.8360920237574911,0.24192048099673855,0.08436985729365531,NA
Peve,OG_07363,233.7650430899728,0.08843037612687335,0.05442553868405115,0.6861658129780737,0.8293211428315034
Peve,OG_07364,4094.7940943716035,0.4814834796014691,0.4028376590029107,0.0030766238659995734,0.036507352976923285
Peve,OG_07365,94.01776081590677,0.0667015024699802,0.042486910815837976,0.7417035439237912,0.8627725756010752
Peve,OG_07367,129.40752463841517,-0.04261738954881255,-0.027864746331205795,0.8487892410249334,0.9272194158288256
Peve,OG_07368,147.35932234838742,-0.5241048813606776,-0.2764870892266263,0.09164679890532781,0.28038767632963346
Peve,OG_07369,55.87481705512052,-0.8144500771471329,-0.6205603269716734,0.00460045179518913,0.04697887637500106
Peve,OG_07370,212.69155820327015,0.34184507120424673,0.24300054986475425,0.09917337367138958,0.29249042223331234
Peve,OG_07377,16.482982115109593,-0.2784217063716124,-0.015723476634168652,0.7732266227802094,NA
Peve,OG_07378,20.367444253704463,0.025880728198536037,0.008843534975063417,0.9448884400320966,NA
Peve,OG_07372,60.321128149955136,0.26457324835716534,0.0956409944943164,0.47341797558943643,0.6807282253756751
Peve,OG_07373,243.84213565408564,0.3600852810062375,0.05431329000407469,0.5594196837692764,0.7430966261472272
Peve,OG_07374,72.43815975087536,0.0049991595122776365,0.0018363646738605124,0.9905490998332555,0.996640601499767
Peve,OG_07375,540.1770830468298,0.38383792513641285,0.2834865837036208,0.05128890415752665,0.197932559205693
Peve,OG_07376,47.96702537760532,-0.9197230385096598,-0.5848829571111639,0.010132337649370412,0.07501277766074227
Peve,OG_07408,87.86022121365833,1.1303645326423735,0.592350245276522,0.013275726048499156,0.08771420731783744
Peve,OG_07409,55.49706753318007,-0.5272574138917089,-0.04345476642274206,0.533669520151819,0.7236551093835097
Peve,OG_07410,51.90198689103274,0.6853647625276469,0.22821658628548913,0.11795384441141034,0.31995769566562743
Peve,OG_07411,41.189303053264524,0.717527794751578,0.3792133920373071,0.04330476938072485,0.17930466116239185
Peve,OG_07412,270.2916156591603,0.23301075031701646,0.17235743818733482,0.2077440626623357,0.43967706309915094
Peve,OG_07413,963.2579168463375,-0.3821945687235974,-0.20909584406141596,0.16306952830389637,0.3830456101780532
Peve,OG_07414,14.022059052942181,-0.0928461918001919,-0.02635215672246667,0.8278520032615622,NA
Peve,OG_07415,249.3177418288197,-0.4376954717193652,-0.30651609312169065,0.055502233879640754,0.20637540266016735
Peve,OG_07416,538.4259819268608,-0.5747348330956386,-0.3933039386244223,0.03083339394006164,0.14634815890055425
Peve,OG_07417,195.64493433226278,-0.15206899052143585,-0.04863966761002305,0.6701407354531494,0.8187862265729098
Peve,OG_07418,67.43043161864034,0.12075072944144402,0.059041529301623714,0.6727425593060089,0.8209118719835297
Peve,OG_07379,20.45203931861597,-0.7831779873239488,-0.2701256298481424,0.07791555580033382,NA
Peve,OG_07380,7.393172175250531,-1.733471909721812,-0.17079994695555187,0.028745672979239655,NA
Peve,OG_07381,258.70986513332656,-1.230285320597241,-1.121769071511308,8.766939898992667e-7,2.2262182716842048e-4
Peve,OG_07382,30.345600230019944,0.4731162632108768,0.2243607806475475,0.14343410277615284,0.3574357196430266
Peve,OG_07383,13.889271023937733,1.1357933993004512,0.19585458431382438,0.07538069382270023,NA
Peve,OG_07384,150.92485227694524,0.17928475178409597,0.09599112330660634,0.4794462947126193,0.6856607809590846
Peve,OG_07385,35.320898317738276,0.0355395129077002,0.010040032923021351,0.939966722438465,0.9720117577149391
Peve,OG_07386,37.759846180087486,-0.20691675354819763,-0.06437446347411283,0.6019882489531384,0.7725288128574715
Peve,OG_07387,74.75280441712134,-1.2086867379103792,-0.874763694576847,0.002534285854001278,0.032502002753841304
Peve,OG_07388,20.661750612318148,-0.25962376064498827,-0.08861430544750794,0.4947177200593742,NA
Peve,OG_07389,191.40253276967204,-0.10090908759502963,-0.024912030685329763,0.8325432154589899,0.917165680532745
Peve,OG_07390,14.727713367006166,-0.46072980039045014,-0.12385378195273741,0.3053958150266052,NA
Peve,OG_07391,77.83483441188275,-0.07237947654551079,-0.037613157348065765,0.7783509034479208,0.8842079288423838
Peve,OG_07392,139.13234591453977,-0.4713130699405736,-0.34476666905486664,0.03091489242931817,0.14648998513376685
Peve,OG_07393,951.3007887826896,-0.36432101729291805,-0.26056449598496884,0.07566570460704136,0.2511152386628198
Peve,OG_07394,45.93928073539371,-1.021497511731666,-0.13904079343996,0.11153398434828361,0.31082088408972997
Peve,OG_07395,23.748144556059295,0.33261009962409493,0.03392203600072129,0.6477349994439228,0.8049668163283766
Peve,OG_07397,15.297607304395058,0.2165510954385929,0.04532847910439814,0.678409061242351,NA
Peve,OG_07398,13.351469760763862,-0.6750715348079439,-0.19118594769584024,0.14751046121243783,NA
Peve,OG_07400,590.7320412173075,0.23641660292054872,0.06407321615284194,0.5926318496915757,0.7665486022217362
Peve,OG_07401,45.6395743794719,-0.8728266099841425,-0.665219079450445,0.0036463197555029105,0.04084950573150172
Peve,OG_07402,169.19286755255212,0.8523396409508135,0.630994567812754,0.005113251074715907,0.04968462587651248
Peve,OG_07403,196.48010232816455,0.894152802016583,0.7044444682055788,0.0018860111052208756,0.027006828194685396
Peve,OG_07404,672.8232126569476,0.18785062411202902,0.1278809363687172,0.34346022222547357,0.5790623265928558
Peve,OG_07405,340.7642587854484,-0.06723346664959479,-0.041321452286962664,0.7259354539999224,0.8524033619480467
Peve,OG_07406,348.80965861283454,0.9672424923632427,0.9329812686381613,1.986557709951047e-12,1.5133596634407076e-8
Peve,OG_07407,200.58893760573793,0.17053766824604832,0.11813853979419948,0.3724526286027268,0.6039831954729343
Peve,OG_07419,532.1044118517366,-0.1794784024130187,-0.13870135279552465,0.25557095150408166,0.4933922799757776
Peve,OG_07420,144.96755441196743,-0.3227157949528113,-0.17729603029837893,0.22626717210670572,0.4628810959647326
Peve,OG_07421,15.721746778909536,0.7331968376577378,0.09078758285573588,0.29319037659375546,NA
Peve,OG_07422,49.25291331408124,0.18684905979786018,0.06531518932255992,0.622089247625724,0.7852652673426289
Peve,OG_07423,56.49703597983571,-0.610757628019652,-0.33633711569702374,0.05550842741542175,0.20637540266016735
Peve,OG_07424,282.0872251372534,-0.14640942595622575,-0.09718247953668253,0.45972562578589826,0.6698909367323973
Peve,OG_07425,129.42424006196532,0.017105385387812023,0.009457924732746373,0.9500993345788977,0.9770324960612908
Peve,OG_07426,54.79576561880834,-0.8086350622793554,-0.49961601609236,0.01648692547434925,0.0996738906316119
Peve,OG_07428,20.91487825466746,-0.46832580643808835,-0.11328934458943565,0.3342745494040139,NA
Peve,OG_07430,41.62880325475943,0.2925466263282963,0.08551872007101986,0.4950108740757855,0.6978151070890699
Peve,OG_07429,71.57056485876129,0.7464375508331877,0.565060826305192,0.006029475268050167,0.05468159832381688
Peve,OG_07431,23.575181040448104,0.30496392643346354,0.07764423128412917,0.5245543605372749,0.7168266604335155
Peve,OG_07432,133.5308137738899,0.15809759303932522,0.03414123245989362,0.7557907371541122,0.8709142089910795
Peve,OG_07427,79.43522279910253,-0.7892660044903164,-0.25637120539213354,0.07789978026186342,0.25383236750608584
Peve,OG_07433,178.47732975626496,0.36555329655734575,0.2679569273036637,0.071435081589698,0.24122005831131177
Peve,OG_07434,359.3610734205129,-0.43336564069555816,-0.2988138202882602,0.05905047325588381,0.21462142426685255
Peve,OG_07435,2734.6723794371733,-0.8958916179625438,-0.7662890705881914,2.696192553716019e-4,0.008086454674885288
Peve,OG_07436,80.05793336309995,0.533711142767459,0.1614277749674921,0.21596535765822522,0.449637631768341
Peve,OG_07438,149.87660262078043,-0.0452370728210061,-0.020755150478662165,0.8721239008776848,0.9389259294638499
Peve,OG_07439,46.23313422690933,0.19123570983311372,0.06163756382577378,0.6208775748092912,0.7846851124882477
Peve,OG_07441,25.909401366060326,-0.8863438420320502,-0.0934887614323845,0.2049244272580687,0.4361872832780015
Peve,OG_07442,11.861239278421152,0.15833186667815727,0.025296917759353717,0.7914380295140913,NA
Peve,OG_07444,43.50823117121398,-2.522262846674393,-2.343803977507978,1.792582255701725e-8,1.4427254501021304e-5
Peve,OG_07448,160.75162561779726,0.055979548121382776,0.019595296507232955,0.8938116235666679,0.948468721037871
Peve,OG_07445,20.962325350117,-0.7537083488597919,-0.23500389298373042,0.10623218436682799,NA
Peve,OG_07446,79.90808298109732,-0.3355928199941399,-0.17474165968664565,0.23727684164759227,0.472111117211607
Peve,OG_07447,8.860223948079943,-0.01362489144052954,0.0010781138243586331,0.987100017844254,NA
Peve,OG_07450,46.399821497775655,0.27670527398933986,0.11147554836579715,0.4134695536671747,0.6367113523017055
Peve,OG_07451,144.12176340483316,-0.24305206488816605,-0.1475658192805108,0.3030506722446356,0.5406651103418346
Peve,OG_07449,407.1230252825948,0.22092376740228603,0.1803496429987931,0.11281876357065115,0.31150900358144995
Peve,OG_07452,1182.7428526179142,0.08571862025941843,0.024223197880867,0.8397441921839174,0.9209863599275961
Peve,OG_07453,228.55096590217985,0.7833455354548536,0.6721534071065476,2.6389898318144586e-4,0.00794617570702077
Peve,OG_07457,64.66178555172945,0.10858859183876786,0.01860247912536556,0.8582406843424123,0.9321677342053474
Peve,OG_07458,6.298025998368992,-0.5802852370441579,-0.023138341766458462,0.6299022973858588,NA
Peve,OG_07459,6.420695989520477,-0.13265941890560012,-0.015888595064614548,0.8507708666438132,NA
Peve,OG_07456,134.84636915498405,0.25015266212999876,0.12597178546185503,0.38059199366498453,0.6107751859574156
Peve,OG_07454,14.785715312382019,-0.11449273131267672,-0.025941565102608203,0.8134690874184523,NA
Peve,OG_07455,370.3909217546024,-0.5397147254699628,-0.3215549808123144,0.058864879906429676,0.2141436166143768
Peve,OG_07461,8.583733025836995,-0.10425466447215812,-0.013065934733699096,0.8767972059376903,NA
Peve,OG_07462,144.51181119117746,-0.5635636149197832,-0.42203864365371624,0.014701361437175537,0.09363791210412978
Peve,OG_07463,19.508799565505672,0.7398485614536833,0.20467328516574737,0.12608901150124582,NA
Peve,OG_07464,487.7658989971955,-0.5124527377517014,-0.3690201849806682,0.027325923974052754,0.1358804757404268
Peve,OG_07465,29.59507847198103,-0.4033800727391509,-0.18025259295140575,0.2256473126287416,0.461983198149233
Peve,OG_07466,122.82158747921315,0.31006387155416,0.11840243523504262,0.38026958764125945,0.6107124389034573
Peve,OG_07467,48.4447365730334,0.5527237068636706,0.32449424207403665,0.0630679034806769,0.2232580337898683
Peve,OG_07468,8.306526389522585,0.4621495816206281,0.05274261291693926,0.5284897123703394,NA
Peve,OG_07469,990.2012523933321,0.7822063508516627,0.6860654162559294,8.454475718206842e-5,0.0038663191366669746
Peve,OG_07470,486.91176429393414,-0.27335732738913904,-0.0845687809761816,0.4994575632662492,0.6997522830458456
Peve,OG_07472,31.8745323367182,-0.4287555854095527,-0.09011196048123195,0.4113774716192976,0.6357369021752649
Peve,OG_07476,72.1081038248325,0.3915736636348627,0.16315281750204289,0.25048547875714033,0.48865515420535083
Peve,OG_07473,43.631536672488686,0.3091206166383803,0.17317410005617598,0.24657620802321845,0.4838788131686961
Peve,OG_07474,538.3158006228973,-0.6602153864773898,-0.5167913741543398,0.005571965603492664,0.05214647907543871
Peve,OG_07478,60.43458683241929,1.15103512617384,0.9809297171218243,1.697750790711097e-4,0.005987715520202379
Peve,OG_07480,36.28092370999471,0.34823752512949924,0.1428539719182667,0.31623434013216467,0.5538967795301867
Peve,OG_07482,157.0930751319156,-0.06445884379456389,-0.04487911749303405,0.7413942538017685,0.8627725756010752
Peve,OG_07477,1131.2795956020204,0.6430013690204902,0.5110363945932921,0.005286687732553481,0.05053197885394281
Peve,OG_07483,3.4497894490549097,-1.1809114551248812,-0.015355489163342262,0.5000494570318834,NA
Peve,OG_07481,19.68477844195353,0.11830546089879287,0.008989609797213608,0.8928099726603504,NA
Peve,OG_07484,46.97557771505027,0.6705791404415372,0.4380556074780658,0.024865361865202978,0.12824937487414778
Peve,OG_07485,73.09541816908005,0.40295980491138716,0.179120403479611,0.22489122402247033,0.4611632152363873
Peve,OG_07486,273.5925754321138,-0.4196848696817719,-0.22344002225077988,0.14991860798865056,0.36754047952683006
Peve,OG_07487,6.944820234246618,0.8914846887071872,0.10146763217772782,0.2163261838234879,NA
Peve,OG_07488,103.19128644961964,0.23560375460193644,0.14253675681570746,0.30513842087636767,0.5424696836565699
Peve,OG_07492,30.53668411158025,0.10573858287585924,0.04601211510906177,0.7365038748037074,0.8593299231298489
Peve,OG_07489,114.44210610899168,-0.8749914371560082,-0.22898169694313356,0.06775150082369213,0.23362339249306222
Peve,OG_07490,6.157403557523497,1.0547313364562236,0.06376014484829623,0.2471778307512421,NA
Peve,OG_07495,158.4643070446466,0.6117959632637404,0.4049774544722859,0.028002642611796413,0.13807387146709713
Peve,OG_07493,15.810082596608751,0.7874717892921845,0.08993003154161258,0.2578664265286188,NA
Peve,OG_07494,71.97565602160502,-0.158642173430758,-0.05694366602176202,0.6578934025262171,0.8110719118108872
Peve,OG_07497,78.50687158610314,0.33915401517656524,0.2289491595064028,0.12987438719642364,0.3396251449457338
Peve,OG_07498,80.81152555879856,-1.145340824124761,-0.7017425795765502,0.00932621587876256,0.07140413323056602
Peve,OG_07499,428.42467694245073,-0.302498895312478,-0.2297604776651982,0.09339413980980392,0.28282304015318893
Peve,OG_07500,265.2564146473434,0.482829903908701,0.38517270486333816,0.012411742882756331,0.08495297150120192
Peve,OG_07501,36.85074761145073,-1.0910835400891783,-0.39009889699686323,0.029329723701271706,0.14175656535430958
Peve,OG_07502,483.34702426865516,-0.9276231989274181,-0.7176134354914341,0.002481565189402755,0.03231549335533365
Peve,OG_07505,27.679632818759327,0.6605147057603001,0.2843324613193098,0.08094659513210102,0.2598614250806345
Peve,OG_07506,35.021794619094614,-0.30678787202583757,-0.10297585708717118,0.4273150908045009,0.6474316550812824
Peve,OG_07504,126.81184185488767,0.32103672883161355,0.1693268364966798,0.23193180201653707,0.46722108818693303
Peve,OG_07507,190.48353540385526,-0.24805623291095774,-0.14026441347440505,0.3302640243733534,0.5664005712913566
Peve,OG_07521,4471.497275649232,0.43846136568062427,0.3954018827438311,6.910981851955711e-4,0.014610066183579653
Peve,OG_07522,282.1623254676823,-0.3889142919315597,-0.3091977795181574,0.029363594136138163,0.14175656535430958
Peve,OG_07524,12.551404273869887,0.06367208691707997,0.0081597125058252,0.9236788888787874,NA
Peve,OG_07525,85.59029543720534,0.29529415245709123,0.20167352669670377,0.1624892662215595,0.3826450159673697
Peve,OG_07523,133.20974068914686,-0.3383035904020985,-0.1100121350321013,0.3708813742284509,0.6025335461924985
Peve,OG_07527,11.536459257624422,-1.0408044238516156,-0.14325666850110058,0.13718690163071998,NA
Peve,OG_07528,395.4287750025739,0.7803755219772406,0.527513501810856,0.012519453541619641,0.08503229277158884
Peve,OG_07526,171.3568439560755,-0.1146721744046734,-0.06163267704170758,0.64773517774914,0.8049668163283766
Peve,OG_07530,11.228565331585116,-0.1850681795242621,-0.02137178181307232,0.791289341365373,NA
Peve,OG_07531,15.643935134891084,-0.0625657919662787,-0.009620714329956254,0.9206073550755298,NA
Peve,OG_07532,63.33022374290062,-0.540977714239837,-0.2674487389828683,0.10264953367835289,0.2976719252233317
Peve,OG_07533,696.0367388261094,0.5154538442674234,0.4099702968931237,0.01063776775638469,0.07690043995432451
Peve,OG_07508,46.68812034423554,0.31381829090339114,0.11801777326323479,0.37801527389162354,0.6092067604202217
Peve,OG_07509,79.38617783024144,0.3122210055250947,0.1740014769243684,0.22682151789919036,0.4632052296630202
Peve,OG_07511,6.8459387406231516,0.4392224447384605,0.058884893078523966,0.498103784043665,NA
Peve,OG_07512,60.45801704377389,0.344288246697556,0.18690252517604622,0.2116139837682628,0.44363454605542607
Peve,OG_07513,46.6856218871228,-0.30340060054199,-0.04489581454532058,0.6209515839938523,0.7846851124882477
Peve,OG_07514,53.64970192641752,0.7170561099684476,0.04096366709117863,0.4418218828413917,0.6573837430210923
Peve,OG_07515,10.293965426478724,0.3724722913326526,0.05157189815505439,0.5647096661096025,NA
Peve,OG_07516,129.99625781491386,0.3483485419527101,0.09583520554703913,0.42090999098828447,0.6428986918141775
Peve,OG_07517,24.534268572559572,-0.3297425147586484,-0.12953548998883493,0.35778007036304127,0.5922288677110696
Peve,OG_07519,299.80938604405054,0.14785803291944766,0.07711781260164918,0.5775946263908203,0.7552298447405381
Peve,OG_07520,527.4198765792182,0.2810100506016861,0.20953524015065195,0.12487885954495012,0.3310115351473312
Peve,OG_07534,315.19287781869826,0.7688923596386312,0.6304379992121405,0.0015910735764181018,0.024486461626571917
Peve,OG_07535,536.9977948977526,0.029337925164662448,0.016566528660637216,0.903432253010465,0.9544233675542536
Peve,OG_07536,120.07476337944081,-0.28334428378754684,-0.1747044851542319,0.21811512421677576,0.4528383838963772
Peve,OG_07537,124.51315133769371,0.2414861266224019,0.12286029425090265,0.3892308364802793,0.6178042679598702
Peve,OG_07538,68.43238391327077,0.5496722432818503,0.2316174349050313,0.1303696394638413,0.3400054479409596
Peve,OG_07539,131.19100036645273,0.45286580454061287,0.3462683857108794,0.024915910305897408,0.1284231425644969
Peve,OG_07540,288.4609383836397,0.4047742040751421,0.344897154536911,0.009301669492214984,0.07128784526327339
Peve,OG_07541,6.951572303165847,-0.7352676807074835,-0.11189400929745649,0.2392359482971801,NA
Peve,OG_07543,9.094919376620496,0.5756582766806003,0.06829500161772854,0.42243525623937106,NA
Peve,OG_07544,91.61079385561708,-0.4889030275292776,-0.3306498418195071,0.04654468887350449,0.1871121054555975
Peve,OG_07550,277.6593503075394,-0.5624712084525092,-0.40036003451253266,0.022606865580082805,0.12001331149064166
Peve,OG_07546,82.55273189251731,0.7218323703736815,0.6133623057683284,6.789833668018653e-4,0.014558588608833262
Peve,OG_07547,295.24940607427334,-0.10101272821654987,-0.061704008964437444,0.6426654274336124,0.8013679485749076
Peve,OG_07548,50.85763245667663,-0.10047016691759847,-0.043562832178576025,0.7447225743294604,0.8654914677714461
Peve,OG_07549,46.570100778774346,0.4303298934029467,0.2411322262179261,0.12315660189853775,0.3282739654524355
Peve,OG_07551,475.6277189156762,0.06582253266822599,0.060651220350598244,0.5722864543148614,0.75115062180748
Peve,OG_07552,5529.021776656045,0.6613511389483022,0.5311927263336372,0.003662487570622441,0.040850410414351036
Peve,OG_07553,108.10734433431521,0.4105664101541722,0.24998335223145107,0.11449311817987956,0.3137440914727779
Peve,OG_07554,68.17310147958209,0.5574050785139326,0.2692885827261887,0.09140236842331433,0.28009977051253876
Peve,OG_07555,165.43161132723458,0.4435534882943259,0.3419157598547608,0.025452522957103183,0.1297840159887631
Peve,OG_07556,17.929757266796756,0.21650892683341866,0.03108000755280917,0.7178730056536684,NA
Peve,OG_07557,196.02705842114628,-0.4912745493302625,-0.3974268093110323,0.009530082773900706,0.07247977174650119
Peve,OG_07558,69.44616582045464,0.45662278738256645,0.2735530659404759,0.09324042185946756,0.2827649417696751
Peve,OG_07559,48.59738517397638,0.6739861586259603,0.4378964670993252,0.023491459041673497,0.1232492665147856
Peve,OG_07560,86.21136068373809,0.10869796531702733,0.056371218358031036,0.6778805272256707,0.8237508145485978
Peve,OG_07563,50.67042940436234,-0.11276870632290796,-0.033836697689460446,0.7815770624881958,0.8857563317517221
Peve,OG_07564,551.9429269353997,-0.3100245763059586,-0.20422541355287377,0.15013543802578896,0.36754047952683006
Peve,OG_07561,24.338501507109832,0.43023350785023895,0.09248624793668359,0.4116135412118371,0.6357369021752649
Peve,OG_07565,8.295902985188228,-0.7868501070224366,-0.06708110662838684,0.3375125057894587,NA
Peve,OG_07566,41.30916740535244,0.5635667760848385,0.13579081152191996,0.2557634698903053,0.4933922799757776
Peve,OG_07567,90.98085231142605,0.0019592727424713368,0.001066511945870957,0.9953139557426146,0.9976349096860704
Peve,OG_07568,133.1984786492189,0.352359793902088,0.20214481445954027,0.18447609072484394,0.4111582384850384
Peve,OG_07569,59.275333326741546,0.2783685291889258,0.13432582092372855,0.34537943049286013,0.58107343230888
Peve,OG_07570,525.2163914059083,-0.3220464437831773,-0.23215226640753062,0.1116813520280444,0.31082088408972997
Peve,OG_07571,28.02249561684156,0.6363067463583588,0.3676840272985893,0.045212887174937766,0.184215670981305
Peve,OG_07575,193.44717510084587,0.3386413780731596,0.1552668186566213,0.27863426851494316,0.5158288839724999
Peve,OG_07572,8.992105801830302,-1.480380756677598,-0.10985445376918343,0.11426189892545897,NA
Peve,OG_07573,8.649998884488024,-2.884230528517632,-0.13965460884099345,0.008995803960883793,NA
Peve,OG_07577,56.75225833383451,0.8984217284668798,0.7342717390510296,0.0010900193110845342,0.019221683129263846
Peve,OG_07579,1718.338076289346,-0.3952699026204019,-0.28866883368708557,0.05326972157078618,0.20219668107934685
Peve,OG_07580,105.74085233195667,0.5511184367578998,0.3256566655023367,0.06074506602845696,0.21807535956870175
Peve,OG_07581,2009.3325789853545,0.32001280874249327,0.14503758420946217,0.3061260148537097,0.5433420937661402
Peve,OG_07582,79.3941755442345,-0.4058011149528581,-0.13994047807194787,0.29913105778118315,0.5373214803529953
Peve,OG_07583,31.516746270049822,0.3709148632062457,0.18195956462085003,0.22211928180349141,0.4575964578319194
Peve,OG_07584,366.0374872992361,0.37151740699768393,0.31019184192349764,0.01744810323930346,0.10343941671362938
Peve,OG_07586,92.56132326545561,0.16882498699921536,0.09076831222904676,0.5085824263071936,0.7045181966274402
Peve,OG_07585,5398.9497644156945,0.44390183885579043,0.3744392674823739,0.006844257838662478,0.059048195033896675
Peve,OG_07587,270.0188157207954,0.4982794803280731,0.40104901254464564,0.009668021624197862,0.07299404235197157
Peve,OG_07588,31.827896851504384,-0.5414529655829156,-0.10976240118873894,0.3338960304977879,0.5689152226195814
Peve,OG_07589,19.705898931122295,-1.232639934449732,-0.7133630785713798,0.008617897237531254,NA
Peve,OG_07590,40.192258037979734,-1.043029406466381,-0.27346764462605727,0.054266882085099034,0.20429468669967038
Peve,OG_07592,7.070432926185381,-0.5237415305152606,-0.04723423627056302,0.5169708451956208,NA
Peve,OG_07593,72.03749562485855,0.382984049121317,0.1522074230586976,0.27421754918996427,0.5123839317461731
Peve,OG_07594,1315.7861208528855,-0.10836423991068979,-0.0913854819125096,0.3826085534041621,0.6123344453430477
Peve,OG_07595,36.59999584099727,0.808187919202968,0.2893504635840492,0.06747237179489564,0.23301622300975736
Peve,OG_07596,158.00538300205955,-0.16904887722373674,-0.09003180510894612,0.5061320697543052,0.7037781825920528
Peve,OG_07597,76.34819229415054,-0.7464181469603036,-0.34309294126292783,0.05705673062827346,0.21048821981897686
Peve,OG_07598,656.9817799792315,0.3678197247175941,0.2900836451562885,0.03867783911323559,0.16731844313721111
Peve,OG_07599,18.06694027179576,0.406115653582612,0.12062400411701542,0.3584300448252343,NA
Peve,OG_07602,57.1912022961581,0.5817584762746695,0.3943029409879351,0.02922586684105465,0.14160094932547365
Peve,OG_07601,14.833263387542441,-0.0047834248311882125,1.345270274575347e-4,0.9956915952737375,NA
Peve,OG_07604,206.78485998793042,-1.2865453045517938,-1.0001610872744047,0.001171455923035946,0.02009943968848612
Peve,OG_07607,63.48145784191523,1.8478213843854392,1.6763550157667764,1.891305565677553e-6,3.791569947192526e-4
Peve,OG_07605,204.05379426548623,0.007770556334535257,0.004383670412442225,0.9694679752608317,0.9852774043893626
Peve,OG_07606,129.64429080969938,0.8287399125284345,0.6874777920697384,9.36885126377612e-4,0.017660144005673416
Peve,OG_07608,144.74569100864085,-2.0640838809794277,-1.8323115388072608,3.4398457206837215e-6,5.34790708166706e-4
Peve,OG_07609,120.31269733499752,-0.4753448529264772,-0.2580803179154566,0.1094357731481962,0.3080990519435027
Peve,OG_07611,8.412688860759406,-0.03556840336549027,-0.0024875137139554297,0.9637017515510323,NA
Peve,OG_07612,34.834761821608545,0.5417970819000238,0.1810721093640342,0.1899440482639024,0.41832719273616903
Peve,OG_07615,101.12023279514686,0.35092815713063386,0.20110648085904326,0.18304037750343105,0.4091553978348409
Peve,OG_07616,8.347803566414461,-0.6994770141278779,-0.15928287756837678,0.19090655102908832,NA
Peve,OG_07613,160.07047555942665,0.33527929574676335,0.20912391715641862,0.16349572943747878,0.3835880710978483
Peve,OG_07614,47.36869436545044,0.3684436282371118,0.14024943666803183,0.3140455790564604,0.5520643275609984
Peve,OG_07623,16.754086581105753,-0.02446222191832795,-0.0020274814371662024,0.9722913489556883,NA
Peve,OG_07626,41.13336154163124,-0.5318371691453345,-0.30534066102957813,0.07251374092131582,0.24378185275312617
Peve,OG_07624,53.42935350327616,0.4421999642403618,0.25440451872117625,0.11218397715143268,0.31098160528240204
Peve,OG_07625,55.434028732562254,-0.6589988687726632,-0.4108931169323465,0.03276527915034103,0.15164392258037546
Peve,OG_07619,154.81009966616006,0.6366126017374674,0.4174890303528791,0.02690668260766814,0.13467484106781596
Peve,OG_07620,782.3611656125743,-0.5901032399365043,-0.2291869299114036,0.11609122330044372,0.31709678705728944
Peve,OG_07621,723.0393996729098,-0.894810546946936,-0.6572265590261782,0.004506479025043819,0.04623930691049374
Peve,OG_07622,85.44574977145462,-0.24875426740611253,-0.16832811505293244,0.22417277958851947,0.46043360337162076
Peve,OG_07627,644.4171973001318,0.3006882751332648,0.07407669991572995,0.5047750069952188,0.702865290310652
Peve,OG_07628,719.7284261693558,-1.3435936223081286,-1.0736667751301219,4.6009530570654346e-4,0.01123399371433477
Peve,OG_07629,254.65984824127318,0.22317440900048421,0.08632590767241206,0.4963285415243985,0.6983945196861876
Peve,OG_07630,2059.402375687384,0.2928654252384022,0.09850215124254946,0.43714230175405167,0.6540111994432618
Peve,OG_07633,45.961123988041734,0.014298225262154306,0.004959664262666913,0.9689158139881666,0.9852774043893626
Peve,OG_07631,33.39215602560306,1.5579610046355767,0.26867748450987705,0.02012825855740727,0.11236915413353286
Peve,OG_07632,237.79182800977736,0.9331771973448931,0.8124454085901412,1.0159037312681447e-4,0.00437240374282527
Peve,OG_07636,353.57756564716846,-0.10004623949481634,-0.023095672026016433,0.8300114238229723,0.91571716534155
Peve,OG_07637,54.34083665016106,-0.012026599945635158,-0.005225406782783222,0.9744986999942048,0.9881824770681618
Peve,OG_07638,13.65385425343813,-0.39009536096093,-0.03858892770751521,0.6116549363367634,NA
Peve,OG_07639,270.8154928819888,-0.012179084692146987,-0.008105693554439972,0.9475333099806491,0.9757108347435233
Peve,OG_07641,2601.6600456326273,1.1137322907059952,1.0121629267212815,3.158075972645208e-6,5.308192966740779e-4
Peve,OG_07642,100.10883246566902,-0.3517770926519906,-0.0727841161866278,0.47734180961807887,0.6840043771632028
Peve,OG_07643,200.88025763556254,-0.04350417783763418,-0.020823244128958335,0.8750247358782896,0.9403203244430947
Peve,OG_07644,86.40424311286509,-0.25560948387448723,-0.1406325528172684,0.3277885194065155,0.5647032893986228
Peve,OG_07645,349.1224923620997,0.330567768989748,0.17772753628597163,0.23050853720319314,0.4665508340620153
Peve,OG_07646,305.3215653355302,0.26856349939537466,0.19864748719142816,0.14202563970664972,0.35649137505280315
Peve,OG_07647,718.3862155332756,0.013805242455807292,0.004316139905049337,0.929341363412918,0.9665150179494347
Peve,OG_07650,68.1306227383906,-0.392626835992562,-0.23833518724350802,0.12402519240670949,0.32955141812149036
Peve,OG_07649,96.36704643752478,-0.05662621570532875,-0.02034322141709359,0.865887093315843,0.9356346165968245
Peve,OG_07656,39.712296000388676,-0.3541851394563459,-0.13748514736747547,0.3311681760879208,0.567440208150648
Peve,OG_07651,525.9819074441244,0.3032236964587542,0.2242649260927327,0.10211851003919048,0.2975920783688131
Peve,OG_07652,345.6239587168193,0.6507781208990717,0.4808307956373597,0.011193284381727626,0.07932133992558238
Peve,OG_07653,157.7299508492042,0.6502792856011981,0.39316408530990243,0.033408518874943054,0.1534545689491485
Peve,OG_07654,79.51553421183522,0.5367372926842654,0.33044611923719736,0.05889090007969538,0.2141436166143768
Peve,OG_07655,20.72660157496314,-0.6723319245483326,-0.1037662333543815,0.2833167179877418,NA
Peve,OG_07657,188.465287218282,0.8390897299730877,0.6504277582477173,0.0036019819726325173,0.04047182694323675
Peve,OG_07659,15055.199769344494,0.1613481587629244,0.021194610904928083,0.801704525473234,0.8978807813959272
Peve,OG_07661,521.4456214122669,-0.24772271262333864,-0.18466013753707253,0.1607011302037854,0.3797212189492671
Peve,OG_07662,932.7163052427068,-0.2106766429370415,-0.17712014249724278,0.10692236594309008,0.30420521170974846
Peve,OG_07663,8.185925093071615,1.4440588562199377,0.10010176298855007,0.10573106587802569,NA
Peve,OG_07664,252.45818353355767,-1.1543686006734242,-0.9939263146787396,1.287501493528494e-4,0.004980112867930325
Peve,OG_07665,189.3328560848952,-0.46607899918789103,-0.23268862029302348,0.13848762146735372,0.3517275762049404
Peve,OG_07666,52.68028887842977,0.4830024631210269,0.308615540194247,0.06473281893066882,0.2266243633335639
Peve,OG_07667,312.9873361006012,0.4597604369269179,0.2333693321850265,0.13917239615074115,0.35269970521501864
Peve,OG_07668,256.5352796415619,0.09736279018593563,0.06878010090845056,0.5630561393215359,0.7459005438996129
Peve,OG_07669,10370.19299311953,0.2655247652054158,0.22258225387563055,0.05558738080580255,0.2065681302334653
Peve,OG_07670,503.4614295341657,-0.16582729631833557,-0.12173299797024306,0.35229357058333927,0.5881294145571613
Peve,OG_07671,21.85101786528854,0.6512320558094989,0.13741735918650488,0.23187501870636704,NA
Peve,OG_07677,275.6881226545545,0.20843966829770658,0.06573809380138541,0.5790235814750908,0.7558261898007611
Peve,OG_07672,58.63064938528583,0.23800501181242717,0.12341934042086945,0.3883076864326021,0.6170550661742855
Peve,OG_07673,2339.5137335461213,0.3051792996641653,0.1994364920989942,0.17425340557838018,0.39807466871306224
Peve,OG_07674,597.3706642098143,-0.06511677567195841,-0.04921157248440841,0.6913150777420842,0.8327701236937377
Peve,OG_07675,483.9770488432342,-0.7228566140254333,-0.6419761333581433,1.1756479793913412e-4,0.0047386700037054166
Peve,OG_07676,40.02185974521245,0.16860891490989827,0.05485700976065626,0.6624697426045344,0.8137204932540056
Peve,OG_07678,203.7618790203044,-0.6321171489320786,-0.37466347168875,0.03986732871014303,0.17060286128364846
Peve,OG_07680,14.242045870865844,0.520446998774788,0.10301367711209637,0.33637992331027344,NA
Peve,OG_07679,239.55818192409845,-0.3502840543890961,-0.23982167065277013,0.10573011994391049,0.30278911523750096
Peve,OG_07681,134.0978446518508,0.6031267324469416,0.4860233064081925,0.004644939557832439,0.04721396646669316
Peve,OG_07682,14.59423721356996,0.1444169782325022,0.06248969651830522,0.6484521792315672,NA
Peve,OG_07692,23.888361493872686,-0.2584971043289126,-0.052885449449326646,0.6239011496158153,0.7872702529978335
Peve,OG_07683,757.1287957599384,0.13624754633065314,0.07325300044943074,0.596713923920245,0.7694528776645694
Peve,OG_07684,211.47083005726594,0.645950767668954,0.5834571655234491,6.589228034453606e-5,0.0032384993010624243
Peve,OG_07685,625.7349094654364,-0.0016447214581698673,-0.0036111863249822587,0.9903141672696366,0.996640601499767
Peve,OG_07686,16.104181289059316,0.7001640408937846,0.08894931451261101,0.29716553706164434,NA
Peve,OG_07687,91.81371433367659,0.465080311188672,0.29965070100353886,0.0694858284528215,0.23705465344988547
Peve,OG_07688,8.622344835531555,-1.0155788906253551,-0.1042137699178445,0.18071421867440685,NA
Peve,OG_07689,138.53842322597347,0.5343604287813727,0.39938094195821405,0.01871458317836964,0.10848815385288138
Peve,OG_07690,38.17266740754729,-1.0315895950079217,-0.8081441885638626,0.001639032885490004,0.024789460339513108
Peve,OG_07691,115.01440531730154,0.21389489410276366,0.10802478456527435,0.4394315538167196,0.6551055923631643
Peve,OG_07695,282.0563737831102,0.4294954762247811,0.2720372187042473,0.08828670831700407,0.27451760977915796
Peve,OG_07696,131.97472306232476,0.4624264584433654,0.1977759755067002,0.1855349955433803,0.4119514998686888
Peve,OG_07698,150.2919030392281,0.0910156634989334,0.04581781339409094,0.7282988974315274,0.8538290244126463
Peve,OG_07699,220.6346338831366,-0.4459969565389568,-0.203756972154542,0.17859736203817894,0.40415874809240293
Peve,OG_07700,797.3133591703646,0.3835495479619386,0.2913780067523415,0.04519098360488806,0.184215670981305
Peve,OG_07701,1770.3937878362776,-0.6279050758740948,-0.5450915085098493,5.836307718936165e-4,0.01351397939296526
Peve,OG_07702,283.02264593168786,0.40832130914321174,0.29102973246822034,0.057457544385133466,0.21135276346013845
Peve,OG_07703,156.30181417467014,0.9363374435705952,0.7665668286934408,9.067572057805015e-4,0.017443627256656213
Peve,OG_07707,66.20941833736181,1.1415892243904926,0.8889128489916751,0.0011468290651755035,0.01981075695806573
Peve,OG_07704,256.9952338302127,0.6062396409168541,0.5024998472769514,0.0027701764844660576,0.03431415359132102
Peve,OG_07705,148.72637666089554,-1.9604214116653647,-1.7866502305290588,6.111325543738713e-7,1.9261558960209998e-4
Peve,OG_07706,171.82612878755734,0.10003939141894633,0.048835712476905234,0.7100493253238223,0.8433948476534371
Peve,OG_07709,1425.038795907011,0.08379212912723083,0.049699962188970576,0.714862317813939,0.8461499591526707
Peve,OG_07711,27.543213254767622,-0.05945926371997862,-0.016704661598160423,0.8870722436985207,0.945135154195151
Peve,OG_07710,83.94889216263009,-0.249990088868487,-0.16758997764048872,0.2265137087606258,0.46299475002373147
Peve,OG_07713,533.5220118984971,0.4120490198965484,0.3197939481482596,0.02879984228170673,0.14065659382887138
Peve,OG_07714,3783.3901804617803,-0.3379775685343548,-0.1736805937195756,0.23541465646226775,0.47021207470622856
Peve,OG_07715,9.26271758301221,-0.30495570053165133,-0.03537267218912453,0.6749702172813217,NA
Peve,OG_07716,48.179587620089585,-0.4470891926124846,-0.21456888020996817,0.16361175050835228,0.3836511326679933
Peve,OG_07717,295.005444329405,0.6594572056701725,0.5295493801193062,0.003750879129857934,0.04129219250181754
Peve,OG_07718,658.771965122743,-0.3104748798458179,-0.19866494431625975,0.1754197210097466,0.39938656146211876
Peve,OG_07734,209.32848491711624,-0.13803581748441332,-0.038699424708172496,0.7437184537874866,0.864588307790794
Peve,OG_07735,645.0640827925059,0.22791512455014637,0.14259861255563816,0.30967265822691076,0.5473518121514167
Peve,OG_07736,269.9038765255808,-0.6570004592575389,-0.39768869547187397,0.029258669600456144,0.14160898666853552
Peve,OG_07719,531.6936279103659,-0.3823093001977565,-0.28588682218684464,0.054132246732456646,0.20424935889443027
Peve,OG_07720,22.50986294441961,-1.96777872627863,-0.15677354057258894,0.01894743342423885,0.10910169903692482
Peve,OG_07722,298.5850606695347,0.3429644938155991,0.2711950030954054,0.04468352370961417,0.1827155574985726
Peve,OG_07723,10.681733811542712,0.4542235277850905,0.02469063479305688,0.6253005594402663,NA
Peve,OG_07724,75.65186816711764,0.05257547890247115,0.030383162319727063,0.8278975763980231,0.9142827441821838
Peve,OG_07725,489.80602792783554,-0.23921469069852244,-0.1179970031228033,0.404520326818633,0.6300625331638409
Peve,OG_07726,25.132114036061914,0.6283554880681499,0.24460336660776116,0.11444354817659566,0.3137440914727779
Peve,OG_07727,359.0104199621494,-0.5808910816818862,-0.45318081585025444,0.009227625982559377,0.0708629584023562
Peve,OG_07728,34.378349342384944,0.4611211600769498,0.13243782289626743,0.2958469627596218,0.5340668631049287
Peve,OG_07729,543.9589968860913,-0.23882453757517658,-0.18226154311253767,0.15452288054719823,0.3715159894443943
Peve,OG_07730,274.79214537386656,-2.22696572602243,-1.95608087166188,4.9599824946935414e-6,6.747347615102749e-4
Peve,OG_07731,291.6505552778085,-1.2025143269708765,-1.0064413298250994,2.299455129096593e-4,0.0073912443769864325
Peve,OG_07732,26.501723475759256,-0.4574849083131525,-0.08516665631949147,0.39143394124233855,0.618532205846118
Peve,OG_07733,140.9252236744507,-1.1690177718084134,-0.7325972622437026,0.004668882024683321,0.04725124960108051
Peve,OG_07737,49.8265723456142,0.9547824167561519,0.597999203812654,0.012685394244382165,0.08531407305319146
Peve,OG_07738,1136.7351944974791,-0.36298479320483945,-0.276563343050741,0.06278582483278498,0.22306226983591218
Peve,OG_07739,57.71945415675119,-0.9455426602153154,-0.7134022022364087,0.003276653740983006,0.03793548358481541
Peve,OG_07740,62.491378175270484,0.2603502728830834,0.14498109272645013,0.31444695315149834,0.5520643275609984
Peve,OG_07741,20.4628081090892,-0.24281877766430218,-0.04739488689170655,0.6516630305689974,NA
Peve,OG_07742,58.306206954919794,-0.14559678561586728,-0.06864736740272227,0.6148431554693086,0.7812969405112915
Peve,OG_07745,41.89410661301611,0.29620245177243193,0.09877367407626618,0.43879470474153215,0.6549520382639584
Peve,OG_07744,80.55817751323725,0.13912820834949496,0.07844990739436011,0.5570966531130881,0.7412444521909595
Peve,OG_07748,56.62275013545232,-0.9758511706232911,-0.69376571328397,0.005769807372026441,0.05321355031488793
Peve,OG_07746,398.5412112084386,-0.08207333539983436,-0.06713436184214465,0.5491058833255441,0.7352941851246256
Peve,OG_07747,78.24514304648993,0.22175969043643212,0.1293535514956835,0.3575415414385684,0.5922288677110696
Peve,OG_07755,26.809225684688585,0.029352121365133328,0.009652725181810932,0.9425562835516,0.9730168023081153
Peve,OG_07754,25.42484683935321,0.02657096575607493,0.005315304614531121,0.9672914317938746,0.9851371828082536
Peve,OG_07760,63.785362971857396,0.4438126044648245,0.1561447728477852,0.26175118368527417,0.4999163919445175
Peve,OG_07757,12.384051924195765,-0.2423840133741572,-0.04859771520755284,0.6441710782917747,NA
Peve,OG_07758,46.12731205196036,0.1595470431312709,0.06348782958299103,0.6319049822068707,0.7933177578200299
Peve,OG_07759,384.7633895143154,0.7316776731338054,0.4618318572755395,0.019018566852991345,0.10914654955187328
Peve,OG_07749,27.938268376050445,0.01366576538631795,0.004223613793452733,0.9754047128590377,0.9883789708114059
Peve,OG_07750,178.355853255297,-0.010501499086170853,-0.006543010357571427,0.9395908163866448,0.9720117577149391
Peve,OG_07751,48.847561886245614,0.35504947771747397,0.21234445519938874,0.16264171195882687,0.3826450159673697
Peve,OG_07752,55.37895823710219,0.2083735353322578,0.08978615243573544,0.5068163703990551,0.7037781825920528
Peve,OG_07753,33.60845059781636,0.4202224122268581,0.23273752508387302,0.14257269897843708,0.35674079591248775
Peve,OG_07761,551.3689137117933,0.3386507206316785,0.2076634079887576,0.16453692793076208,0.38508212503119676
Peve,OG_07769,29.900709404522715,-0.012333771575053575,-0.003174558112163844,0.9750922521702108,0.9882641693120647
Peve,OG_07770,43.05973121589976,0.5475942572952094,0.2532486800172513,0.12125048636234396,0.3251271401296502
Peve,OG_07771,13.049040327039956,0.05636161617330186,0.009635291146446812,0.9236587481300209,NA
Peve,OG_07762,132.46497927967198,-0.02032372074057468,-0.004468936468121886,0.9624894365628931,0.9825597272432927
Peve,OG_07763,20.878311243702843,-0.10208748979165667,-0.024981149011276915,0.8207914560684797,NA
Peve,OG_07764,89.50521717674188,0.5125030924906463,0.1688846996826952,0.208585235370988,0.44025367729386355
Peve,OG_07765,67.41602980894895,0.22009995302058138,0.09165176684247224,0.501791012054144,0.7006312188102033
Peve,OG_07766,101.45063722682528,0.2644325534751941,0.10898919070450394,0.422975668151719,0.6442297538246807
Peve,OG_07767,75.59068557442951,0.11442464117690607,0.044521070996003796,0.7655609369012039,0.8772423151774917
Peve,OG_07768,23.290072690397164,0.23337750922631542,0.10926458419668356,0.4410091632917845,0.6565581016136046
Peve,OG_07773,75.803507712843,0.33352696542284516,0.19493979180169066,0.19619841094307863,0.4253960428974945
Peve,OG_07774,125.14233679242348,0.25758406188362987,0.11929114442246715,0.41340463580229003,0.6367113523017055
Peve,OG_07775,87.91641819589333,0.6779578413678097,0.5314740731098869,0.0054373303073316755,0.051455381715841866
Peve,OG_07776,322.31964734836816,-0.0216568050320658,-0.011744175977190241,0.9263244357208245,0.965090201220082
Peve,OG_07777,20.871145921883862,0.13915922408921053,0.03890189597409218,0.7420023883483257,NA
Peve,OG_07778,20.125203179279826,-0.12803307280917517,-0.025956006249473244,0.8057961738985513,NA
Peve,OG_07779,8.338379197430568,0.02808750818787367,7.875845910723691e-4,0.9772866124328389,NA
Peve,OG_07781,120.51499456082452,0.71569946691572,0.46475679447823537,0.02142536690231711,0.11693137113837089
Peve,OG_07794,11.818440246249622,-0.00566809707729443,-9.0996939741343e-4,0.9949643277296707,NA
Peve,OG_07795,5.096547823273134,-2.0779682264556776,-0.11499049328579745,0.06419839377129992,NA
Peve,OG_07797,623.360248829153,-0.5261088640102669,-0.43567095832064995,0.00485404741689378,0.04815453098773244
Peve,OG_07782,83.0135117840018,0.40805995871259987,0.2500510639703736,0.10952116469716529,0.3080990519435027
Peve,OG_07784,287.64260567784294,-0.46268004085687997,-0.37370430372859076,0.012008987879547503,0.08301676013284291
Peve,OG_07785,389.14165122573115,-0.13245655613920648,-0.07418730355217142,0.6001653823965047,0.7715703833124632
Peve,OG_07786,248.15151108852464,-0.06279770551097873,-0.04638370833610178,0.7099248773413386,0.8433948476534371
Peve,OG_07787,48.73460470019287,0.7894260240978853,0.03429151515275802,0.49857112106876655,0.6994905148740506
Peve,OG_07788,155.5483236242623,0.44759250902073683,0.361922508502286,0.01203044553228574,0.08308969543513396
Peve,OG_07789,29.4277685345919,-0.49913539588043315,-0.07272697710388185,0.42063974171614077,0.6428986918141775
Peve,OG_07790,166.2197100682109,-0.6298011437168013,-0.4953630644233591,0.006209220763316563,0.05578047614969997
Peve,OG_07791,100.43212351227004,0.578518509808346,0.4660807441290521,0.005606417421220053,0.05240452504890106
Peve,OG_07792,12.375548273233491,1.3490966478375634,0.06525208686964974,0.18032099119456726,NA
Peve,OG_07798,29.966411890714827,-0.06777820263819219,-0.024254798032639704,0.8504988945103593,0.9279720106530961
Peve,OG_07799,44.437529056677896,-0.11181650855285723,-0.04196538927891718,0.7508394385188768,0.8684929915938056
Peve,OG_07800,83.76815465072768,0.31402812361090293,0.17840008019745615,0.23021886998668392,0.4664381254145102
Peve,OG_07801,222.24131957151144,-0.7958920174411134,-0.5541167344611784,0.01009208785473095,0.07478747595072022
Peve,OG_07802,199.1071287444954,-0.12224224859488177,-0.07617738496888012,0.5669962338009737,0.7484129459659773
Peve,OG_07803,82.96933610457762,-0.2531317779159563,-0.12122283371638264,0.3967653731507589,0.6228081074004835
Peve,OG_07804,20.968831107283407,-0.19347858571416654,-0.03045673973585184,0.7453165315725327,NA
Peve,OG_07806,115.6362046855569,0.7975894191911037,0.4025988584774577,0.03837014561234896,0.16674487693946055
Peve,OG_07807,631.1372058016066,1.3286766055529293,1.1081091654692765,1.9460234943691397e-4,0.006445568252219177
Peve,OG_07808,9.282452011994542,-0.30290657644191327,-0.048545864675368096,0.6107373658324753,NA
Peve,OG_07809,14.4326737344356,-0.7956648512911171,-0.12212620724516361,0.2222421257117505,NA
Peve,OG_07810,12.333532433680437,-0.09786045440312952,-0.02962473051161786,0.8074661323986593,NA
Peve,OG_07811,36.55252382279482,0.3882592481158119,0.19429806089533483,0.200848173439847,0.43136774323787835
Peve,OG_07812,200.86691575887195,0.23978402019628423,0.11569118305036162,0.4149725729548552,0.6383806665529255
Peve,OG_07814,200.34672827538878,0.012278654756123624,0.007494973723243731,0.9571914618873243,0.9799602952100036
Peve,OG_07815,46.1861860598703,0.4379621426700519,0.13618513909321847,0.30399050290302304,0.5416300024253853
Peve,OG_07816,42.526242145141644,-0.6457969145686442,-0.32645147703984917,0.06213070270315541,0.22148418024924565
Peve,OG_07817,109.2290640788229,-1.0729091285472292,-0.6402668397818533,0.009571028424858241,0.0726940125030609
Peve,OG_07818,10.383562775147652,0.1804147867945715,0.013737186858085618,0.8351782238533856,NA
Peve,OG_07819,861.0808521049248,0.7725992657452962,0.6452762440864253,0.0011114671477854942,0.019375644695262918
Peve,OG_07820,266.86915488111475,-0.004931122951183572,-0.003307945326330749,0.9803594485345399,0.9906324816203906
Peve,OG_07822,6.563010211288561,-0.12133204654926118,-0.01265736162643957,0.9006183232635826,NA
Peve,OG_07823,1003.3642582640624,-0.26975238224902415,-0.2335918327767756,0.030232957571735223,0.14448850111761538
Peve,OG_07824,1133.2933840574651,0.21806219009179803,0.08255549223625734,0.5239812288545003,0.7165121165703793
Peve,OG_07825,35.01630287867571,-0.24256819899724855,-0.11303268336035681,0.41154827114686127,0.6357369021752649
Peve,OG_07826,105.0216527746908,0.014501697613267901,0.00582998812429118,0.963483128306913,0.9832303377685281
Peve,OG_07829,112.10163375042318,0.9952707484421237,0.6951306325497824,0.0055526149302918115,0.05214647907543871
Peve,OG_07827,73.70601949464223,-0.20677561683755621,-0.07177933673210037,0.5641802841659087,0.7465564364731445
Peve,OG_07828,236.2616509391539,0.33294483519440127,0.15721256038186537,0.2812849295962418,0.5191764176857213
Peve,OG_07831,74.36590928780805,-0.21905861780515898,-0.11411083777186057,0.4228556346651107,0.6442297538246807
Peve,OG_07834,13.55602721659547,-0.16993035392721534,-0.03978194015746732,0.746722506882915,NA
Peve,OG_07835,12.697036604475006,0.8297702656741354,0.057965579637740176,0.3353773471809389,NA
Peve,OG_07832,278.78052597605455,-0.274079943677291,-0.13503460558313993,0.3494785432773541,0.5856417823772292
Peve,OG_07846,10.911678150262318,-0.8868032287343495,-0.1400988507451676,0.16620520248394727,NA
Peve,OG_07847,72.47066975442415,-0.09166344275205696,-0.036670844499789836,0.778256114836781,0.8842079288423838
Peve,OG_07848,27.03573145240486,0.5630918571937339,0.1800752651449783,0.18025790755590296,0.40591331355627214
Peve,OG_07849,8.623791616539028,-0.24622469302434835,-0.009804847229263542,0.808352893115916,NA
Peve,OG_07851,194.5084808376381,0.3462406012922106,0.15154279332501167,0.2943428440901403,0.5322344614950603
Peve,OG_07853,8.638512343895425,-1.391535470562945,-0.47267959888123023,0.01701190814611194,NA
Peve,OG_07854,38.591050608219376,0.2759897177606368,0.06610269724263983,0.5649437537488209,0.7469180000101557
Peve,OG_07836,1996.9945847800225,0.302841381389607,0.10171603673066475,0.42437962099549925,0.6451731332435372
Peve,OG_07837,60.39569534502753,-0.6796823308737217,-0.38303406033988774,0.04125867349466613,0.174228699934793
Peve,OG_07838,214.82791683861694,-0.868327435094862,-0.6749112156760366,0.0028278413340876683,0.03480209254132449
Peve,OG_07839,15.472389117448463,0.7885864222149104,0.157948077794639,0.16920251983408074,NA
Peve,OG_07840,6.5653640715664565,-0.8342925935479918,-0.11469639715439629,0.21611608675728453,NA
Peve,OG_07841,329.887602301901,0.6656244954692514,0.49318904674283115,0.009882705140716047,0.07388267690085853
Peve,OG_07842,430.04373319601456,-0.22519976528593963,-0.13960958558603034,0.31371783117979885,0.5518130773326501
Peve,OG_07843,73.98651691837901,0.06785554344037475,0.032351128365604644,0.8055875122328233,0.900376418455054
Peve,OG_07844,603.0419034763876,-0.0829420684808398,-0.03605144514865323,0.7862352649254817,0.8885338128309732
Peve,OG_07855,43.314204283206834,0.24936213324534556,0.05851122686289501,0.5925354613081644,0.7665486022217362
Peve,OG_07857,19.111600198839053,0.5233425611064403,0.08181773852393522,0.3865930290467997,NA
Peve,OG_07858,77.43608676046694,0.01783681047336716,0.010574759116757563,0.9362093157166163,0.9703459275005691
Peve,OG_07859,251.87730671033228,0.10626102251842316,0.050929048922695244,0.7064514789114631,0.8420822040913043
Peve,OG_07860,56.578611796178706,0.08079831232709223,0.03234175074000809,0.8126331909510692,0.9041767492354408
Peve,OG_07861,857.653141740139,-0.21771508412339183,-0.08513734874794027,0.5096372544090081,0.7047407159353465
Peve,OG_07865,595.2785496304828,-0.8368668039117635,-0.515533244613386,0.014402413431269141,0.09235486996583192
Peve,OG_07864,79.92318564366573,0.3541621935044963,0.1361037068225766,0.3176119496000348,0.555402461676597
Peve,OG_07862,1424.5660980005514,-0.16987050512324162,-0.14873888169238864,0.12944293986107272,0.3387483050022851
Peve,OG_07863,799.7847231294836,-0.4542874629280544,-0.35294163091418024,0.02059190371010271,0.1137557088205674
Peve,OG_07866,91.90081942664783,-0.1990512643967711,-0.12094267897209464,0.39440886289216387,0.6205934150053778
Peve,OG_07869,361.2754302178033,-0.4558513679050427,-0.12370148223944981,0.3045300628390879,0.5419132463992885
Peve,OG_07870,51.219098049897426,0.050836034390698205,0.02373478441721935,0.8627384492001123,0.934095703438444
Peve,OG_07871,33.26216152848939,-0.04385430390932078,-0.02330610967606634,0.8678290773935984,0.9372160350984453
Peve,OG_07874,243.13237962606303,0.09746649339756681,0.05682592251662025,0.6815152985667641,0.8260630558408625
Peve,OG_07875,13.856259505714826,0.3293075671265212,0.03573419463050767,0.6432051097182278,NA
Peve,OG_07877,21.44323663062785,0.793078145073021,0.1303282456312794,0.18565482820066972,NA
Peve,OG_07878,42.15509175634302,1.4627047296706082,1.182250369648551,3.970996761701677e-4,0.010211305016583358
Peve,OG_07879,12.003932999934106,0.44335826382579874,0.11156912778058566,0.36035233684220924,NA
Peve,OG_07876,338.53140772714005,0.341274083630917,0.2645286137726503,0.05486290240552215,0.20537866856278514
Peve,OG_07880,341.2602499603921,-0.6107674644663609,-0.4228416542357409,0.020004333348044048,0.11197135300911061
Peve,OG_07881,15.70734571314192,0.6095279852517268,0.0505579190977343,0.4029234474583491,NA
Peve,OG_07882,40.679544786247334,0.45343595012747073,0.18065119272409594,0.2053947695728026,0.43678783029094764
Peve,OG_07883,349.72145795804676,0.1786919240701124,0.1274340245200712,0.30436994921011107,0.5418766705030675
Peve,OG_07889,424.5578583980078,-0.19605379541211526,-0.13194512918427195,0.3250300476289587,0.5614691389653985
Peve,OG_07884,228.894764228588,-0.5959469562218916,-0.06775043000611874,0.3775746163568046,0.6087541645303995
Peve,OG_07885,31.403742335037105,-0.16906647721134588,-0.053626936111209764,0.6634916066108758,0.8144503801420644
Peve,OG_07886,64.07661451903256,0.07601690212368133,0.03212171138128879,0.8062424719753405,0.9005925830788502
Peve,OG_07887,264.86642620291855,-0.5751659762767732,-0.2140026316095885,0.14745460054297269,0.36435586991124425
Peve,OG_07888,64.82067028677626,-0.11663368311046007,-0.046165986868690806,0.7188362271942466,0.8488214059008008
Peve,OG_07890,32.56546034517225,-0.7951201633192306,-0.2866402158788913,0.0662227968355024,0.2303585690834965
Peve,OG_07891,212.80568818013595,0.27852657226645844,0.11631060706396236,0.40189846085354225,0.6276764013867236
Peve,OG_07892,274.7443552400116,0.16408639654485047,0.11041999574290197,0.4116026605110396,0.6357369021752649
Peve,OG_07893,32.11012544489088,-0.2938284815839182,-0.08533787742222679,0.5571496105599152,0.7412444521909595
Peve,OG_07894,315.76121836361574,-0.4253748081566279,-0.3575392850996555,0.008720801398169824,0.06828273433510965
Peve,OG_07895,256.8320447509475,0.046883308973010816,0.02770186274687252,0.8336989599662336,0.9175265352532169
Peve,OG_07896,8.149839762594805,0.557128968102543,0.061383838009369945,0.4222413715340163,NA
Peve,OG_07897,361.1681577622059,-0.20542828674568903,-0.1103926120412222,0.4309249681427868,0.6497804907104194
Peve,OG_07898,62.69916357583575,0.7566812959383253,0.591411587733389,0.0036806848760866074,0.04093351443215734
Peve,OG_07899,28.080678089943106,0.21301444976502845,0.06264444648695351,0.6037476921532025,0.7733914715907981
Peve,OG_07900,11.853439044416715,-0.5723013637374431,-0.11126793225683644,0.3069386756239828,NA
Peve,OG_07901,42.87796014328644,0.5834012472148487,0.2335395638716553,0.12804573685325474,0.3355529492081509
Peve,OG_07902,1056.7582004322546,0.6322500352277116,0.4862911656413911,0.008236983151362618,0.06619128443784855
Peve,OG_07903,61.77366622526667,0.9723660134347016,0.4587867773299127,0.02624807544202801,0.13268602436454505
Peve,OG_07904,146.75560441802054,0.29676929679237946,0.19163206138387762,0.18530262147990265,0.41167552360277
Peve,OG_07906,156.67880538971568,-1.2909780503126802,-1.1490934501809196,1.093420184845012e-5,0.0011568993011318474
Peve,OG_07907,52.41200556137531,0.4091257166467746,0.16330309134795698,0.25295806143335337,0.4903755879888542
Peve,OG_07908,39.64037361086176,0.2523453019784931,0.09571783406906317,0.46092933056197566,0.6708749790258178
Peve,OG_07909,63.90384160421153,0.19234186804634865,0.09776317100083992,0.4832743225199935,0.6896934786356895
Peve,OG_07910,42.54116007772675,-1.2364649128703282,-0.20877353596989476,0.045988781334348375,0.18619539367033988
Peve,OG_07911,251.22380507760485,-0.2144119842327646,-0.021096243572764142,0.7856704159401392,0.8884128289493811
Peve,OG_07912,183.5543434699669,-0.8915601211655955,-0.23355071372982908,0.07576629001480717,0.2511152386628198
Peve,OG_07913,72.15127972694229,-0.3599909940015282,-0.1903678285137407,0.2014179197549789,0.43198246415918623
Peve,OG_07915,134.65823043496513,-0.8161768599767927,-0.7219636275611163,8.646857764564701e-5,0.003897737423103781
Peve,OG_07914,199.83782967598432,0.4507865290495308,0.2049372498795853,0.16896535881530508,0.39040888791476924
Peve,OG_07916,22.05999814280955,-1.3933662455333358,-0.32770665289318385,0.018926860130249135,NA
Peve,OG_07917,188.8987427658013,-0.6601692370896729,-0.23466166221997548,0.10687159439048145,0.30420521170974846
Peve,OG_07918,258.4288456776171,-0.12074210455843966,-0.05572446912917439,0.7062725202058515,0.8420793847336715
Peve,OG_07919,71.02038700118304,0.9995662285799697,0.6607829370855607,0.007573321912271078,0.06284702214344344
Peve,OG_07920,64.48819397694386,0.7625309548453264,0.10853155455112502,0.2293900679797819,0.46550174157431495
Peve,OG_07921,312.77932648254574,-0.4309042040045414,-0.212306598433469,0.15919122397122196,0.3775587622082095
Peve,OG_07922,11.613838037458637,1.5948964260787217,0.2679599057776494,0.015793003361564553,NA
Peve,OG_07923,68.53236226758143,-0.38207227983172615,-0.22852624583017397,0.13829683734400314,0.3515333022644698
Peve,OG_07925,98.23316283665787,-0.7836060917156571,-0.3937729188154184,0.039234097364311306,0.16886243404267104
Peve,OG_07926,35.37648841859672,0.2753203058180305,0.08393254582362156,0.4995137084200924,0.6997522830458456
Peve,OG_07927,92.29508836246131,-0.06531993414878963,-0.033270350340956115,0.8040229441279909,0.8995515917707497
Peve,OG_07928,28.40387097451056,-0.0021771839374607363,1.8315487032016006e-4,0.9951313296218227,0.9976349096860704
Peve,OG_07929,70.04987123772979,0.12829645381287214,0.054028612087985387,0.6929588652485514,0.8338888484480381
Peve,OG_07930,50.943245751220324,-0.5433173076345404,-0.14923646396129675,0.23264953321399068,0.46771434920520827
Peve,OG_07931,18.167672502497563,1.1334056399841819,0.5569430925090105,0.016088724633329797,NA
Peve,OG_07933,51.08188714651078,-0.45392803744023047,-0.12598507344038212,0.29058636801949006,0.5290838794389281
Peve,OG_07934,82.65367799263221,-0.2901294151987774,-0.15385390188320477,0.30560966836589293,0.54281521417845
Peve,OG_07936,26.316907822841834,0.4250927601890259,0.11864792056862108,0.34349995456459903,0.5790623265928558
Peve,OG_07937,70.90949274890791,0.5571530576210181,0.3611204167405815,0.04164958769077901,0.1749617410621809
Peve,OG_07935,218.16045270044177,0.4910810612731607,0.2126489916200011,0.15188593947648166,0.3687275611637468
Peve,OG_07945,320.8994536645382,-0.8517160864047862,-0.685293582210003,0.0017726561949094714,0.026003342734200824
Peve,OG_07943,244.70619009462547,-0.3582027764074337,-0.17899638404011003,0.2251734516065629,0.46158610456946764
Peve,OG_07944,111.75284737373357,0.32376512845556726,0.18796919212894134,0.20295334180013674,0.4340209124542894
Peve,OG_07946,90.99888321333152,-0.08249563997426079,-0.044669589017328905,0.7479938408446059,0.8673085357007926
Peve,OG_07938,911.3020125151533,-0.21565287317652934,-0.18446400835470564,0.08597708327264432,0.2698695592793591
Peve,OG_07939,508.49859264243634,0.1346910856743383,0.10786480531535252,0.3425611669175121,0.5783474326525033
Peve,OG_07940,162.64472777012398,0.04541406734115676,0.0219082099681978,0.8537478159330271,0.9301846198194794
Peve,OG_07941,34.144939136123135,-0.3919339800719808,-0.0793182537664083,0.45359748364728647,0.6650781090672447
Peve,OG_07942,1016.3068461685647,-0.511415632881817,-0.33694761769094034,0.0462590749065205,0.18647479889279758
Peve,OG_07947,2024.0767056915192,0.9711388473900214,0.8352260216636563,1.9441972013683564e-4,0.006445568252219177
Peve,OG_07948,475.6758932186076,-0.35086519926776977,-0.2640932713999746,0.06347087766788533,0.2238859312834773
Peve,OG_07949,62.60159015004279,-0.03952841555571031,-0.016646725512330676,0.8832454488544462,0.9438299662467626
Peve,OG_07950,326.89106304712607,-1.1450441446776676,-1.0612155206117924,2.7602899909641944e-7,1.0513944575582616e-4
Peve,OG_07951,224.1860172690209,-0.11638452056214449,-0.05971738856091317,0.6769662329259595,0.8232964180124456
Peve,OG_07952,458.4017991561791,0.2898003787238958,0.20656180945950225,0.13948858724231908,0.35303124837607536
Peve,OG_07953,96.36018166347593,-0.2938650869798548,-0.1328648270102556,0.3485689961244994,0.5845033265411482
Peve,OG_07954,76.84011123661983,0.3701375219818864,0.06939723577016436,0.5103903230540674,0.7055259446608393
Peve,OG_07955,186.7945665275537,-0.0100144198563918,-0.0034463399109270023,0.9687167456327272,0.9852774043893626
Peve,OG_07956,532.7388291967483,-0.12748701953764272,-0.02579169716811378,0.799840448330305,0.8965839516451242
Peve,OG_07958,51.91556230655038,0.4989661820442084,0.2371281217110466,0.13237830523588537,0.3425499354821179
Peve,OG_07959,141.6074465217674,0.05637054168601222,0.035938078476727676,0.7918372806393243,0.8919438716413386
Peve,OG_07960,267.251929488237,-0.06700102248698821,-0.035426766292481725,0.7958786451408395,0.8939842990021631
Peve,OG_07974,6.100500175236788,-0.8253682439742801,-0.10618229925912553,0.25888245251720166,NA
Peve,OG_07971,38.82893327106595,-0.05498341643113985,-0.01935235856820215,0.8804264785504139,0.9418745841310283
Peve,OG_07972,269.1509339867571,0.6809007659347379,0.045303574465763385,0.39009818173799965,0.6181982973852607
Peve,OG_07973,19.86934107295313,0.6873327229077553,0.2205865005683666,0.11405278769207884,NA
Peve,OG_07961,19.86521068032808,0.11918915045693045,0.03001705847934192,0.7987190139334052,NA
Peve,OG_07962,111.50896718571147,-1.9409822971993298,-1.5786576919799544,2.147799525173636e-4,0.0069625262905416005
Peve,OG_07963,838.6740609621456,0.25730799151456496,0.0915411781615332,0.4880696659414156,0.6929024813905523
Peve,OG_07964,24.32459940793626,1.2295250844802454,0.9422955846783333,0.001634159910918967,0.024789460339513108
Peve,OG_07965,43.217067687628095,0.16353803999350724,0.07565037207815836,0.5890664577922997,0.7635008059969097
Peve,OG_07966,78.9729478406344,0.18105733668837867,0.08584741793154796,0.5413524600308915,0.7301740510827429
Peve,OG_07967,23.681880294216995,-0.08175905957962082,-0.02786840266475962,0.8286368612976238,0.9145980309135464
Peve,OG_07968,188.33641819916872,0.6842659149713458,0.5259802581121269,0.006921266440060325,0.05951039248349837
Peve,OG_07969,83.58722639000406,0.03208701624199969,0.018865188907846043,0.8885789953342016,0.9460789359127809
Peve,OG_07977,127.51031818993663,-0.12113244607121025,-0.058166288757245145,0.6594308247739695,0.8119119955543074
Peve,OG_07979,36.36798325135241,-0.447347838954883,-0.19459549612187435,0.18104406354711094,0.40696184010088265
Peve,OG_07978,4848.440808370232,0.132544364969987,0.09685360868807577,0.39689889656729266,0.6228081074004835
Peve,OG_07980,137.35794961859506,-0.1221220012988684,-0.068503230573796,0.6167166270720652,0.7828940618288607
Peve,OG_07981,98.22358573103952,0.040040543260346353,0.025872190871137266,0.8412770909227543,0.9221365293020923
Peve,OG_07982,37.48857170227554,-0.2575416652852278,-0.0842148681818071,0.4988379558173357,0.6997141497728712
Peve,OG_07983,31.961246397397083,0.4699230346131634,0.2924061727380582,0.07060103389533173,0.23882062443054614
Peve,OG_07984,40.41295984665787,-0.290992138822635,-0.11816983249392331,0.3873868466089196,0.6166136643265252
Peve,OG_07975,200.6856004993645,0.037974228184149486,0.026478356917743532,0.8440313424586818,0.923854058416687
Peve,OG_07976,563.1484768394744,0.2604254898984622,0.11601780845567083,0.397541944534733,0.6235278018253235
Peve,OG_07986,248.983279463184,-0.7121572427501266,-0.5343305259416363,0.0074441209860639694,0.06214084568702428
Peve,OG_07987,46.97146644718848,-0.45196031274017046,-0.16206577664005772,0.24983110096745317,0.4877532873321523
Peve,OG_07989,16.08560500521983,-0.33988181274578266,-0.058473217128966234,0.5469179772878208,NA
Peve,OG_07988,316.22606371290965,0.0583383811532303,0.03828648669872195,0.7747298148891163,0.8828559057330274
Peve,OG_07991,184.02505863206045,0.3821948296058792,0.32494757683304326,0.011043617988295982,0.07864438285013438
Peve,OG_07992,19.008311720610724,0.42560720407172253,0.061187158309018184,0.5092668545569772,NA
Peve,OG_07993,180.442991431101,0.4385168804293537,0.3106334086053151,0.05136463851748557,0.19812446391200259
Peve,OG_07994,906.024787753198,0.17157253234063422,0.10150608960976185,0.4642495136097935,0.6737955296765995
Peve,OG_07995,139.53973391833586,0.018813766637974967,0.013152803749345828,0.9111424457113825,0.9574923250860199
Peve,OG_07999,89.09993912904068,1.0792145992241708,0.9043194623433786,2.869699350030093e-4,0.008376003696754501
Peve,OG_07997,98.92773088124791,0.48075023863964766,0.3463060031012739,0.03527016145483106,0.158518047175754
Peve,OG_07998,13.441545040322575,1.250152728610702,0.08860282814925131,0.13481890043049735,NA
Peve,OG_08000,28.793167736071,1.6434159967727398,1.295340119664665,4.821424642866374e-4,0.011623295230808873
Peve,OG_08001,17.659276949845143,0.16406292944459147,0.029268125278559497,0.7717276185227877,NA
Peve,OG_08002,87.65898051477656,-0.6672344680956719,-0.3421127476637278,0.0553862564674778,0.2061691439050941
Peve,OG_08003,14.342994339007733,2.5845550330467866,2.003940618236821,2.9362452474229186e-4,NA
Peve,OG_08004,16.021320147598374,-0.36956631957187575,-0.10867214559436372,0.4299165640972111,NA
Peve,OG_08005,95.6228672226252,0.11502207333296646,0.050580260611673464,0.7188729935250937,0.8488214059008008
Peve,OG_08006,19.562688838139056,0.5075156077028051,0.15712499144393974,0.24104390257324185,NA
Peve,OG_08007,58.8017815875243,0.1379193227483424,0.07618230723833953,0.5804836190975857,0.7564373047267359
Peve,OG_08008,49.39030171467799,1.4314601000344538,1.0410053904869032,0.0020165060333410087,0.02829050269243426
Peve,OG_08009,9.473737203895814,-0.4498075725068994,-0.06534894358192758,0.49186435729268757,NA
Peve,OG_08010,278.0849555195271,-0.3737421329786634,-0.30223124378473554,0.023291390655084912,0.12262184796851198
Peve,OG_08012,379.00591402490664,-0.2753053758708649,-0.2123404743852529,0.10199414972382573,0.29758385009425675
Peve,OG_08013,25.019598421437973,0.2011367556751605,0.05165380381357296,0.6609056153286608,0.8125853740435341
Peve,OG_08014,560.7422687938703,-0.5108692685670398,-0.2923549034649119,0.08023895288804035,0.25835179336478925
Peve,OG_08015,184.09075899814601,-0.23407842954224453,-0.18263823214132335,0.13063220582583546,0.34026942233355334
Peve,OG_08016,564.6581337561298,0.37499758828214086,0.2731574070989062,0.06571029341924409,0.2289940600493145
Peve,OG_08017,38.8275151809531,0.09636296894025993,0.0473483814546925,0.7355975131539938,0.8589487822205893
Peve,OG_08018,30.091623126433642,0.4295906432454398,0.05995433770814895,0.4843184869662794,0.6901181730625419
Peve,OG_08019,8.730823880555699,0.071598723579936,0.011585545882171835,0.9120778920426852,NA
Peve,OG_08020,37.819390800937796,0.45231705847721293,0.07163515833056669,0.4581881221592077,0.6688018997142832
Peve,OG_08021,230.9648132904419,-0.9945193321773171,-0.9027932973542316,6.278407252078204e-6,7.97148440772196e-4
Peve,OG_08022,283.2844678815949,-0.39843387028805327,-0.2580116791722858,0.09411936910237124,0.28429871285561625
Peve,OG_08023,44.98976137565469,0.2558143135670046,0.09992629459766768,0.45860703774791234,0.6690288038229789
Peve,OG_08025,24.75787004130673,-0.22593840774144383,-0.09324844144669019,0.49312487691754825,0.6969153685353967
Peve,OG_08024,23.099258464184622,0.1854583475207342,0.035165558845869846,0.7117163189151156,0.8440698332059579
Peve,OG_08035,31.451462740287933,0.5776149130911048,0.15804473490916515,0.21964313289215304,0.45458554268788814
Peve,OG_08036,48.45156701268235,0.13480933595769387,0.05424865159079282,0.6796413394010954,0.8245666530324965
Peve,OG_08027,135.7467633139889,-0.7401486410309425,-0.5391461666842359,0.008612408872152567,0.06791856189239985
Peve,OG_08028,72.9408604230363,0.2741140391901682,0.2000488524215204,0.14478684308154152,0.35974760945700696
Peve,OG_08029,25.373167066491938,0.6408137338979737,0.2633962675110101,0.10255958836056979,0.2976366673518727
Peve,OG_08030,100.85964480584609,0.6651650003110688,0.25637201274439875,0.09498906154374921,0.2856598115650864
Peve,OG_08031,344.00974318299996,-0.05608482330940033,-0.03717138320184609,0.7821477321296554,0.8861394145395174
Peve,OG_08032,34.49511258689065,-0.16287676187566313,-0.06402516903175579,0.6240084767685272,0.7872702529978335
Peve,OG_08033,415.38203135696733,-0.9539320389817741,-0.7377790446118132,0.001864846098243879,0.02692627369180109
Peve,OG_08034,22.036164474046625,-1.109807889979743,-0.16800608822950622,0.1330017759099056,NA
Peve,OG_08037,402.1454179606963,-0.7101322136085344,-0.569777380052241,0.003302695814088258,0.0381594188384164
Peve,OG_08038,37.71908868263561,0.7713910949798959,0.4207021278874695,0.0326489668800612,0.15138151533311395
Peve,OG_08039,244.08511574173062,-0.3230010255496331,-0.26265568432840264,0.04187137389771457,0.17558230424043933
Peve,OG_08040,8.766890304913717,-0.17904767115386058,-0.016898902317712447,0.8091862004039219,NA
Peve,OG_08041,362.6043261362831,0.30680938363880694,0.22737565702221105,0.09109145283040292,0.2798786778762523
Peve,OG_08042,194.42301809398575,0.015730568362375283,0.009630455910973026,0.9438384361266259,0.9737488091024697
Peve,OG_08043,15.45136170235108,1.1537365087145202,0.3441780814558426,0.027119152495641966,NA
Peve,OG_08044,23.0271262799888,0.7770779870207465,0.23271555367945174,0.10913929819233448,0.3080990519435027
Peve,OG_08046,135.9325323977768,-0.21625406808281047,-0.07658631259080802,0.5567871838274812,0.7412444521909595
Peve,OG_08047,106.55508391824497,0.4295810618315954,0.21833872060498746,0.16162762039061274,0.38143717848069636
Peve,OG_08048,2968.2356294873935,-0.12087145557869607,-0.05694999087289478,0.7023059484391609,0.8395052118640403
Peve,OG_08049,1105.1728045368973,-0.2558049948666945,-0.15986867802878418,0.2688002411934083,0.5064139455895876
Peve,OG_08050,391.90308155335987,-0.29788674517818137,-0.22352925200678506,0.11392238551544046,0.313307123774955
Peve,OG_08051,136.53564838641154,-0.21154157136204907,-0.13411179556452119,0.3380728760498403,0.5733121629961225
Peve,OG_08053,182.92043482628992,0.9962755981681319,0.7921834812710684,0.001473433302733737,0.02352743112165569
Peve,OG_08055,409.55725088561616,-0.3252582803518344,-0.19453012575391648,0.19041824880808886,0.41888715547791533
Peve,OG_08056,567.9752892559942,0.4350548619388358,0.20015623948987923,0.17716114511657644,0.40238926759036353
Peve,OG_08057,319.34961928271804,0.9937393412453759,0.6960833913382561,0.00468294742042738,0.04725124960108051
Peve,OG_08059,27.93209562407074,-0.20679536416402833,-0.044462734594923205,0.6848315473901387,0.8282341209744526
Peve,OG_08061,415.35262079523216,0.5829695771206465,0.20806441397473516,0.16225802114111293,0.3824509916624376
Peve,OG_08064,153.3313183404407,0.5916051534509944,0.42312660934581586,0.01984265083903398,0.11184802838227985
Peve,OG_08083,34.43395710952157,0.04818772688467055,0.009560605175967216,0.9304258135555722,0.9671147288397257
Peve,OG_08081,39.43444603055682,0.8511227790884222,0.49159845885762476,0.019923885759319845,0.11184802838227985
Peve,OG_08082,25.53468535269474,-1.0475729184418145,-0.17920051446636032,0.08362735679286745,0.2645652840731164
Peve,OG_08065,195.9057153904313,0.3984167478510507,0.09118360413451371,0.4245572361890769,0.6451731332435372
Peve,OG_08066,75.87910614330004,0.3517913676962012,0.15907443569626326,0.2715488004044449,0.5095218624337589
Peve,OG_08067,99.92924554833658,0.14587390657789115,0.0884452003965669,0.5118641036770822,0.7064095546760892
Peve,OG_08068,172.59869096322495,-0.37052939135121643,-0.18431153411474238,0.21815658557360254,0.4528383838963772
Peve,OG_08069,32.06253031693835,0.4843860496760768,0.15153843799036218,0.2531976324090192,0.49055431426549045
Peve,OG_08070,597.3662549337691,-0.002039802816333899,0.001085695084595689,0.987083151711575,0.9948800475039465
Peve,OG_08071,60.673137772542056,0.6016739874117243,0.16363944860453303,0.20284811532660452,0.4340209124542894
Peve,OG_08072,194.1546983941499,0.04401956997652985,0.027556361554314783,0.8389426776587617,0.9209863599275961
Peve,OG_08073,13.054738409390602,0.2830085593502382,0.07688595401167206,0.5209153949746839,NA
Peve,OG_08074,50.24276656848829,0.039502039900361115,0.017997553107222435,0.8955805360474981,0.9494200561661343
Peve,OG_08076,29.67812095103884,-0.3739841087991459,-0.06581774019780645,0.4947331619797355,0.6977913234489826
Peve,OG_08077,29.952831516954664,1.0445739843140187,0.23301780952596932,0.05080690305475374,0.19731660020612807
Peve,OG_08078,540.3112650731684,0.7757477252749394,0.36338920265232194,0.04814733485111059,0.19113413074297053
Peve,OG_08079,38.79811539523631,-0.28845037682176544,-0.035644564454714464,0.6630629142454596,0.8141054857858872
Peve,OG_08080,68.66379379254168,0.8008642202633676,0.49290205518544067,0.019757451092416764,0.11173887336453667
Peve,OG_08084,98.42289943416414,0.32312892945711724,0.18002810248233247,0.22860989026442394,0.4648628306547507
Peve,OG_08085,10.01884547763269,-0.6548163745241886,-0.1196860029866579,0.2616188152338637,NA
Peve,OG_08086,217.13036833532078,0.20673167770421827,0.14549973765953678,0.27601317138061465,0.5135975426422869
Peve,OG_08087,69.37374835801495,-0.7880407629210456,-0.658968784285652,7.064518731664408e-4,0.014704235983010783
Peve,OG_08092,24.888404023407578,-0.00273353921129371,-4.3333135244816035e-4,0.9955294151748453,0.9976349096860704
Peve,OG_08093,34.01721052582128,0.6151667395709786,0.09336936278440763,0.3199654558251368,0.5570686534519184
Peve,OG_08094,44.60258434353163,-0.26908518708420426,-0.071196208867655,0.5354778960501023,0.7252036643750541
Peve,OG_08089,28.313424833737834,0.15402997117897518,0.04906849166138136,0.6950380914310202,0.8351419843093868
Peve,OG_08090,150.53068607592866,0.8416699036560767,0.7727738318662207,3.817109715628722e-6,5.612631785215643e-4
Peve,OG_08091,184.7552866884022,-0.277342872921728,-0.12427869419304732,0.3784793552381391,0.6096776287862826
Peve,OG_08095,539.3607089453335,1.1637829760426532,0.9747439026423832,2.4956130642465895e-4,0.007791631280094476
Peve,OG_08113,72.89546887867091,-0.13272018766556506,-0.06205506311258127,0.647142904655668,0.8047014370157568
Peve,OG_08114,4.9671243312790025,-1.2043075430550823,-0.045178606968918664,0.35135497138411514,NA
Peve,OG_08115,99.59760763507957,0.2942654953538332,0.17481526783705317,0.24061221715176548,0.47634715963153573
Peve,OG_08116,17.475411937613178,-0.7523359188299948,-0.07686728615551008,0.31760827439350514,NA
Peve,OG_08117,64.02491772371177,-0.701823481217888,-0.220285000464004,0.10484770355498334,0.3015212554480419
Peve,OG_08118,218.5323670526124,0.0713065256031367,0.04178195805038356,0.747949891181809,0.8673085357007926
Peve,OG_08120,21.847594514652872,0.8421907779947423,0.2903054597521452,0.06689112425199364,NA
Peve,OG_08121,337.2665531274286,0.016966765511214083,0.012704993963710897,0.9389772324215617,0.9717604342599453
Peve,OG_08123,535.9010718657518,0.9178606160662853,0.46566083532061725,0.02216786217828708,0.11909363474907686
Peve,OG_08124,73.9210767065859,0.9826496991523983,0.21990771448589516,0.07443760763566154,0.24838620016139712
Peve,OG_08096,160.77890974172243,-0.4209019108372368,-0.10577741958271374,0.3427722050966202,0.5783474326525033
Peve,OG_08097,463.44965683932924,-1.9942106876018721,-1.0529780987158113,0.003167042614036632,0.03701883147695225
Peve,OG_08098,12880.753268951303,-0.6438827519712155,-0.06238017091608722,0.3733164870459185,0.6052191952151111
Peve,OG_08099,227.34769424845467,0.4096953529356108,0.22222003567486165,0.15315033951791485,0.37018436474935923
Peve,OG_08100,825.0465637331275,-0.2974920047070608,-0.15702491924601084,0.2698431155700778,0.5073196928539635
Peve,OG_08101,59.2164207879016,0.3159499137332632,0.16775466071063455,0.2582299147025652,0.49626525989004583
Peve,OG_08102,33.159359279517375,-0.3572681175856816,-0.0879492721754714,0.45117099204646377,0.6634075942280363
Peve,OG_08103,475.8941018168187,0.26110854032006664,0.17823815980400312,0.20243609238214968,0.43359442092834316
Peve,OG_08104,22.85507455009,-0.06593158275437992,-0.020344143442493173,0.8710093679223943,0.9388392083471694
Peve,OG_08105,217.88634872504736,0.4554607103384855,0.3454737140894338,0.028803398053693797,0.14065659382887138
Peve,OG_08106,10.630431186649185,-0.5086936824278306,-0.036053197531479196,0.5503532221261292,NA
Peve,OG_08107,34.10840726140133,-0.02876418218620011,-0.010341159699786905,0.9325391489375632,0.9685185053314732
Peve,OG_08108,18.938359568884035,-1.2265546735852502,-0.1258868452963209,0.11564587417268866,NA
Peve,OG_08109,72.49304152281088,0.1819233313764225,0.09835534173471755,0.4793657205939388,0.6856607809590846
Peve,OG_08110,21.55580131658787,-0.5281299158928068,-0.19372241254193184,0.18268639312082777,NA
Peve,OG_08111,269.0696419791984,-0.5110685011343012,-0.35490787710279115,0.03472980650180975,0.15664397035570554
Peve,OG_08112,270.48938047795605,-0.16160153199267954,-0.12015933362285006,0.3407736213607626,0.5758681116961601
Peve,OG_08125,99.24310904342245,-0.8305640441168824,-0.6794525049263478,0.001129950072449859,0.0196081085465217
Peve,OG_08126,1798.7003414984651,-1.5066252975247503,-1.0285772510700946,0.001893537144381271,0.027025037296914443
Peve,OG_08127,584.4282687120107,-0.784231593748406,-0.4568563548420133,0.025085279128997665,0.12894713657537396
Peve,OG_08128,339.1141604215144,-0.6906889064236164,-0.4096376556937476,0.03268786547284368,0.151391768888263
Peve,OG_08129,73.95914392405803,0.07263792909826094,0.036908908187032984,0.7885924364954202,0.8897359569345544
Peve,OG_08130,332.7800502094677,0.48047466180422316,0.323030597086393,0.05314105185914458,0.2021110998816592
Peve,OG_08131,596.7606089616405,0.3319960684571281,0.2542995666874579,0.061635469517891436,0.22013080486980635
Peve,OG_08132,225.65719447134396,0.6388224961904827,0.4035899538516911,0.03195586141900102,0.14906126761887833
Peve,OG_08133,241.2988258120589,-0.3610737045726831,-0.27474377731863764,0.05594942907155302,0.2074076645581951
Peve,OG_08134,174.55812998264847,-0.21801871172224616,-0.09249738977256772,0.49530909759370995,0.697977193020511
Peve,OG_08135,65.49869992907072,0.11972705062557164,0.06313220382165556,0.6464835699597047,0.804461260364755
Peve,OG_08136,27.9262106796062,0.24183504041394654,0.08185152286318848,0.5302160771633893,0.7210047342071119
Peve,OG_08138,12.364644673227033,-1.1792966859465828,-0.10544818591804013,0.14059642156882302,NA
Peve,OG_08139,25.53865341163912,-0.6146613123718435,-0.25908117148179277,0.10227042021128284,0.2975920783688131
Peve,OG_08140,98.44058253360588,-1.3740994981584354,-1.2667145832291642,2.4100839447655546e-7,9.663168153275787e-5
Peve,OG_08141,306.8580811312098,0.019149194487502325,0.013526458981419407,0.9084703640377993,0.9562978075500838
Peve,OG_08142,553.8642847652878,-0.34702433281544903,-0.30033581903703066,0.008845912532256618,0.06883366871371902
Peve,OG_08143,494.1577228967476,-0.6491885924926665,-0.36357674989448846,0.04810699717060073,0.1910735685326571
Peve,OG_08144,451.50001754093665,-0.5106028350080795,-0.21211327992226595,0.15220126308245288,0.368903235563033
Peve,OG_08145,15.55428055559035,-0.15582483764219188,-0.01573587894171203,0.8321957905476899,NA
Peve,OG_08146,77.75758554818933,0.2541618189318161,0.10562002436766826,0.444934989993771,0.6584233651046842
Peve,OG_08147,52.6875495066376,-0.6466569529336685,-0.4780192083631805,0.011738876910987114,0.08196770330696594
Peve,OG_08148,18.24640382803683,-0.133250141567359,-0.012180307675785828,0.8642884397341073,NA
Peve,OG_08151,6782.36017326827,-0.8135376010394594,-0.1265141004610252,0.17633985070162878,0.40076282298478755
Peve,OG_08152,68.0624828789262,0.2263202789982161,0.08363533475787921,0.5302051180446943,0.7210047342071119
Peve,OG_08154,55.13798065468254,0.18560059511527408,0.09470211058206175,0.4938880206031901,0.6974598216380345
Peve,OG_08153,130.42183760869545,0.8027840863850173,0.7157100031091093,5.025612032207249e-5,0.0027543246375075414
Peve,OG_08155,90.24019686298033,-1.4149426452247287,-0.2443840478436287,0.020574809182922125,0.1137557088205674
Peve,OG_08156,24.85941817451213,0.603391491720114,0.15345216652214752,0.21887407211554652,0.4539342089642082
Peve,OG_08157,304.8197976723393,0.4700540846360828,0.38517562412406314,0.007353190473353617,0.061760314251386825
Peve,OG_08158,62.18313976327676,-0.0224604201087641,-0.009850354387887962,0.9370790305644068,0.9708454217746953
Peve,OG_08159,60.44454206961529,0.4382190571989584,0.19813674644820975,0.1908341533685603,0.4190759816551433
Peve,OG_08160,26.414170415301303,-0.5042836612382352,-0.15053983528964507,0.24246550962761695,0.47864790161782483
Peve,OG_08161,34.90787895691726,-0.052859778122054564,-0.02011165467154395,0.8776553238309175,0.9414218891782498
Peve,OG_08163,118.74201411777717,0.15948972196531225,0.0850659622586701,0.543561991271458,0.7314056754169255
Peve,OG_08164,301.72849006011364,0.374748352242673,0.30952757018727145,0.022234965417805237,0.11928589193861994
Peve,OG_08166,55.405333034921256,0.15973443346994365,0.05685048931697701,0.6661846816962065,0.8161780162691703
Peve,OG_08167,119.41373626495634,0.1587523666949523,0.09511351793208346,0.4919685217538293,0.6962318778972083
Peve,OG_08165,475.5021885596141,-0.8721988927125895,-0.6334339266673631,0.0051468926714565025,0.04994780684223648
Peve,OG_08168,23.303848472948676,0.08175072336530115,0.017575076685237896,0.8719175752982111,0.9389259294638499
Peve,OG_08169,377.22405316176315,0.25929741992307426,0.20251344330613774,0.1402476498690152,0.35448128623163827
Peve,OG_08170,98.27776408152094,0.4006649796844419,0.2881971845090665,0.05994797826900564,0.21654039755964202
Peve,OG_08172,129.2733301007974,-1.1074469182280402,-0.3873553912813678,0.026362767228937645,0.13283862915379635
Peve,OG_08171,81.71302049502081,-0.08391325440966792,-0.05072815281813179,0.710320470273622,0.8433948476534371
Peve,OG_08173,949.0738566849736,-0.49395170799946064,-0.43869423852379996,7.461673136184818e-4,0.015280383320283855
Peve,OG_08175,18.138574941978206,0.27140046498758147,0.0710473268754389,0.5468694254185247,NA
Peve,OG_08176,77.5315661158207,0.00324965154066675,0.0019639293359613014,0.9889919102389846,0.9959207365764156
Peve,OG_08178,10.263511817652127,0.37747642163440404,0.05124641812162766,0.5669828859822055,NA
Peve,OG_08179,134.71283385967314,0.06937886400800403,0.040421709778891694,0.7597210238215909,0.8742529848146343
Peve,OG_08180,15.804052446097531,-1.234383204640784,-0.7940775815255854,0.006560228800498976,NA
Peve,OG_08183,24.94209393260391,0.26989577368550444,0.08792351764989924,0.5001280055687982,0.700256865075073
Peve,OG_08184,297.01994546408844,0.40356618282735596,0.305119846235109,0.04366680734035358,0.17981283152368302
Peve,OG_08181,8.612203607031455,-0.5797431806441825,-0.06077683090803866,0.46079877150861576,NA
Peve,OG_08182,144.7233565053187,0.2177293790367809,0.12302256444783582,0.3795533673732906,0.6105231318939459
Peve,OG_08192,47.779588479767185,-1.2023836844596438,-0.6487088232914205,0.010032074811014889,0.07456033747347457
Peve,OG_08193,197.28769547060622,-1.367559713610656,-1.2027382277660088,2.2393033476418866e-5,0.0016491509198695907
Peve,OG_08194,57.74124990827319,1.0327263664383242,0.9193307897151113,1.7855489131585923e-5,0.0014668739027717704
Peve,OG_08195,175.82196386340095,0.2113260084591987,0.0790365083598204,0.5488450463000135,0.7350741144011081
Peve,OG_08185,29.803386654326072,0.47861866373640205,0.17475167447393264,0.21660358493786458,0.45072005191386294
Peve,OG_08186,10.681478046585664,0.3968637895372227,0.04067835478365341,0.5705838107648966,NA
Peve,OG_08187,805.8987849969442,-0.4691939954045803,-0.2851484913949837,0.08345420132981701,0.26434682150958255
Peve,OG_08188,54.562397364464054,-0.48357607586390766,-0.27349520039607567,0.09194342141631465,0.28084401938632114
Peve,OG_08189,969.4146640916009,-0.6705579783722531,-0.5535796393220401,0.00243860487005863,0.03191974553282929
Peve,OG_08190,43.28537834792669,0.49287869697350045,0.14001160775680918,0.25731537428308016,0.495227265464512
Peve,OG_08191,56.960094572935674,0.07093846550230781,0.03515179970157492,0.7900501211148125,0.8904574378832139
Peve,OG_08204,58.85592418074893,0.38009612626145906,0.19672357716488054,0.19704732556962923,0.42645071766745324
Peve,OG_08205,76.43384840435725,-0.003601542282044746,9.782769990114458e-5,0.9940655939611152,0.9974699281870093
Peve,OG_08206,132.32142077367772,0.5507535865694455,0.4276306773853107,0.011219480475081301,0.07940255057883891
Peve,OG_08207,914.442333461778,-0.17924088162919016,-0.06934956354872493,0.603622660226871,0.7733914715907981
Peve,OG_08210,14.863374808085775,0.16108915191768133,0.04542434297863858,0.7137416306629503,NA
Peve,OG_08196,11.691191185232181,-1.2559435906330854,-0.1386697977717473,0.1014933643714049,NA
Peve,OG_08197,139.7993312655695,0.4557901159138862,0.24311987044012606,0.12044797762804342,0.32391279543845253
Peve,OG_08198,73.17249814062406,0.10095759194386565,0.044178270951970834,0.7472549870988633,0.8672440612997141
Peve,OG_08199,60.29533950488408,-1.049235868389053,-0.5978070061328015,0.013070522469722776,0.08681014836473244
Peve,OG_08200,246.65852117229608,0.23260071553164147,0.1616092770881186,0.2221307037362087,0.4575964578319194
Peve,OG_08201,61.9329217125903,0.2545895256903011,0.06632521920446043,0.5567279490722288,0.7412444521909595
Peve,OG_08202,483.9516162798244,-1.3309109627341213,-1.0681780225850475,4.324164262536039e-4,0.010730124870358158
Peve,OG_08203,7.761433774448171,-0.3117709575289217,-0.0325165896537444,0.7665802871414493,NA
Peve,OG_08212,18.322582916410084,-0.942512601243293,-0.15549054689118857,0.13602784470672147,NA
Peve,OG_08214,10.557652430449192,-1.3796057463690268,-0.17174488270454077,0.0627681305974919,NA
Peve,OG_08215,51.90373164777379,0.5857764627272309,0.19148937229071156,0.16111070182440565,0.38057095395296814
Peve,OG_08216,536.7155035582805,-0.08422570337063671,-0.04569293415462349,0.7540277771743102,0.8701990011382964
Peve,OG_08218,187.5158123212922,-1.8262437555876119,-1.4754739964682537,1.6566237038996058e-4,0.005897270736592148
Peve,OG_08217,2938.2555058745024,-0.3665911473150906,-0.08498862560464472,0.4475356984388795,0.6605072897161613
Peve,OG_08219,58.55680376037638,-0.19854921559639038,-0.07809345800351875,0.5593836817454726,0.7430966261472272
Peve,OG_08220,106.84867796748156,-0.9391247280839432,-0.7914006437019769,4.1838928375538846e-4,0.010519107470787293
Peve,OG_08221,263.5671905356939,0.47529755844901245,0.37548792068516934,0.016428678495758065,0.09964464393366636
Peve,OG_08226,75.23079059413635,0.27185153232091835,0.06668722777023689,0.5632470834527932,0.7459005438996129
Peve,OG_08227,40.6158339256949,-0.18560972009460724,-0.09036981681831367,0.5139816101427336,0.70812606517469
Peve,OG_08222,1198.685485092937,-2.420520867698654,-2.131091674063985,2.1370044055178436e-6,4.0699248903087326e-4
Peve,OG_08223,100.45318438601798,-0.42963892926253006,-0.3516151037635401,0.013611084302353563,0.08862328223532431
Peve,OG_08224,422.92554551817244,0.7181488448582893,0.6448675558611355,5.8023266288785744e-5,0.0030054881662290147
Peve,OG_08225,48.06124176135204,-0.479120202367339,-0.1676551876088949,0.2252186335894869,0.46158610456946764
Peve,OG_08234,26.329727592671347,0.06509126803370532,0.02417381187529531,0.8547449018918617,0.9305349127925776
Peve,OG_08232,15.045871631059853,1.2097691234250254,0.20010977954272013,0.05922212775813278,NA
Peve,OG_08233,22.308283561782655,-0.6668713585111788,-0.3268320212750463,0.06081226140092177,NA
Peve,OG_08231,42.06432409856596,-0.5830435067226939,-0.15506092269212776,0.22051997847187063,0.455386607752429
Peve,OG_08229,4107.065029166314,0.40499367655588475,0.07242523696928678,0.4872772126515892,0.6922935109995909
Peve,OG_08230,23.78369865353099,-0.1996957813306693,-0.04767721211479393,0.6685960541573412,0.8179484086350772
Peve,OG_08235,16.261861174650836,-0.6832229923933503,-0.1781999537294051,0.15652103296392297,NA
Peve,OG_08236,71.27444908879323,-0.58263207667852,-0.4271607135203515,0.01633773119300816,0.0993551734221252
Peve,OG_08238,164.58890300812976,0.18544518018874528,0.06652053651763204,0.6206950915750868,0.7846851124882477
Peve,OG_08237,71.62636298327588,0.49949525713615067,0.2615999360714186,0.10256175778629266,0.2976366673518727
Peve,OG_08241,14.586745764630017,-0.8495063776922609,-0.17854818156902746,0.13087216609547406,NA
Peve,OG_08239,69.44874884236374,0.2466061682239286,0.11770071881769623,0.40014845034465224,0.6262964280337856
Peve,OG_08240,222.41155336497684,-0.07911076749971897,-0.052325914807041206,0.6904039938433252,0.8321989913130461
Peve,OG_08246,62.9762979022981,-1.284671643294004,-0.49930891190939486,0.011043970440116223,0.07864438285013438
Peve,OG_08248,116.7418265394075,0.031280699539569565,0.021927218017574912,0.8696471209635739,0.9383812701842076
Peve,OG_08251,214.83513886792767,0.24262329370489338,0.08435488812088052,0.5021138544573183,0.700803167423223
Peve,OG_08249,423.91207545767134,-1.0123751307649531,-0.709839101601266,0.005201088504975259,0.05002764170568374
Peve,OG_08250,5.625093905304645,-2.3334417514039845,-0.06672626054997247,0.039390102497356895,NA
Peve,OG_08242,54.357096611291986,0.5607032816097748,0.22919296352370883,0.1281757826346528,0.3357782366268174
Peve,OG_08243,37.71359930937351,-0.07881437218848412,-0.03250484476672197,0.8002220053833355,0.896879687657827
Peve,OG_08244,33.204077228934516,-0.8605771145712077,-0.4197333822142036,0.03487153494893072,0.15709719292782626
Peve,OG_08255,62.31739974765782,0.1097196474087364,0.058434998234421616,0.6819021218221408,0.8261339637469893
Peve,OG_08253,162.7485062921944,-0.7001992332344326,-0.5988140277639923,4.985222922465995e-4,0.011942587491618223
Peve,OG_08254,1600.7955050933172,-0.4145946955868785,-0.32936787117142297,0.015340318726191328,0.09602510111431843
Peve,OG_08257,18.53299079747212,0.5113420530856064,0.1519169729902237,0.2427937786637993,NA
Peve,OG_08256,8256.184993081903,0.49089297359799333,0.3833457060433497,0.015494019151208375,0.09666948230459083
Peve,OG_08261,34.651183881855836,-1.796987909333801,-0.20233969488290612,0.011738347703868052,0.08196770330696594
Peve,OG_08258,18.69133158078081,0.03917919360711327,-3.599395516133358e-4,0.9518575719915183,NA
Peve,OG_08259,51.46184683542605,-0.11214992245051508,-0.0500551923748447,0.705913364620191,0.8420699936485848
Peve,OG_08260,63.16635408434386,0.029230646202921602,0.013285664191133154,0.9197747255762886,0.9626107788762421
Peve,OG_08263,72.61235758692986,0.20465497648980552,0.08847620816083436,0.5153893482674166,0.7094752539033573
Peve,OG_08264,531.3875226699116,0.13357512990319723,0.09958141956691852,0.42372049670607326,0.6448067806445996
Peve,OG_08265,471.80380489580375,-0.7552837009744329,-0.3924151576761786,0.04351842599250036,0.17942409600318804
Peve,OG_08266,69.97146676501086,0.06498935980633487,0.026546940744864977,0.8437286773595525,0.9237604288768425
Peve,OG_08267,38.56381312142506,-0.019643549997765717,-0.003148955261824437,0.9660482996300752,0.984242205604849
Peve,OG_08268,33.57324355674175,0.8204678008831148,0.18733232726712423,0.11203913726836422,0.31082088408972997
Peve,OG_08269,476.31765726157505,0.3932027722736932,0.3434855739060031,0.0036949911126352678,0.04099363819328085
Peve,OG_08270,109.36839680174423,-0.7055086789905035,-0.4824974227892157,0.015300103199926269,0.09585212679032756
Peve,OG_08274,79.2830999890836,0.7278264938454758,0.1881665084356359,0.1302578598948948,0.33994668608403855
Peve,OG_08275,17.862552458869004,-2.0149863695833172,-0.30986874036109135,0.005938316164563963,NA
Peve,OG_08271,234.00027841199,0.3577911059175619,0.18431546634854168,0.2213506003896912,0.45673046418436286
Peve,OG_08273,386.48343275144043,0.48614589197691876,0.2755136242268368,0.09294798316838244,0.2823276458439942
Peve,OG_08278,9.459888699209014,0.08292300162443787,0.0055059576502195185,0.9163104285687886,NA
Peve,OG_08279,17.239598584827682,0.12633894028423362,0.016655452306788596,0.8464808280973226,NA
Peve,OG_08276,10.227049054904331,0.9762864737159536,0.06302421816741478,0.28658318213746947,NA
Peve,OG_08277,511.46025984179647,0.015183868608444595,0.010718075314013543,0.9260288935631023,0.9650544513945174
Peve,OG_08280,212.01803267643925,-0.3048467138529506,-0.1660386297683298,0.27187866476331995,0.509540085127956
Peve,OG_08281,119.65523378861973,-0.32565362396918385,-0.1971332263975354,0.1814688799899894,0.40719585501141065
Peve,OG_08287,17.945187044480765,1.235893655608863,0.175741886018672,0.06483191733405919,NA
Peve,OG_08286,231.82452393139758,0.1206135257557496,0.08775643498113964,0.47871907596091123,0.685375290484913
Peve,OG_08288,81.83535606969308,0.4668123684492455,0.30391325461261065,0.06714057442947062,0.23280696222289812
Peve,OG_08282,36.534179163584234,-2.061290383541726,-1.3469209949199135,0.0016585104816416235,0.024920183134410034
Peve,OG_08283,31.518389667572716,0.7464002477418228,0.2528646855661682,0.08525627031773343,0.2681450193702076
Peve,OG_08284,204.52676161467124,0.3360633121922748,0.18558001706518723,0.21892285163225267,0.4539342089642082
Peve,OG_08285,53.031234071703864,0.3135967634100262,0.1789177647716803,0.2224314850196109,0.457968392670107
Peve,OG_08291,59.67415476940731,-0.3636515000739828,-0.2521152052596113,0.09570120736372947,0.2866513043869536
Peve,OG_08289,4949.209710575827,0.3136551416957558,0.248453428032959,0.061696236283414196,0.22024457732289096
Peve,OG_08290,40.53479221234677,-0.009989148648168225,-0.005114028934136199,0.9676869644504934,0.9852765697920154
Peve,OG_08292,1304.215827009188,-0.1832755674091062,-0.03381787954953623,0.724437721865332,0.8522416893829383
Peve,OG_08293,340.61847797133584,-1.4190189305410186,-1.2600046293464047,8.528553171005598e-6,9.697092247271737e-4
Peve,OG_08294,73.11162614510467,0.7812492107806499,0.48440396661826385,0.020336496410166088,0.11308279536689435
Peve,OG_08296,62.93416110596621,-0.4268055059636938,-0.09053780570115733,0.40755243538287217,0.6332315832646789
Peve,OG_08298,108.56603863792441,0.4881294609760079,0.34638813433259014,0.03670980924380645,0.16202510244456406
Peve,OG_08297,416.2115486591312,0.3217180475743987,0.2523244691540394,0.05883499550716721,0.2141436166143768
Peve,OG_08299,208.65664989073866,-0.4753960273100661,-0.2746729986849761,0.09299264352251868,0.2823301856961712
Peve,OG_08302,1007.7480923587029,0.09481635138876734,0.06416141475434603,0.6215412687008528,0.7848336457754179
Peve,OG_08303,31.62949933043327,0.2510990333655228,0.10252270400279707,0.45793612940667755,0.6686903265900076
Peve,OG_08300,37.94779848231476,0.6015702019464888,0.22129174484679312,0.14062094911392622,0.35495374100393967
Peve,OG_08301,898.4301720799882,-0.7780571711181303,-0.5744780679614314,0.007468637972372895,0.062144313094666614
Peve,OG_08304,10.133304320237539,1.490915125002577,0.24054959401132966,0.026339016300136922,NA
Peve,OG_08305,113.13189600809416,-0.4741934900413917,-0.28928677076423187,0.07693633458482542,0.2525980287992026
Peve,OG_08306,36.823970298751256,-0.6683835261154502,-0.19991712419451169,0.14541796243014776,0.3606100383440318
Peve,OG_08307,112.07374522541261,-0.060088176075792255,-0.03277681247337194,0.8114500597531243,0.9036144650196317
Peve,OG_08308,8.190152108892018,0.6779841881889427,0.05682364755333875,0.41249740906473087,NA
Peve,OG_08309,67.674795815531,-0.09590567531389453,-0.032827947478632914,0.784012098626243,0.8870643349672833
Peve,OG_08310,467.8059328183321,-0.254251940619889,-0.15461458007154325,0.2489599440978202,0.4869298485576578
Peve,OG_08311,248.34130388108142,-0.6024113263102148,-0.2441887884875996,0.11010659187208632,0.3090611705532622
Peve,OG_08312,25.499509459059293,-0.19567302403370346,-0.045498303866354554,0.681864216681126,0.8261339637469893
Peve,OG_08313,689.3712877960257,-1.617348354779903,-1.2176651795609301,6.671481498021679e-4,0.014558588608833262
Peve,OG_08317,44.04640910933598,-0.4958145975454451,-0.15633299047832566,0.24333081030358614,0.479879277850522
Peve,OG_08316,17.242497512242778,-0.5156916171299849,-0.09044418929582003,0.38798321498954985,NA
Peve,OG_08314,119.76630764527066,0.5767514899864928,0.283040461566137,0.08244473471451844,0.2630946811067259
Peve,OG_08318,48.91856389324819,0.4090787529405242,0.20310741565976131,0.1856070076383948,0.41199131240946724
Peve,OG_08319,124.20575689957322,-0.41294068686433894,-0.2655629029468117,0.09507433475256333,0.2856598115650864
Peve,OG_08323,58.84469714829916,-0.5649408660405816,-0.33041292501744557,0.05787930610184891,0.21236595524844537
Peve,OG_08320,14.937585236543471,0.3251530740641374,0.10649216015001807,0.41845826010641757,NA
Peve,OG_08321,85.74889849904943,0.1488544540792842,0.049457595621648955,0.7004518490709766,0.8387177585269061
Peve,OG_08322,31.872649592654486,-0.3617166345114382,-0.10212320857091296,0.42227533629588265,0.6439617955875825
Peve,OG_08324,764.1657307247715,-1.1911712227719569,-0.8670893429631528,0.0024540460140524533,0.03206676249580032
Peve,OG_08325,1317.818489998713,-0.14921812043696495,-0.117824387915357,0.2993695749890958,0.5375122588452894
Peve,OG_08326,133.2846734152059,0.06628158958244058,0.03980876104393427,0.7698119637549584,0.8796201499752923
Peve,OG_08327,27.58103653726226,0.9495266902896699,0.3427403680133153,0.04535002368730904,0.18454940194974373
Peve,OG_08328,194.11462399706105,0.768258367235208,0.24823370607368628,0.07825288890190604,0.2543218889311946
Peve,OG_08329,66.90232002975233,0.023122123659914447,0.012363964810891196,0.9283072733953897,0.9660990175855299
Peve,OG_08331,75.75952978745943,0.3573076221824032,0.08827719084843587,0.4499318425679156,0.6623344496004601
Peve,OG_08330,148.95489292475483,0.315372177640768,0.20738214228800464,0.15229727958069555,0.368903235563033
Peve,OG_08336,193.14720500243803,0.5241735713774089,0.3287381510210064,0.05538456209818506,0.2061691439050941
Peve,OG_08332,341.5842680750394,-0.16534702262177403,-0.12628503784005501,0.3040181006000194,0.5416300024253853
Peve,OG_08333,78.1661106191032,-0.3250350213215816,-0.17628819175117616,0.22988901547156337,0.46589372701845433
Peve,OG_08334,293.91979239067706,0.061489051001794574,0.03956391237003306,0.7690719080803814,0.8791701374184192
Peve,OG_08335,139.61487050695166,-0.06578593640878032,-0.04244786922562548,0.7498424611100227,0.8682229417568514
Peve,OG_08338,45.78275320062215,-0.014625890648040787,-0.004283013596009759,0.9685614210364563,0.9852774043893626
Peve,OG_08339,27.63619482040201,-0.849915507090436,-0.266117056988414,0.07513364243810178,0.25005158938115307
Peve,OG_08340,8.351625551312207,0.5978881273877045,0.00916171874438183,0.7089934045229958,NA
Peve,OG_08337,244.68908264718146,-0.2609883547526405,-0.09636149844126325,0.47163462488214936,0.6789328368012497
Peve,OG_08342,10.954540953002725,-0.010919855858950276,-3.6123963175254157e-4,0.9909420179555684,NA
Peve,OG_08343,93.9178778952084,-0.32612955082713513,-0.13276843534094623,0.34360663597802765,0.5791140161240298
Peve,OG_08341,323.88244597816686,0.4484882613902441,0.04328637611783682,0.5676885156184124,0.7484129459659773
Peve,OG_08345,113.06324123303204,0.23594231347100145,0.08056085683308976,0.5263615033044243,0.7180913202315732
Peve,OG_08346,1110.9275947192464,-0.26264321455743317,-0.1341784113856459,0.3334067708889882,0.568640779395329
Peve,OG_08347,635.0350513878274,-0.4944453170190374,-0.3130039416276553,0.05979450989403898,0.2162937209747336
Peve,OG_08348,316.97082422677767,-1.0150835938110274,-0.849498370068369,4.2277204130396293e-4,0.010591058162667862
Peve,OG_08356,391.5590836628253,-1.2154873639206953,-1.0061897609681738,3.1346428697836366e-4,0.008657897928520111
Peve,OG_08357,23.22971592898182,-0.2573742730413757,-0.08999421817958768,0.4908004166328337,0.6952573594196312
Peve,OG_08349,969.4927441716648,-0.60778673223967306,-0.27855531903397707,0.07843277288064343,0.25458068334245487
Peve,OG_08350,56.100568919119404,0.5217591729185166,0.19863866199015776,0.16495029619845167,0.38545747130055363
Peve,OG_08351,149.4381245556071,-0.6018799862663144,-0.36755900108608774,0.03859352500099035,0.1671641494712646
Peve,OG_08352,271.5203771482657,-0.3702297751421738,-0.22904816036898443,0.13035053583885212,0.3400054479409596
Peve,OG_08353,250.79019068124634,0.18503479826688482,0.07533949076126294,0.567415431512047,0.7484129459659773
Peve,OG_08354,281.8496237303557,-0.45590787128574684,-0.26591036054403827,0.10469851971340148,0.30130930537119627
Peve,OG_08355,459.48447036348614,-1.4762407022560144,-0.12294003764218503,0.05115231341816568,0.197932559205693
Peve,OG_08358,159.4058497729655,0.12154966066568984,0.07357764249827078,0.6025062203449885,0.7727700512733909
Peve,OG_08361,28.175837164645724,-1.8436127830054623,-1.3726366923472408,0.0010131200125628416,0.01829849314108489
Peve,OG_08364,23.95962122088293,-0.5280422676692196,-0.24443225583720618,0.12786306912131382,0.33518955972683023
Peve,OG_08363,413.0084135396878,-0.3589454229421351,-0.2552367760993508,0.08205309603417027,0.2624183398775437
Peve,OG_08365,14.693302674678142,0.9094812712527223,0.2074813838716021,0.0997207601944706,NA
Peve,OG_08366,38.633846507901445,0.5114882099506094,0.3413325057271884,0.04586920534546877,0.18619539367033988
Peve,OG_08367,465.6998476216081,0.17097977531307337,0.09316412402720775,0.4874058297808013,0.6923471212511924
Peve,OG_08368,269.3250708003123,0.03890128535375003,0.028572489867405248,0.825083416875928,0.9123276492402845
Peve,OG_08369,17.664319918758245,-0.6127876237106271,-0.06736524755895182,0.4037002615345606,NA
Peve,OG_08370,69.69501542410045,-0.5243647234023125,-0.21931872778422443,0.1414019335291419,0.35551152792904395
Peve,OG_08371,338.51995233943705,-0.34698771995916117,-0.14545655767748916,0.3062554002576222,0.5433420937661402
Peve,OG_08372,49.56219285357362,0.5103419483769509,0.19391507514746384,0.17579529347496692,0.3997637449827755
Peve,OG_08373,500.55585760325647,-0.012922765849348936,-0.007675923998389414,0.9575185590339235,0.9801270862786065
Peve,OG_08380,49.81078486353624,0.39215501092133437,0.1806592953633132,0.21233618810812505,0.444627759954037
Peve,OG_08381,56.64474414901054,0.6355643717384907,0.2535228228472636,0.1034264594512573,0.2988392038379201
Peve,OG_08382,111.66507422688328,0.11147044174437047,0.06052982838317098,0.6602049696693044,0.8123794958715492
Peve,OG_08376,27.863402558150938,0.43950047765006506,0.1370963398414693,0.28540943904647387,0.523284983551393
Peve,OG_08378,753.7431026925271,-0.5655928938469357,-0.4902920010552063,0.0010189833073619443,0.018351335308471137
Peve,OG_08379,39.48388533453429,-0.0379546013150023,-0.013796704211475053,0.9139196009471874,0.9591182697362823
Peve,OG_08383,6.003511811937269,0.9261620124608141,0.08009802533922998,0.2732253063975701,NA
Peve,OG_08384,204.46940661313033,-0.21972236070900444,-0.11658633415258987,0.3965581848254711,0.6226257732894557
Peve,OG_08385,49.766566744040894,-0.11285366187729762,-0.03378457711737512,0.777881498207569,0.8842079288423838
Peve,OG_08387,641.8785811588431,-0.6671985706417184,-0.24944529238328492,0.0968379992170568,0.2887326332820112
Peve,OG_08386,93.67986903938409,-0.2823125473939895,-0.12634469856116978,0.36545793563378154,0.5980791737181843
Peve,OG_08393,117.88219294745896,-0.5058031467062851,-0.3298927496248674,0.05016479021022092,0.1960158604006103
Peve,OG_08394,373.21687587762653,-0.15671232384097167,-0.09861955031905954,0.46891115101017183,0.6769310495348663
Peve,OG_08395,154.76874904991803,-0.4120902699328023,-0.18031916789359437,0.21242818502486813,0.444627759954037
Peve,OG_08388,23.472171376471135,0.013451146241016126,0.006820190658124672,0.9710541642353538,0.9861250652373921
Peve,OG_08389,73.07184757850364,-0.41255527998763064,-0.22229339970194786,0.14940885174706614,0.3670265055434166
Peve,OG_08390,8.495050799054445,-0.0650235176854251,-0.009749122455723288,0.9388490305057007,NA
Peve,OG_08391,61.06036242219852,-0.004633933329805078,-2.772134820510622e-4,0.9923431716952315,0.9969600049720454
Peve,OG_08392,329.0955671469464,-0.40676548136381463,-0.1258278734248375,0.3038647956709374,0.5416300024253853
Peve,OG_08396,362.4432842510295,0.12052705430192177,0.04143488381407164,0.7537274479388644,0.8701160324895088
Peve,OG_08397,51.491276252248554,0.1845612355440812,0.09342635097623292,0.5064737012377644,0.7037781825920528
Peve,OG_08398,34.60400464239231,-0.030506494442444663,-0.005429442979331226,0.9523606867024652,0.9780377071042573
Peve,OG_08400,3330.3594928038087,-0.011799406723714835,-0.00916505173015035,0.93342254594481,0.968807017599569
Peve,OG_08401,1029.5964011482902,-0.7261095458721245,-0.6289952571504498,3.609314933983082e-4,0.009514104210063363
Peve,OG_08402,93.09461066470965,0.02330932152086054,0.014739102309367182,0.9128900049987201,0.9586666187127217
Peve,OG_08403,84.43151848663838,0.3609561792243744,0.24252610248947912,0.10815992028362238,0.3063056775913143
Peve,OG_08404,95.38417736675488,0.10350051725126107,0.041066793672671645,0.7542746074237737,0.8702397494434241
Peve,OG_08405,4434.487345488732,0.15799360221739744,0.12341513765981058,0.30094793689343075,0.538760170899937
Peve,OG_08406,104.55678644856673,0.1463486164967075,0.08766333926705165,0.524587638739413,0.7168266604335155
Peve,OG_08407,18.647617149532213,-0.20923663869674816,-0.053750689774940706,0.6442278731438614,NA
Peve,OG_08408,51.32689205369073,0.348509047907239,0.17627754463029696,0.23177754791210578,0.46722108818693303
Peve,OG_08409,366.58513289970944,0.10193631293877702,0.06970084486083064,0.6144353792314381,0.7810393323852988
Peve,OG_08410,1647.277542309494,-0.4859521743696403,-0.3807276974386398,0.01512740455061658,0.09524013873272488
Peve,OG_08411,467.3781552787865,-0.8711404437423881,-0.6393453363444536,0.005184197265403602,0.04995134704825642
Peve,OG_08412,141.1207990272985,-0.19371583953037225,-0.047793411960918096,0.6696373066545955,0.8187862265729098
Peve,OG_08413,171.1228986968565,0.25365671364890563,0.1602463346210772,0.26034982924529415,0.4989370779133958
Peve,OG_08414,142.1138190611195,-0.19910733037117226,-0.11447837876106078,0.41702537107040305,0.6398588674349104
Peve,OG_08417,173.28880146681269,0.04754242507752143,0.028986879110513137,0.8181344193116287,0.9077407524491679
Peve,OG_08418,27.9464613197843,-0.986096835699523,-0.7045561365569754,0.005096467142217708,0.049584785043952105
Peve,OG_08415,585.4599187743704,0.10488999586522747,0.0730853095397785,0.5706227948572097,0.7503891681723155
Peve,OG_08416,33.808914604478005,-0.664930842916933,-0.22636229265418104,0.12180504090758434,0.3260403378896618
Peve,OG_08421,218.09959633783296,0.1577662586761285,0.0989610411634441,0.46456001235348987,0.6740023557660623
Peve,OG_08422,42.33706100512071,0.43180592995735895,0.1754154199353006,0.21574613283113908,0.44942089925714385
Peve,OG_08419,583.3938032201113,-0.8050291337607467,-0.7114624334774949,1.3802865252460927e-4,0.005257511374662367
Peve,OG_08420,175.58370920732045,-0.0771479337605453,-0.02764124411919351,0.8309509021550345,0.9162890759692749
Peve,OG_08423,350.64252484646795,-0.946788647546034,-0.6775158951578852,0.0044838522635193044,0.04621641408200142
Peve,OG_08424,36.04558547968859,0.10971622692298395,0.047359638850911864,0.7342076912199557,0.8577203176987612
Peve,OG_08425,42.10613114327258,0.2954263356332207,0.16138786905556973,0.2683594459220148,0.5064139455895876
Peve,OG_08426,561.4302665901987,-0.7364877973196449,-0.6012382807223572,0.0016465564363079064,0.024789460339513108
Peve,OG_08427,2796.4338183124123,0.26451522041225795,0.09161823246151303,0.482834688480652,0.689195176474725
Peve,OG_08428,242.24832681332512,-0.6715165094915808,-0.4188224132681421,0.02760927874050284,0.13666503277787567
Peve,OG_08431,82.6839578351498,-0.3320204013722652,-0.1752312740811622,0.2366970983187601,0.4716606055433728
Peve,OG_08429,70.08261018994772,-0.28653008012536774,-0.0720987370082033,0.5345285421441376,0.7244330962558335
Peve,OG_08430,190.97509723527557,0.13207455781847668,0.08575010154771616,0.5250355195876524,0.717053813407638
Peve,OG_08437,153.02044820675164,-0.3275835315141717,-0.1752601400416556,0.23472860020809755,0.4697647782430419
Peve,OG_08432,58.72534971464421,-0.4859016108318333,-0.1897131849758974,0.19189994211481437,0.4206888515196132
Peve,OG_08433,840.5921393866664,-0.3467647435756138,-0.19618404649537455,0.1862585798552694,0.4128361540114757
Peve,OG_08435,39.21918094196681,2.869765188328402,2.535189358973851,6.321068180693751e-7,1.9261558960209998e-4
Peve,OG_08436,160.16433953861883,-0.4430709272250058,-0.20228688134012968,0.18183302995472947,0.40777274718726203
Peve,OG_08446,182.84852995698458,0.46262186558401763,0.4011110143684943,0.0030005623951027856,0.03581245560606927
Peve,OG_08447,31.18250888831118,0.6614683374961543,0.22356000767592754,0.13107725356074934,0.3411501597628249
Peve,OG_08438,861.2179818820266,0.5163750837688336,0.4394887007189127,0.003104395553705394,0.03660880081753513
Peve,OG_08440,329.01101396316733,-0.08697085250257931,-0.053469751193823904,0.6815364391208032,0.8260630558408625
Peve,OG_08442,65.70481459026315,-0.023225206902370715,-0.004630118092889588,0.9528543584464635,0.9782809302756279
Peve,OG_08443,42.5421559409673,0.2005813561084841,0.1135581407480893,0.4174106553750313,0.6401836864451136
Peve,OG_08444,24.520301015911606,-0.8003839232912229,-0.18098897116130575,0.14927432686259715,0.3670265055434166
Peve,OG_08452,97.07680195963677,0.1028973800284635,0.035218870337573226,0.7741290735768075,0.8826026427535874
Peve,OG_08449,184.59348192511956,0.3262973813231128,0.1588089320496289,0.2710098770040336,0.5088866756265044
Peve,OG_08450,29.6906323566676,-0.15166163865464544,-0.04471930981141283,0.7103041805226163,0.8433948476534371
Peve,OG_08451,440.4452690068476,-0.056751193233159615,-0.042278861256247725,0.7097391778066389,0.8433948476534371
Peve,OG_08453,31.201527733454395,0.3633111823486911,0.13830310840678925,0.3203223131023056,0.5573506523948795
Peve,OG_08454,63.01596958945475,-0.026269876328652388,-0.012889958108853055,0.9212161885721409,0.9629287766935469
Peve,OG_08455,282.0320711693359,-0.11890663389142116,-0.07644331206529897,0.5675365650785663,0.7484129459659773
Peve,OG_08456,49.41740829316267,0.6018302377570971,0.35707936137791163,0.05075316832099004,0.19731660020612807
Peve,OG_08457,118.75893648817586,0.44989411283705133,0.30053983560619374,0.06426168176138966,0.22570101044641144
Peve,OG_08458,136.1790119117934,-1.3209286547924455,-1.2049712730767559,8.440016800330934e-7,2.2171051029283123e-4
Peve,OG_08459,155.3617318519628,-0.11627774245409636,-0.07728826706258783,0.5531103735054355,0.7384498467165103
Peve,OG_08460,24.511379288934304,-0.8444449676895495,-0.19462439740411536,0.10959244760173849,0.30818577550020076
Peve,OG_08461,87.36059396887156,0.1792493232520703,0.10653354014505251,0.434890823465324,0.652779649618852
Peve,OG_08462,116.33146757578785,-0.42523476781032593,-0.25975753240167027,0.10259830512811995,0.2976366673518727
Peve,OG_08463,301.46795904816264,0.27629764201848744,0.19686417700305386,0.154725125229368,0.371756118374235
Peve,OG_08465,28.99667014526322,0.6857857085332417,0.2755936168724949,0.08800569533255269,0.2740913274911637
Peve,OG_08467,188.72248430897469,0.8768646211845726,0.4881798278006465,0.01816435477677797,0.10636130260529944
Peve,OG_08466,232.9123039820262,0.5241493969671981,0.3955038556268625,0.018846363289004932,0.1087986800548918
Peve,OG_08469,25.72980272559919,-0.37852996000320294,-0.11080699548649788,0.377566436626044,0.6087541645303995
Peve,OG_08471,6.545999073726358,-0.5983289399301274,-0.02205431718077174,0.6007950452077155,NA
Peve,OG_08470,565.2077617245981,0.10917134519575313,0.08646234827567942,0.4488816101336793,0.661683457043028
Peve,OG_08472,517.9313611848469,-0.3899686124169371,-0.3072644266355855,0.03092867681272843,0.14648998513376685
Peve,OG_08476,12.95966346561017,2.1914452080736484,0.22638420674831147,0.007850017817434753,NA
Peve,OG_08475,303.5734822111443,0.0942193993005394,0.05345384371968878,0.739465316090097,0.8612210331714355
Peve,OG_08478,131.98323269614423,0.14391783569469985,0.07012157337278441,0.6101197595659016,0.7776296349963256
Peve,OG_08477,56.647743944218306,0.405064877731427,0.18168443744431617,0.22037539609810103,0.4553525909767982
Peve,OG_08479,137.10387092333073,0.21875616527102576,0.16176922681289693,0.20644530410098214,0.43771230911251935
Peve,OG_08473,24.596983667973667,-0.63691506456994,-0.28714045234209573,0.08695776609617294,0.2719393522662748
Peve,OG_08474,3371.9349524135087,0.458079779618288,0.40777848699527125,0.0010560099291251645,0.01892866738841295
Peve,OG_08480,68.76036235067596,0.3132194497086152,0.08101569788797096,0.48682190023974803,0.692103016980763
Peve,OG_08481,299.9453604338359,-0.008515663616023362,-0.004586260012999414,0.9807435286272568,0.9907577511049519
Peve,OG_08482,32.221609590762256,-0.21886057976505457,-0.033670656793095645,0.7114773353244641,0.8440698332059579
Peve,OG_08483,76.08926028350189,-0.1814267349347919,-0.026764087218547086,0.7617421119793732,0.8752566227841425
Peve,OG_08484,1219.670985937071,-1.2185118482386084,-0.9638317532523464,7.49589759799665e-4,0.01530931579129718
Peve,OG_08485,38.31605495720816,0.6749306938599039,0.4148591166684967,0.03322575414965691,0.15293884901032406
Peve,OG_08487,481.2007771096999,-0.08897911542976271,-0.01611642179807048,0.8538905713517891,0.9302071174829014
Peve,OG_08488,225.28050337451643,0.3018937979976593,0.18956331069342605,0.19622495336594853,0.4253960428974945
Peve,OG_08489,833.8709007642934,-0.4482593757266852,-0.2595651356994519,0.10240373568096028,0.2976366673518727
Peve,OG_08490,1083.2899091192237,-0.050327630841150175,-0.024471626410349615,0.8548342135924625,0.9305349127925776
Peve,OG_08496,9.227051938828454,1.8746043723253,1.2934319321172698,0.002380406189102176,NA
Peve,OG_08497,150.4344420146059,0.31897910886631714,0.21038490928705778,0.1535090880180109,0.3704143843959186
Peve,OG_08499,74.5193415489833,-0.196406163430277,-0.09118169256617333,0.5144078811736278,0.7083801950073565
Peve,OG_08500,30.059604403084535,0.45602382336908015,0.2082475077653738,0.17471331708950405,0.39837355569824656
Peve,OG_08501,775.7289118671301,0.25742541489590454,0.20729621681416174,0.10607212916450191,0.3033248798705614
Peve,OG_08505,85.41406002861775,0.4627520941511074,0.33664792567336843,0.035976890545765555,0.16027599542552162
Peve,OG_08491,1335.8535246346905,-0.12103585374041025,-0.05079269414251635,0.7058699307804324,0.8420699936485848
Peve,OG_08493,57.507444788010865,-0.99212998484285,-0.3699518242652908,0.034014982203751994,0.15488710964027655
Peve,OG_08494,582.7377029782745,0.21717258807320156,0.11773919720199948,0.4094361620152367,0.6346052252761085
Peve,OG_08504,5.868878811956123,-2.0802984201491124,-0.1726366885863659,0.026251449631995685,NA
Peve,OG_08506,33.6102495431404,0.31585307451424194,0.0918578137095979,0.47646730110087454,0.6839509892192316
Peve,OG_08507,22.67252464127382,1.8083254941122582,0.8413359379087867,0.005186599568806883,0.04995134704825642
Peve,OG_08508,12.33280580510929,1.5191490784218167,0.2122405376485627,0.032168521242013415,NA
Peve,OG_08510,34.556711964413225,0.11786299870980196,0.048230815175991065,0.719931030719168,0.8496413000803442
Peve,OG_08509,108.31604655401107,0.35199062543380527,0.1167669929804684,0.37232866384224683,0.6039831954729343
Peve,OG_08511,133.22154267263372,-0.4001343820389479,-0.21510967424788865,0.1596294609678984,0.3779574036207408
Peve,OG_08512,11.35040136076662,-2.226814135310437,-0.16309992063694595,0.020037142941170906,NA
Peve,OG_08513,765.3299025884329,-0.5608966329790999,-0.34491608883511704,0.04878198759772481,0.19264965345747415
Peve,OG_08514,83.50286096636512,0.23539125209414355,0.1175345743806194,0.40107355607797385,0.6269194945887111
Peve,OG_08515,11.96439167783847,1.2578977720370617,0.09024771952489284,0.14421803559727087,NA
Peve,OG_08516,149.5713283473321,0.24841648991240362,0.06406421341506242,0.5911264347706345,0.7651998606767534
Peve,OG_08520,35.55199663322,0.7598149687976641,0.07170209819607697,0.2776523981583704,0.5147938767168172
Peve,OG_08517,5012.303126809303,0.3331618457249631,0.26029033980785954,0.03965163376985309,0.1700822894474892
Peve,OG_08518,111.58385950605529,0.16385593698181622,0.11073217381552825,0.40557004345311976,0.6313102964907777
Peve,OG_08525,110.87864119107525,-0.6867568067512916,-0.30639381123116693,0.07316775484317518,0.24535706651494057
Peve,OG_08522,68.75022682209674,0.63512267825459,0.3216445037563231,0.0639774829184933,0.2249336634988982
Peve,OG_08523,184.55739245072428,0.2623587830664875,0.12895325171258243,0.3688261492982882,0.6010091134447828
Peve,OG_08524,10.452212585229029,-0.4005282149029885,-0.08262600241641041,0.45849409311657235,NA
Peve,OG_08530,95.00183534659885,0.32312534927845954,0.2192064713368989,0.1323546884313894,0.3425499354821179
Peve,OG_08527,10.984192570344247,0.30035719633495594,0.022468849768682124,0.7226801283707784,NA
Peve,OG_08528,111.48072423841279,2.136196984659528,0.17969329562517988,0.014778096885616635,0.09373816992058912
Peve,OG_08533,364.549704252427,-2.4301602647413776,-2.1442031570576,3.4123092360655082e-6,5.34790708166706e-4
Peve,OG_08545,501.73341912354425,-0.1621136362297339,-0.11093233287657707,0.3915859032894643,0.6186440089712026
Peve,OG_08548,48.66301035243603,-0.10681608190048256,-0.041440865974128153,0.7513678600993275,0.8686681157384847
Peve,OG_08549,25.052578165682565,1.297343066228031,0.831779017234434,0.004727751556194223,0.047520907465549
Peve,OG_08550,463.151923197533,0.21414773167382384,0.1371361197498516,0.3243509541728818,0.5608106856641136
Peve,OG_08551,27.29575091382686,-0.34596269672379565,-0.14832892409871556,0.3319670259979572,0.5681700301173754
Peve,OG_08553,23.04006542177991,-0.7314530838644885,-0.08858716571014547,0.28332631083227516,0.5216322374661864
Peve,OG_08552,168.5862236988905,0.045964669244579315,0.03731940317281397,0.7289147887474566,0.8540253553795947
Peve,OG_08534,27.353834894836226,-1.1720434828319364,-0.3388040342033855,0.03589580152801757,0.16010200002367556
Peve,OG_08535,194.93976984639764,0.18286814308307786,0.09712689559228384,0.4878402690348202,0.6927059029836459
Peve,OG_08536,38.28815531501215,0.69579572655609,0.19707618902526275,0.14254668912514795,0.35674079591248775
Peve,OG_08538,153.07299629622145,-0.13222416089056513,-0.08774836105727689,0.4673626572276598,0.6757200081154512
Peve,OG_08539,83.46356693050049,-0.01428076340616816,-0.009660252731603177,0.9547842203095704,0.9788725186632138
Peve,OG_08540,6161.401450545639,-0.814315051013024,-0.4708178522498563,0.020808076368387413,0.11467648332846903
Peve,OG_08541,247.19491977089953,-0.4961086040345285,-0.3403388312807749,0.042642796142405466,0.177951419549259
Peve,OG_08542,1293.0809360425765,-0.1794365917636973,-0.1611544997552863,0.07556140344607638,0.2509271017664385
Peve,OG_08543,259.25406560434254,0.3811140107305502,0.25963889939018536,0.08452774746197925,0.26663866673513786
Peve,OG_08555,50.626710732494125,-0.20536274899731158,-0.04350105579144958,0.6700775079335739,0.8187862265729098
Peve,OG_08556,135.4008488644741,-0.11467540249983342,-0.061616255991379223,0.6484541127811576,0.8054660738899166
Peve,OG_08557,1264.6691385131498,-1.4809289925358324,-0.2507446638400478,0.02374530103298577,0.12419610795289275
Peve,OG_08558,69.53962291380833,0.0024870142562046418,0.0016844104781912413,0.9942502158660175,0.9975237909215489
Peve,OG_08559,57.530599507669635,0.11075409729042601,0.04120305674670791,0.7496993999045192,0.8682229417568514
Peve,OG_08560,47.337343254400395,0.6837195235110305,0.3724434342826518,0.04425043250725405,0.18123644883885018
Peve,OG_08561,389.61482835068796,-0.047938226305179486,-0.03286617374488088,0.8098358718291462,0.9027451876352457
Peve,OG_08562,1324.285926830041,-0.29648570977517835,-0.2158730197225394,0.11836209601628025,0.32065520890896976
Peve,OG_08572,32.46219465681374,-1.2460173317072505,-0.3031271029209572,0.036180572583678836,0.16071347052038798
Peve,OG_08573,67.82920193001051,0.16837859582701026,0.09327041144228694,0.5008964660119575,0.7004884783156717
Peve,OG_08574,25.61141728803836,-0.44185541383575144,-0.08389494203084168,0.42431982566431736,0.6451731332435372
Peve,OG_08575,91.6836374367143,0.38673670360420376,0.18925754755764704,0.202968724235417,0.4340209124542894
Peve,OG_08576,45.452691390995476,-0.04962306447971351,-0.014705236918109576,0.9077690788766309,0.9561120442898222
Peve,OG_08577,98.79520989720909,0.39351936144400673,0.20368225043396979,0.17330095786695388,0.39657755993705457
Peve,OG_08563,158.30870020120747,-0.7088707131573215,-0.44861048860457864,0.02202829818849794,0.11867862489390192
Peve,OG_08564,60.30299794587045,0.23076396252458903,0.08918989936565876,0.5140839018087894,0.70812606517469
Peve,OG_08565,2084.5096905566957,0.1518232240033344,0.11529638186696738,0.35367998424438973,0.5895698293159215
Peve,OG_08566,688.7631678990919,-1.1356948557512723,-0.8283119051792505,0.002679823526800486,0.03370806342578524
Peve,OG_08567,428.592422087292,-0.4870218697798842,-0.3782958449520478,0.015969981836922463,0.09832181746081527
Peve,OG_08568,65.86359336916708,0.28682610719701146,0.12436488870233102,0.37481499198044704,0.6066158081383143
Peve,OG_08571,596.9244231214404,-0.34503389222478437,-0.2863380504120042,0.024625700028731583,0.12735816891980803
Peve,OG_08594,474.1793240275477,0.2892509781904931,0.15082939638190074,0.29380440193778373,0.5317657243910754
Peve,OG_08595,50.08499511881854,0.7102150638205134,0.553454137546476,0.005180156695952165,0.04995134704825642
Peve,OG_08580,4.892815581680571,-1.2762434349222398,-0.08751986549586514,0.17236780913652672,NA
Peve,OG_08581,54.166299460905236,0.196923920835983,0.09746168624680376,0.4865247192968487,0.692103016980763
Peve,OG_08582,1669.5813607538503,-0.088779944954435,-0.062191990901976524,0.6211146269761267,0.7846851124882477
Peve,OG_08583,88.60028446307842,0.3754523605925991,0.2264747748623157,0.14168203403977667,0.35586341421530454
Peve,OG_08584,453.8776287187982,-0.30232860997792776,-0.23655721586010384,0.06867321977635372,0.23544220893621184
Peve,OG_08585,43.5792904302916,0.21200255797912937,0.09202707017609595,0.5015970279247892,0.7006171908197734
Peve,OG_08586,290.64364849526197,0.46736582999316667,0.37563190901253785,0.013028866132097215,0.08681014836473244
Peve,OG_08587,55.659466889139594,-1.0568971899100488,-0.8253172707112026,0.0015677020628923415,0.024346852860279523
Peve,OG_08588,139.52346962096735,-0.20664187037485027,-0.13290743773617358,0.3332563170042453,0.568640779395329
Peve,OG_08589,116.1383567301978,-0.32873592293218973,-0.23286901554850944,0.10585706881837711,0.3028585916189549
Peve,OG_08590,376.63625536905835,0.1933567242496674,0.16245975153732362,0.13046301710968666,0.34001616980553984
Peve,OG_08591,43.368225500599905,0.20731473717733048,0.07026787983687863,0.5888776050921698,0.7635008059969097
Peve,OG_08592,49.01441859056279,0.32232488906357204,0.13049681199056468,0.351926043335386,0.587803682992539
Peve,OG_08593,64.8090001066656,0.10159981656866908,0.07110461708937252,0.5717647078347968,0.7511128719236907
Peve,OG_08597,521.359034405208,-5.574142234660029e-5,1.6538134965401812e-4,0.9997536530388594,0.9998849059800488
Peve,OG_08598,46.55472815922351,0.39297774818528763,0.16258087304911592,0.26483473970416654,0.5029257845517187
Peve,OG_08599,904.4641096981017,0.7039184105398143,0.38660784604530624,0.04330803052491481,0.17930466116239185
Peve,OG_08600,38.71014538967173,0.19224762789683206,0.05536888216785645,0.649690634234307,0.8062215663388851
Peve,OG_08601,652.3972571410235,-0.06399460350636445,-0.05370234485030157,0.5942368769985149,0.7677216045201164
Peve,OG_08602,4.688313257465932,-1.9386223015845845,-0.005964612214529753,0.4860873933993723,NA
Peve,OG_08603,371.6843414414349,0.13845673846212317,0.10250380639366971,0.3913383281162019,0.618532205846118
Peve,OG_08604,194.39048037199152,-0.1656257736658602,-0.0751503376224429,0.567744606817719,0.7484129459659773
Peve,OG_08605,232.2105924488188,0.45282688336712307,0.19554011300381333,0.18192295390063276,0.4078112918353081
Peve,OG_08606,128.8801479448163,-0.7565673495687848,-0.541238731791908,0.008664384310485941,0.06818727239388626
Peve,OG_08607,17.419785655794925,-0.5187267451072191,-0.1114684756786303,0.3269742799495562,NA
Peve,OG_08608,10.299169459518465,0.29916881725904493,0.08421890343168772,0.499460695054687,NA
Peve,OG_08609,78.13666072510621,-0.220150623654565,-0.10317557267720795,0.4552422609080917,0.6664172835507
Peve,OG_08612,16.4273428056604,-0.06697916022445422,-0.014788505047223061,0.8857062842825447,NA
Peve,OG_08610,23.84781726017453,-0.1416521507408623,-0.03323889948768812,0.7610414443556422,0.8750938894968929
Peve,OG_08611,42.44902422071087,-0.898778877850746,-0.16595479440604832,0.10852643477648355,0.3070784760259153
Peve,OG_08613,760.9933910231753,-0.41430522105570333,-0.16195234065928105,0.2457013284145595,0.4825348594643244
Peve,OG_08614,540.0293685080778,-1.5701828729576237,-1.284232411109574,2.3554837657092999e-4,0.007539527448392205
Peve,OG_08615,207.7010343625881,0.3196326549917197,0.11630285199408182,0.39115602292734436,0.618532205846118
Peve,OG_08616,18.7808617846623,0.28412535346472284,0.020976530570436493,0.7387162298231258,NA
Peve,OG_08617,122.52286928903189,0.20690135186472225,0.12018820324329439,0.38935131143020957,0.6178042679598702
Peve,OG_08618,60.549652208157674,0.8743026560966255,0.6918560299741605,0.0020040071740996257,0.028167023343710237
Peve,OG_08619,150.87585441569948,0.5122944162621947,0.3121547212210353,0.06415723212829906,0.22543809702646783
Peve,OG_08620,10.80873256610446,0.1034598725868526,0.015930320033511632,0.8629408120461306,NA
Peve,OG_08621,57.694929273451564,-0.7829304949600429,-0.4857782496371602,0.02185380560389177,0.11813210465273806
Peve,OG_08622,1183.9112174468312,0.755326483274394,0.5095498393012251,0.013181132278945264,0.08731640495739568
Peve,OG_08623,457.98849947913845,0.162723906503132,0.09465706378322619,0.5036061599445207,0.7020076352163511
Peve,OG_08627,140.4690425476194,0.5629419320889677,0.4047392068262524,0.01991357675384452,0.11184802838227985
Peve,OG_08631,33.89121702611892,-0.14002104248768052,-0.07110862640640454,0.6048031256752007,0.7736567497744516
Peve,OG_08628,359.53746597398384,0.27488638112987496,0.23427971181998994,0.04056213056196723,0.1722420906471942
Peve,OG_08629,24.38328883010716,-0.1273289917567694,-0.02476628972940663,0.8030907727616501,0.8989047174402366
Peve,OG_08630,20.252488413001377,-0.08799531009785631,-0.03264693296416658,0.7978138671592547,NA
Peve,OG_08624,37.531256779383895,0.5679561739861289,0.08629141494809264,0.3694621119085042,0.6016593348693854
Peve,OG_08625,16.73206659314419,-1.40318694405456,-0.11784797343326775,0.10138540004602266,NA
Peve,OG_08626,71.91075207553685,-0.14037421183131457,-0.07031644401052056,0.6118688677467676,0.7789466969409885
Peve,OG_08633,25.371342789576563,0.7098637755951283,0.06323995719811704,0.365317120460954,0.5979771860059191
Peve,OG_08634,37.186325877426185,0.2451444655291787,0.06374809591336017,0.5742082639530182,0.7527917511524965
Peve,OG_08635,8.851629029062702,-1.850354659961184,-0.18311478502904407,0.03371347673728358,NA
Peve,OG_08636,196.8705493177724,1.331689116346315,0.3351958981999381,0.016803430285109493,0.10103277972530711
Peve,OG_08637,116.37432373404346,-0.6003739679916885,-0.40448999031833865,0.024986190247568027,0.12861134953106299
Peve,OG_08638,12.513286494571169,-0.862004858629543,-0.1500726908354922,0.15560172309095946,NA
Peve,OG_08639,3715.56585490868,0.7186380166458902,0.5010628393955557,0.013049102496851749,0.08681014836473244
Peve,OG_08640,29.19677770886161,-0.29626764831562435,-0.11938766977878439,0.391057888516031,0.618532205846118
Peve,OG_08641,140.04915253829097,-0.6973436391306277,-0.2549070499087485,0.08809949280036437,0.2742713265848696
Peve,OG_08642,583.9451352972569,-0.7691330189197256,-0.5750530310760421,0.006053366087960615,0.0548329879406468
Peve,OG_08643,49.22313248377079,0.11604284194673806,0.04781512016955663,0.7243293892538527,0.8522416893829383
Peve,OG_08644,227.75298981525347,0.03937180834079886,0.022877863177485896,0.8655131126293463,0.9356346165968245
Peve,OG_08645,322.3880571811073,0.37456822206848256,0.12047473390151012,0.3472098548213018,0.5829941974936471
Peve,OG_08646,96.14055752566979,-0.29176065896128506,-0.18171019881092476,0.20653219630483494,0.4377746999026802
Peve,OG_08647,11562.64615687629,0.6050637073292573,0.5319948167591612,4.3104697674832884e-4,0.010730124870358158
Peve,OG_08648,533.285920950672,-0.07894989225364435,-0.06561942428289737,0.5397422573666344,0.7286472650396989
Peve,OG_08649,59.38538204541511,-0.12756135615118366,-0.08099464400892722,0.5496098005432182,0.7353227011833924
Peve,OG_08654,11.61488930854332,0.7636080337167459,0.051059011863902645,0.39230306027388334,NA
Peve,OG_08655,63.97519530747529,0.6077310883628161,0.32708599797672183,0.06343820006827922,0.2238859312834773
Peve,OG_08650,52.97612451485044,-1.137388022306065,-0.4363307210370948,0.020149155230559976,0.11236915413353286
Peve,OG_08651,192.00484108394573,-0.19858018548516396,-0.15111268287165472,0.2253767137717084,0.4617689791254287
Peve,OG_08652,20.786316132567162,0.5339229137296242,0.07941296251986632,0.40166603010516255,NA
Peve,OG_08653,69.97937687235552,-0.2537776008028934,-0.09932903937991824,0.4565024816152258,0.6677106090261494
Peve,OG_08656,577.3594994948435,0.35073708672131615,0.3013076976846077,0.012688480542040683,0.08531407305319146
Peve,OG_08657,336.210937085946,-0.2874368196998773,-0.1508110828766758,0.2916321209862843,0.5299493859751256
Peve,OG_08658,203.28899609413,-0.3359957439586431,-0.20564578403249031,0.1809890761342275,0.40695831817902745
Peve,OG_08660,127.58849092823742,0.1285039460974741,0.05861323628871656,0.6697838776972138,0.8187862265729098
Peve,OG_08661,325.34479698464514,0.373612170754732,0.07728794004757694,0.4550572380549339,0.6662744646362649
Peve,OG_08662,52.78716925954993,-0.48841421589917017,-0.3317984959949788,0.047632794103134105,0.18988311118664344
Peve,OG_08664,18.0903693207543,-0.48822792836610884,-0.11945666682358792,0.31201915637062927,NA
Peve,OG_08663,13.763921435376307,-1.0921963064186053,-0.15014649283523876,0.12099362645812592,NA
Peve,OG_08665,90.76169651383461,0.08030787074245187,0.053311657387305714,0.7668639083699209,0.8781450405305424
Peve,OG_08666,9.368915351902567,-0.2451092048459524,-0.036407292294095506,0.6933631979417989,NA
Peve,OG_08667,294.6495127872079,-0.24116459385112207,-0.1305129352185643,0.35782455116162454,0.5922288677110696
Peve,OG_08669,30.10537138076907,0.29667988715808385,0.08472246453664334,0.4925312688218064,0.6965107120632117
Peve,OG_08670,27.274820601321213,0.7394095501159377,0.21246944691480613,0.11843641823357177,0.32074249346013145
Peve,OG_08671,47.2212429225966,-0.05816947510242976,-0.02244933889713218,0.8690612422131714,0.9381477317812016
Peve,OG_08672,7.075704374612666,0.5980477485810748,0.053843373889682446,0.47393131578819064,NA
Peve,OG_08673,4176.5756740659335,0.29694096670983267,0.24083101783756847,0.056462139961643204,0.20880028263485337
Peve,OG_08674,104.48206044533475,0.9934293456990346,0.7953887377398637,0.0011391002787852732,0.019721968008605022
Peve,OG_08675,25.457305414100897,-0.1734297799949161,-0.06276765649847886,0.6288005427750585,0.7908539763679041
Peve,OG_08676,660.2928804608322,0.15997196122094975,0.12024482819565134,0.3376187262882231,0.5733121629961225
Peve,OG_08677,74.59098590746059,-0.3735626046502956,-0.15443969021005513,0.2782290077461719,0.5154521601124236
Peve,OG_08678,660.263241107136,-1.3199882591332435,-1.093009909698406,1.8363910795365614e-4,0.006340257379294265
Peve,OG_08679,175.08398957452104,-0.035044523920665795,-0.01847478207372865,0.8905030638249527,0.9465400223550284
Peve,OG_08680,199.96879129542023,0.5188364373812938,0.41132328065916335,0.00993559813716778,0.07416548936960193
Peve,OG_08684,22.734912297554914,-0.7813387040647475,-0.40305832368761935,0.03689490969817532,0.16255952694083262
Peve,OG_08682,19.66397269416099,-0.13875626548963743,-0.02774478959087731,0.7892137202743581,NA
Peve,OG_08683,63.65471039646564,0.15646525951430637,0.061495116369786315,0.649657928421985,0.8062215663388851
Peve,OG_08685,378.4665071778267,0.02309196610564543,0.013858448627266583,0.9190445051275256,0.9624044505140082
Peve,OG_08686,9.56034738250294,-0.3446938802527952,-0.026980348676679953,0.6809044820833376,NA
Peve,OG_08687,24.441288363203313,0.7881857535775789,0.1742723545522778,0.13725572915236506,0.35028949570610285
Peve,OG_08704,28.249566654011048,0.5545099647508612,0.0786775884145989,0.3709614474133877,0.6025335461924985
Peve,OG_08705,32.96752425629931,-0.38611454355266184,-0.05410108516133044,0.5323876793463342,0.722817562156545
Peve,OG_08706,139.48217317242285,0.562049948365697,0.3290073869766958,0.059453203070390294,0.21557091908150083
Peve,OG_08708,30.724381308164208,0.28049064011210567,0.08760222891054603,0.4951104919639401,0.6978264066200363
Peve,OG_08707,236.36137984008997,0.38566772418549844,0.32120408370074316,0.016493042709381924,0.0996738906316119
Peve,OG_08688,34.659323915466146,0.13962411696235158,0.02200103741908671,0.8160241413172826,0.9063233574216443
Peve,OG_08689,67.10769040929002,-0.7156380914204878,-0.3432719876668901,0.050382651290773045,0.19619127787804502
Peve,OG_08690,16.03215512715473,-0.09086595770395077,-0.02762812391996513,0.8144424296953237,NA
Peve,OG_08691,32.28899223170214,-0.5984668976300546,-0.33468892149644563,0.06019614512669802,0.21702519336260553
Peve,OG_08692,231.14165080369722,-1.5109571665067865,-1.1124484406437092,0.0010091409660981238,0.01829849314108489
Peve,OG_08693,58.38721438072494,0.3795721800848662,0.023148374276537875,0.7018519969606409,0.8390942424429005
Peve,OG_08694,160.90579451379892,0.2852029577650406,0.22599049403771682,0.0883571157088342,0.27462444205218234
Peve,OG_08695,257.91752505231875,-0.13503081321823204,-0.09057167384201278,0.4802045709714382,0.6860837249925762
Peve,OG_08696,13.259303282006274,0.40987944800334725,0.10306915463121387,0.38472208504846517,NA
Peve,OG_08697,58.05174559104237,0.1945205340352695,0.0849077193006654,0.5106272315767619,0.7055623650849889
Peve,OG_08698,47.659345609391266,0.0639315855322715,0.014842455637137769,0.8943053400382134,0.9487283220179793
Peve,OG_08699,15.072921006401748,0.5293725678794252,0.09739094971513047,0.3694062875326578,NA
Peve,OG_08701,13.17320377246713,0.08085538643033262,0.008740908515316573,0.9131816406671163,NA
Peve,OG_08702,11.362455473327833,2.0977386191194825,0.20313363171710513,0.011369313764758962,NA
Peve,OG_08703,127.06546833533282,0.7087627913582711,0.37565867167500355,0.0427018942155705,0.1779529789587184
Peve,OG_08709,13474.68862111874,0.28444779711610807,0.21857164727383602,0.09930781480273433,0.29273369138525424
Peve,OG_08713,492.78072083980794,-0.6752967484291993,-0.4471244581878289,0.02240951865279277,0.11951396242143951
Peve,OG_08714,189.45580321858213,0.6945699170538183,0.4107905074391901,0.03383193753399351,0.15460809846068538
Peve,OG_08715,20.05390791002188,0.717591651257174,0.13034549389178002,0.21252440157327818,NA
Peve,OG_08710,19.750856957342044,1.3331827318252407,0.29061131003415974,0.03133509935804831,NA
Peve,OG_08711,278.63510446325535,-0.43601425935406835,-0.2201132147799488,0.15388245149573468,0.370856221288993
Peve,OG_08712,1058.0905000752819,0.20514583885865523,0.14328384660625365,0.28732189022324645,0.5255265689605502
Peve,OG_08716,2260.231447516727,-0.2712039035735519,-0.20788357470218047,0.10981412957601007,0.3086952173837803
Peve,OG_08718,30.789205833703466,1.8709080962027447,0.45226905794460165,0.006238711291912534,0.05597542971269332
Peve,OG_08717,25.61725261313875,0.4652692146648492,0.14555272719706208,0.2696196483330559,0.5071512298768444
Peve,OG_08719,176.754240617218,-0.36262914384951644,-0.24748253997391614,0.09524493585919132,0.2856598115650864
Peve,OG_08720,105.25295010080713,-0.7667172688948418,-0.3330282034107058,0.0548522883845605,0.20537866856278514
Peve,OG_08721,2659.308605838067,-0.1555973868765376,-0.059871472802724215,0.6472047393798296,0.8047014370157568
Peve,OG_08722,138.43882485101537,-0.23935665721860283,-0.0991618636134441,0.4698431329477539,0.6771216395754803
Peve,OG_08723,15.66060720770643,-0.24361031456876195,-0.05834753200751404,0.6072096058526228,NA
Peve,OG_08724,74.29685539395282,0.1717277348636624,0.06726021787901777,0.609449749566737,0.7770356807028289
Peve,OG_08725,19.59976764864003,0.5404193083950299,0.08303767629300411,0.38853594201474867,NA
Peve,OG_08726,327.6689234393463,0.618516946427449,0.19876998419290423,0.15355819108204036,0.3704143843959186
Peve,OG_08728,17.06871939032431,1.1083010219172487,0.24317303960579345,0.05665240979007886,NA
Peve,OG_08727,117.40203711940043,-0.9562155404568266,-0.8507538734308765,3.68132920733962e-5,0.002280029748090506
Peve,OG_08729,79.71146365176345,0.40873528694542743,0.22353713456901841,0.14942328354599307,0.3670265055434166
Peve,OG_08730,36.733159254682306,0.668072806663019,0.3374832779767294,0.0581807714666867,0.21278018100490606
Peve,OG_08733,91.62196763825607,0.15099807795924833,0.09107782647696085,0.5072744796406895,0.7040630049120377
Peve,OG_08735,13.542953240563298,-0.8792954314297188,-0.2598991922346842,0.08056316955851649,NA
Peve,OG_08737,24.4328881986432,-0.3360669622541431,-0.08517773206949712,0.4708017504044536,0.6781183086748208
Peve,OG_08738,9.460826680758322,-0.2474282976093049,-0.04982099458920523,0.6421356689127817,NA
Peve,OG_08736,155.09198925485015,-0.09518603952217598,-0.054014433720562395,0.6894120983978151,0.8316975315276914
Peve,OG_08739,125.98727594866372,0.41636144592250957,0.2560776956249585,0.10791335701930944,0.305948624403833
Peve,OG_08740,32.211621354481366,-0.7614757912481743,-0.2913987311476447,0.06987177854174394,0.23758003333590075
Peve,OG_08741,88.50063091663515,0.07249498618582005,0.03930732711718879,0.770612599530547,0.8802709226606248
Peve,OG_08743,27.13513110857009,0.749400267340344,0.13432489453119972,0.18769797169105243,0.41530152435156475
Peve,OG_08744,102.96252752785581,-0.35839374647218414,-0.12362548745020145,0.356601107323239,0.5918103079060859
Peve,OG_08745,28.48414293983172,-0.2922155382812641,-0.11986557886946865,0.392754334042297,0.6192058188605585
Peve,OG_08746,21.907847260868756,-0.5234495222713728,-0.17762558440234497,0.20346540570406266,NA
Peve,OG_08747,34.89477675615276,0.24726570345445942,0.036717252952826775,0.6523267082333349,0.8071178923699116
Peve,OG_08749,81.11248144513074,0.23271246298249076,0.1268267371829905,0.3682633188917056,0.6009841008761962
Peve,OG_08748,81.83865966394809,0.38095108562036994,0.24120868829512113,0.12025257890013152,0.3237046452513081
Peve,OG_08750,138.81714756370434,-0.2841772442521009,-0.15940180067890347,0.2789176584948428,0.5162280666699982
Peve,OG_08751,653.9240690533094,-0.25849918019804113,-0.15838841132943604,0.27204397851539786,0.509540085127956
Peve,OG_08754,143.1450228342892,-0.11905783805673796,-0.07406641094706093,0.5786872996693369,0.7558120321543847
Peve,OG_08756,14.020874235041976,-0.4299707570791047,-0.08883425517290987,0.42197057098916685,NA
Peve,OG_08757,184.60295502870065,0.3023670413790925,0.20423409845146262,0.1586534440856541,0.37675247414105767
Peve,OG_08755,1246.815962538632,-0.45411112928449515,-0.4063727423502029,8.082786259445457e-4,0.016134602842067105
Peve,OG_08759,11.939475812214376,-0.8207917730768147,-0.07317624784259788,0.29726303605163573,NA
Peve,OG_08760,307.2635690684351,-0.14663355297987388,-0.09522661889260978,0.48542589190637253,0.6910810025308813
Peve,OG_08761,301.2891240521514,-0.02314226204968477,-0.016618265365911822,0.9220987018288714,0.963234939887049
Peve,OG_08762,374.43639608358853,-0.6424245331799874,-0.5706233544892858,1.9037801484161904e-4,0.006445568252219177
Peve,OG_08763,15.357887800396073,-0.16990003077537721,-0.057359144225074335,0.6608151261528135,NA
Peve,OG_08764,242.72968184988244,-0.32386137785544294,-0.2420128553133555,0.0827065127793787,0.26354050211910685
Peve,OG_08768,37.528593883010835,-0.43270843110728496,-0.17053060899220937,0.23269065154735352,0.46771434920520827
Peve,OG_08765,126.84989435261696,0.2728727091360144,0.10553503897813264,0.42798285193401836,0.6480567215331648
Peve,OG_08766,194.34936028294024,-1.284425905088307,-1.0306218520768795,4.819565874515296e-4,0.011623295230808873
Peve,OG_08767,93.47614462660955,0.07859205495560098,0.03699072684718925,0.7929524125253347,0.8926720080712279
Peve,OG_08771,52.738148513684564,0.2561349286151793,0.09370850031214903,0.49182716696168954,0.6962318778972083
Peve,OG_08772,25.921076128002664,0.5800367275372675,0.19070370882133703,0.17768579059500236,0.4030355608425367
Peve,OG_08769,39.58567888991969,-0.47079408786484056,-0.27860780653131295,0.09241668849471965,0.2814195630518905
Peve,OG_08770,42.51162297663665,0.45921960005795076,0.14160998549309226,0.2739159674802148,0.5121973098341376
Peve,OG_08773,4713.9098804262785,-0.02395146000619933,-0.01845537879206149,0.8696259202462402,0.9383812701842076
Peve,OG_08775,61.14857508796749,0.6676490211777619,0.2935037247951773,0.0775212082689297,0.2533649538530721
Peve,OG_08774,160.58942699530027,-0.3928686079131821,-0.20767249843663776,0.17570897609850122,0.39968676617449456
Peve,OG_08776,12.348865631752018,-1.0139434629325192,-0.17783823453423775,0.11057479659657361,NA
Peve,OG_08780,33.60466155505113,0.974892192592298,0.42017768135893463,0.026420995343074793,0.13303049737180686
Peve,OG_08777,42.074987881627386,-0.18763064326074658,-0.06876952636626699,0.5983923700759299,0.7710678408725362
Peve,OG_08779,206.35123397358086,0.6066929372674457,0.06791264372479916,0.4247181854302536,0.6451731332435372
Peve,OG_08786,173.5489006268053,0.04569413829767613,0.0198534765862774,0.8829990649412648,0.9438299662467626
Peve,OG_08781,1689.3244759602765,0.42442540277207025,0.20935925486354748,0.17311029334001618,0.3962602808486308
Peve,OG_08782,31.373601474777573,0.5846162026267103,0.31149425589549384,0.07013537699256481,0.2379916712380217
Peve,OG_08783,145.4444964589524,0.04222744132221088,0.01951476293685929,0.8816457078959534,0.9426494038949296
Peve,OG_08784,70.21447209404768,0.5398580945402469,0.2967534537559721,0.07797616596558046,0.2538557403101675
Peve,OG_08785,486.42860728530815,-0.41986195386015734,-0.36587689452708766,0.004180130215827871,0.0441577876564746
Peve,OG_08800,218.12456830618285,-0.18240755306595235,-0.10202329435514501,0.46643000860586087,0.6750121211169164
Peve,OG_08787,66.01797785520738,-0.5774454298461899,-0.3185618958164513,0.06615560508943652,0.23022996782609748
Peve,OG_08788,18.358663643303323,0.3908109153399233,0.04580203054779138,0.5711177595977501,NA
Peve,OG_08789,147.4156046570379,-0.14026033317200423,-0.0824500016433279,0.5478118125593232,0.7342066129621612
Peve,OG_08790,23.643386982851034,-0.13309253455870193,-0.03125327232439483,0.775423823376087,0.8831891538825264
Peve,OG_08791,13.084778159896157,1.017833974209514,0.24174481789726407,0.07047094606516696,NA
Peve,OG_08792,94.48505148235216,0.3478946067051748,0.17102613671043446,0.24463824267672404,0.48131563344816214
Peve,OG_08793,119.96268112306116,-0.5522710775395182,-0.2688736845273359,0.0997501472295829,0.2936018499064503
Peve,OG_08795,2983.151832679893,0.3502928538399343,0.273961100394028,0.04783762075693649,0.1903987670255626
Peve,OG_08796,8.057003906448626,1.582555843760887,0.0715014197804628,0.10721465303009534,NA
Peve,OG_08797,91.11295769876824,-1.307770630324237,-1.145149502944133,3.0415181792330453e-5,0.002068775490124762
Peve,OG_08798,304.9326714986192,0.32455722241759905,0.23671237731946987,0.09344520767466219,0.28282304015318893
Peve,OG_08799,27.54424741341746,-0.470767345483264,-0.07457542495329816,0.47040020850036934,0.6776680764666819
Peve,OG_08815,376.6788806096823,1.8676787732967421,1.5654618743900046,3.5215555053704266e-5,0.002235600819992659
Peve,OG_08816,198.11292886568268,-1.15219556588454,-0.9609547232515686,2.559427338710243e-4,0.00783040862100186
Peve,OG_08820,62.74302320453633,-0.04530731360424001,-0.01582182604044573,0.8962620176989569,0.9498781372886274
Peve,OG_08817,78.80407397257912,-0.18565730827043272,-0.06976792532731937,0.5997480538388859,0.7715703833124632
Peve,OG_08818,55.33601109590983,0.702640021412499,0.4836816185825743,0.01567257741800173,0.09730537471095126
Peve,OG_08819,61.64806081764129,0.3106315314749696,0.13844133094467906,0.324709174582211,0.5611693493573692
Peve,OG_08801,45.88098445411936,0.9783017183542553,0.8522722892257634,1.1597215512690425e-4,0.004721015645885912
Peve,OG_08802,20.95620464551738,0.4008105968512151,0.1470170921750215,0.28687660281869115,NA
Peve,OG_08803,76.91788745090528,0.6563473477262977,0.44526922032942245,0.01970248058787684,0.11159367815497827
Peve,OG_08804,6.6527363923853295,-0.34256579970273815,-0.029653886927318795,0.6838856955079087,NA
Peve,OG_08805,16.087165343082233,0.37758527260979696,0.05813871776807669,0.5420484017767903,NA
Peve,OG_08806,141.45963067961577,0.3683884498846013,0.16770439659896094,0.2511151007649776,0.48900686033425345
Peve,OG_08807,29.58022873505419,0.05788267994912432,0.024567456831276112,0.8566087403282977,0.931303751080487
Peve,OG_08808,651.2738335673066,0.09663116410359465,0.03158523481091863,0.7996167083371265,0.8964650602078336
Peve,OG_08809,63.339812973724555,0.8452036790917223,0.6284605421659498,0.005215516593704179,0.05004005719249173
Peve,OG_08810,33.36575300902185,0.20100981038659552,0.06849462497861111,0.5940967531416825,0.7677216045201164
Peve,OG_08813,60.45392950376065,0.8433686830926722,0.23350928521412334,0.0781347243155549,0.2541547095798024
Peve,OG_08814,38.53269514314872,0.528534385518331,0.2472308307272811,0.12105247139210651,0.3247104672764322
Peve,OG_08821,125.15843957564297,-1.0066792128119257,-0.8540586090517305,2.5918708009238143e-4,0.007897948704575048
Peve,OG_08822,33.54555892906312,-0.22553345207021913,-0.09635649275317007,0.4818779758615498,0.6880874264504754
Peve,OG_08824,25.01801284331215,0.014599317485344685,0.002680124131748403,0.9785941963812373,0.9896363451522986
Peve,OG_08825,9.468478377565537,0.2580843647689241,0.0552575320731138,0.6174964290557337,NA
Peve,OG_08826,155.32801883168614,0.14622474215976597,0.0939005171795469,0.48397095540398255,0.6899121890470694
Peve,OG_08827,100.15731482026614,-0.7729739955607251,-0.464242178218311,0.023891141566880984,0.12483039537482808
Peve,OG_08828,9.236328447349852,0.06892711261036155,0.0036151237193496892,0.9464607768767417,NA
Peve,OG_08829,501.99350735993863,-0.35223613886580596,-0.22307764637255348,0.13237949725116238,0.3425499354821179
Peve,OG_08830,242.4880478701649,0.6505293822768137,0.3754714822056488,0.039447057241022605,0.16939553667537216
Peve,OG_08831,40.481971106185185,0.4551926669044537,0.2078674323539165,0.17242546353650323,0.39516762371272013
Peve,OG_08835,74.59207039089118,0.1699738740183952,0.05750152924155645,0.6506627876732618,0.8065669612724401
Peve,OG_08833,41.3556285195993,0.2257249697584755,0.07693300211158609,0.5476773607317524,0.7341555752339416
Peve,OG_08834,2649.3594491614017,0.1050349487200712,0.07297171960268783,0.49188690131531115,0.6962318778972083
Peve,OG_08836,10.197555235827767,-0.5681632893698727,-0.04381830298792853,0.5076788500147256,NA
Peve,OG_08837,51.67323335460055,-0.22109872664812497,-0.09802875940508882,0.4730467053071097,0.6804512464179686
Peve,OG_08838,249.04972561412774,0.5658224047940247,0.43467051458966094,0.012597231939362083,0.0850938149274743
Peve,OG_08843,39.77570389222203,0.6847282444443318,0.5038644670636498,0.0099621639934756,0.07418549882922494
Peve,OG_08844,82.75035368682377,-1.0308294750221256,-0.8102453672773748,0.0017111124230610253,0.025509304185672977
Peve,OG_08840,515.0743635668175,1.336859943078237,1.1098792006955704,1.6481214270187386e-4,0.005894548840858568
Peve,OG_08841,9.635881738745821,0.7266390119168105,0.14303651555114655,0.19436306786354807,NA
Peve,OG_08842,539.2055631063217,-0.6215900854767856,-0.08703700163170479,0.33996167765056606,0.575133924126585
Peve,OG_08845,50.9527951530745,-0.3912885690050951,-0.2158663164636777,0.1617521984338095,0.38161295994696837
Peve,OG_08846,453.66616926120275,0.14990669311820576,0.12359542615147953,0.2618362866391176,0.4999163919445175
Peve,OG_08850,640.06179347703835,0.01231679070694093,0.010426774322474597,0.9136037737703832,0.9590351062775961
Peve,OG_08851,38.33134273791188,-0.09560032835199397,-0.04572004851483468,0.7261131834023109,0.8524033619480467
Peve,OG_08853,127.4614334921935,-0.22643547517878787,-0.10975508645677762,0.44456367953595166,0.6584233651046842
Peve,OG_08852,1802.0310848670615,-0.061748771184048194,-0.03702509474375714,0.7769081713146624,0.8838754928207019
Peve,OG_08854,154.55039396150403,0.18007256597879023,0.07391210222778627,0.5777732356705023,0.7552298447405381
Peve,OG_08855,12.831126901799266,0.41917280692928144,0.17164884301138195,0.24705865036993344,NA
Peve,OG_08856,480.6878426642715,0.4743825021450912,0.36705857523968843,0.020477187620435388,0.11361632577747763
Peve,OG_08858,6.151178387054408,-0.8115275383581994,-0.05182844189086718,0.38599467045465824,NA
Peve,OG_08860,143.19199882260963,-0.6984155041443911,-0.25196770302157584,0.0932357491653981,0.2827649417696751
Peve,OG_08861,600.530951610899,-0.9935692648470342,-0.9095092543641702,2.132097366927779e-6,4.0699248903087326e-4
Peve,OG_08859,1471.1850234079266,-0.7074502180546631,-0.3086313459609714,0.058108111921887515,0.21278018100490606
Peve,OG_08862,134.11564501139736,0.45625644003165433,0.3336107013790996,0.03606192041339947,0.16044687629738852
Peve,OG_08863,42.09239401722616,-0.02385595198101553,-0.012044596921191902,0.9387007684131926,0.9716851889373813
Peve,OG_08864,307.11613379343436,-0.8684485666387319,-0.7047106430185999,0.0012085304389177242,0.02050464339348602
Peve,OG_08865,58.77944256613637,-0.09013167294077501,-0.04633787814213036,0.7208319545587012,0.8500681326715
Peve,OG_08866,270.9418383692777,-0.1952092772500956,-0.16247282560591209,0.13653663665269813,0.34947141700621287
Peve,OG_08867,117.10993835152735,-0.8898364376701084,-0.632637483140502,0.0060813150217105235,0.05489035288553409
Peve,OG_08869,95.68285334550853,-0.550364044374209,-0.4390448447139418,0.00839313445014741,0.06685010185827951
Peve,OG_08870,86.71893869043068,0.5872635412360296,0.39229890966750275,0.029893941567917325,0.14304776813090087
Peve,OG_08871,137.54172508249277,0.1155253585976853,0.05765188251059867,0.6758112632189542,0.8229428074171984
Peve,OG_08872,359.1172165616258,-0.2876683892634315,-0.21567265682346487,0.11303376265155463,0.31153806218507346
Peve,OG_08873,227.52530124463016,0.3817355019215073,0.29431604198776024,0.03982509625052848,0.17060286128364846
Peve,OG_08874,62.13985433894186,-0.05305507749261088,-0.03165902197522855,0.8108217356644672,0.903425037398341
Peve,OG_08875,84.79388354783597,0.2627296259622474,0.1672966773969023,0.23302354443154524,0.4679619866815555
Peve,OG_08876,74.83506292442172,0.39018863030384965,0.27633033294294923,0.06929742651697947,0.23677430095674917
Peve,OG_08877,364.82070016204034,0.1300284538654722,0.09751954797587399,0.42490198688970865,0.6453156571223686
Peve,OG_08881,10.862934491416866,-0.38814480903375104,-0.06928930868596407,0.4908005120292882,NA
Peve,OG_08878,2189.7938233058435,0.3837717285026672,0.19818634466428936,0.19231963569782606,0.42124525150834935
Peve,OG_08879,276.6790394365776,-0.884890633547416,-0.6463900284778162,0.005376884606006199,0.051010095801438636
Peve,OG_08880,1024.3717167477967,-0.12343431692338325,-0.09247856642405639,0.4558580263007317,0.6670623212368372
Peve,OG_08882,441.8177980629655,-0.3141250386631756,-0.2363516296396944,0.08250632622262644,0.2630946811067259
Peve,OG_08883,97.73076486069726,-0.41726426684513496,-0.2648029660765139,0.09112654786432425,0.2798786778762523
Peve,OG_08884,208.14603806082147,0.9246807017839856,0.7395397313341748,9.23281174073523e-4,0.01749640792062711
Peve,OG_08885,70.39565032485456,0.3233426901589239,0.14675250803348094,0.30520150487687825,0.5424696836565699
Peve,OG_08886,512.1703233832092,0.7192650710659652,0.5086139303199777,0.010428501434241493,0.07624215347989606
Peve,OG_08888,288.30387693876776,-0.40070651521344125,-0.30836665393570867,0.03459805632538862,0.1563273980348817
Peve,OG_08889,103.56376601677876,-1.1271662142332202,-0.9618886867205091,1.5852224122814306e-4,0.0057780977687846595
Peve,OG_08890,253.22763350872077,0.5507811137464758,0.43346826427717006,0.010070383899720696,0.07469930335742186
Peve,OG_08891,139.886513300125,0.25891813200025743,0.18257642771515148,0.18394598076994748,0.4105524209783718
Peve,OG_08892,71.1249983286773,0.020100497765679463,0.01000064279931649,0.9448449879726086,0.9743913792304497
Peve,OG_08893,316.28629171434596,-0.34704263467237173,-0.23134347126877794,0.1217399667411708,0.3260403378896618
Peve,OG_08894,32.540876852409355,0.5297683975489926,0.2775961638078753,0.09388395398652893,0.2837001037165321
Peve,OG_08895,579.5030170713353,-0.1601486895042529,-0.13181921085794637,0.24126928937741082,0.4770281459841982
Peve,OG_08896,486.6102459307887,-0.20565238791006343,-0.13753483675572964,0.2998619148114659,0.5376201616930448
Peve,OG_08897,59.819972967289026,0.5908288393620051,0.3822021580556442,0.036477064434489115,0.16137182163875616
Peve,OG_08898,4010.852353227953,0.9099223625971705,0.6970356618900058,0.002989109969231629,0.03581245560606927
Peve,OG_08899,18.422762550218454,0.11077030130308425,0.006406080261300334,0.906745561589812,NA
Peve,OG_08900,63.144303812031254,-0.3459362491322976,-0.2548451158187627,0.076692573514126,0.25243070115934835
Peve,OG_08901,370.4096873777998,-0.2698453311960168,-0.19546828996323407,0.1688661116388602,0.39029794856336075
Peve,OG_08910,104.16222269599469,-0.16377575059549676,-0.07717810932303189,0.5651833310839864,0.7469754712348732
Peve,OG_08911,63.60310618473482,-0.2694337160794931,-0.03478084785173521,0.7102276592019123,0.8433948476534371
Peve,OG_08912,457.4425965500648,-0.22340269493473,-0.15553400756076863,0.24675063887711204,0.4839717731631925
Peve,OG_08902,428.14741200218344,-0.36437323340821465,-0.24745314087735695,0.09913025683991032,0.29249042223331234
Peve,OG_08903,209.79578206703243,-0.04747535651862327,-0.02745884176795225,0.8407377861708085,0.9217946129204115
Peve,OG_08904,8.053353218602018,0.3687510665146037,0.025465077715160198,0.6781287025516272,NA
Peve,OG_08905,502.7574739805796,-0.07874179994186954,-0.04590935527987964,0.7426466690337019,0.8637377594959911
Peve,OG_08906,66.94279525163633,0.05115469445336201,0.01721853965986642,0.9011554074050884,0.9530213979443157
Peve,OG_08907,180.78208362506973,-0.5397608934519802,-0.13307189097120609,0.25002399736408704,0.48800481986154626
Peve,OG_08908,1158.0210993659982,0.133406046221514,0.1081949345774497,0.33113503312958636,0.567440208150648
Peve,OG_08909,6961.7420700417115,-0.1244418277154131,-0.04347754555532222,0.7260414899230231,0.8524033619480467
Peve,OG_08915,53.716714870349065,0.008797926998061761,2.936962636532443e-4,0.9812221021727728,0.9911097818021989
Peve,OG_08916,66.28448853612265,-0.16281978412745252,-0.07262390314218839,0.5964168184209423,0.7694528776645694
Peve,OG_08913,40.901978278653566,-0.3266578108484023,-0.18283534699178006,0.21671728321233064,0.45083349631663977
Peve,OG_08914,27.477551161978873,-0.5575246007294035,-0.12916209793576497,0.26689462568047895,0.5052691994120002
Peve,OG_08917,118.1573324647961,-0.053755919139372214,-0.0312581587223531,0.8243519234000705,0.9118502907596538
Peve,OG_08918,6.995384090157439,1.2562913680721304,0.1595001467738512,0.07240967534185848,NA
Peve,OG_08919,501.18435366439024,-0.7882230748417888,-0.5198062663231445,0.013494249502309206,0.08819768762412136
Peve,OG_08920,993.8810952833102,-0.4363230168570609,-0.3973400900256607,3.535225105605608e-4,0.009351161407813722
Peve,OG_08921,213.25057591011338,0.005914988803417824,0.003669640084057654,0.9795142601739386,0.9901724567416487
Peve,OG_08922,696.2186276759131,0.23768208154667175,0.1462808717329321,0.30171312048581045,0.5394157596481821
Peve,OG_08925,26.867090732119106,-0.2508031501117721,-0.040447004376491805,0.6674670386560679,0.8170528499034717
Peve,OG_08926,46.93932677201392,1.2280408807143273,0.6533837278948575,0.01157360633202532,0.081036519335817
Peve,OG_08924,130.74965213795562,-0.10913245700714107,-0.07062381637803099,0.5878057307758939,0.7629756444114432
Peve,OG_08927,56.065762190921795,-0.15134155995159362,-0.02855617928814591,0.7718133129789225,0.8809819925492107
Peve,OG_08928,389.28136692453813,-0.2522706285157334,-0.16817928287629538,0.2085031544966098,0.44025367729386355
Peve,OG_08929,407.8623924695792,-0.5701163093172187,-0.3994885324314479,0.022965111395048,0.12132331387480975
Peve,OG_08935,43.549422838455826,0.5381292157129369,0.22945157485029147,0.13937908738968982,0.3529886594862557
Peve,OG_08930,454.5957732190976,0.24368486426985494,0.12639909680290665,0.37467526780729454,0.6065185274449575
Peve,OG_08931,24.428150118383137,-1.1395395070144823,-0.12726225414779313,0.10611896384829313,0.3033449405614623
Peve,OG_08932,112.36599341288277,0.211684353761097,0.09029206761228477,0.5073411061414528,0.7040630049120377
Peve,OG_08933,196.29164897389174,-0.4344106753214329,-0.192925969790855,0.19496781853874212,0.4239979565024658
Peve,OG_08934,128.10874468398507,0.4284129034812377,0.2278602960485641,0.14299392740416805,0.3571566357262138
Peve,OG_08938,52.90595803401016,0.13184131340466937,0.06733027867519119,0.6257524625675187,0.788713146895989
Peve,OG_08939,65.81807980209976,0.13800397939183798,0.04242511072962094,0.7315215609233134,0.8558948319941333
Peve,OG_08940,37.64517411178531,0.6561323767842857,0.2909932139740516,0.0763280239731688,0.25171726693835494
Peve,OG_08936,306.76304635684545,0.7998647069975915,0.6221504348028276,0.003336068908688018,0.0381594188384164
Peve,OG_08937,1323.3701041967395,-2.058008818529152,-0.29492988918596186,0.004408083833486424,0.045938143151162215
Peve,OG_08941,729.4055566432559,-0.055849105477630966,-0.014909273810071316,0.8951922064101417,0.9491404632473849
Peve,OG_08942,448.98526791943607,-0.12260774896824107,-0.09289322698417156,0.449338946411751,0.6619574896900218
Peve,OG_08943,27.856644219299604,0.6709899869419805,0.36242962934019746,0.05080341741662536,0.19731660020612807
Peve,OG_08944,131.66271141421544,0.505686738432074,0.40038452185394785,0.009830083750854313,0.07381195189133238
Peve,OG_08946,153.0368737881622,0.4639812551430888,0.3441263040809352,0.029518356846811734,0.14223329693802136
Peve,OG_08945,1956.7333510130936,-0.7698683850103547,-0.6630828504881892,3.671480030590093e-4,0.009644598232081148
Peve,OG_08947,47.58413646265234,0.7268901401386427,0.21325336542487952,0.1226618882792901,0.32769473098656543
Peve,OG_08949,55.703377557603304,0.18251783230274868,0.08862697407662147,0.5250362524531117,0.717053813407638
Peve,OG_08950,100.94826459696885,0.35869612701792675,0.17428403607135518,0.23803128650866862,0.4728350301494231
Peve,OG_08951,35.781158571487154,0.11898583875459433,0.05099550195599978,0.7078294708619819,0.8422750560803778
Peve,OG_08953,26.298880228126997,-0.4283061127840728,-0.18481456077455427,0.21376398642800665,0.4465187958893761
Peve,OG_08952,764.246588418021,-0.876298638331939,-0.2621175632355805,0.05923162835748213,0.2149692454516291
Peve,OG_08955,220.25162461863334,0.1854910914827218,0.1062167649223018,0.44400259335799824,0.6584233651046842
Peve,OG_08956,30.45654551641999,0.023419360999416074,0.00755787771895451,0.9510196466797457,0.9774629868238639
Peve,OG_08957,19.66474806808017,-0.35395608282439267,-0.12822568496488862,0.337541679073562,NA
Peve,OG_08958,29.3871357364326,0.1915934122550842,0.06264111826876308,0.6246369062971322,0.7876980553172577
Peve,OG_08959,1375.6065460656632,-0.5595733659790516,-0.08634892556041872,0.36052009110667105,0.5947083081001903
Peve,OG_08960,124.314863715915,-0.16452538647367995,-0.0935698552040434,0.5013532421562104,0.7005971164368788
Peve,OG_08961,129.15032996394513,0.8299241380661473,0.6703355141275719,0.0015487965088923717,0.024277225935683308
Peve,OG_08962,24.894628822834175,0.17778086283990202,0.05132656544049708,0.6796904120234895,0.8245666530324965
Peve,OG_08963,193.96962581054535,0.19191375210548325,0.10528424730447829,0.44958887525021957,0.6619574896900218
Peve,OG_08965,38.82187099381019,0.2387074802107024,0.10669568425805137,0.4432149059669004,0.6584233651046842
Peve,OG_08964,160.3495195391624,0.2600131950819579,0.12639203038260546,0.36529076943251026,0.5979771860059191
Peve,OG_08966,23.204208196257657,0.030413217667596613,0.00826159715582069,0.9510311969465056,0.9774629868238639
Peve,OG_08976,91.585229000511,0.14657217130247596,0.0836490096755426,0.5602042789622956,0.7436201772320558
Peve,OG_08967,236.4201557298907,-0.4380238703714064,-0.09534706374638219,0.39026807443698874,0.6181982973852607
Peve,OG_08968,54.54044531922817,0.4204358824492234,0.16652456978750715,0.2362136571695514,0.4709436378742849
Peve,OG_08969,3559.035403585678,0.45591070703314496,0.37783803984091474,0.008732170898760003,0.06829741058188266
Peve,OG_08970,243.9075423462482,-0.06471854441708245,-0.044115324145687924,0.7368875189780982,0.8595328616712835
Peve,OG_08971,14.382317351838116,0.4594530636467882,0.07922305506646926,0.4257350935974746,NA
Peve,OG_08972,296.39008583070984,0.1858440426744121,0.10816677280163503,0.4310541189962636,0.6497804907104194
Peve,OG_08973,99.36886901122854,-0.7278116462592404,-0.4724990767384902,0.0198940945747578,0.11184802838227985
Peve,OG_08974,13.852680522199636,0.46994684081595084,0.10567462176111851,0.3456528364525841,NA
Peve,OG_08975,44.02643417130576,-1.3749058551806075,-0.2197252524978534,0.03665855141744444,0.16198656885040125
Peve,OG_08977,119.4281476489321,0.49651187649422285,0.2275370493101053,0.14133314543004108,0.3554717726898308
Peve,OG_08978,50.727858359242774,-0.07081525708641755,-0.029706907752147963,0.8151527591801156,0.9057517093690376
Peve,OG_09003,83.64284626589125,-0.2868653671322813,-0.14469092291287972,0.3135662102078482,0.5516737619776877
Peve,OG_09007,320.6021830105631,-1.9996526683009235,-1.812725948105268,1.4797884985883383e-6,3.315596700660577e-4
Peve,OG_09008,633.47902400738,-0.09869320605311048,-0.04791531742593739,0.7467882856402808,0.8672440612997141
Peve,OG_09009,445.37907026795114,0.013392643527317906,0.004510395305547833,0.9658746403159453,0.9842205738264943
Peve,OG_09011,53.87381684353219,0.247799009258613,0.13790162086377558,0.33487598531866497,0.570202337093784
Peve,OG_09010,116.49475325254437,0.7866183224302609,0.49110828926770544,0.016614372734111787,0.1002148241710867
Peve,OG_09012,40.276968374973634,-0.6568295601338484,-0.26346726732261555,0.09343710129614044,0.28282304015318893
Peve,OG_08979,89.49609998668357,0.14638356090919158,0.06693558140632522,0.6175508181678526,0.783561314590723
Peve,OG_08980,16.905426391320784,0.10801534321607446,0.018234311079159446,0.856648081431279,NA
Peve,OG_08982,40.711768874003205,0.21579764596151302,0.07854047510484814,0.5494825503046694,0.7353227011833924
Peve,OG_08983,189.6298634224406,-0.4690100163831958,-0.32721658376359575,0.04514836228131096,0.184215670981305
Peve,OG_08984,7280.255266166358,-0.21133330443608284,-0.017981577927628358,0.7783547645658991,0.8842079288423838
Peve,OG_08985,455.99197469197816,0.5258798928305963,0.38254676540604027,0.025166493766213698,0.12902456801877815
Peve,OG_08986,56.925553151567506,0.5958042561446094,0.3018042647592648,0.0779457578770563,0.2538557403101675
Peve,OG_08987,87.36478867538506,0.5901006087370884,0.27461675956228765,0.08662917985622551,0.2711343846116376
Peve,OG_08988,3578.6167758424585,-1.2087397412058152,-0.9810595318112785,5.5899004063378e-4,0.013062534139718208
Peve,OG_08989,21.01598900099959,-0.1067604371388881,-0.04249236924416541,0.7529298250168878,NA
Peve,OG_08990,6920.010125571513,-0.24186704691053745,-0.16977049117873455,0.20895504511169546,0.44033735370979143
Peve,OG_08991,81.96392349939231,0.45664657880127546,0.26899910325518783,0.1000301855947338,0.2938796582571084
Peve,OG_08992,15.193198166746416,0.2720257253052341,0.0540705955851865,0.6179516635278641,NA
Peve,OG_08993,103.351943132417,-0.3784038584497579,-0.22385079899938015,0.14090032128974486,0.35518816928698754
Peve,OG_08994,524.9204458793196,0.15481267783397232,0.08282105956930991,0.5285769318683211,0.7194388184693354
Peve,OG_08995,122.16137056774987,-0.3061971749873836,-0.17086198439899844,0.2548593424448671,0.4925211747196848
Peve,OG_08996,634.0953764987399,-0.03710553157076082,-0.023303976819644877,0.8589671433597257,0.9321727893643073
Peve,OG_08997,147.40503447076398,0.5539084671638158,0.3062633095693936,0.07189869424952482,0.2423476792288007
Peve,OG_08998,23.41032346049355,0.5030294835754292,0.16208488916765604,0.22952202771160649,0.4656017297063148
Peve,OG_08999,224.74736009786184,-0.038648302476201345,-0.029708059035705902,0.8117030447836986,0.9037600289223363
Peve,OG_09000,169.95031010458578,0.4803665843590063,0.34687574593199455,0.03409971281209315,0.1550079596033285
Peve,OG_09001,57.46898075734425,0.01542339264413054,0.009665672387192046,0.9521393042416777,0.9779421895258326
Peve,OG_09002,41.96740806848539,-0.0022155328708113363,0.0031484805168954986,0.9955395882690349,0.9976349096860704
Peve,OG_09020,143.2991685862543,0.2553664276867414,0.1812163714930563,0.1805864690693022,0.4064129162097324
Peve,OG_09019,139.2809613879958,-0.3873310335002769,-0.2864238941147089,0.0548940735719951,0.20539442655769088
Peve,OG_09013,45.02086063767623,0.26147672974565345,0.12477136433719073,0.38004975132114716,0.6107124389034573
Peve,OG_09014,255.09888439744455,0.2817078843904315,0.179859378482583,0.22662945271177828,0.46310707370126797
Peve,OG_09015,421.3281088632076,0.45649012395861716,0.21328307072529878,0.1561766110843088,0.37356783896864354
Peve,OG_09017,19.334624037152015,1.1686127502920143,0.35043604756763846,0.029674352108265706,NA
Peve,OG_09022,19.859990636124714,0.4709746859548551,0.15114864948212212,0.2518754254248631,NA
Peve,OG_09021,45.857112646501726,0.02358341110210673,-0.0022876514245353204,0.9646592875330933,0.983640001663379
Peve,OG_09023,60.325471932454306,0.1698457331051281,0.09600619484686414,0.4914111618131253,0.6958308978982135
Peve,OG_09024,137.53592167123068,-0.06052950113655975,-0.03546531596980836,0.787614969598481,0.8892757889114302
Peve,OG_09025,179.38817824309908,0.39078459215331857,0.3033810585072895,0.03463211398899634,0.15638852659642805
Peve,OG_09026,52.95500040270556,-0.38257873550817983,-0.05185560487611507,0.5772541280620636,0.7550690157240384
Peve,OG_09028,5.241240683601754,-0.1263941785526164,-0.0041420525968229056,0.91618836979156,NA
Peve,OG_09029,109.6911238605139,0.05231966380829058,0.0184208327602419,0.8861860864862248,0.9449662612436335
Peve,OG_09030,531.5141082968663,-0.6504253915508078,-0.6046360664939349,3.3801113131430633e-6,5.34790708166706e-4
Peve,OG_09033,58.571260291113994,0.20156533310872474,0.0555207514972068,0.6469544136391014,0.8046970882954897
Peve,OG_09032,213.14583205131163,0.1287392742520866,0.09538108663927398,0.45743598779369893,0.6685127942144833
Peve,OG_09034,505.9727156521475,-0.0959904824851255,-0.05443372170189127,0.6859287363189596,0.829166155708955
Peve,OG_09035,42.2707435691912,0.4276953653670017,0.14587733115357981,0.28008155951818176,0.5177532929894464
Peve,OG_09036,25.838548647419884,0.40136300343019177,0.040435356539851655,0.5748054338437258,0.7527917511524965
Peve,OG_09041,284.3982661748171,0.02650050428316236,0.018971964999658437,0.8648422083348115,0.9353162894796414
Peve,OG_09040,764.7314599599416,0.34171812667376217,0.2564007606688082,0.07123272050707924,0.2407501618557807
Peve,OG_09042,248.7533092009684,0.023796690823136565,0.003781338917812467,0.9749448857475906,0.9882641693120647
Peve,OG_09043,345.9384532252721,0.14460533503696527,0.10810167697849027,0.38177837361789396,0.6115974828252689
Peve,OG_09037,859.3839013620733,-0.8449201347266737,-0.6692790553067386,0.001720511136313566,0.025545199552766996
Peve,OG_09038,252.59797503190993,0.43770317326835856,0.33579074349269616,0.02913706568795426,0.14160094932547365
Peve,OG_09039,373.0625869510333,-0.8080377624999194,-0.522019229812701,0.013005699232211721,0.08681014836473244
Peve,OG_09044,22.719841339814703,0.8102575627331251,0.4047278077643196,0.03702134791710294,0.16281832169334723
Peve,OG_09045,94.5751662266508,0.6469044662648363,0.4953679212075915,0.007730493476907813,0.06387299274087171
Peve,OG_09046,117.28591495104354,-0.8230747940493653,-0.6737592388071266,0.0012426554925159764,0.020990132022143476
Peve,OG_09047,29.916116342630673,0.7009706228165301,0.522609091794401,0.006766623167400222,0.058777805346926906
Peve,OG_09050,19.2054629632171,-0.5863681687973694,-0.13940870555203258,0.23684029659900366,NA
Peve,OG_09048,23.66534511146719,-0.6115649276167083,-0.0949736834835989,0.3337468653447507,0.568788281923112
Peve,OG_09052,669.7447967279003,-0.08207399364086593,-0.058421499953584706,0.6655920717254178,0.8157302122622943
Peve,OG_09053,249.9691768861508,0.4467080248992413,0.38512946518255464,0.004000456321109893,0.043105341236513675
Peve,OG_09054,62.87016713239674,-0.5115057856378379,-0.19909002890874225,0.17429859699228972,0.39807466871306224
Peve,OG_09059,273.0933061741183,-0.19395841642706885,-0.11324512530808094,0.4106297247085598,0.6352789633820379
Peve,OG_09055,12.03982490140498,0.320631276070935,0.07702449069889694,0.517810007550441,NA
Peve,OG_09056,10.960288567205952,-0.7395078212317546,-0.09315288090215763,0.2729983061479579,NA
Peve,OG_09057,344.09289544079223,0.08539643372545712,0.04543299401147883,0.7253246345490796,0.8524033619480467
Peve,OG_09058,219.71333056082446,0.416847095516792,0.32290011321033985,0.024395987182677912,0.12651370344291377
Peve,OG_09060,11.149105076663492,-0.9527364850868338,-0.06883255795828408,0.3202741715454935,NA
Peve,OG_09061,14.79633138658932,-0.3632731652112563,-0.10600492559429824,0.4032163986297205,NA
Peve,OG_09062,196.1885392814264,-0.17106326795086035,-0.12048693195431058,0.35814287985937976,0.5924717608618361
Peve,OG_09063,14.914798715943256,-0.27952420432549085,-0.06589570605581058,0.5938175514993078,NA
Peve,OG_09064,20.535022324467466,0.2685966875583573,0.08800866217120475,0.4945466510695015,NA
Peve,OG_09065,15.22036183591027,-0.01547978675919789,-0.0038988465411159746,0.9685945725423236,NA
Peve,OG_09066,66.03231362779371,-0.09156497455364701,-0.04952082472288884,0.7272011949803612,0.8528046033498139
Peve,OG_09071,48.43532414643263,0.22813748085651092,0.09774070323315165,0.4718757085426921,0.6791515487772962
Peve,OG_09072,15.522685792075173,-0.8729913692066363,-0.1311972639118556,0.17227098974976804,NA
Peve,OG_09073,17.351896454717075,0.799936282183426,0.13330012451341763,0.17486192829932062,NA
Peve,OG_09074,151.54281719203772,0.25439437607104554,0.16101245840330258,0.25669860045441306,0.4945700400257255
Peve,OG_09067,152.39898654767455,-0.11367429174270383,-0.06557294810626416,0.6321132797104468,0.7934485030209563
Peve,OG_09068,123.138677456463,-0.29472239568186054,-0.19162643283651962,0.1858300266737965,0.41230176174473576
Peve,OG_09069,302.4407054485513,-0.9213955790790581,-0.6035486100257589,0.010061185511791252,0.07469930335742186
Peve,OG_09070,171.49270992717936,-0.38178222279411433,-0.2571203574316844,0.09363418767208884,0.28328246294121234
Peve,OG_09075,11439.142801951984,0.2629753893353179,0.20754878451269812,0.10144127469491719,0.2965386149753949
Peve,OG_09076,423.903984600647,0.3448876117842993,0.2451407994404026,0.09486651477226558,0.2856598115650864
Peve,OG_09077,13.866917562301921,0.082459281880361,0.006829399270207224,0.918198085065268,NA
Peve,OG_09078,26.981194168546086,0.6104532260738003,0.2162129078392611,0.12286751701951479,0.3280259909769034
Peve,OG_09079,278.49706261006924,0.3915073523564402,0.2127358677179646,0.1615818080323846,0.38143717848069636
Peve,OG_09080,30.0275497973709,-0.016653607955579186,-0.0037042693928551083,0.969293201265952,0.9852774043893626
Peve,OG_09081,538.6323418523032,-0.4598956592973204,-0.1428832105924445,0.2694156939917419,0.506892752983228
Peve,OG_09082,354.5116883280968,0.5597642102295731,0.46043985238051327,0.004735244676537934,0.047520907465549
Peve,OG_09083,283.11498915980474,-0.07385835117237138,-0.03351765550810662,0.8016425610324974,0.8978807813959272
Peve,OG_09084,245.577555080135,-0.28848213903095626,-0.12505398232785733,0.370700531713315,0.6025335461924985
Peve,OG_09085,209.8801664777399,0.1972839003109243,0.13613331865330033,0.30937984830643006,0.5470881347257159
Peve,OG_09086,428.13375839369246,-1.176982001859273,-1.059043240297578,6.623158483274745e-6,8.008765289775716e-4
Peve,OG_09088,164.62102436823508,0.19444675718531337,0.10273901315164884,0.46720450103341393,0.6757200081154512
Peve,OG_09089,19.3996434371085,-0.09752664541262213,-0.019909866859354315,0.8532338942171116,NA
Peve,OG_09091,295.6384515186657,-0.5129707570778838,-0.12419657039008793,0.2766084427756781,0.5137013937262593
Peve,OG_09087,105.20327457140841,-0.3655247547370209,-0.23534484979750783,0.12267708498465947,0.32769473098656543
Peve,OG_09093,527.4776298644825,-0.5408527291401882,-0.3570042379428001,0.039877146341187115,0.17060286128364846
Peve,OG_09094,537.625560278136,0.19858822914828692,0.14047483563396118,0.2803486577057644,0.5178700471393097
Peve,OG_09095,12.511195020915904,0.5494911335180921,0.1267790152311499,0.28167863437189905,NA
Peve,OG_09096,38.95490621979967,-0.26725118238730883,-0.038057653635949665,0.6831966864409971,0.8269450953813607
Peve,OG_09098,10.371314159026586,0.5152783860755815,0.07580140645825933,0.39732121289048256,NA
Peve,OG_09099,331.62601218748796,0.32484139523632394,0.2534667668569631,0.0629662204563595,0.22320924496814643
Peve,OG_09104,32.96337946287667,-1.40969266657415,-1.132601160229065,6.289491806244146e-4,0.014133731144533304
Peve,OG_09100,261.48345559138403,0.058290221206951105,0.04350801174779964,0.7108464154468124,0.843796654942727
Peve,OG_09101,76.10148728582686,0.6927009044598607,0.4173695570549119,0.02871398909914398,0.14056114236399322
Peve,OG_09102,69.56323593511551,0.6129669758618213,0.35230974334189213,0.04958589007902017,0.1948144974842577
Peve,OG_09103,38.170488062851135,-0.46896402144029614,-0.33817406299154856,0.03806741823198357,0.16609254988044148
Peve,OG_09106,287.8041588198959,-0.5927983102942329,-0.4535358423053796,0.010840399627018901,0.07784052736156273
Peve,OG_09107,1341.7205999746964,-0.5740920530484679,-0.46216892280898714,0.005704854952540489,0.05299949393713835
Peve,OG_09109,6.738222848421851,-0.7086917119728365,-0.12489767486996765,0.2356509833641964,NA
Peve,OG_09110,121.05554430551365,0.04388509162316523,0.01669694652528973,0.8975723972833869,0.9506056614075964
Peve,OG_09113,327.6552099929302,-0.034313173294364376,-0.013776214468414984,0.9077536368706379,0.9561120442898222
Peve,OG_09114,91.64678640999668,-0.8609459057452438,-0.30881729646912703,0.04956721841845738,0.1948144974842577
Peve,OG_09115,122.29176082951048,-0.42541613899652736,-0.3242072659062977,0.03109311759511373,0.14676612936281175
Peve,OG_09116,287.0844948632735,0.1445177938270439,0.07575115686235043,0.5827631719822601,0.7581096045356657
Peve,OG_09117,742.6944066066629,-0.5299593574171666,-0.4467967349589977,0.0025678766035245673,0.03276730982520964
Peve,OG_09118,194.17404912706138,-0.4648232769391101,-0.32114016007397495,0.0530764130898629,0.2020432502015444
Peve,OG_09119,66.1611409086217,-0.20426843434345535,-0.08945861141899945,0.5123155503124686,0.7066485356292569
Peve,OG_09120,724.4754348226255,-1.4250653463212044,-0.27636743105209244,0.025885325379431185,0.13137535558994454
Peve,OG_09123,296.79847057987797,0.1138467056813432,0.06950820288727652,0.5866601049336512,0.7620079589743486
Peve,OG_09122,183.70543815380785,0.6716532708270404,0.515713769559177,0.006549524737565433,0.057681247919969335
Peve,OG_09125,7.973097612073452,-1.9159676626365023,-0.7981416131680482,0.006786931221792764,NA
Peve,OG_09126,241.88315948681722,-0.3236326522728664,-0.1993732123359692,0.17536589890984255,0.39938338352621244
Peve,OG_09128,56.615941266112884,0.6610301220518147,0.41243155594308956,0.031208676817163855,0.1471211014809123
Peve,OG_09129,803.4965789865297,0.3011330528605919,0.05662504664312905,0.5399681823979703,0.7288231065747232
Peve,OG_09130,92.34031267114182,0.6431980243834977,0.1596628237514591,0.16802884877993085,0.3887166018844559
Peve,OG_09134,12.842497616232308,0.020070355076309897,0.001967298529353389,0.9755468562308618,NA
Peve,OG_09136,20.87745512569644,-0.19638094466147238,-0.039364907637034346,0.707615497532918,NA
Peve,OG_09137,189.22663129692765,0.4523316348718342,0.3666912277115417,0.0130644115773629,0.08681014836473244
Peve,OG_09138,294.3614307495905,-0.28638442112815593,-0.19843029743612403,0.15954432563559726,0.3779255823047201
Peve,OG_09139,550.3804365265551,0.4751447818926195,0.35930169714188687,0.019258643851412335,0.11022715917359818
Peve,OG_09140,372.9766882479315,-0.1457237886398607,-0.0987472567094224,0.44036044722868656,0.6558486582576997
Peve,OG_09142,716.340851541475,-1.1861268287834754,-0.8583661816877497,0.002575785072797805,0.032813262014337256
Peve,OG_09143,20.05684606519636,0.6103015230475496,0.09869612707005544,0.3058839710880558,NA
Peve,OG_09145,147.8847685043444,-0.007074001681401186,-7.896846975886662e-4,0.9793565085637397,0.9901443772048533
Peve,OG_09146,42.34641751649131,1.952928152412078,0.08637274949437779,0.04193272114820353,0.17571147948680665
Peve,OG_09147,51.214533239554996,0.1744989077102065,0.0901211632071956,0.5054882223749646,0.7036011836383118
Peve,OG_09149,16.91768944433612,0.7207971838314307,0.07253152860183727,0.3564567336092959,NA
Peve,OG_09150,19.00453966688295,0.26391492134722405,0.06629029977251362,0.582682999427361,NA
Peve,OG_09153,544.6442875315279,0.8143441237848419,0.737370800416248,1.773931117145764e-5,0.0014668739027717704
Peve,OG_09155,160.10944659661018,-0.4314931348543754,-0.2524525580397216,0.1119860141663328,0.31082088408972997
Peve,OG_09156,83.20233183650642,0.003044629830063697,0.0018045457304407394,0.9918227342457077,0.9969600049720454
Peve,OG_09157,1113.7541663871457,0.5442387341398287,0.3771174311224009,0.030607156484450934,0.14563579513607633
Peve,OG_09158,737.5195958426394,-0.1522375830368929,-0.08754146663420938,0.5209261488358344,0.7147722265546446
Peve,OG_09159,92.83253205070537,0.14480629418659646,0.08812019212354853,0.5122458551819183,0.7066485356292569
Peve,OG_09160,101.97869090358687,-0.25594374274860826,-0.18208617805248908,0.18126803889004509,0.40714876148418694
Peve,OG_09161,455.724917262882,-0.016475406781740375,-0.011421907220940044,0.9257518643793702,0.9650544513945174
Peve,OG_09163,587.3170863525957,0.4057513078216847,0.32039704172461836,0.026032656419330214,0.13177194458635055
Peve,OG_09164,73.01579474612242,-1.3722707461837913,-0.9581858932785652,0.002243944982027621,0.030282640160353626
Peve,OG_09167,133.92317418156043,0.5440825559132738,0.3605625055082295,0.037865742407774405,0.16559197799220748
Peve,OG_09165,317.3074623127309,0.04283466378218469,0.025612046973748415,0.8556585839241563,0.9309501333536061
Peve,OG_09166,46.102902785362424,-1.2562353233844177e-4,1.785254818712852e-4,0.9996749993007198,0.9998849059800488
Peve,OG_09168,166.12003321877452,-1.0242467294795636,-0.7445414037395736,0.0038104859135937646,0.04176731178382345
Peve,OG_09174,112.73750480899612,0.6854482767998084,0.5255236554083481,0.006702864281414474,0.058490744668746236
Peve,OG_09169,25.444851160784083,-0.5575489306733423,-0.22018992166263057,0.14113387911622235,0.3554717726898308
Peve,OG_09170,56.18791418923458,-0.26467370028083437,-0.16352846929212259,0.25304101291470016,0.4903755879888542
Peve,OG_09171,43.27813988108896,0.23115405694246086,0.12532691318133787,0.3876859210423827,0.6167567184615894
Peve,OG_09172,31.239638578990593,0.7760259842078993,0.30202877650589305,0.06734493653847544,0.2328795853609196
Peve,OG_09182,19.765895918753184,-0.505305181339922,-0.15615668947362643,0.23816044554175458,NA
Peve,OG_09180,45.022464080424676,0.31143911497132193,0.15203689494508063,0.296905292615767,0.5349707032827309
Peve,OG_09183,9.424657961106035,0.42508051120889007,0.07035696524043275,0.45985085675635545,NA
Peve,OG_09185,4.8014832922139945,1.8045479779351992,0.10942196139392452,0.0692845946297559,NA
Peve,OG_09186,34.25622762135786,-0.5334563429556713,-0.2640668139949575,0.10576512657856185,0.30278911523750096
Peve,OG_09175,399.61654496178164,-0.42138081245856573,-0.326928595507266,0.027572062224161035,0.13656955138079244
Peve,OG_09176,17.381073858942045,-0.8453341067220176,-0.31395988552866516,0.0591560053214053,NA
Peve,OG_09177,86.0265081569557,0.21710575614227534,0.11059492584550722,0.43512930700505786,0.652779649618852
Peve,OG_09178,120.84460051164454,-1.0249223174770588,-0.7330292421399248,0.0052474963709894075,0.05022038612336345
Peve,OG_09179,34.95356482911536,-0.18175848659503804,-0.03717377724381658,0.7519760098142804,0.8689302806301746
Peve,OG_09187,45.86029149214433,-0.7575790679460911,-0.5601154896165368,0.007335125698892915,0.06171162420955288
Peve,OG_09188,12.548158861505732,-0.7731262245116434,-0.28047212752917294,0.08060592602627012,NA
Peve,OG_09189,14.675124089547305,0.5967986366289761,0.07181438735396242,0.3657381419489854,NA
Peve,OG_09190,18.378637201193854,0.15177284792125095,0.02487731689305566,0.8054203784161857,NA
Peve,OG_09191,9.8770384396279,0.7031487642086901,0.07930241771996673,0.32326832301386327,NA
Peve,OG_09192,39.945083059569434,0.3693706463996916,0.20199236123330766,0.18303715686571148,0.4091553978348409
Peve,OG_09193,146.55476673830415,0.4421146112303198,0.3160279285763314,0.04187884573442876,0.17558230424043933
Peve,OG_09194,162.0636268122569,-0.11329409319449132,-0.057240588639040135,0.6767423813116591,0.8231555901057351
Peve,OG_09195,125.16728144594306,0.13610419392447606,0.07609502138245346,0.5822519349137172,0.7578327763835123
Peve,OG_09196,19.865085749953938,0.010454901231050853,0.0036746667293080467,0.9751662262579781,NA
Peve,OG_09198,639.3316489642672,-0.29814907862090845,-0.20808432838943053,0.14182120992840455,0.3560955758848338
Peve,OG_09199,94.07212516492038,-0.10248156245774065,-0.06844610195627807,0.605911508580254,0.773844960167018
Peve,OG_09200,680.84900969839,-1.2171767931238444,-1.0801682578036031,1.843124310431006e-5,0.0014668739027717704
Peve,OG_09201,12.124013841786775,0.3389355995445549,0.03474681484520978,0.6428372049399138,NA
Peve,OG_09202,166.4129029362746,-0.18015061448753442,-0.08876734599690539,0.5315006843159533,0.7219993247359009
Peve,OG_09206,11.748133472143993,-0.6144347458007228,-0.04718398065175015,0.4711654779125478,NA
Peve,OG_09204,12.06312805738947,0.9649449013815646,0.037680155526040135,0.3514249681298408,NA
Peve,OG_09205,36.430053093902586,0.5828773628309963,0.14462787532182841,0.23754340002529606,0.4723585542659111
Peve,OG_09208,15.32433112557443,-1.0975269026385368,-0.7564854186603511,0.00572498409213214,NA
Peve,OG_09207,251.75769560387442,-0.6734800435408713,-0.3378661113659504,0.05502471363434065,0.20552731455552942
Peve,OG_09213,1737.2424734241242,-0.006596702394141397,0.0019322006627944348,0.9779251783364842,0.9894851917342724
Peve,OG_09214,135.61398001034883,-0.19898911505561112,-0.10354263582017392,0.45492488694459293,0.6662244844674259
Peve,OG_09215,57.47100882459752,0.015077565039291892,0.004742253530631497,0.9762113174504897,0.9886299037424487
Peve,OG_09216,9569.69669919965,-1.052243282988169,-0.7633354827899863,0.003370643218864243,0.03838200305128222
Peve,OG_09217,625.10427409021,-0.3349781870984703,-0.18625545070912963,0.21096439907089606,0.44285665255499757
Peve,OG_09209,227.44426276908166,-0.5633484341900158,-0.4009457382624523,0.022418673181968635,0.11951396242143951
Peve,OG_09210,2417.6290265617704,0.39486087646491047,0.19656882772361858,0.1907804265236675,0.4190759816551433
Peve,OG_09211,48.13554981823121,0.1528910022822112,0.08791581223256005,0.5224426502353081,0.7155642052305965
Peve,OG_09212,768.4392733702044,0.7640755904621463,0.40286569789314736,0.03650138873591945,0.16138571061534207
Peve,OG_09218,18.252226027617375,0.7973797545426801,0.39926532560720057,0.039341728214489426,NA
Peve,OG_09222,13.571652146286723,0.6238232011615132,0.13733996145363947,0.23691186983119653,NA
Peve,OG_09219,168.0464265471564,0.34329336532076726,0.18170239670061802,0.22200102612314424,0.4575767903155067
Peve,OG_09223,21.940747007444525,-0.32915696439678915,-0.04627364343677113,0.6101938951176566,NA
Peve,OG_09224,68.08774436968763,1.2206618934913913,1.1478809547012305,8.143895934301055e-8,4.136013281833696e-5
Peve,OG_09225,50.83057039065988,0.05298446315323411,0.011225908868700282,0.9011152450578805,0.9530213979443157
Peve,OG_09226,397.8823937612983,-0.5013184701629481,-0.3989731454311476,0.010362824635476667,0.07593077394068838
Peve,OG_09228,7.158793705312195,-1.7018422873285173,-0.08046535538632026,0.0917822416466087,NA
Peve,OG_09229,412.5830095830216,0.5225332260271561,0.48667817966627974,2.5142052162418364e-5,0.0018069071072953121
Peve,OG_09230,53.85941055788333,-0.04091644112441292,-0.004400361478830807,0.9488120803330834,0.9765354622895874
Peve,OG_09231,44.031958066768254,0.26876226993511626,0.09375185808718463,0.47360477720542465,0.6807442793666665
Peve,OG_09232,152.34387216461477,-0.011719651364492975,-0.010740010956220786,0.9656641871174202,0.9841558336592489
Peve,OG_09233,45.55268888937348,-0.30920814545167985,-0.020758070954566835,0.811042771169238,0.903425037398341
Peve,OG_09234,126.24863300774469,0.011949936942543381,0.007948124061947111,0.9577403557702739,0.9801270862786065
Peve,OG_09238,53.07417288008407,-0.6321584865169669,-0.48909384078747464,0.007844367943808581,0.06467358765793699
Peve,OG_09235,1379.8050516124651,-1.1783341289195124,-0.8963851935090887,0.0018943777784920335,0.027025037296914443
Peve,OG_09236,479.3644592972764,-0.41694503393101606,-0.2612698735049181,0.09443320169817852,0.28479498437716705
Peve,OG_09237,174.1851359969397,0.4971394215935793,0.33514170273360155,0.04301531667591555,0.17867539936593493
Peve,OG_09240,128.82783940914928,0.39711732410947626,0.21938924974591825,0.1513435514157476,0.36800190225204665
Peve,OG_09241,82.0604759835351,-0.08632318853111098,-0.03604497602217409,0.7860284191135243,0.8885338128309732
Peve,OG_09242,198.40243145033688,-0.0660495893845385,-0.0350877229171503,0.8027784494059189,0.898687175249712
Peve,OG_09243,1334.0055283674385,-0.28009123475530395,-0.17433001054849778,0.23054909065688503,0.4665508340620153
Peve,OG_09244,20.081983287098684,-0.6579334532302863,-0.27964139436433616,0.08908827566416509,NA
Peve,OG_09245,20.850288499989837,0.2676462782487067,0.05794163312032334,0.594905206687118,NA
Peve,OG_09246,22.94223930160315,0.6803732627014516,0.28185928207122596,0.08608459513429964,0.26999218703033145
Peve,OG_09247,27540.91516482817,0.31560610969217384,0.16573917966647456,0.2623639238174073,0.5003739282890125
Peve,OG_09248,616.296957864098,0.23645528788993678,0.10718961362073093,0.44319836153530934,0.6584233651046842
Peve,OG_09253,30.87540603388666,0.5345618514653825,0.08215438645585174,0.3774581998891152,0.6087541645303995
Peve,OG_09249,245.58679097173248,0.0276981991304325,0.015559267924007037,0.8937752741527968,0.948468721037871
Peve,OG_09250,134.4093092595348,-0.6905613897049256,-0.3858228111794867,0.03905906601582782,0.16858468266774862
Peve,OG_09251,58.7472810430984,0.3170098675678517,0.1174065093449197,0.390106636016793,0.6181982973852607
Peve,OG_09252,185.78874190185547,0.71444688595265,0.5462376641156473,0.006493262692409488,0.057451422985801956
Peve,OG_09254,79.5937662024541,-0.2773152945980322,-0.1319060572394429,0.34831161986118236,0.5842003346769017
Peve,OG_09255,276.68285853607443,-0.6266521838681661,-0.38255729759239154,0.03716415707489816,0.16317956691445198
Peve,OG_09256,145.07727724805227,-0.6394762155184067,-0.48725322553172035,0.009633900176390152,0.07290633869872686
Peve,OG_09257,2393.3452743172707,0.30180281315603064,0.20289204491202467,0.17680439747110793,0.4016987473709813
Peve,OG_09258,520.8262697945197,-0.07078214667333876,-0.038158875947428054,0.7785276777522379,0.8842079288423838
Peve,OG_09259,861.3718880423618,0.040810020916726655,0.03203047452851242,0.7851762007464017,0.8881176387952618
Peve,OG_09263,21.23066299280262,-0.07197990260322139,-0.022749511962751507,0.8533663172444724,NA
Peve,OG_09264,30.183371940356167,-0.38250024451521464,-0.09263312433196931,0.42457442164681436,0.6451731332435372
Peve,OG_09265,151.6475184907087,-0.08341321907143533,-0.05238383873208715,0.6610140068828518,0.8125874946641222
Peve,OG_09266,17.981417037717154,0.6069685577044157,0.14479133708442743,0.2297310187576418,NA
Peve,OG_09268,18.535173376042483,0.5096226931065972,0.06869121833394383,0.4480333311710618,NA
Peve,OG_09267,48.66537322834751,0.2355396122210131,0.07526327256798494,0.5537484531173157,0.7391721948217471
Peve,OG_09269,418.1550274440842,-0.72386273492129,-0.2390586291684378,0.09007924547876571,0.2781612047252684
Peve,OG_09272,19.01178669170115,-2.1638938963862424,-1.6213201040436256,9.470905122251945e-4,NA
Peve,OG_09270,54.37691264731832,0.27303855372265434,0.09693352687841955,0.4645820911167752,0.6740023557660623
Peve,OG_09271,43.36253450425755,-0.47601338769085144,-0.21826252743605823,0.15627655824865627,0.3736706907527506
Peve,OG_09273,28.279686272385213,0.5535990429692966,0.16563489751078508,0.20583511667099344,0.4372704737310731
Peve,OG_09274,11.945898920196322,-0.3149400351135596,-0.06258092396949473,0.563926336861651,NA
Peve,OG_09276,23.204049635704305,0.9349263452655256,0.18080281869750003,0.1094301428519752,0.3080990519435027
Peve,OG_09275,24.173150488954978,-0.0886915432195918,-0.02384069817355455,0.8379341593788505,0.9209507887234181
Peve,OG_09277,59.767291978214246,0.7081832277007806,0.49164415225658925,0.014324279129135522,0.09216862703318568
Peve,OG_09278,757.0409204364214,-0.022375354255272407,-0.015317762463087692,0.9387769743474831,0.9716851889373813
Peve,OG_09279,37.8404445374467,-1.0003240782275538,-0.5450364163761465,0.017148830962157746,0.10238228391043708
Peve,OG_09280,204.53373881103403,-0.16764550986227528,-0.10595548624523514,0.434233802392475,0.6525928401313621
Peve,OG_09281,247.6319791646239,-5.874803381754042e-4,0.00226829625227366,0.9978181619808625,0.9991297000486606
Peve,OG_09282,569.0677400876899,-1.4726282070553787,-1.2203792170722718,1.9763011688593517e-4,0.006517127772365017
Peve,OG_09287,22.609801821276008,-0.09388511488308743,-0.03407807261990389,0.7871416243051133,0.8890207403938255
Peve,OG_09288,65.03752197298353,0.24045153273126174,0.12487163739358255,0.3818269399208426,0.6115974828252689
Peve,OG_09289,73.82572537803462,0.6633569998380189,0.3918396098248025,0.0368796041208074,0.16255952694083262
Peve,OG_09283,808.160992947654,-0.945249653603279,-0.7673828205201335,9.175779083561613e-4,0.0174657934006776
Peve,OG_09284,244.03198439697036,-0.22694380814670131,-0.1427043773198556,0.3101460995214601,0.5476844595012352
Peve,OG_09285,130.74350821610614,-0.31281854893511035,-0.21433275613999136,0.14850331597677205,0.3658791271381143
Peve,OG_09286,4747.9365859741,-0.04043829743548153,-0.010406088171048959,0.9222647083937303,0.963234939887049
Peve,OG_09291,20.63169136946777,-0.6832994282132123,-0.17405265977054687,0.16101431009116982,NA
Peve,OG_09290,197.41029292426148,0.26370447778841793,0.13989341306438546,0.3263167946997084,0.5630535316018977
Peve,OG_09292,55.005359062244295,-0.274221391366659,-0.10854134740903869,0.41675140842307973,0.6395673306541139
Peve,OG_09293,1566.9670664262612,-1.151435069487541,-0.944766159703608,4.1410984018952496e-4,0.010480693563334888
Peve,OG_09301,446.1299379507536,-0.52259599957472,-0.2574906560621105,0.10296254913919745,0.2984128203841791
Peve,OG_09302,68.72022864495948,-0.25344621982196597,-0.1335723717293589,0.35649932700748344,0.5918103079060859
Peve,OG_09294,139.09376518813698,0.20288604509842903,0.10279891087751104,0.44388341960151856,0.6584233651046842
Peve,OG_09295,78406.2984351063,0.30398166560230877,0.19070705801693227,0.19450132329357997,0.42387405870383704
Peve,OG_09296,152.54502558752435,0.36564711493767094,0.171995797588469,0.24010237723681727,0.4758324427133387
Peve,OG_09297,485.7039724910496,0.21273680378194207,0.14941628130617063,0.2647529916909128,0.5029257845517187
Peve,OG_09298,58.66611716273117,0.22192128933233993,0.1371323145746837,0.3259387744704669,0.56265614863268
Peve,OG_09299,2916.23330986221,0.2508980868482123,0.18588416652066403,0.1432074173077305,0.3573383901245631
Peve,OG_09300,153.08827317013535,0.3113294063786861,0.24316849193142628,0.0720718893716617,0.2427248688034124
Peve,OG_09303,237.62681792077552,0.32126185033760507,0.19688064225649038,0.18514160962615123,0.41167552360277
Peve,OG_09304,65.82864294487561,-0.620025869150528,-0.4470847836936583,0.01639253373284224,0.09958398881721865
Peve,OG_09305,64.67492644157629,0.47912166712124177,0.3241535145966421,0.050399885902774236,0.19619127787804502
Peve,OG_09306,42.78878714925264,-0.9070152168737009,-0.5413700142506227,0.01707961258024044,0.10220933907012701
Peve,OG_09310,339.59126291750107,0.04393563798479702,0.019730282217570862,0.8832063982286794,0.9438299662467626
Peve,OG_09307,132.26032242946022,-0.11826221845418465,-0.08225664031385127,0.5174623193122534,0.7114289746473103
Peve,OG_09308,308.74654770592804,-0.8868622590905215,-0.7287243064343065,7.805525127459742e-4,0.01573081757169003
Peve,OG_09309,167.69863323366403,0.08812763558385751,0.0619944347628993,0.6355810794643781,0.7962270454464122
Peve,OG_09311,41.48100825268833,0.1868959023506305,0.07044239068138292,0.5967350487322494,0.7694528776645694
Peve,OG_09312,86.27946163413259,-0.2086684283538788,-0.11211889179518751,0.42454758634127826,0.6451731332435372
Peve,OG_09313,94.75425918525858,-0.05461681700152142,-0.024550620535396236,0.8495653460186612,0.9272858522487174
Peve,OG_09314,13.436638084669198,0.3148804229838215,0.07414435001455728,0.5170344604695791,NA
Peve,OG_09315,31.946099423031598,-0.08018061604915576,-0.027843684571722562,0.8278718491391791,0.9142827441821838
Peve,OG_09316,26.286766071656185,0.5003925777086067,0.18047822713502298,0.2079316089647725,0.4398841980265584
Peve,OG_09318,196.28995315112817,-0.17242317913987498,-0.11403182987805499,0.40133573782648035,0.62702535905704
Peve,OG_09319,54.824541204806515,0.10992959596691297,0.04946968229111984,0.7098279428816301,0.8433948476534371
Peve,OG_09322,68.79886955800863,0.2733662065565131,0.11474060838086131,0.4057119788749834,0.6314022175831713
Peve,OG_09321,77.51664740675356,0.43523579420784886,0.19301580920559328,0.20029973346539137,0.430797111671189
Peve,OG_09323,85.25631283203494,0.9057546295696939,0.4100056631731755,0.03029398871073827,0.14458931434971828
Peve,OG_09324,990.099851890745,-0.7651374999882314,-0.6083645659254486,0.002516526599705188,0.032502002753841304
Peve,OG_09325,41.128770360103694,0.7221815618590337,0.5278977871691168,0.009225733096249866,0.0708629584023562
Peve,OG_09326,249.1106820424481,0.18345732828397462,0.14909426414983884,0.20310902505901046,0.4340209124542894
Peve,OG_09327,979.3486332656918,0.2655058188570599,0.15960342378351947,0.2686807036412655,0.5064139455895876
Peve,OG_09328,108.99958131883159,0.28824325523199956,0.19091364157042792,0.1848259487086076,0.41145648078964725
Peve,OG_09329,36.18969875601939,-0.3694059376973791,-0.1318080218085522,0.3322587971812599,0.5683084320228556
Peve,OG_09330,90.6585294714378,-0.044592596061654624,-0.02387344576956818,0.8620602358080098,0.9335968575777857
Peve,OG_09331,212.53102746531744,0.6147123534730063,0.48953805626450314,0.005214299705018093,0.05004005719249173
Peve,OG_09332,316.6433059516066,-0.4501412066356265,-0.37078203939442106,0.010208023341755126,0.07539023045925451
Peve,OG_09333,64.96097511349303,-0.0104520565264737,-0.00495326233450116,0.9746919313061391,0.9881824770681618
Peve,OG_09334,442.63660734175824,0.20203765800998583,0.09390047941854422,0.498392143685485,0.6994905148740506
Peve,OG_09335,204.52367829171436,-0.03873556540095698,-0.02176773358712729,0.8701522894541518,0.9384442321585993
Peve,OG_09336,379.4985123456445,-0.28511907778239665,-0.12141970470551826,0.3714520096214387,0.6030949295175022
Peve,OG_09337,88.59456700350799,-0.45980179996523296,-0.14294964931003007,0.2614960890559685,0.49979602232561116
Peve,OG_09344,495.0254889158115,0.4254177474815986,0.331434446168537,0.027109744110664812,0.13524690938771744
Peve,OG_09338,33.82055449612667,-0.588477413649823,-0.2466592217020365,0.1204574625199706,0.32391279543845253
Peve,OG_09339,68.31363706740244,0.5146068311906126,0.35358339224300833,0.039297282625775976,0.16901095158360455
Peve,OG_09341,302.3190354602679,-0.5451273398003925,-0.4386485042693993,0.007920841479398436,0.06495260537142873
Peve,OG_09342,152.99114949991943,-0.22060696502588403,-0.1261931441223964,0.3705255877492432,0.6024896323316402
Peve,OG_09343,7.860415234308738,1.4310846010913467,0.08287347445815739,0.1262066340612081,NA
Peve,OG_09345,98.99211917093933,-1.0736268497519874,-0.9021253650775461,2.845755452966184e-4,0.008376003696754501
Peve,OG_09346,98.08396445006514,0.26164390264332554,0.16033625975053728,0.2634224838073898,0.5013121363089422
Peve,OG_09348,133.2804676391031,-0.06142540778543823,-0.045899435178269395,0.7254250640483746,0.8524033619480467
Peve,OG_09347,808.9562581600989,0.31500508897846957,0.18013556175370155,0.211396969979312,0.4435202746632881
Peve,OG_09349,426.06289869823496,0.3917805642510109,0.2656944487002817,0.0838173263657278,0.2649462208523296
Peve,OG_09350,59.7390117717874,0.2891762535451753,0.13462146886478382,0.3444294144860989,0.5799874623242929
Peve,OG_09351,7.357335087425855,-0.7405391707103394,-0.025220447828644563,0.48922019374534187,NA
Peve,OG_09352,66.10890711208889,-1.5141488759521995,-1.3662331653486104,3.961216336908204e-6,5.693687934823906e-4
Peve,OG_09353,416.61236008819355,0.1625316000499042,0.11727338991591348,0.36849523958948704,0.6009841008761962
Peve,OG_09354,25.186792338611976,-0.004295090314714081,-1.952393505191144e-4,0.9933185019302649,0.9972824388489978
Peve,OG_09355,66.40154239304348,-0.4770226069319555,-0.2400273007640402,0.1328414625820132,0.34327892196396764
Peve,OG_09356,146.44563407627464,-0.7012633993702214,-0.5441489699249695,0.00508957504820624,0.049581052068075615
Peve,OG_09357,35.247525273267364,0.5729854043478166,0.3103382945449058,0.07232112558571473,0.24345662161377585
Peve,OG_09358,2700.0683031718468,0.33499521184912984,0.2801123273685141,0.03920779123025304,0.16886243404267104
Peve,OG_09359,15.975148074318843,-0.07249607326566297,-0.025916147099317884,0.8413442665760016,NA
Peve,OG_09361,109.11874082720188,0.2576291083456355,0.17594035876636427,0.20885132066522144,0.44025367729386355
Peve,OG_09363,82.78376817162798,-0.8268954528441794,-0.5223467565257891,0.016449831226861764,0.0996738906316119
Peve,OG_09364,62.51521635752787,-0.10572997138743825,-0.04515920866092262,0.7303570314641188,0.8554202938468782
Peve,OG_09362,539.3607216187086,0.03724459846440453,0.029759637256324935,0.7968026519743776,0.8944949867579014
Peve,OG_09365,122.42523842822429,-1.0855228318462236,-0.7900493550558262,0.00334993146170308,0.038252344805195876
Peve,OG_09366,493.73901031782026,-0.27054814462191695,-0.21084761734745272,0.10700748091123198,0.30420521170974846
Peve,OG_09367,95.55587888560515,-0.8828048940462636,-0.7199348094771594,0.0012788383708566867,0.021364453309618944
Peve,OG_09368,123.26738438252589,0.2898426080889044,0.16273909498835595,0.27243469829124733,0.5100534606986291
Peve,OG_09369,152.44076939735663,0.07320537224780954,0.04103793308504198,0.7608791394757868,0.8750569572050942
Peve,OG_09372,465.28917885466717,0.6049885840246998,0.4122838918461028,0.0245532517254681,0.12706974975857063
Peve,OG_09373,92.12843028185874,0.5265446664405444,0.33677315337632674,0.05268617254003889,0.2014605941309397
Peve,OG_09374,76.97423926200906,-0.4213185362049752,-0.19099531959647575,0.20139717822754227,0.43198246415918623
Peve,OG_09375,134.06945133583392,-1.0920088766880094,-0.9788112033260359,1.3514042558735463e-5,0.0012608410117798915
Peve,OG_09371,35.442444465064625,1.1334380355204288,0.6235852645975897,0.011322342100922684,0.07993846350771919
Peve,OG_09377,39.752972475083254,0.5560442795024036,0.22460567870284517,0.13562357546409146,0.34822392918282735
Peve,OG_09378,27.567923147100522,7.249587502701935e-4,0.0011872571798170646,0.9987344703398535,0.9993904104885072
Peve,OG_09379,228.7701705772893,0.12360528892613193,0.0741949280790524,0.5758361193444141,0.753731882674527
Peve,OG_09380,31.18303144817864,-1.5260802049503461,-0.9197533205404597,0.007007130370804278,0.05995766974272664
Peve,OG_09381,56.77013337426589,-0.7172576521058514,-0.5511711952392591,0.006201927581968575,0.05578047614969997
Peve,OG_09383,42.50303602580798,0.01611102844181097,0.005613990908102488,0.965681918692949,0.9841558336592489
Peve,OG_09384,145.73639427908603,-0.8200002268479593,-0.4524455877790643,0.027257473851138737,0.13571727829933
Peve,OG_09387,96.04682165299207,0.638739367037444,0.3677495582702876,0.04648449608383001,0.18696879153464468
Peve,OG_09385,38.43259113769623,1.0461258896319126,0.0673616374186745,0.25569758904462564,0.4933922799757776
Peve,OG_09386,31.021282163805388,0.2966425397954973,0.11709354060062259,0.38927115119029976,0.6178042679598702
Peve,OG_09388,275.29533813996505,1.4472258475734792,0.8729592429215868,0.002878746112062036,0.03504527971307102
Peve,OG_09393,20.489864555163415,0.47470913868091985,0.1289698969218585,0.30665653667086373,NA
Peve,OG_09389,91.77396209766098,0.028630070556795603,0.01614883327814625,0.8998836698628956,0.9521269162521581
Peve,OG_09390,4020.0589961224705,0.2757860164028463,0.22035955800400767,0.08086262506276426,0.25981082991486215
Peve,OG_09391,232.4011831720259,-0.08079382082510268,-0.05024703808741554,0.702947645706361,0.8401404400676277
Peve,OG_09392,33.63976059371563,-0.4001553886207842,-0.1624361937228387,0.25352226369565023,0.4910583790575803
Peve,OG_09394,365.083029902885,-0.08464705068220886,-0.05678144578510928,0.6549272998952751,0.808759307927088
Peve,OG_09395,45.10649047937746,-0.3753275450181165,-0.2305278649370596,0.13230957382955516,0.3425499354821179
Peve,OG_09396,262.6136490024638,-0.2810256387989393,-0.11688997102974068,0.38645546773574413,0.615778039265888
Peve,OG_09397,1041.3599183308502,-0.08771799487874157,-0.064042995541587,0.6001584054457108,0.7715703833124632
Peve,OG_09398,355.41901826038384,-0.2921811759967232,-0.2527214182878512,0.022322879976819664,0.11951396242143951
Peve,OG_09399,67.0085592181469,-0.5439504512066127,-0.304738404675702,0.07679159153233583,0.2524380426293263
Peve,OG_09400,1168.9894628002846,-0.24504924837322267,-0.15022921891935584,0.2865514520147161,0.5244951853551435
Peve,OG_09401,311.76393574914033,0.2474016505694184,0.18708891150588455,0.14128812632919655,0.3554717726898308
Peve,OG_09402,653.7943285986552,-0.6469200310768842,-0.5572023885496583,7.037900662253513e-4,0.0146889663685061
Peve,OG_09403,800.3390151635338,0.5278887803173211,0.3506218198769614,0.04147925904313116,0.17465473268237267
Peve,OG_09404,237.28978534889765,0.22911354655577637,0.16659256621611612,0.21033274247220915,0.44201788473194187
Peve,OG_09405,77.32250764863765,0.06406965969997865,0.03777320584669481,0.7779041775856659,0.8842079288423838
Peve,OG_09406,11.693816035620705,-0.032064539165274505,-0.007726185144327437,0.9427347781725106,NA
Peve,OG_09407,120.45314196804551,1.080237086136204,0.9656031238830671,1.741854596335407e-5,0.0014668739027717704
Peve,OG_09408,116.62513253418977,-0.14512349154710552,-0.08208728263274077,0.5462701188045365,0.7332973509595494
Peve,OG_09409,134.87222023277573,-0.04120013191149667,-0.022910730063578678,0.8633851503426108,0.9344037612317102
Peve,OG_09410,79.47437612761242,-0.4691995423495381,-0.3473596854721811,0.029853436655084623,0.14303363549587084
Peve,OG_09411,23.827108888906324,-0.15494955201504823,-0.04756441965391209,0.7035546999417132,0.8406601012674058
Peve,OG_09412,467.955469210822,-0.11532624282443503,-0.05246772047865665,0.6759916586593584,0.8230309182782471
Peve,OG_09413,166.19513294579875,0.1370594440383382,0.09604869614390388,0.459952527754542,0.6700933938485563
Peve,OG_09414,610.9921339339475,0.32612520927231514,0.2910864298408307,0.006252965435219482,0.05597542971269332
Peve,OG_09415,36.75331192533261,0.37442388904888985,0.1626006363275126,0.26747224240981665,0.5057618352771559
Peve,OG_09416,142.6653644529076,0.30757437380926717,0.16800863852656867,0.2563153604751016,0.494206635307346
Peve,OG_09417,36.73140632721315,-0.0656061420154546,-0.02482412649211649,0.8386071158859651,0.9209863599275961
Peve,OG_09418,13.434208696594359,0.37851719635853714,0.049030619927401875,0.5698663978644833,NA
Peve,OG_09419,792.9502360496947,-0.3550931875952293,-0.30432983263778046,0.013499409788622409,0.08819768762412136
Peve,OG_09420,14.545402956645301,0.7434663264432378,0.1492632059811107,0.18547530865161388,NA
Peve,OG_09421,59.99197256846135,0.40514888458944975,0.259873426019554,0.09914877119229257,0.29249042223331234
Peve,OG_09422,21.945278366532317,0.20582562056579673,0.028431234036551345,0.7440274328766973,NA
Peve,OG_09423,708.0990518274479,-1.298023661553072,-1.0732219928185216,3.087178183223495e-4,0.008615651918555747
Peve,OG_09424,680.7300141964439,0.27216831517965373,0.17913238076711388,0.20137513132038673,0.43198246415918623
Peve,OG_09425,137.16987040157738,0.13453461860908286,0.07884954961577786,0.5681715999637702,0.7485022217812151
Peve,OG_09427,41.6080379660173,0.21705509123382066,0.0858725228148175,0.5223305728801136,0.7155642052305965
Peve,OG_09426,54.01943424840304,-0.41777121225131325,-0.05173127624229405,0.5167694921431096,0.7108613201780805
Peve,OG_09428,107.95682089407204,-0.09543586591368122,-0.05913658714237503,0.6572873863871092,0.8106225205596564
Peve,OG_09429,125.83142233045301,0.23025448591382155,0.11144412258748065,0.4318833458410219,0.6504719906320492
Peve,OG_09430,132.42131708245603,-0.2420086195362807,-0.16226511199830962,0.24578626461094624,0.4825655472053432
Peve,OG_09431,73.8396656327659,-0.23885925244768108,-0.1186033683498243,0.4034300344812333,0.6290936865637026
Peve,OG_09432,10.401114865567626,-1.40467914989014,-0.15462419972192504,0.05686757756551824,NA
Peve,OG_09433,93.15919155670863,-0.10859984031381292,-0.06135131231717356,0.6553886691348739,0.8090667446879711
Peve,OG_09434,17.15141865471816,-1.2170768374610572,-0.24993129903406872,0.05555977576876619,NA
Peve,OG_09436,402.06012772421343,-0.07611614103417402,-0.03767000895578834,0.7973715635897796,0.8948698543646053
Peve,OG_09437,130.6153483910041,0.1453836373027642,0.10338501547318232,0.41840558190101157,0.6408149824933466
Peve,OG_09438,1233.267660626265,-0.0010849672460311063,8.136843399314059e-4,0.9961514978999644,0.9978746074162504
Peve,OG_09439,281.49239938615995,0.5190723406603585,0.3889943459870695,0.019285788010063986,0.11023389709051373
Peve,OG_09440,863.3709721107371,-0.9124051829529368,-0.2448523065969216,0.060140205760295856,0.21702519336260553
Peve,OG_09441,37.56816203327632,0.06161554167126167,0.02393761947906094,0.8619222630694638,0.9335968575777857
Peve,OG_09451,32.335192904715164,-0.30944775051789963,-0.11480166845677937,0.387835422544839,0.6167567184615894
Peve,OG_09452,61.121047119475804,-0.022628714105567143,-0.008509921466351524,0.9405653680146634,0.9720117577149391
Peve,OG_09443,14896.057135369352,0.1745463547438739,0.06040252876504195,0.6395634046888778,0.7985894143451682
Peve,OG_09444,129.23727781933204,0.32260646650334196,0.21884576254777727,0.13748924247947542,0.35050988229731483
Peve,OG_09445,73.11350529101374,-0.336833139145049,-0.1320776435758231,0.3353117080502309,0.5706891402874574
Peve,OG_09446,35.54642320637121,0.332631234172982,0.15797932824747607,0.27545873312555375,0.5133516984252265
Peve,OG_09447,3.812585040001233,1.1208135491436637,0.03688939201765543,0.3660753077446999,NA
Peve,OG_09448,12.583617386990921,-1.2914315032848267,-0.13544054972536212,0.10333293750882008,NA
Peve,OG_09449,8.115264466804806,-2.1355340671093437,-0.18974436302088601,0.015487886637359382,NA
Peve,OG_09450,82.93591418024626,0.6774727402473781,0.552119491428237,0.002861552233731065,0.03499085861406622
Peve,OG_09456,5.861894374439402,-2.2937251822921207,-0.0793431991727514,0.043879385691036096,NA
Peve,OG_09457,10.0746509949751,-0.8921261798136582,-0.12794719154606118,0.17622775364750987,NA
Peve,OG_09458,96.68475518419905,0.24024059763821945,0.1259698421247879,0.36233743874862495,0.5962764857161253
Peve,OG_09455,3127.5890858405737,0.5386099413701885,0.4768509281971177,5.472386487898085e-4,0.012938028623227677
Peve,OG_09460,175.71065067184065,0.3513792696600939,0.2305835439918115,0.12731220660695766,0.3343012368208922
Peve,OG_09461,149.54467087657528,-0.8118145774810597,-0.6983352073427896,2.970797205773588e-4,0.008540201174937055
Peve,OG_09462,273.00503968360636,-0.9591609442275296,-0.7889799282842411,6.919592275446643e-4,0.014610066183579653
Peve,OG_09465,266.6015604167842,-1.1329703210801576,-0.7884373138498904,0.003697729058147984,0.04099363819328085
Peve,OG_09463,18.781893862470668,-0.84949961009044,-0.18338982799147005,0.12003063083436954,NA
Peve,OG_09464,9.75993656997469,-0.6814854527741515,-0.12045789529521984,0.25741916964631884,NA
Peve,OG_09466,497.3563301380133,-0.7999153898413855,-0.5787610190895153,0.006842961016739204,0.059048195033896675
Peve,OG_09469,240.48640745423668,0.017088718318107054,0.01736956666779357,0.9550019722362446,0.9788725186632138
Peve,OG_09470,47.557689369759885,0.04232369230791712,0.016156266551361875,0.903217086848374,0.9544233675542536
Peve,OG_09471,671.3313152107355,-0.08463146875189734,-0.054679913898732155,0.6747960627480123,0.8223638467468177
Peve,OG_09475,20.576293954975064,0.22576793094609113,0.00182633547470291,0.8807533064306129,NA
Peve,OG_09472,2346.43037480892,-1.286712274606651,-0.26132658532244923,0.02660464190168365,0.1336019525425353
Peve,OG_09473,97.78664852653814,0.4690156889404258,0.2633139312635381,0.10381378241676457,0.2994522508333633
Peve,OG_09474,19.335727353362582,-0.32575842674071903,-0.08584609828922257,0.4680024165202444,NA
Peve,OG_09477,519.2871429923658,0.2049280897978414,0.12365618020979385,0.378267627408832,0.6094845147209141
Peve,OG_09478,106.96526757735862,-0.4036144785974197,-0.15106197049833087,0.26903129914208757,0.5065370996072343
Peve,OG_09479,183.89808736593258,0.1056766661970603,0.07748361843656068,0.5318812637980068,0.7222587286298068
Peve,OG_09480,40.933961956210744,-0.153167710707461,-0.006436915315270648,0.9009430272451167,0.9530213979443157
Peve,OG_09481,569.9959548983992,-0.2896618380281036,-0.17239907074060443,0.2372408069193465,0.472111117211607
Peve,OG_09482,208.3263437421465,0.383782670864268,0.21760146613003548,0.15726790814174338,0.3746300576059416
Peve,OG_09483,406.9311352832493,-0.18986015741541734,-0.12938487365803217,0.3318498053561871,0.5680970375738053
Peve,OG_09488,100.17408635706023,0.4866324677239722,0.2687037647650734,0.09804282846050291,0.2908451196308844
Peve,OG_09489,50.972351687782734,0.8329387614465246,0.4381826253980595,0.028563880446049687,0.14011567368834932
Peve,OG_09490,14.093559434341694,-0.44949452982685967,-0.03344405767582237,0.601183399830026,NA
Peve,OG_09491,96.38352413991294,-0.3736389686968112,-0.23950848729917673,0.11656863674951422,0.3180586943974926
Peve,OG_09492,96.48673321044866,-0.03581657350763954,-0.024320297948715756,0.8534745364410243,0.930019885368005
Peve,OG_09484,84.29231074150896,-0.07526729832492658,-0.03772737138292772,0.7788179578015746,0.8842079288423838
Peve,OG_09485,35.63244120141214,0.12690372532673996,0.05251790728607329,0.6972272966944928,0.8364531568848261
Peve,OG_09486,1466.0742991942323,-4.588058324065292e-4,1.131737977917066e-4,0.9985677273367185,0.9993548274896377
Peve,OG_09487,1694.068904486675,-0.19323103538723438,-0.09301461061136998,0.4970269666957596,0.6988443555871336
Peve,OG_09493,22.084190305771216,0.589163299963872,0.19097252225134853,0.1737629824858745,NA
Peve,OG_09494,12.852502926377094,-0.0081172687493619,-7.938828067137033e-4,0.990535839153487,NA
Peve,OG_09498,73.05877593801954,-0.005293488678972931,-8.338360547249008e-4,0.9886333349015822,0.9958229201745673
Peve,OG_09499,7.911303588738277,-0.8953887412914203,-0.11012161890781694,0.19934464455760287,NA
Peve,OG_09495,810.6205695145541,-0.1603017560517972,-0.10591963970259453,0.4194390007315342,0.6418031301957083
Peve,OG_09496,104.91438631745521,0.26558612116213604,0.1607034621697915,0.2628247881253472,0.500674977729156
Peve,OG_09497,20.27338360944716,0.6242881524984636,0.11962106827285099,0.2707454097497802,NA
Peve,OG_09500,310.27155477613223,-0.19135549486858078,-0.14426351206986898,0.2515089792436301,0.4890238396829949
Peve,OG_09501,117.73148946228513,-0.014522543701293343,-0.007033096723609211,0.9588827924955088,0.9807692149880216
Peve,OG_09502,407.78332927223374,0.2965163820312651,0.22627119078160865,0.0951049576137101,0.2856598115650864
Peve,OG_09503,23.500066127095575,0.24812423499382927,0.0788286171571425,0.5366617261073571,0.726161461720399
Peve,OG_09504,615.3340851053506,-0.08537488651207598,-0.06711217797344596,0.5707848324572444,0.7504727051534843
Peve,OG_09505,249.08293870938004,0.26258069808479256,0.19520885002510158,0.1450220961261515,0.3601123474967601
Peve,OG_09507,113.14688432686137,0.025224719045651312,0.013253385723863654,0.9191985799343559,0.9624044505140082
Peve,OG_09506,1128.7569097313792,-0.7092247222896659,-0.6060798722694349,7.981795314579793e-4,0.01604361918376487
Peve,OG_09508,273.68655952562153,0.20597625968744462,0.1587725489429353,0.2080380150947074,0.43998711798764045
Peve,OG_09509,753.9514948140195,0.07457522050810937,0.059392704509552315,0.6108549898269828,0.7782825997314855
Peve,OG_09510,1068.3334433592681,-0.12698515246155642,-0.1019230001316971,0.379416184081001,0.6104958248848078
Peve,OG_09511,496.85860615416135,0.02637983894940439,0.020048458611464277,0.866294768207145,0.9358243823315414
Peve,OG_09512,334.75296893392004,0.3571858617827822,0.2771944944066931,0.04836643145862599,0.1918501383886111
Peve,OG_09513,557.0536060736923,-0.07190638058423232,-0.037642688780064125,0.789203695278298,0.8901613407105807
Peve,OG_09514,139.6110363583894,-0.18508459275388534,-0.11246432226557668,0.41216914673715327,0.6357369021752649
Peve,OG_09515,36.430170344282644,0.034425020917011655,0.012873164701473741,0.9259816959459695,0.9650544513945174
Peve,OG_09516,27.132949243152158,-0.050639144378246306,-0.011266558467311666,0.9174612669677352,0.9611781407708014
Peve,OG_09517,45.22978376949508,0.21571683655754212,0.09446952783378201,0.5009078179058768,0.7004884783156717
Peve,OG_09524,237.93706803832433,1.2702044372936288,1.0115396541639188,3.834051480855354e-4,0.010002672664779482
Peve,OG_09525,37.384297046300674,-0.14828376412632138,-0.04833005626368056,0.6985479628864137,0.8372464413575675
Peve,OG_09518,369.25359915998916,-0.7381691093224685,-0.44362841653338186,0.02636320878486629,0.13283862915379635
Peve,OG_09519,96.26061603826219,0.03136495076651857,0.01616224724492843,0.9053787741424437,0.9551551726100452
Peve,OG_09520,38.34683502748888,-0.3308013439734538,-0.12493973247740085,0.3624086010628413,0.5962764857161253
Peve,OG_09521,209.06411943783792,0.11341571486145362,0.07829975869730879,0.5045962054685679,0.7028619237090393
Peve,OG_09522,74.34299474641614,0.43132407886102486,0.33060114157209014,0.03028297745454074,0.14458931434971828
Peve,OG_09526,525.3320950815801,-0.1389208291671577,-0.10876868142158853,0.2969055145521438,0.5349707032827309
Peve,OG_09527,261.35125954708343,0.031140824735357966,0.023819567158210833,0.8556724643924849,0.9309501333536061
Peve,OG_09528,11.893203794070384,0.6308801187643398,0.05913426497476845,0.45445356141379295,NA
Peve,OG_09531,39.89407929988588,1.051576157098649,0.0741600336196878,0.25254998047652666,0.4900473131100815
Peve,OG_09530,630.412436655618,0.1726406327719599,0.09256057452723718,0.47886904527352964,0.6854611775448608
Peve,OG_09534,8.625234898365212,-0.2656766985052149,-0.034453440396092716,0.6981507169162644,NA
Peve,OG_09535,54.252516606514064,0.671713923214523,0.46939726705756185,0.01576257572547992,0.09770488354491946
Peve,OG_09541,36.00254957157713,0.382903369687118,0.1733260873462292,0.23816158620300645,0.4729705327670759
Peve,OG_09543,320.3535530147131,-0.4053256207278922,-0.3118289879271042,0.03544768234738852,0.15894081466886745
Peve,OG_09544,113.09440259082069,0.6233689513159714,0.4984973992682209,0.004730145796862337,0.047520907465549
Peve,OG_09545,400.02960927891195,0.059511708246431747,0.0442381364928378,0.7016397059393453,0.8390942424429005
Peve,OG_09536,135.6301811135908,0.10527751626178171,0.0518822128263732,0.7120145645486502,0.8440907178231587
Peve,OG_09537,126.43813210219308,0.3899387035925974,0.30330395256463066,0.03482276517360331,0.15697031070562723
Peve,OG_09538,42.28076194369648,-0.6501825244588155,-0.295450159319229,0.07878978769571357,0.2552940742967338
Peve,OG_09539,42.89244153724659,-1.063534757015451,-0.6196594118869648,0.011912705383959409,0.08260093907759958
Peve,OG_09540,5877.6903081531955,0.0626935998100813,0.014873293755861473,0.8979738708160944,0.9507664972726904
Peve,OG_09546,107.60396777027162,-0.7627285384684229,-0.2891345967305277,0.06835713172395583,0.23486293507061223
Peve,OG_09547,364.1804824625783,-0.11074191303264766,-0.033621652943441084,0.7828873020638316,0.8863182444824297
Peve,OG_09548,105.12620461447621,0.3790741037279339,0.2209071514327196,0.14272960654763667,0.356868633240353
Peve,OG_09549,32.89352664787511,-0.26412901333734623,-0.02893896122461731,0.7069598782539652,0.8421331663509811
Peve,OG_09550,587.4718639026697,0.9068919297889084,0.28868388022335123,0.05020483805813262,0.1960158604006103
Peve,OG_09551,90.71273800751764,0.18645099210429508,0.10603148203371192,0.44400652067231394,0.6584233651046842
Peve,OG_09567,3894.104713699311,0.45392565509758975,0.39671092434285377,9.919562862109046e-4,0.01823066725271972
Peve,OG_09557,9.249072800840063,0.07185082079331308,0.010221565373846764,0.9060532147144051,NA
Peve,OG_09553,43.73714722493912,-0.5194222761021129,-0.21545180225078756,0.14515184800916023,0.3601836579600976
Peve,OG_09555,51.06783843670039,-0.18606976391624155,-0.09913489200746335,0.47623485695441,0.6837461628870515
Peve,OG_09556,17.56458278315594,0.4116684430528506,0.03750430927351852,0.6046322977740203,NA
Peve,OG_09558,129.50973293867852,0.21504119321454868,0.10699576347662401,0.4374880111680428,0.6541282961880569
Peve,OG_09559,11.422693664804333,-1.7233126385487296,-0.13124112776629063,0.04038496039506082,NA
Peve,OG_09560,65.99124947267819,-0.6939219887216485,-0.2227047597695049,0.11697466884411425,0.31848213983361773
Peve,OG_09561,9.021651643566253,-0.1934775604190926,-0.026400105728788658,0.7617977579084328,NA
Peve,OG_09562,140.57186098569196,0.5366978355810477,0.28254356947363457,0.08643869226300213,0.27087363369170653
Peve,OG_09563,73.93047491025045,0.11648711959141492,0.011279640733417962,0.8512343760765362,0.928508516172831
Peve,OG_09564,35.49729776275837,1.2248118634622676,0.17539502104713642,0.07312786246390392,0.24535706651494057
Peve,OG_09565,46.73652268017587,0.036820396459064673,0.017685063935921612,0.897417329868807,0.9506056614075964
Peve,OG_09566,85.12140085104949,-0.7337659744236321,-0.21004129737438113,0.10222012456095625,0.2975920783688131
Peve,OG_09590,152.0561834292785,-0.5858619693749679,-0.3322127672020198,0.05992971361859124,0.21654039755964202
Peve,OG_09591,266.4505778876966,0.4844986551857623,0.3872655968681997,0.01218032747725673,0.08389668600519147
Peve,OG_09592,40.56323305917797,0.6332838284794453,0.1923608410181174,0.15025678883203486,0.36770196508912356
Peve,OG_09593,182.4400113124096,0.15833356744681854,0.10922529271070407,0.40460968668878744,0.6300728931306588
Peve,OG_09568,33.841662888191905,1.2478504145836737,0.9858180202054898,6.771033525636049e-4,0.014558588608833262
Peve,OG_09569,209.86345021838306,0.08645455116068927,0.04591635498999898,0.7207115557271235,0.8500681326715
Peve,OG_09570,97.83285476875416,-0.43671779537684213,-0.2296530470058242,0.14056230246983556,0.35495374100393967
Peve,OG_09571,160.85653792518542,-0.2769365479554342,-0.11970099009204672,0.3909684545698049,0.618532205846118
Peve,OG_09572,117.95199994472338,0.6186808034242705,0.4097298447746458,0.0277834127142597,0.1372594280526786
Peve,OG_09573,4151.251652197063,-0.1707489476603555,-0.09522066889482424,0.4885157783986437,0.6934065958339608
Peve,OG_09574,36.4162704218117,-0.39541306060878023,-0.10340862395094814,0.3878932617713126,0.6167567184615894
Peve,OG_09575,413.55437162443513,0.6844585136944876,0.4771364534398839,0.015609788214207117,0.097023460140746
Peve,OG_09577,56.62403917308217,1.4562057466077691,1.0728532246270568,0.0015312682826384442,0.024092893862210352
Peve,OG_09578,10.88079631155891,-2.733993740887224,-2.0638330596746366,5.351484326930845e-4,NA
Peve,OG_09579,154.30053530620162,-0.5302783121005671,-0.17779784009928998,0.19596226500418812,0.42518955704981637
Peve,OG_09580,90.21189138337265,0.159333956482498,0.08988218990028798,0.5139834686383666,0.70812606517469
Peve,OG_09581,20.69308217167464,0.44225155111501435,0.19005505764409655,0.20288099703687618,NA
Peve,OG_09582,8.908540623613474,-0.2023300462098619,-0.028907204353189286,0.7595574207985574,NA
Peve,OG_09583,55.44774099989566,0.4337668966433798,0.24327303795185007,0.12607568744563283,0.3325639151526423
Peve,OG_09584,1144.1072985852754,-0.5946411230429248,-0.2653642663612382,0.09910195235273458,0.29249042223331234
Peve,OG_09588,446.5981026087723,-0.44347007757004864,-0.2759711388070346,0.08485295097879818,0.2673324154493319
Peve,OG_09589,43.502773176743915,0.7597155802566543,0.5018345903604766,0.017473390999790776,0.10350878121026916
Peve,OG_09621,329.177112362234,-0.6128003403292692,-0.496811711681032,0.0037762001898090885,0.04151095677628519
Peve,OG_09622,20.55583079528305,0.27062366309353986,0.06701317997003142,0.564337354288168,NA
Peve,OG_09623,45.68913490109478,0.3629670598711311,0.11779159321172844,0.3724748034040228,0.6039831954729343
Peve,OG_09624,1119.9820820692519,-0.32231734214387514,-0.2299633065296999,0.10991305224034481,0.30874543951583583
Peve,OG_09625,73.17666746229858,-0.032413806416229686,-0.011242872380227512,0.9291440152873793,0.9665005076326553
Peve,OG_09626,34.56092132284048,-0.3392990009070185,-0.05872945727561544,0.5586810408825716,0.7425038676628456
Peve,OG_09629,89.71444271654687,-0.25755654898177976,-0.11039283994184829,0.44324955500568247,0.6584233651046842
Peve,OG_09627,29.845950723799373,-1.2874583907493569,-0.3241022580848758,0.021289440293963565,0.11646516771654833
Peve,OG_09594,15.558119793516608,-0.42448295501751926,-0.12667699252259534,0.3223652716538247,NA
Peve,OG_09595,102.77233710722314,0.6672582984766037,0.22203315824817035,0.11196728345662815,0.31082088408972997
Peve,OG_09596,360.6492137807808,-0.3469381462697846,-0.12417338198080638,0.3524466097512562,0.5881294145571613
Peve,OG_09597,3155.7668604599717,-0.8344290053738203,-0.4512691132193993,0.025154906474204895,0.12902456801877815
Peve,OG_09598,1229.5283002523577,-1.2931138045880706,-0.8755373051402906,0.0020467911271181776,0.02850540183982866
Peve,OG_09599,35.69758371818507,-0.16293849338331884,-0.005266440512573561,0.8844413260343418,0.9447103227327
Peve,OG_09600,143.73398695376542,0.44701957758469196,0.2871477099160975,0.0748492734551837,0.2496029970439866
Peve,OG_09601,98.31408730758751,-0.4934796120255866,-0.24340906447266725,0.11809813535346775,0.32016782744580685
Peve,OG_09602,141.34704389639268,0.18905550988563707,0.12769306122072768,0.31835476928203466,0.5558621664887784
Peve,OG_09603,20.067063089261975,-1.7165962592696153,-1.4701515874322453,9.359842331983504e-5,NA
Peve,OG_09604,1023.1872936489176,-0.1605746609992485,-0.070965162281599,0.6037729287884261,0.7733914715907981
Peve,OG_09605,223.68032002870333,-0.008865363692044647,-0.006813939785740292,0.9687302780977146,0.9852774043893626
Peve,OG_09606,34.91295722497779,0.3589385871184796,0.12852996769276295,0.34686772426083823,0.5825481312652261
Peve,OG_09607,823.7499079065695,0.2106431622727259,0.1136559542140014,0.4209894430441342,0.6428986918141775
Peve,OG_09608,185.97227143936334,-0.32987123462523377,-0.22806952134980524,0.11901454321612867,0.3218504757616146
Peve,OG_09609,1084.9696611155873,-0.3538209334292484,-0.21216449396391693,0.1495837800181311,0.3671163776347045
Peve,OG_09610,591.2845158738579,-0.08042509992214024,-0.047790748196443696,0.7335398018746918,0.8570715047057366
Peve,OG_09611,146.80676087255168,0.9095983514939399,0.508166116168541,0.018513036021902036,0.10749413751131838
Peve,OG_09612,35.8669664440441,0.30470616189614586,0.13651644727811504,0.33990192716607176,0.575133924126585
Peve,OG_09613,169.7664796210383,0.14190187956136022,0.11059311618079413,0.3906629120782945,0.6184684256468096
Peve,OG_09614,47.89352565267932,0.6612018284556586,0.5170974927322014,0.005368457527186827,0.05099513392577525
Peve,OG_09615,99.9602641793811,0.28634666560628486,0.16089204262393456,0.2652146431896706,0.5030889322258243
Peve,OG_09616,125.11296898270963,0.34034447648960187,0.19214481956025609,0.2001539012940181,0.43072667233272033
Peve,OG_09617,210.87882177946355,0.04467743916882302,0.023824696053513703,0.8628552723938475,0.934095703438444
Peve,OG_09618,22.065434212197914,-0.17297027149059568,-0.03753336617127692,0.7352001474051167,NA
Peve,OG_09619,160.58504071710826,0.27045562511606874,0.12334767538802882,0.3686521159066695,0.6010091134447828
Peve,OG_09620,126.86437234284155,0.14104387146017058,0.08270790705139193,0.5441084958153393,0.7316890593329664
Peve,OG_09632,73.90068870321366,0.11874406850817668,0.0739917019127417,0.5843026898632608,0.7597231424096811
Peve,OG_09630,124.98727526198665,-0.5405387300739708,-0.4394244267004117,0.006747302185123635,0.05867688133136056
Peve,OG_09631,191.76171006628792,-0.4719256161446366,-0.3826720936740636,0.010790025771484968,0.0776189011588031
Peve,OG_09633,164.75687852181136,-0.7969485488477782,-0.17582914971371597,0.1172224971304353,0.31870127877932053
Peve,OG_09637,5.0515909920078315,0.1530624957579249,0.00985396231340084,0.8753810607679466,NA
Peve,OG_09639,128.6550546394335,0.5890822354533661,0.429251454807687,0.019698466407144892,0.11159367815497827
Peve,OG_09634,14.319680474509823,0.07103425416457246,0.02109561413520835,0.8642116778708772,NA
Peve,OG_09635,433.03365773631884,0.272201903775027,0.1515414549353744,0.2927569038542464,0.5303738629159689
Peve,OG_09636,163.54292192229502,0.2204967382191288,0.10416811242059948,0.4594632612273651,0.6698909367323973
Peve,OG_09654,4.388425841872414,-0.1727730325873501,-0.006120290364728022,0.8884847948136168,NA
Peve,OG_09655,29.7852430947289,0.6060726812325389,0.3048971056854811,0.07579796071610283,0.2511152386628198
Peve,OG_09640,386.9801099491977,-0.33294182244401627,-0.22625876603738038,0.12371803768025352,0.32919455502905043
Peve,OG_09641,491.55114164307986,-0.616069868475836,-0.47524836817241195,0.007882004042815196,0.06484222035937526
Peve,OG_09642,55.06749471259053,0.15724553374586542,0.04966587290918261,0.6938648979738566,0.8343746309915404
Peve,OG_09643,27.62729189930779,0.2830836342030284,0.08131061709088902,0.5058061006096297,0.7036579390876843
Peve,OG_09644,21.597934605079946,-0.039620175786654464,-0.007574736038794883,0.946881529610853,NA
Peve,OG_09645,13.74677000451481,-0.8679614874898776,-0.2905596212559242,0.06193336459488291,NA
Peve,OG_09646,157.14452649724734,0.20601712258520186,0.15635807610017424,0.2049081801872926,0.4361872832780015
Peve,OG_09647,107.69280903566163,-0.752500188016126,-0.34555524811338545,0.052705561053158684,0.2014605941309397
Peve,OG_09649,150.06892652837064,-0.4120554477777778,-0.15623655625390473,0.2524990045570313,0.4900473131100815
Peve,OG_09650,1992.8864684633238,1.0578296920752155,0.6712039961932946,0.008365938096306104,0.06676584291308484
Peve,OG_09651,834.9237544399092,0.4803840274193182,0.2993003248436898,0.07185559398451705,0.242317802113347
Peve,OG_09652,10.369479723111773,0.49178805980453205,0.031078305708567133,0.6063472388663942,NA
Peve,OG_09653,53.99951143499021,0.36697322972803276,0.10462269220153492,0.4001326485689977,0.6262964280337856
Peve,OG_09656,478.02241443089673,0.036156400828050515,0.02305401060182976,0.8550465200246841,0.9305349127925776
Peve,OG_09660,31.85304795625771,-0.27565734745384585,-0.1008330744065354,0.4505605174372281,0.6631317661972186
Peve,OG_09661,13.060605636352943,-1.4161938453425045,-0.5785403922488036,0.013974927308724766,NA
Peve,OG_09657,378.03023124217657,0.023449878836920242,0.018439548881122085,0.870051452237254,0.9384442321585993
Peve,OG_09658,20.19932080639403,-0.08201828461800584,-0.014880490666693549,0.8872166926653239,NA
Peve,OG_09659,9.208113947418283,0.17602402013897436,0.018613268738046754,0.8046144104127175,NA
Peve,OG_09665,274.3584506252234,-0.15165385933889072,-0.11709054558719675,0.32988031367781795,0.5661503843474954
Peve,OG_09662,73.64845231270863,-0.20465972265138896,-0.07056192476731522,0.5799483148768576,0.7561885169168305
Peve,OG_09663,71.14439839391186,-0.44797880301622844,-0.24676374671512047,0.1179380726901788,0.31995769566562743
Peve,OG_09664,784.8716710708624,-0.6100380338151601,-0.5366077014581766,2.527236252562364e-4,0.007794528652639712
Peve,OG_09666,57.130422384880305,-0.5561269462538861,-0.20012987764243154,0.15338415106474715,0.3703583083395384
Peve,OG_09667,169.26362015733625,-0.11152532748818918,-0.05988903310768922,0.6885358183561994,0.8308673949370389
Peve,OG_09668,277.119860125327,-0.16641389364296405,-0.10004431207862745,0.46772487608780805,0.6758588971997196
Peve,OG_09670,2362.5541813740874,-0.25859214141192205,-0.21744622917942003,0.058881309100544475,0.2141436166143768
Peve,OG_09673,254.90444281766523,-0.43621020773619884,-0.3092413377512827,0.04962934583363768,0.19488471987662465
Peve,OG_09671,274.0232269500431,0.16485486789184153,0.1161487142355227,0.3772830621757229,0.6087541645303995
Peve,OG_09672,2315.951790110898,0.3205512790022544,0.2796434532296249,0.01336818091059229,0.08781036888447273
Peve,OG_09675,124.11005226152677,0.4072589446030189,0.25056911594621395,0.11412490237342159,0.3133525474429047
Peve,OG_09676,136.40244205449142,1.1786174202471535,1.0144986843697401,1.0111663582353178e-4,0.00437240374282527
Peve,OG_09677,9.140354204171373,0.49642163382883775,0.042828131898086035,0.5504618776157094,NA
Peve,OG_09681,83.12674288408239,-0.10026283348605898,-0.04910859502634589,0.723975259584765,0.8522416893829383
Peve,OG_09678,21.96925640367137,-1.558063683807261,-0.1582086320620125,0.053783342783624795,NA
Peve,OG_09679,29.790376362083705,1.2090085903568706,0.9026717207470424,0.0018706801668161768,0.02692627369180109
Peve,OG_09680,25.518293156359945,-0.6588412129802237,-0.3191614906935209,0.06898739250450281,0.2363066349367367
Peve,OG_09682,250.5215152676268,0.3873255037138869,0.2924825172479506,0.04591075265806439,0.18619539367033988
Peve,OG_09686,20.893665020642807,0.11197726898592085,0.039977220706567264,0.7640157967571746,NA
Peve,OG_09687,20.54140786586637,-0.22341573448141697,-0.05575156700246325,0.6283381568026856,NA
Peve,OG_09683,169.6366894934453,0.4581708565314581,0.24761545253565778,0.11506453589695483,0.3148569089306759
Peve,OG_09684,6.929663808101799,-0.27763838569411853,-0.043621265366023385,0.6725264345051549,NA
Peve,OG_09685,50.97321811913498,0.7229846579064019,0.43000299008105464,0.03069882570816112,0.14580028319499463
Peve,OG_09696,151.5558229243123,0.057821324203781936,0.028097360265502348,0.8454115988487083,0.9246727293653209
Peve,OG_09697,66.7269728839361,-0.052632859836931015,-0.02516657323319525,0.8436038007471953,0.9237564688935079
Peve,OG_09698,188.76971742873306,-0.9097171789237676,-0.6319729281903399,0.006921259570737659,0.05951039248349837
Peve,OG_09699,83.75658141172708,-0.5984309430632665,-0.36965933179736093,0.04214417767223999,0.17630661477601553
Peve,OG_09701,395.44619791922133,0.41028647127247964,0.3496999796926691,0.007108911310624306,0.06037423229022961
Peve,OG_09688,29.273350730353872,-0.12510508596558995,-0.03834657670078242,0.7521299908736376,0.8689302806301746
Peve,OG_09689,277.9972694389282,-0.5778469911778132,-0.32246332919971504,0.060707892985741765,0.21804466231276792
Peve,OG_09690,39.63086630657627,-0.6307679932897238,-0.18810410222181898,0.17200033805440468,0.39443063675450174
Peve,OG_09691,98.863215808206,0.18660399424209115,0.12655259151864623,0.3524695805062259,0.5881294145571613
Peve,OG_09692,96.94116416439796,0.4241531863778686,0.25081999681433137,0.11317497454013466,0.31170171946737013
Peve,OG_09693,5.8132197400560415,-0.7718678726203037,-0.01669107209374736,0.5949580820711909,NA
Peve,OG_09694,3302.6375370573933,0.09648273282496998,0.02716493402205331,0.8202449897193604,0.9095259133795244
Peve,OG_09695,84.23364312148047,0.2756204867867498,0.11893250402043103,0.38173168817722597,0.6115974828252689
Peve,OG_09702,282.92491270346864,0.34496367537314215,0.28271038224756523,0.03297902514800587,0.1521709349348932
Peve,OG_09703,408.35925758435303,-0.0073741684256034955,0.005906871700118825,0.9558820816762137,0.9795412561486947
Peve,OG_09704,167.46462287205372,0.34023862237721025,0.2647257580821868,0.05430017927820573,0.20429468669967038
Peve,OG_09705,64.57271710083698,-0.6757535092189896,-0.3421055066138122,0.053229680464854344,0.2021454166407081
Peve,OG_09706,248.86508404723554,0.0732509160471387,0.022678168512924767,0.8295681260811274,0.915438336142489
Peve,OG_09709,81.100568797293,0.13605082773396748,0.08822309342454944,0.5125994326231688,0.7069121067565713
Peve,OG_09707,1364.1965245065348,0.6836602903378207,0.37813813658274403,0.0433719632540504,0.17937438440247336
Peve,OG_09708,280.24115921619267,0.22255553315771343,0.14736465877626126,0.27755286488159314,0.5147938767168172
Peve,OG_09712,154.59250900225038,0.07146014562169803,0.04672989907948119,0.7245956185525455,0.8522416893829383
Peve,OG_09710,67.99303269122198,0.15482401644307417,0.07959634944892202,0.5570530051985436,0.7412444521909595
Peve,OG_09711,112.81743682560077,0.2910335689319511,0.14667276082605737,0.309954223696729,0.5475953794345272
Peve,OG_09721,15.09581776813681,-3.023980101950303,-0.04870580180279052,0.06475800896863158,NA
Peve,OG_09722,55.03484831339845,0.15994711927547364,0.04939648389861969,0.6870439055273783,0.8299873885676446
Peve,OG_09723,32.39987532496265,-0.5148332039210731,-0.28676325004248693,0.0903486835360654,0.2788801747073526
Peve,OG_09724,14.413778115419356,0.8675510581256238,0.3320819356652587,0.04810150640994222,NA
Peve,OG_09725,36.02942681026326,0.38161906261278433,0.07881748046297755,0.47820274444557465,0.6848934963689391
Peve,OG_09727,196.24270572997747,-0.5096673491017394,-0.3367399969288724,0.046217306250492855,0.18647479889279758
Peve,OG_09713,9.959165208508255,2.5862785978113445,0.13817242665651772,0.013921942210843488,NA
Peve,OG_09714,110.37086182191058,-0.025084010394799305,-0.01761039102997686,0.8913281043683998,0.9470205716985314
Peve,OG_09715,8.247385402100136,-0.7959611370426668,-0.10356458104693231,0.2555441441878177,NA
Peve,OG_09716,149.64192291919642,-0.32595940923681305,-0.2531462460067708,0.05581539515825272,0.20721329450076473
Peve,OG_09717,1076.7196186134188,0.22593227902995203,0.09790612906435245,0.48393303639003354,0.6899121890470694
Peve,OG_09718,10.571961494612959,0.5418256917924493,0.03770521609530547,0.5061002736474285,NA
Peve,OG_09719,363.9509040819492,-0.2474599444907894,-0.16615396410511055,0.23384688564839118,0.4688014670709063
Peve,OG_09728,316.49290746572467,-1.5973903785843175,-0.22952689859518177,0.01990028916498979,0.11184802838227985
Peve,OG_09730,117.64959929093143,1.1806999469970836,0.8878446358999389,0.0013472162332087043,0.022214487585679458
Peve,OG_09731,48.20966349789343,1.0401435853222611,0.8924453234871119,1.8849350248836298e-4,0.006432375131934716
Peve,OG_09732,54.969320256900275,0.008417065470030478,0.0025854947016003514,0.987488332141676,0.995064300827419
Peve,OG_09733,24.025182232397583,0.50175309190658135,0.1555596669210799,0.2405983212836451,0.47634715963153573
Peve,OG_09735,39.86595199736464,-0.6223100453391743,-0.11763374051023542,0.24977797392106396,0.4877532873321523
Peve,OG_09736,54.929538414094225,0.1723127035233226,0.014805367158241932,0.8355308951954805,0.918746299018356
Peve,OG_09737,476.40859974605,0.12740047308518004,0.07990601363476914,0.6002997587256375,0.7715703833124632
Peve,OG_09738,26.379814676250703,-0.440335641040942,-0.15283552110933238,0.2640496236144246,0.5020040011716213
Peve,OG_09739,132.1813007303098,-0.19542427868186663,-0.09385747587310224,0.5033594808139208,0.7019206525426412
Peve,OG_09740,175.34437085268652,0.37495254476195916,0.2821360738312779,0.05385463761158864,0.20358249322045271
Peve,OG_09741,120.65585930116458,0.16799377207089378,0.06068329522232144,0.650777073695106,0.8065669612724401
Peve,OG_09742,36.077160796774805,1.2729791121105207,0.19430449750754142,0.04272979897581071,0.1779529789587184
Peve,OG_09743,62.596874712613776,0.853439842687566,0.5643879899765456,0.01152024347423795,0.080752884228958
Peve,OG_09744,47.99292134320162,0.215673249869817,0.0835622429601234,0.536080024625299,0.7257383842321581
Peve,OG_09745,85.57805280093669,-0.24775685907475278,-0.127448962643628,0.38489519300575203,0.6146485759057679
Peve,OG_09746,86.92334153377989,0.013374932148005027,0.005223631692711745,0.968845735494263,0.9852774043893626
Peve,OG_09747,15.04296408557956,0.5422233490462892,0.11433636700479456,0.3105264844326872,NA
Peve,OG_09760,44.37166381804113,-0.6944216975435161,-0.4242190303539249,0.029766970078275695,0.14279897862487673
Peve,OG_09761,102.53839676045075,0.03604379989140134,0.024574292401782213,0.8528786327352395,0.9296364893657253
Peve,OG_09748,225.98413208452678,-0.08338637498725975,-0.05388238946912712,0.6816267221075953,0.8260630558408625
Peve,OG_09749,151.84732144486892,0.017485037892806393,0.006340840652076165,0.9532220323113113,0.9785265384917896
Peve,OG_09750,111.2759382053317,-0.8776257977575246,-0.5802583892751381,0.01002960410579477,0.07456033747347457
Peve,OG_09751,201.0195779072186,-1.0318988612806903,-0.9131501029474265,5.440750615709882e-5,0.002909152225483366
Peve,OG_09752,43.802354704186435,-1.2465066329679537,-0.8030653327481062,0.0049891750820096874,0.04895168206619046
Peve,OG_09753,71.13521233432762,-1.0115582826600429,-0.7148666306624049,0.005659846065433188,0.052645552291172196
Peve,OG_09754,712.2597783942641,-0.167419089449685,-0.12836167246920613,0.2926014065467966,0.5303738629159689
Peve,OG_09755,11.712382473447212,-0.17994122181345118,-0.029294588003992175,0.7629222741370539,NA
Peve,OG_09756,22.99551970904208,0.17428185430100646,0.055631282912271054,0.6516706189251218,0.8066217031419394
Peve,OG_09757,26.737358993002623,0.9599866306819443,0.13540608201833032,0.1259874814163836,0.3325639151526423
Peve,OG_09769,61.10295033689242,-0.3898062438195569,-0.11536700611719698,0.35361708851177714,0.5895698293159215
Peve,OG_09768,202.92622735409867,-0.9210037585608036,-0.8278515211999721,1.8050491991238035e-5,0.0014668739027717704
Peve,OG_09762,345.79428334180824,-0.6014745919600792,-0.4645838574253887,0.008346503316139873,0.06676584291308484
Peve,OG_09763,534.5340420514971,-0.2489579294447,-0.1663932766437669,0.24741760464506232,0.48483602420355226
Peve,OG_09764,76.68143217076398,0.17817783397084822,0.06549092136235286,0.6087415510706351,0.7762626608731333
Peve,OG_09765,13.104408912694934,-0.005121975108142844,-3.194016604026196e-4,0.9932523763886698,NA
Peve,OG_09766,4.51457371767735,0.0760543136857128,-0.007637871603387314,0.9499652897131823,NA
Peve,OG_09767,176.05251959938454,0.09440839248637971,0.07355563527123717,0.5429432775860095,0.7308962517494646
Peve,OG_09770,131.39496175402132,0.3765441555922323,0.2638603015114233,0.08099473465475947,0.25990644001683133
Peve,OG_09771,8.56887983318775,-0.5339267500840161,-0.05029309865061796,0.5094979356594809,NA
Peve,OG_09772,211.54155129987757,0.3087275989613435,0.19329385900885585,0.18595506047030252,0.41239705983287145
Peve,OG_09773,6.4486912392598095,-0.46794601072288405,-0.03865659080287459,0.5630272199823574,NA
Peve,OG_09774,225.68945184282055,-0.05891131465447063,-0.03167808035945587,0.7731511275501266,0.8823768224235004
Peve,OG_09776,42.19074163751715,0.7973613626600649,0.3781590087097294,0.04149712078696436,0.17465473268237267
Peve,OG_09777,13.988635137812055,-1.0652640225640744,-0.2475212539608966,0.05419908708137964,NA
Peve,OG_09778,209.64882433301239,0.3778163736802684,0.2106164066023647,0.16595079632399384,0.38608286607217335
Peve,OG_09779,25.22022175966925,0.3124538481217999,0.10979144986790873,0.4102113185919755,0.6352333194638291
Peve,OG_09783,15.187010486454318,-0.13812352865506075,-0.030100514916461273,0.8863088003239837,NA
Peve,OG_09785,35.13504809762312,0.0311163537381064,0.013173489868202179,0.9267429685487985,0.9653510605778972
Peve,OG_09786,30.902395011578967,-0.08796815744364965,-0.032609978775443936,0.79914414164248615,0.8964489327994232
Peve,OG_09787,6.426611247808919,-0.15902634911611602,-0.009202153525823115,0.8675467466492699,NA
Peve,OG_09784,139.65844676072572,-0.39458709290735416,-0.1808709902762575,0.21929899702481803,0.4542196191775595
Peve,OG_09788,44.46892975059244,0.004467452941304115,0.002469238315919401,0.986088646261389,0.9943164661734781
Peve,OG_09794,56.413921002464555,-0.10802056338020119,-0.04752273133921328,0.7286959333487584,0.8540253553795947
Peve,OG_09789,412.436659289124,0.4002671806579239,0.1178109329571152,0.3354250168506005,0.5707278967873672
Peve,OG_09790,25.288284993078832,0.22020300362424422,0.07398853822573505,0.5663353792513841,0.7481087080175212
Peve,OG_09791,430.4891204214432,-0.2991738196360712,-0.17548987566723925,0.22449745871174948,0.4608519645556743
Peve,OG_09792,10.195859555647202,2.156997707715884,0.13842406632828205,0.02181549061622231,NA
Peve,OG_09793,74.1053960806381,-0.8381389179185053,-0.66445758150628,0.002538936438572625,0.03250692065385926
Peve,OG_09802,45.864883573767,-0.018309931776765563,-0.011540800449988309,0.9376599818798081,0.9711888160381208
Peve,OG_09800,141.49458031477872,0.29020799248942425,0.20479030550126362,0.14736266154967664,0.3642468383145479
Peve,OG_09803,51.91002997325774,0.5304933907734418,0.2653757544787273,0.10253313622421313,0.2976366673518727
Peve,OG_09795,217.1378361444825,0.1708737000942779,0.08267271320566205,0.5437022635239641,0.7314056754169255
Peve,OG_09796,151.23560095763452,-0.2443032195652619,-0.10663823095292581,0.4447907628485427,0.6584233651046842
Peve,OG_09797,328.3636176461315,-0.8406437260503951,-0.21458557625238706,0.08704766137226967,0.27210877486005347
Peve,OG_09798,2332.1797319150114,1.312970456785072,0.7169049661221422,0.00666218591488576,0.05826926785258292
Peve,OG_09799,82.92077787806151,0.2863908603065197,0.10505785750101831,0.43299387761063673,0.6515285003120007
Peve,OG_09807,191.12565225831383,0.3990588359037258,0.049187862459653786,0.5424740123431192,0.7305227198214392
Peve,OG_09808,1227.1259444979721,-2.036885456002539,-1.5571877230809419,3.328905642361554e-4,0.008992767086351177
Peve,OG_09810,22.17449784584868,0.6743244356256447,0.032084461245689117,0.5209521692976802,NA
Peve,OG_09809,162.68021993937717,-0.00994172875353703,-0.004545547169805177,0.9690535651758491,0.9852774043893626
Peve,OG_09804,264.1062070414625,0.5880817761043553,0.5027760482294293,0.001420304510185774,0.02290214255437485
Peve,OG_09805,72.80992409258448,-0.3223565496907081,-0.15568518802638395,0.2801622589963723,0.5177768289748579
Peve,OG_09806,9824.513801524117,0.11894283338701546,0.018860877949522036,0.8468691812437131,0.925469720659103
Peve,OG_09811,3277.066557650244,-1.1926991134727727,-0.9600228641657348,5.695348158155758e-4,0.01326824534215002
Peve,OG_09812,50.00905150265735,-0.40121728472478313,-0.21394461869068468,0.16571124595755085,0.38608286607217335
Peve,OG_09816,11.536750490435402,0.674156856770286,0.09226193273990951,0.2809749619561414,NA
Peve,OG_09813,75.57443645405309,0.23427398027501248,0.10384496828254243,0.4675211054638432,0.6757721013228984
Peve,OG_09814,308.3795895909074,-0.008203321732098727,-0.006162144668590418,0.975552428314223,0.9883971803295318
Peve,OG_09818,208.80050520998034,0.15207260511441106,0.05786007090433461,0.6544625334166054,0.8085785889665423
Peve,OG_09819,5.501534404865381,0.538943449299429,0.010297611354900281,0.6933502805060705,NA
Peve,OG_09820,87.2446763510517,0.39562714289077716,0.1953054922298993,0.1973786717640997,0.4268040651430348
Peve,OG_09821,1054.6778502505354,0.7855899835083027,0.39497360320570435,0.04033772993118033,0.17176792991376844
Peve,OG_09822,81.43687942862353,0.6947175591178635,0.5162794361806478,0.008189063220969758,0.06609094263008027
Peve,OG_09823,93.34735014317957,0.2221674557693471,0.12830632513130136,0.3737472645516715,0.605618986527882
Peve,OG_09824,57.49690995381117,-0.10298255924517032,-0.031450012496209094,0.7950708665317407,0.8937192047002753
Peve,OG_09826,673.2359480913386,-1.7648216102289513,-0.09794870078362278,0.04103126954309168,0.17367276024802156
Peve,OG_09827,36.40961740027302,0.08500131390966274,0.026941262824172724,0.8258098544144366,0.9126678472260522
Peve,OG_09828,132.80123590917265,-1.4479196818409261,-1.078882386018718,9.754599012828112e-4,0.01799286568516333
Peve,OG_09829,61.97119102988287,-0.5391909812930378,-0.29693416045154036,0.07779452109540098,0.25383236750608584
Peve,OG_09831,43.393588960991146,0.345356653683707,0.1140872864528574,0.3844347286326516,0.6143536317859324
Peve,OG_09832,58.33941812467165,-0.692404564861367,-0.1385600279460467,0.1874370456768609,0.4148446873812685
Peve,OG_09830,406.31380196030057,-0.02669457613746774,-0.019537781793315934,0.8707715775775928,0.9388392083471694
Peve,OG_09836,49.579595678161965,-0.29515215547810875,-0.12982024450589905,0.3591476942252908,0.5931036493839725
Peve,OG_09833,307.26638401223573,0.23687885959124386,0.16600410172364488,0.2203574522832652,0.4553525909767982
Peve,OG_09834,28.7921155205954,-4.497736192528974e-5,-0.0011841785644321912,0.9999167491858717,0.9999167491858717
Peve,OG_09835,593.7040632428325,-0.8333174144511929,-0.7552649911761221,1.2763314416925663e-5,0.0012153866153517463
Peve,OG_09842,77.27509541692258,-0.47112447701766097,-0.33914393061945364,0.037327571570344435,0.16380267293944925
Peve,OG_09837,1017.924849042982,-0.5486105155786773,-0.38958928872823106,0.025272056970915748,0.12919922777157447
Peve,OG_09838,13.161813409597059,-0.41631635821277185,-0.11195427315921642,0.37325612930639085,NA
Peve,OG_09839,798.6275685894741,-0.04918033460031527,-0.03158174395586633,0.8064134831801335,0.9006388967697195
Peve,OG_09840,226.44859748920555,0.4475449482393283,0.220092004037307,0.15935995363854125,0.3777237482322362
Peve,OG_09841,202.29213797944698,0.3066124802211696,0.2020842688640068,0.1675161717661215,0.38776608827539155
Peve,OG_09843,54.57833160040613,0.5282440754648761,0.32578653967371546,0.05767595760953653,0.2117472024431081
Peve,OG_09844,49.7446737006131,0.694889522757342,0.2575656032461284,0.09632419462524558,0.2875031448120361
Peve,OG_09845,229.5645011381755,0.11096122341674651,0.06765998431890219,0.631576886155776,0.7931714232147826
Peve,OG_09847,1514.1025833956705,-0.9548881719228532,-0.819886547038068,1.8268691047700774e-4,0.006340257379294265
Peve,OG_09848,48.115932055141265,-0.3612420461604328,-0.22740278041888531,0.14252623975404982,0.35674079591248775
Peve,OG_09849,29.851728364386346,0.13607513369085475,0.048929986386355276,0.714786584083563,0.8461499591526707
Peve,OG_09850,9720.952696648674,0.17717923870493135,0.15155751361690867,0.14438516060062087,0.35910093158848505
Peve,OG_09851,24.645913253505967,-0.24522358924423282,-0.06115509569276164,0.6007463210084865,0.7718815101100776
Peve,OG_09852,36.87943903142375,0.5586061518943015,0.2520324352856279,0.1108439134788609,0.31046025533656163
Peve,OG_09853,63.3875262904974,-0.050254621659960426,-0.028797599700770202,0.8279948675383523,0.9142827441821838
Peve,OG_09854,79.50723216346951,0.2005496761855172,0.08904968917208345,0.5096228773097808,0.7047407159353465
Peve,OG_09856,205.71442666378047,0.26500092571735967,0.16187181549598556,0.2619853644476481,0.49995102864784147
Peve,OG_09860,70.60546812438741,-1.0584277335563224,-0.7927301452990162,0.002555272855267634,0.032661188945350396
Peve,OG_09855,1399.3123581710452,-0.45799975349608546,-0.39780240169128744,0.003003958930464461,0.03581245560606927
Peve,OG_09857,34.18206562239086,0.5754409496475956,0.0972776109865426,0.32407924284174316,0.5608106856641136
Peve,OG_09858,6.041466530526673,-1.799239983951287,-0.11490855649545809,0.06570720883658601,NA
Peve,OG_09859,94.05487301419451,-0.03390283573733415,-0.021669404833876645,0.8657871975907323,0.9356346165968245
Peve,OG_09861,5.251165304811386,1.4288497304119536,0.05420423664565757,0.21460882123925865,NA
Peve,OG_09862,51.44112289866364,0.24380778308933176,0.11594648170611252,0.4103132811950118,0.6352333194638291
Peve,OG_09863,56.24646129795944,-0.008456209738974757,-0.005137933981321344,0.9739381469913225,0.9878126486193443
Peve,OG_09864,6.1172314691167,0.9618161500788796,0.03092724441111017,0.45379521622640634,NA
Peve,OG_09865,100.46443337313842,0.48343444730230123,0.3208471420392901,0.051830789871763115,0.1993169900268003
Peve,OG_09866,443.89348329911905,-0.7897858642604815,-0.4478103693205407,0.02729798123589124,0.1358301901077854
Peve,OG_09867,49.548179649371775,0.5538234437284092,0.18802693565700807,0.17856830667649068,0.40415874809240293
Peve,OG_09868,25.36685493845398,0.3146839027282628,0.05025625011458037,0.561284734589516,0.7446651180952513
Peve,OG_09869,8.608518386384501,1.7124617189730624,0.023940582844615723,0.38629061186180735,NA
Peve,OG_09870,24.189279019818635,0.05070170253170743,0.021370908045822985,0.8763493035688807,0.9406832456795454
Peve,OG_09871,149.2435897184927,-0.49788587531751444,-0.3736642957256514,0.0219874059525618,0.1185421504222334
Peve,OG_09872,1148.1754478641963,-1.0224129535821285,-0.7266292133130897,0.0038353634039136105,0.04191936644334847
Peve,OG_09873,244.2581897417671,0.34709191021045727,0.265524894302541,0.05509339561128072,0.20563522183573568
Peve,OG_09874,20.439146405748883,0.08084360767561394,0.032086534335080914,0.8143954308468753,NA
Peve,OG_09875,38.798756979726384,-0.17940183750763575,-0.06800171151057499,0.6086148943836264,0.7762310841142583
Peve,OG_09878,85.46695380481134,-0.14399730797901092,-0.08397430693764045,0.5373929146756193,0.726763576069389
Peve,OG_09881,29.82728630319914,0.795513652984465,0.009940866785403566,0.696984431817792,0.8362934952886975
Peve,OG_09882,25.87904225616977,-0.3504294023703928,-0.1260856983700394,0.35865713688514417,0.5928075653701516
Peve,OG_09883,20.938398937525395,-0.09159230591620554,-0.02887300314336344,0.8181409533521183,NA
Peve,OG_09884,73.09873495438679,0.3002208057229759,0.11162990686929473,0.4094181747600508,0.6346052252761085
Peve,OG_09885,196.58947514424807,-0.1686020446990312,-0.14198511466615063,0.2815100781721995,0.5192794280271738
Peve,OG_09886,29.203239721506723,-1.5116755738278145,-1.0586238069208527,0.0031476285441315185,0.036941013419475595
Peve,OG_09887,50.21346293191639,0.1976682304843334,0.06598803299516735,0.5966775490691919,0.7694528776645694
Peve,OG_09888,3350.187797121804,-0.1938912809141627,-0.14090790542461143,0.2758026869243022,0.5135035777025654
Peve,OG_09892,146.56613753567817,0.2265806320332591,0.08675971283790387,0.5212784140760691,0.715126770832252
Peve,OG_09889,296.40572895975623,0.24131765783334486,0.1856926207291918,0.14332889998554196,0.3573684839793834
Peve,OG_09890,27.42873264948318,-0.41339031143535665,-0.07976882544161544,0.43732384483643677,0.6540111994432618
Peve,OG_09891,151.54011232361532,0.20466039205683206,0.127424995764854,0.3579587023255573,0.5922956981572753
Peve,OG_09914,87.46877580840633,0.70220997938823,0.5454451143481603,0.004654461645640137,0.04721396646669316
Peve,OG_09915,100.33757309004855,0.13079097546506385,0.05337429260728932,0.6828438197454851,0.8267489222538312
Peve,OG_09916,39.241879704026566,0.701501957132245,0.551825906690514,0.0043646110133441305,0.04567253667535107
Peve,OG_09917,37.503621402084725,0.8824637249712136,0.16353014343761255,0.1384769138651926,0.3517275762049404
Peve,OG_09918,12.938144709514201,0.6742400049721807,0.10625191850765069,0.2814562045923144,NA
Peve,OG_09919,72.39645702249152,0.0855843833259872,0.03891179250750369,0.7754610317589268,0.8831891538825264
Peve,OG_09920,92.53027191625766,0.626367618198607,0.3445132619487463,0.05575954907240447,0.20710689655464518
Peve,OG_09922,21.589376606867805,0.2001133939493781,0.0536795035433894,0.6490596860431186,NA
Peve,OG_09923,70.98173148971688,1.4656341288485262,1.2794945949587249,3.19687487737809e-5,0.0021008369127604536
Peve,OG_09924,11.933637559411176,0.5239949338876888,0.09548279885089633,0.3671828622178913,NA
Peve,OG_09925,78.86466782652879,0.5413944722389649,0.4142687398629433,0.014090420627861927,0.09104395618579487
Peve,OG_09921,172.97242264069027,-0.2638104480152045,-0.12509242414555405,0.3759990193041014,0.6075858849843211
Peve,OG_09926,351.2960800203885,-0.322018011828512,-0.20175574986816408,0.17448334377387958,0.3981953643474295
Peve,OG_09893,435.6453935276909,-0.13467137492921635,-0.11040012550934969,0.3162373880820237,0.5538967795301867
Peve,OG_09895,35.35192822038009,0.7646466710613452,0.4090353453126763,0.03568319820339202,0.15924698530371437
Peve,OG_09896,1631.505126713148,0.029746131484005494,0.02000705413323237,0.9428734621473494,0.9730168023081153
Peve,OG_09897,19.18771348416368,-0.055543175338229146,-0.013740245306142446,0.9028639373030045,NA
Peve,OG_09898,90.01875485866123,-0.3450665236904485,-0.1271846067238026,0.3501248639514116,0.5860045399831574
Peve,OG_09899,15.85616226192976,-0.7733732595367057,-0.08560718067877439,0.25777368546920576,NA
Peve,OG_09901,7.224001294447314,0.6011637542581761,0.04060607316160343,0.507133348719617,NA
Peve,OG_09902,4971.813829450885,0.23309433573734753,0.1933264569396617,0.09458558033004387,0.28502885718127935
Peve,OG_09903,20.85079685903358,0.5073818510520173,0.09983581352264993,0.35684234435245854,NA
Peve,OG_09904,14.22495509914682,-0.35891705534240614,-0.04898378824408511,0.57779088833889225,NA
Peve,OG_09905,93.84780423838544,0.3773824725290638,0.138265410539579,0.3194417522872549,0.5568666519277592
Peve,OG_09906,336.67617189311886,0.4891026525786516,0.2935690255593313,0.07583547796403087,0.2511152386628198
Peve,OG_09907,58.35279198146827,0.4594474722465165,0.16952164754622417,0.22636127625295135,0.4628810959647326
Peve,OG_09908,645.4758537651717,-0.8590573141061318,-0.7326597829666402,3.4887440238561435e-4,0.009292745445362273
Peve,OG_09909,504.8316868216803,-0.48743917699996364,-0.31705953600687387,0.054575673304380075,0.20488379009635266
Peve,OG_09910,691.9215218863536,-1.4335364057400986,-1.2362998453921359,5.555130333202469e-5,0.002909152225483366
Peve,OG_09911,328.1972151673807,0.167731442099113,0.045909493670880056,0.6988029501421331,0.8374182831964474
Peve,OG_09912,112.9859278161272,-0.1812266074647861,-0.07830004341136512,0.5567460196347457,0.7412444521909595
Peve,OG_09913,104.43387340261809,-0.9066421457366369,-0.6959020313842393,0.002983479166216393,0.03581245560606927
Peve,OG_09929,57.57786395640454,-0.2683516649075261,-0.05675185154125202,0.5789135216094559,0.7558120321543847
Peve,OG_09930,13.01217263886844,0.4053191415477482,0.029572882854847254,0.6282399845104267,NA
Peve,OG_09931,27.635145160616958,-0.07160271082714906,-0.01828544483600023,0.8723583325352904,0.9389260795485929
Peve,OG_09932,46.528984966929045,-0.13648788456008423,-0.07639313064240993,0.5825988377077068,0.7580502108655984
Peve,OG_09933,247.8139695318233,0.21173068023586267,0.16782515898957287,0.15109221116752483,0.36800190225204665
Peve,OG_09934,856.5556203725603,0.6111015374239487,0.4506124886795474,0.01342218999378501,0.0878438516947201
Peve,OG_09935,364.7613931391711,-1.5390486752120796,-1.3707841984271474,5.355830905162413e-6,7.158021023776712e-4
Peve,OG_09927,174.20840195456768,0.4374499513058058,0.2824593997748516,0.07581032109706008,0.2511152386628198
Peve,OG_09928,67.09923213861944,0.8839663936254157,0.2537589567291595,0.07529009873861878,0.2504628699523135
Peve,OG_09937,107.34375239146777,-0.36462284465530204,-0.24043789631111925,0.10758542130055496,0.3055702665038996
Peve,OG_09938,10.80947886336105,-0.06209615626766054,-0.016128668929520328,0.9259570837433304,NA
Peve,OG_09940,793.1271379834544,-0.1520329683301832,-0.08732915678663027,0.5235391590463412,0.7161647178335477
Peve,OG_09939,131.50060289680906,0.3596836024889192,0.23543087757144068,0.11679239971879332,0.3184411242153785
Peve,OG_09943,14.358778934667082,-2.3874346787221645,-1.7538014346323043,0.004334247159869119,NA
Peve,OG_09941,133.28789093804912,0.1766127680136312,0.09406763819180203,0.5067256864300816,0.7037781825920528
Peve,OG_09942,47.841982560015225,-0.08579465168907664,-0.033563370791399524,0.7985783440327192,0.8959710886370954
Peve,OG_09946,8.17273727013408,-0.46206871300167107,-0.06807146245979229,0.47028291048154036,NA
Peve,OG_09947,44.70283763111206,0.24376352993217332,0.08889405964859316,0.5061601120097192,0.7037781825920528
Peve,OG_09944,1146.3127599841437,-0.6252575931222566,-0.13275338687044147,0.23201295280950546,0.46722108818693303
Peve,OG_09945,28.084769545470188,0.17492063024105983,0.04971514832395195,0.6931704733034512,0.8338888484480381
Peve,OG_09956,8.629458116029653,0.10559724253796904,0.009751261076532037,0.8924957051083439,NA
Peve,OG_09955,30.184352365171502,0.6252362379892747,0.1747103055564604,0.17730169322159692,0.4025884646682937
Peve,OG_09948,99.97594593302709,0.32174968503073714,0.21289016167511077,0.15309052268905068,0.37018436474935923
Peve,OG_09949,166.1739465312973,0.5430660242877908,0.44393873350310736,0.005801202663848618,0.05329327406118553
Peve,OG_09950,174.94541437606506,-0.6881662393816079,-0.32337479355935517,0.05790024797204267,0.21236595524844537
Peve,OG_09951,573.0337788862358,-0.28782621833292793,-0.24352722561956006,0.0369947550495878,0.1628111172546273
Peve,OG_09952,46.10096295805463,-0.5804759289342218,-0.3460586140211365,0.05299179569658265,0.20195589249850518
Peve,OG_09957,158.23358368698771,0.5377570881929515,0.4129238879680491,0.01292857889511162,0.08662261567542684
Peve,OG_09961,96.08782780518031,-0.28740446853693974,-0.15239549970171998,0.29350954564557064,0.5313582981767959
Peve,OG_09958,13.591237977002637,0.6090666923863702,0.18338688500613742,0.17219352572337523,NA
Peve,OG_09959,17.315198063147,0.7002944995877642,0.36592512182890813,0.05087970800918005,NA
Peve,OG_09960,61.23009682514345,0.43937304217669887,0.1896153164318004,0.21110769906826052,0.44303538608870763
Peve,OG_09962,738.3185147948752,-0.8059239491253875,-0.3579943466409071,0.04605653391740093,0.18619539367033988
Peve,OG_09963,12335.579066953733,0.11846901894648387,0.08902026465864264,0.4655649945022517,0.6745291228828744
Peve,OG_09964,75.5120645444561,0.2624636482769216,0.09786866082391538,0.4533872925313047,0.6650781090672447
Peve,OG_09965,142.22579265553148,0.156217119132999,0.09900825150068816,0.4652983822486366,0.6743374001201468
Peve,OG_09966,712.1371976993067,0.1387394530008947,0.04437447870258509,0.7135288399353615,0.8454911654421503
Peve,OG_09967,260.5966229127843,-0.7286332279738076,-0.6550472952983787,3.605908189472621e-5,0.0022702321146613577
Peve,OG_09972,23.732984150740094,-0.978331353286718,-0.24132492548426168,0.07010968350053476,0.2379916712380217
Peve,OG_09968,84.11563773188401,-0.7874998618046433,-0.42139859660469636,0.03560042004326405,0.15920278527798729
Peve,OG_09969,930.1910223937535,0.4508941044751149,0.12618055633195277,0.29172729061416375,0.5299493859751256
Peve,OG_09980,211.16553466664467,-0.15658423767269922,-0.04814122939605159,0.6823482610699385,0.8265430200080762
Peve,OG_09973,90.20737683960826,-0.7962338945848093,-0.4913154395922533,0.01784217740819756,0.1049023622258057
Peve,OG_09974,196.1105891399764,-0.4954222812857615,-0.27635537947596234,0.08858273865209308,0.27498820602801094
Peve,OG_09975,89.09922341031867,0.0030558958134902867,0.0012621891967973667,0.9933889266469004,0.9972824388489978
Peve,OG_09976,34.968313922082814,0.514979149121466,0.30131434717759376,0.07750540242951696,0.2533649538530721
Peve,OG_09977,21.944212094272086,-0.2714209755105079,-0.06087109530736738,0.5904867369078339,NA
Peve,OG_09989,11.564463337478896,0.363224983017033,0.04983999399415064,0.5786422986172931,NA
Peve,OG_09991,74.1482077134326,-0.7464348892963135,-0.21578100079669843,0.10802074367416212,0.30613914632059785
Peve,OG_09990,278.1161681113561,0.1623773112359219,0.13208131259337622,0.2388442611535553,0.4738321826739022
Peve,OG_09992,282.00108704423667,0.0975540132019406,0.08077265259726119,0.4573513962851528,0.6685127942144833
Peve,OG_09981,43.29224796751384,0.8472470250398421,0.5194219333488898,0.016641080674248448,0.1002148241710867
Peve,OG_09982,23.224774826904497,0.8546453099553073,0.3571562557829612,0.04017631127262858,0.1713753263662933
Peve,OG_09983,164.19813557405845,0.42025732873728255,0.3364959221436819,0.019004388838814057,0.10914654955187328
Peve,OG_09984,124.27934269910448,0.06602868412817499,0.04217007141589927,0.7545866055777399,0.8702397494434241
Peve,OG_09985,53.815660811333686,-0.2160782920759803,-0.0722114770534537,0.5648478524188907,0.7469180000101557
Peve,OG_09986,42.484205140535416,0.14061340509376583,0.04739935162084771,0.7116086451736057,0.8440698332059579
Peve,OG_09987,84.1545707861077,0.3241903449001512,0.18526699397109855,0.21022612290691936,0.4419157296647107
Peve,OG_09988,193.3509297596707,-0.18014192390845324,-0.11561610108389664,0.3922277004615007,0.6191443477239353
Peve,OG_09997,47.80815709765603,0.03306695371448164,0.014055270314114385,0.9227137306216565,0.9635686360350623
Peve,OG_09994,35.76200119953912,0.8965558134561146,0.5122654478576566,0.016075491804620173,0.0988010914140823
Peve,OG_09998,127.38082098407968,0.18780944812568595,0.13777888392262702,0.28967258111652455,0.5283411853125544
Peve,OG_09999,65.6865222020207,-0.031048046495122526,-0.015228132467087811,0.9120378819771697,0.9579551947803657
Peve,OG_10000,115.15518656811956,0.010688358623734675,0.005732858623075445,0.9620511138901273,0.9825587056730111
Peve,OG_10001,287.6993551965073,0.16397034087791923,0.11494199329077452,0.3772675941456969,0.6087541645303995
Peve,OG_10011,39.371766323347636,-0.5948682245121835,-0.36909009325802583,0.03988496927621133,0.17060286128364846
Peve,OG_10012,51.49203653328731,0.3637053135021522,0.1913715966892438,0.2041686266760338,0.4355053205585326
Peve,OG_10016,74.21415244032372,-0.41347725771231675,-0.22110566712211233,0.1566134747907557,0.37401620463695306
Peve,OG_10017,27.33995311798589,0.14412492115870781,0.04369666471790628,0.7251004679990003,0.8524033619480467
Peve,OG_10013,415.01944955105097,0.175004796190796,0.0906858510854987,0.5121719674288043,0.7066485356292569
Peve,OG_10014,29.28964411807114,0.7796438681619564,0.562551666874079,0.008533978069239773,0.06743967316542385
Peve,OG_10015,42.864106718726646,0.6319527973760103,0.33339114436873885,0.06224364962027637,0.22178303218300532
Peve,OG_10018,398.7460717001154,-0.28887023786456717,-0.12921764490029222,0.3517079205333884,0.5875681882945949
Peve,OG_10002,1325.650521333808,0.4128975937027767,0.0676504354281822,0.48706932252398544,0.6922563617514405
Peve,OG_10003,135.4836140403965,-0.11140822492054196,-0.07021367217866681,0.5721535877330901,0.75115062180748
Peve,OG_10004,114.73186169317873,-0.21521423595497757,-0.10034807538451247,0.45746353324233413,0.6685127942144833
Peve,OG_10005,61.8419422721353,0.5510114081818549,0.21535185661238346,0.14251257896979772,0.35674079591248775
Peve,OG_10006,920.8578195538671,0.35141486201253735,0.1040832511575759,0.3809470336786024,0.6110874926434182
Peve,OG_10007,1775.1297676992683,1.523209608887156,0.31157565029580375,0.011923831916990325,0.08260093907759958
Peve,OG_10008,3871.5935145401095,0.6401622516104012,0.09164075020514126,0.27553251833103604,0.5133516984252265
Peve,OG_10009,1359.3576617211354,0.5738570144130105,0.5222673469347091,1.403663423394632e-4,0.005293617801693221
Peve,OG_10010,623.1291118959384,0.018250541921477282,0.011913340183169726,0.928741992223787,0.9662874210271523
Peve,OG_10023,54.67976248229481,0.14757091289877958,0.06048505734726428,0.6517486430861559,0.8066217031419394
Peve,OG_10022,33.0626532971815,-0.2853956114034299,-0.09851510373884176,0.45118334808289,0.6634075942280363
Peve,OG_10019,76.43247792981465,0.569859587345382,0.32099898588855375,0.06153959212052675,0.21991574529431682
Peve,OG_10020,252.3871330988668,0.5209100318825157,0.3795137475353224,0.02594664824689479,0.13151135485352264
Peve,OG_10024,33.98587694183901,-1.350781420024531,-1.0771115836891438,8.50324233055754e-4,0.016788675720218832
Peve,OG_10025,20.889405662633802,0.11209879612236166,0.026593279386352257,0.8212366419724142,NA
Peve,OG_10026,9.974061239480447,-0.5184588780427939,-0.04269462200983761,0.5173063665940363,NA
Peve,OG_10027,91.41017851023398,0.4687180897113641,0.23621991741717757,0.13873067768310207,0.3521660455147856
Peve,OG_10028,11.726720219033579,0.8543142854606304,0.08503591486556043,0.25678462302493477,NA
Peve,OG_10036,26.58705849502901,0.05667823785014509,0.019873452841757205,0.881434351734077,0.9425557118908195
Peve,OG_10037,53.65005476944484,0.4032479508524258,0.19331292344320444,0.19913136843208382,0.4294968190021559
Peve,OG_10038,67.57361402792046,-2.099407976509012,-1.6630656549642244,1.73304618468241e-4,0.0060840303386684785
Peve,OG_10030,74.8490590377314,-0.3878526444373404,-0.16587690725936063,0.25484160849046555,0.4925211747196848
Peve,OG_10031,808.1639775644971,-0.6883292964068848,-0.6201998916810347,4.968224374981243e-5,0.002752968611877831
Peve,OG_10033,348.76500137571065,-0.21989993066943644,-0.09250928456648341,0.4941947230480659,0.6974598216380345
Peve,OG_10034,244.31470013033126,-0.032330882253949936,-0.020114202156401494,0.8864175509119196,0.9449662612436335
Peve,OG_10035,223.47488120518943,0.29058354504265316,0.14510105309894267,0.31287967269894146,0.550872474018502
Peve,OG_10039,74.99288099564657,-1.1644359666721609,-0.834215710020489,0.0029111943140800343,0.03509094665294573
Peve,OG_10040,174.03218739503896,0.32564900070493075,0.12819126944175016,0.34939663212662264,0.5856333429132258
Peve,OG_10041,52.92202314057643,0.3658910526492386,0.15843688185223245,0.2700581820541316,0.507474896617754
Peve,OG_10042,33.769732975928484,0.4572823006651281,0.28854541810450096,0.0791640652640332,0.25608146462055414
Peve,OG_10047,51.52985110021159,0.19723572673553708,0.04995828921183041,0.6618372838485214,0.8132058755416187
Peve,OG_10043,44.34651113286427,0.044887844481786184,0.024259117241519006,0.8650736603149791,0.9354338033044018
Peve,OG_10044,39.21334316115915,-0.269185057055927,-0.10318934899695768,0.4445900049167848,0.6584233651046842
Peve,OG_10045,661.2510204735935,-1.6618816211761156,-1.1118502616222672,0.001723580017080892,0.025545199552766996
Peve,OG_10046,93.71096329258881,-0.5687160247251009,-0.42209898898271686,0.016899208969530857,0.10136864088967408
Peve,OG_10048,187.04541683353295,0.5038222722914458,0.38557049759635653,0.017543996569161082,0.10368515582922352
Peve,OG_10049,210.1901546824278,0.4832731356032716,0.4216251944955784,0.002038046460649989,0.028435600617640323
Peve,OG_10050,32.134032763688005,-0.8925017790647517,-0.36216865661723247,0.04036098561230201,0.17177094323716016
Peve,OG_10051,2428.959606090073,-1.5440105475931958,-1.4103315480455025,5.198571242381366e-7,1.7218572054113586e-4
Peve,OG_10052,4231.74298941142,-0.13769685678060145,-0.03232780871381653,0.7639939371345417,0.8766096766856859
Peve,OG_10053,804.8223831476578,0.38803176864818045,0.34456417573000553,0.00263128413101209,0.03318728892392401
Peve,OG_10054,219.82101353506684,0.13415302947615426,0.09623619512262648,0.45653958727997884,0.6677106090261494
Peve,OG_10058,21.545569520634754,1.1004180540515855,0.5094537252754777,0.019250231664634684,NA
Peve,OG_10059,175.88935661096758,0.11802455024010926,0.05536411350901702,0.6864652999167609,0.8294199293839626
Peve,OG_10060,52.161764955249325,-1.2261887230906414,-0.5108625956065256,0.014712826608834051,0.09363791210412978
Peve,OG_10055,80.84109315742826,0.2482123710417437,0.06241274298987778,0.5781499314865532,0.7554624662203366
Peve,OG_10057,33.07414663456027,0.8823468041053323,0.5821422782250764,0.010926708755449157,0.07827379822617393
Peve,OG_10062,90.19268277356613,0.29383545534674893,0.15586136823393645,0.28478338207802073,0.5226402805758521
Peve,OG_10063,445.78279442783406,0.14133539173483853,0.11602791647891192,0.2959945604006972,0.5342067190553214
Peve,OG_10064,57.88344633608303,0.4684860098298941,0.2152617221823636,0.16446612585817288,0.3850347101375418
Peve,OG_10065,88.10481498221166,-0.1627519513856508,-0.0793123630267265,0.5598699107606007,0.7434354157528771
Peve,OG_10066,66.07193248853409,0.8278519220617027,0.6541122299154759,0.0027409974215176873,0.03411914764235579
Peve,OG_10067,21.707870320369516,1.6902629344007194,0.8410188508060445,0.004732023403604633,NA
Peve,OG_10071,20.80053699868574,-0.001014508635192092,2.9815227925082406e-4,0.9980451538323828,NA
Peve,OG_10069,9.62204632804432,0.7910815263418478,0.09392351641103201,0.2713312359606936,NA
Peve,OG_10070,115.01239029234289,-0.4380744871640147,-0.260080756970595,0.10306344920381955,0.29853131408163397
Peve,OG_10073,51.28959693297061,0.1312736883161955,0.05057556676229767,0.7070962091514444,0.8421331663509811
Peve,OG_10075,5.418947430420438,-0.9350445570586878,-0.0289248389841369,0.4087630097144474,NA
Peve,OG_10072,46.19879941739404,-0.0989414884440333,-0.03562708750180511,0.7754859871777656,0.8831891538825264
Peve,OG_10076,189.70504298557023,-0.1779786031361217,-0.12821579988131987,0.3068802565022774,0.5438040925876597
Peve,OG_10077,719.4295059557757,-0.1935066410789379,-0.08429931534184415,0.5298352016283915,0.7207651010723368
Peve,OG_10078,639.2024139302843,0.03769188936515817,0.0197046470439773,0.8765289018291295,0.94074347339170306
Peve,OG_10079,1571.749946904097,-0.019494840235471003,-0.0069033951584953224,0.9538868445814839,0.978586079534093
Peve,OG_10080,33.38998119987275,-0.13922717111629837,-0.044956692783458554,0.7180915538809216,0.8485535394275427
Peve,OG_10081,1216.9157970396666,0.03800867215681991,0.029752037366435374,0.7949357732990724,0.8937161630744295
Peve,OG_10082,50.60176535460846,0.7248202885145294,0.40359989669123886,0.035214907480827506,0.1583631435589988
Peve,OG_10083,147.07955688703004,0.2655479532681454,0.13224104586399008,0.365759236217923,0.5981867457080587
Peve,OG_10084,11.12189306281833,-0.12296772440471483,-0.012935981047319063,0.8758613538975454,NA
Peve,OG_10085,207.60050640461301,0.2775464949597131,0.16603758421580708,0.26241849793697963,0.5003739282890125
Peve,OG_10086,171.17704720980097,0.18972921049280544,0.09842738431273412,0.46966842811301324,0.6771216395754803
Peve,OG_10087,17.23739203639927,-0.06063981612989372,-0.0027895335769006426,0.9495088746950262,NA
Peve,OG_10088,302.55683779235284,0.4681450768734788,0.3319792360653099,0.04134649228643581,0.17440618950059136
Peve,OG_10089,93.19112165919732,0.29399412644881145,0.07563889753415211,0.4995073304469883,0.6997522830458456
Peve,OG_10091,267.33661116875686,0.3470636415311379,0.2648420633625541,0.06087082743157341,0.21821833570528293
Peve,OG_10092,120.31079235581183,-0.122132019810598,-0.07730564574133648,0.5614416813283221,0.7447436406684934
Peve,OG_10096,26.739396221557122,-0.1592044986153488,-0.06084357584049432,0.6515704247955743,0.8066217031419394
Peve,OG_10090,2769.0618767949786,0.5297561710806118,0.34913934424397525,0.04130463199613992,0.17432614213107697
Peve,OG_10097,17.92264019341901,-0.4540883938341403,-0.1873477307028466,0.20370555723194433,NA
Peve,OG_10098,76.31834312435994,0.1733174747166006,0.081317773038748,0.5575372193046222,0.7414853678886121
Peve,OG_10093,12.918953673268348,0.0027925630798407413,8.313290371956394e-4,0.9962075180526333,NA
Peve,OG_10094,159.3334809784045,-1.067092607105556,-0.6471304994890245,0.009533306811498318,0.07247977174650119
Peve,OG_10095,161.05830393797402,0.09590536498890741,0.05759877016414764,0.6639524602928077,0.8147010782953451
Peve,OG_10099,2191.8236574332964,1.257336948114234,0.8247189551671024,0.006113784168144781,0.05511811573127449
Peve,OG_10104,59.613996588633604,0.005617675405547485,8.242419551102537e-4,0.9915131591070524,0.9969600049720454
Peve,OG_10101,392.207511504081,-0.16406770154917874,-0.11258712180209976,0.3903598454714039,0.6181982973852607
Peve,OG_10102,27.21751516272447,-0.100006975100209,-0.03028183175511431,0.8055318578118431,0.900376418455054
Peve,OG_10103,6.879474902533684,-0.35408179000551765,-0.012777863891937028,0.7392890490890054,NA
Peve,OG_10105,127.58103155847084,0.9537121383936322,0.765824916605362,0.0013364098667824017,0.022132109489452906
Peve,OG_10106,68.59839868725184,0.1517218053741204,0.07624280211789919,0.5788079649009594,0.7558120321543847
Peve,OG_10107,1009.9152605096987,-0.592560081571124,-0.17880141750596618,0.1726413365227038,0.39547521577567685
Peve,OG_10108,140.8249215121664,-0.6599615008236136,-0.5577497341495559,0.001103742445495524,0.019373986059412214
Peve,OG_10118,52.30133871494751,-0.76194723027638,-0.46852983544481264,0.023120837316490638,0.12197682733866043
Peve,OG_10119,91.55187182867036,0.22017157365947718,0.05421970125460473,0.6386360794368209,0.7981046477105047
Peve,OG_10120,42.99787151044071,-0.004044283960246605,-0.0026272018131856716,0.9899812128418392,0.9965217863939126
Peve,OG_10121,351.9481696154857,-0.2192036337863516,-0.10435541190175897,0.45780292018414176,0.6686239735358114
Peve,OG_10122,141.18120969565743,-0.07059012696267118,-0.040062853930210265,0.7652779213784695,0.8772294257658654
Peve,OG_10123,181.1982096988479,3.816203914643762e-4,0.0012738883790749907,0.9984071293273126,0.9993304338002046
Peve,OG_10124,33.96617956582647,0.45312146862991937,0.1307983398646001,0.2957995101244342,0.5340668631049287
Peve,OG_10109,206.64721604004566,-0.3978653541504911,-0.3185753079325851,0.022507625340611598,0.11965323785399802
Peve,OG_10110,45.11269842307481,-0.3751492335764961,-0.09057951508709683,0.4246730336769895,0.6451731332435372
Peve,OG_10111,547.2927433458193,-1.338619770674514,-1.2729812151377524,7.013690594860845e-10,1.8973836451368097e-6
Peve,OG_10112,35.989746754839366,0.4945689207406924,0.209781832857834,0.1659781289559422,0.38608286607217335
Peve,OG_10113,137.4866437217161,0.32113804746359714,0.1612461004727532,0.2670076077340783,0.5053575045262629
Peve,OG_10114,41.9680183008247,-0.16653545127560265,-0.042771324188613166,0.7100175714576161,0.8433948476534371
Peve,OG_10115,18.069872468193548,0.11400049920730952,0.01713412782770389,0.8464808413702789,NA
Peve,OG_10116,84.89866358135104,-0.03284123689737947,-0.015812143167903674,0.9332427778045113,0.968807017599569
Peve,OG_10117,92.13548101090946,-0.08822288304019575,-0.06199685808224239,0.6393491125649344,0.798583626745314
Peve,OG_10125,191.68831017229846,0.1951896027073045,0.13649581918865689,0.305842795869385,0.5431026617559382
Peve,OG_10126,14.425050472742987,0.23885195079712007,0.08328068271978328,0.5280015135193132,NA
Peve,OG_10127,390.90507597326734,0.2583221043724584,0.20015242531560296,0.10576553368954975,0.30278911523750096
Peve,OG_10129,28.648300030898852,0.2333178147970144,0.07701612178570297,0.5512220665604627,0.7365742331271012
Peve,OG_10130,280.5953214880795,-0.49334069362315613,-0.3319699705688688,0.04742811791383787,0.18936446659728348
Peve,OG_10131,14.21592264436153,-1.6904551565930817,-1.1122133642011895,0.00375310215132817,NA
Peve,OG_10132,540.3798805127186,0.7956356937088704,0.5934968514583461,0.005535406972702911,0.052060160886482444
Peve,OG_10133,709.3886479429764,0.28840170754834765,0.21786724482328457,0.10897991019567739,0.30782682827981844
Peve,OG_10148,97.28191799799532,0.6405213693796016,0.40638961483156316,0.03149079446983636,0.14789433301084162
Peve,OG_10149,98.80659773409695,-0.5601209214508316,-0.29861914751986934,0.0764692272758463,0.2519647808769019
Peve,OG_10150,30.089363437565655,-0.18069660318215533,-0.0708848160705852,0.5991125916733969,0.7714739221379204
Peve,OG_10134,63.444510618439956,0.21101271362705928,0.1353601165358545,0.3261779234861267,0.5629414184679006
Peve,OG_10135,2066.1790755212432,-0.3105801134491262,-0.215026939481694,0.13292768841184519,0.343385259518968
Peve,OG_10136,421.1925725186434,0.0044210122093736575,0.002982311909207908,0.9830549439545522,0.9923032414264978
Peve,OG_10137,10.11087873200757,-1.5457417690169293,-0.1323435341755104,0.05879893532161576,NA
Peve,OG_10139,24.249811129736706,-2.86438612799884,-2.542187344604372,4.756010650995763e-6,6.587507116233767e-4
Peve,OG_10141,78.70944431061245,-0.11810405284553431,-0.05594233447660815,0.6872151325174229,0.8300626097221702
Peve,OG_10142,108.84096777160946,-0.09222703547384901,-0.043981069272144416,0.7486569445607714,0.8676812115721826
Peve,OG_10143,880.2845544086415,-0.26419059442454534,-0.22781592872931536,0.03192248758089193,0.14901072940639384
Peve,OG_10144,28.49976606060686,0.1916318701062322,0.06443881445681354,0.6151594460840514,0.7814870905436808
Peve,OG_10145,537.1119670352227,-0.5560341953985999,-0.5091411201414205,4.5530638594728176e-5,0.0025692770727010314
Peve,OG_10147,18.43693798273613,-0.7272848604658162,-0.13017901786580724,0.2059033854839135,NA
Peve,OG_10151,20.939135915843007,0.39457570819900856,0.11223402525628615,0.3693904059201362,NA
Peve,OG_10152,49.78308988677063,-0.7592607942446606,-0.10526433776935158,0.24510739596278083,0.4818387702410216
Peve,OG_10153,36.01736066157179,-0.21196092204281655,-0.09687004976997966,0.49306532176787754,0.6969153685353967
Peve,OG_10154,10.025428939263051,-2.622963949835119,-0.10659545035960764,0.019481839433908174,NA
Peve,OG_10157,394.4285921889378,-3.2150760733171735,-0.0832629125563236,0.002389987836553415,0.03171938560777686
Peve,OG_10155,158.78339474496983,0.015710238638534976,0.009917624524174964,0.9244581799251559,0.9645969613299324
Peve,OG_10156,72.82625002245568,0.4894765730015868,0.3727696294142512,0.02101622376059123,0.11527149057825153
Peve,OG_10158,58.376216148744646,0.45101995464790534,0.20699207203335213,0.16694174154789032,0.3872601056978771
Peve,OG_10159,248.8091737731865,-0.49656341597180137,-0.3299579656029962,0.05084437991659614,0.19731660020612807
Peve,OG_10160,398.98487144395443,-1.550793158079996,-1.2877433516396166,1.8913783533123873e-4,0.006432375131934716
Peve,OG_10161,133.74887408846882,0.27939305489424016,0.16398864675619323,0.25731784030914895,0.495227265464512
Peve,OG_10167,47.85936623804045,0.46886345770441046,0.20077045532106022,0.19041680667372582,0.41888715547791533
Peve,OG_10162,764.7089000323986,0.39209355658192446,0.2565639804730695,0.10077565962519375,0.2951715155029891
Peve,OG_10163,113.11820980261938,-0.019797021416983748,-0.010054957164456863,0.9612652454008724,0.9820193964682642
Peve,OG_10164,682.8396135295465,-0.9702694620593073,-0.6319932426425803,0.008721331124712744,0.06828273433510965
Peve,OG_10165,392.52678543318217,0.11113028129674055,0.053995158692453034,0.6778155136567148,0.8237508145485978
Peve,OG_10166,92.0797080762528,-0.20462431115244445,-0.12966599663124975,0.3479013323258714,0.5837692400128829
Peve,OG_10168,15.299036308691038,0.20552116060955858,0.05067715789005968,0.6576046300783781,NA
Peve,OG_10169,57.97668161785051,-0.17225853246549747,-0.06866762931295074,0.6048991551841568,0.7736567497744516
Peve,OG_10170,347.99617240511617,-0.06832956041669978,-0.04141843067348243,0.7545541088235465,0.8702397494434241
Peve,OG_10171,49.77280825527785,-0.5067671729665585,-0.10879744551859506,0.3199963806124435,0.5570686534519184
Peve,OG_10172,34.211632308102345,1.0201491557544546,0.38420778310887627,0.030538362329831974,0.1454007776429125
Peve,OG_10173,210.71166146388765,0.1463714914883581,0.10382971309504169,0.41955625995991436,0.6418031301957083
Peve,OG_10174,431.8695369096247,-0.6001564607464563,-0.5134156523967586,0.0011891830176787386,0.020340689204876035
Peve,OG_10175,61.062158197303184,-1.6107941839607325e-4,2.2145018241110178e-4,0.9997445329731652,0.9998849059800488
Peve,OG_10176,213.53728080281732,-0.5282185122453676,-0.36262531433542755,0.03437524092868265,0.15559749577819634
Peve,OG_10177,37.162554680667576,-0.16980019393012127,-0.0556453279160573,0.6631037725520386,0.8141054857858872
Peve,OG_10178,8.947061108862577,-0.43420613440721695,-0.08435254626441638,0.4279172950705571,NA
Peve,OG_10179,36.902719945862245,-0.0021310281108398235,-0.001002010571847891,0.9935622337670914,0.9972824388489978
Peve,OG_10180,744.7509648506499,0.8978492238579713,0.10685536827295589,0.16920893019277825,0.3907346560195771
Peve,OG_10181,979.7995134650118,1.6737348881103502,0.5368596603687621,0.004101277009294256,0.043881359911241063
Peve,OG_10182,1164.2318951842792,1.2903574738634873,0.21292036335051812,0.0334183683232656,0.1534545689491485
Peve,OG_10183,1250.4050465321295,1.4372449308954904,0.12255858234882729,0.06989957700463548,0.23758003333590075
Peve,OG_10184,100.31717636163573,1.0628410938482875,0.26168836076342816,0.057260238479993335,0.2109325419441921
Peve,OG_10185,83.71364826365614,0.14764708226620066,0.08568250480883141,0.546363318987451,0.7332973509595494
Peve,OG_10186,195.867385936715,0.6424678725539453,0.14828920507650542,0.1896951356345037,0.4181868044599412
Peve,OG_10192,14.60391518987529,0.8287183726233404,0.05834735954007607,0.3276483836675007,NA
Peve,OG_10187,396.71456625349936,0.350698666011617,0.17773777093669052,0.22757550940060556,0.46379620936699123
Peve,OG_10188,137.49213119961541,-0.4072039015487231,-0.3029651037068599,0.046266842244080925,0.18647479889279758
Peve,OG_10189,27.3870590291316,-0.0977391153374481,-0.02810253427894747,0.8165750760314213,0.9066245582800269
Peve,OG_10190,61.98271891861819,1.1841094974215642,0.9405163438778249,0.0010806386575954157,0.01914489603153925
Peve,OG_10191,1204.1685246741195,-0.07600320946107775,-0.02679966567226941,0.8283538038828199,0.9144180956353168
Peve,OG_10193,485.4211062220757,0.3831422583119064,0.17558824118537283,0.2272555516820553,0.46356059489577384
Peve,OG_10194,43.52752107792589,-0.6190437355690659,-0.24113159339000936,0.10650664808100753,0.3041108114996684
Peve,OG_10195,283.8519511340688,-0.11260205189988783,-0.05511591119019701,0.6797425283596847,0.8245666530324965
Peve,OG_10196,274.26059535035324,-0.060619883085287554,-0.02931329845144727,0.8261600512061184,0.912922435463912
Peve,OG_10197,33.65227446801057,0.2505801792386851,0.10229386271070064,0.46030225176010375,0.6703465023721029
Peve,OG_10198,77.75353022831386,0.36870898150508186,0.11042487060815685,0.371764929848665,0.6032173025744686
Peve,OG_10199,56.636926160810866,0.7805789793753682,0.6625824720257647,5.962771646641921e-4,0.01372338199520186
Peve,OG_10200,31.764210950939567,1.544088786898942,0.20732126310984345,0.030941418987586188,0.14648998513376685
Peve,OG_10201,141.28507693115316,0.08895893072087988,0.05710743692883045,0.6425534174913028,0.8013679485749076
Peve,OG_10202,228.80356778453063,-0.20412020871625156,-0.14813842451487108,0.25572018568717386,0.4933922799757776
Peve,OG_10203,41.70569741779836,-0.5588968126349738,-0.3193493190051186,0.06279592616728634,0.22306226983591218
Peve,OG_10204,281.83490165193695,0.4055258953133709,0.2802653212840343,0.06730086884227307,0.2328795853609196
Peve,OG_10205,348.36110345635177,0.8094961318297905,0.3254643614162887,0.05494843660318599,0.20549690232845894
Peve,OG_10206,9.503621095556767,0.9396251875257731,0.26332415333011466,0.06044990028099419,NA
Peve,OG_10207,252.74280824479473,-1.0832290265046625,-0.6867288326545317,0.008341292365537201,0.06676584291308484
Peve,OG_10210,231.1785913332793,-0.5298965845960101,-0.2196565675391673,0.1484919415385594,0.3658791271381143
Peve,OG_10212,7.527396717307252,-1.9207098775677935,-0.1387878126945671,0.03985897524773884,NA
Peve,OG_10213,12.928893475397764,-0.6266983527261039,-0.1466256026365235,0.2184378933489392,NA
Peve,OG_10214,26.49869426715222,-0.630724913344216,-0.273262851635952,0.11869604594647704,0.3212172213215851
Peve,OG_10215,37.6550286300921,-0.3448572621859362,-0.11800407801318175,0.36978491373461564,0.601826767966152
Peve,OG_10216,278.02785331360303,0.3481001442891242,0.25415099186976936,0.08273416342149581,0.26354050211910685
Peve,OG_10217,56.831469149531344,0.7055985199416192,0.5618490581827436,0.003828948980164331,0.04190938696967223
Peve,OG_10219,204.34177135572745,-0.19891499921706676,-0.12179914094374729,0.3785475432080752,0.6096776287862826
Peve,OG_10221,1602.5927505065868,-0.7161626621392386,-0.5828576228249976,0.0021337243517167803,0.029340635580105474
Peve,OG_10222,18.75575526601769,-1.0010581268201615,-0.5033081031572625,0.020446363157113633,NA
Peve,OG_10223,413.5859180624174,-0.09146902646241166,-0.07415326205657854,0.5270572806094374,0.7186544413249855
Peve,OG_00101,8.112368453593227,-1.134094678446967,-0.17404438594382945,0.0887686244349638,NA
Peve,OG_00125,53.726451376281396,-2.158694294356471,-1.9613359258415994,1.878756929551495e-6,3.791569947192526e-4
Peve,OG_00823,58.24149423314854,-0.12835027044183345,-0.05616146148402835,0.6755012622324237,0.8228732765504396
Peve,OG_01457,5.963663237592104,-0.3500932103446469,-0.026081926769793186,0.6939062072213836,NA
Peve,OG_01500,234.16967863480826,0.37050755315296985,0.19310770647485054,0.2027541048930277,0.4340209124542894
Peve,OG_01563,69.43712757687939,0.5710781322093693,0.08299579698384635,0.33885601899352835,0.5740282750039357
Peve,OG_02101,19.796869475328936,0.5143941803992687,0.09871720857169722,0.31969375763619085,NA
Peve,OG_05148,54.757510018663126,-0.8503417751873179,-0.18482560171203163,0.11155877560715764,0.31082088408972997
Peve,OG_06243,155.66793580584772,2.008128770126708,0.18015123814438233,0.014231694523204958,0.09180105747483096
Peve,OG_06630,53.61097025800665,0.3511686449834779,0.08723941628537701,0.4458884050196333,0.658800983211708
Peve,OG_07821,12.69930520501164,0.6021471046369206,0.1412720885861013,0.240207155701388,NA
Peve,OG_08213,7.310158358084557,-0.0025538739342078716,-0.006551434802034013,0.9975245724456098,NA
Peve,OG_08252,40.17784682228961,0.6618218496792103,0.09720870943447185,0.30785027127852205,0.5450158881245133
Peve,OG_08362,32.85855404975046,0.0720050294333207,0.008615272874139044,0.9164985155492333,0.9611547426270466
Peve,OG_08758,6.055538890307828,-0.13598048283252115,-0.011176222426775325,0.8609879172850099,NA
Peve,OG_09092,472.87471827052906,0.3857364744026775,0.18147141658979968,0.22050520168011653,0.455386607752429
Peve,OG_09221,17.586561524487013,-0.3493708461446672,-0.04311515076552225,0.6028346520572694,NA
Peve,OG_09781,7.731150195985881,-0.7923106687618546,-0.053084286915231677,0.38211280236860956,NA
Peve,OG_09817,8.19486777231864,1.4149966374676826,0.09300549222814274,0.14006530198356418,NA
Ptuh,OG_00686,13.87123411943916,0.2696979907511066,0.02887608127100777,0.6301635515939661,NA
Ptuh,OG_00683,713.3833813108656,-0.0688121031083013,-0.01884874122334868,0.8282956419971714,0.9324552860198291
Ptuh,OG_00684,298.10786563221734,-0.15985155841692555,-0.0879165645901986,0.42635345634024324,0.7100595315240921
Ptuh,OG_00685,1061.5061728930184,-0.24610466184670532,-0.15590146528085128,0.15791482272740845,0.46169414373481604
Ptuh,OG_00689,160.58048231850856,-0.03094935278758731,-0.012141043687140158,0.9122894715254282,0.9639266447904834
Ptuh,OG_00687,4476.206891471069,0.14402703221047958,0.029499347286528158,0.7121737614536339,0.8842604323580128
Ptuh,OG_00690,112.17638177311251,0.054322295841207784,0.012947215870315054,0.8815523072719583,0.9528906030310639
Ptuh,OG_00693,118.96564853122942,0.22862077105342224,0.04672399067412107,0.5599133472632696,0.8002430390648575
Ptuh,OG_00691,330.9347069500375,-0.11097456017220436,-0.0372294312384594,0.7018353596900521,0.8792694865951423
Ptuh,OG_00692,310.4980401131621,-0.3021654755582853,-0.10327989363542071,0.30892845909461764,0.6178380328953046
Ptuh,OG_00694,347.9673452319525,0.6772748846564595,0.25666504487927205,0.04695451740308402,0.26511819267751957
Ptuh,OG_00695,138.0636762051435,-0.28657374802536895,-0.07935691228693625,0.39190285438542666,0.6819136863463493
Ptuh,OG_00696,450.4203485581084,0.4719187852670212,0.14928130195566447,0.15056222972373018,0.45418340846918887
Ptuh,OG_00698,16.39664751606581,1.2793965026608622,0.12668381089919672,0.040087991086511045,NA
Ptuh,OG_00699,332.60369801763466,-0.024808060692532222,-0.00929487463119851,0.9222714668265547,0.96757109694202
Ptuh,OG_00700,76.47458920162661,0.19001154098727333,0.0439727523993208,0.6117617500386135,0.8292227903157073
Ptuh,OG_00707,86.63862352876053,0.6514193858747909,0.1908940447432314,0.07535105548733687,0.3301991144746717
Ptuh,OG_00703,3275.558481874714,-0.1338015890517502,-0.041872924091863356,0.6439540529625923,0.8457464278051992
Ptuh,OG_00704,177.39432397516006,0.06382985579034038,0.03156572289114455,0.733271584728464,0.8931382221649411
Ptuh,OG_00706,382.28183974496056,0.5557342809912375,0.17940684312622046,0.10251112537151896,0.37851973918426507
Ptuh,OG_00701,495.48829327065323,-0.17377087205112243,-0.11454065143323153,0.2685173036366797,0.5819962185324692
Ptuh,OG_00702,258.3336599995057,0.013452317781633957,0.005754473178716359,0.9557866303541749,0.9802584619526151
Ptuh,OG_00708,2563.782654168506,-0.426295420527393,-0.3357138757028662,0.00801300264966548,0.12064967819319015
Ptuh,OG_00709,340.4593695359148,0.7601689743781184,0.526510608116737,0.005570592251455442,0.09938010661690845
Ptuh,OG_00717,26.988502069826353,-1.0457215338488102,-0.2332191097204712,0.0271460821061798,NA
Ptuh,OG_00718,84.55832484445104,0.027429323141797215,0.005682149804070303,0.9453861589342093,0.9766690099354386
Ptuh,OG_00719,151.93996223595528,0.07409190414211905,0.03142279125560854,0.7497682520150049,0.9009525960253886
Ptuh,OG_00720,2297.588690700717,0.42250189663241094,0.09703931775838466,0.25281021143239935,0.5699251534181963
Ptuh,OG_00721,1663.7406885930557,-0.06350463553036732,-0.02734876688827671,0.7479522511600886,0.9001715585106961
Ptuh,OG_00723,83.68054819937927,0.3076423655673207,0.06851531141002336,0.4246345060023041,0.7090529448825407
Ptuh,OG_00724,155.9477136675929,0.6721567408402375,0.32194356994912543,0.032377737375395454,0.2226565491126865
Ptuh,OG_00725,1980.9532653812348,0.47382812879057085,0.23927407018825472,0.06290931345493164,0.3054852785432116
Ptuh,OG_00726,164.05016507176666,-0.6619732910861178,-0.21206474220326924,0.06128502814572849,0.30174419564108657
Ptuh,OG_00710,161.93982519318078,-0.007428944602648302,0.007824667240953624,0.9819947090493777,0.9918053127078158
Ptuh,OG_00711,51.545559996241714,1.369736129139387,1.0672051950803396,6.756563170108529e-4,0.04016196948332796
Ptuh,OG_00712,185.42252917049203,-0.2616493243906668,-0.1436950344518846,0.198254013847961,0.5115152601013742
Ptuh,OG_00713,51.34002416672486,0.4053463169405792,0.0963048757930284,0.27993191109781557,0.592452928479388
Ptuh,OG_00714,65.89648517087933,0.0201685904165722,0.004677222639999721,0.9570948491791398,0.9807710219897737
Ptuh,OG_00715,82.12570261327843,0.6840913156695699,0.23712635600426904,0.05162096800832861,0.2776391577530224
Ptuh,OG_00727,66.73892932654726,0.4644856779416237,0.08320155336808778,0.28772023788213136,0.5991467042901079
Ptuh,OG_00728,140.30201463546564,-0.44599531696103795,-0.07715894445615937,0.30449592404348325,0.6146373631987782
Ptuh,OG_00729,170.4492265933726,-1.16134473294844,-0.7184857594435897,0.004625975662791082,0.09187819664233866
Ptuh,OG_00732,46.81213791810651,0.10567622340725617,0.020626481348797847,0.7977475294916114,0.9195801492526875
Ptuh,OG_00731,69.03545449339951,0.7041651282663682,0.15861667326071477,0.08751678258535359,0.35577960877854964
Ptuh,OG_00730,152.3113425216964,0.31605406595640295,0.07998299009719596,0.38496539357099274,0.6772350612944131
Ptuh,OG_00744,222.79727608384806,-0.3608882281989865,-0.08111286564474225,0.34788930941703883,0.6540349824152077
Ptuh,OG_00733,85.03615745389018,-0.006468971842558629,-0.0022534677796403565,0.9862051225030649,0.9934661716763612
Ptuh,OG_00735,183.21477736260923,0.06231144490663041,0.02193298932641232,0.8254546640048807,0.9314291231775609
Ptuh,OG_00736,52.38111657192298,0.30888913954353964,0.073345049968033,0.41193309221891594,0.6994091435733784
Ptuh,OG_00737,468.2536146353459,-0.419811449488068,-0.15437699065483765,0.1542706332287007,0.45838566038422895
Ptuh,OG_00738,108.036107742075,0.07881707655224254,0.02486043748642194,0.7926312471916386,0.9180338995023726
Ptuh,OG_00739,221.95537429975033,0.20249015346498203,0.03473249738264518,0.6138451150395661,0.8304286971879469
Ptuh,OG_00740,476.5177495006431,-0.3920742991987163,-0.2677586128767836,0.03743541559244417,0.24056698744066674
Ptuh,OG_00741,1379.820808607207,0.2747135241146471,0.0996499497922042,0.3273502971678615,0.6369978743238955
Ptuh,OG_00742,125.7921516993333,-0.024554285976962336,-0.008544936910672662,0.9153402915584173,0.965158994640873
Ptuh,OG_00743,261.98337312165825,0.027900615669340836,0.015124041080471766,0.8857831919718074,0.953097469562898
Ptuh,OG_00746,80.36693373754323,0.04232719651222082,0.0075437368176242805,0.9198149135913779,0.9664564289914368
Ptuh,OG_00747,585.1995648029869,0.2622696248827514,0.192651132817497,0.073821170522248,0.3279271707047588
Ptuh,OG_00748,84.4343573719308,-0.3233991039265679,-0.0902734265871302,0.3285170804884194,0.6382445773295945
Ptuh,OG_00749,155.31041554913494,-0.3376352855393352,-0.09415922612641897,0.31711460620710347,0.6248114236451793
Ptuh,OG_00750,198.27226499090173,0.46090468635598425,0.2073202020383134,0.09201247398974047,0.36228908196139503
Ptuh,OG_00751,81.2871994398476,0.772201127145115,0.23309688456358604,0.04423120357637947,0.2592571308341463
Ptuh,OG_00752,939.2859336693491,-0.8908426520970326,-0.6115255241780949,0.004466566195072777,0.08988170646577731
Ptuh,OG_00753,21.37886435085294,-0.14666651706529293,-0.0161523877326061,0.7769776223200795,NA
Ptuh,OG_00754,105.09972406362692,-0.8001788935883075,-0.5172161274795615,0.008400808441878793,0.12299942291109434
Ptuh,OG_00756,1027.3447326842534,0.12425550914133122,0.027895478803925133,0.7200129499538328,0.8867559080841643
Ptuh,OG_00757,604.8704688589728,0.31979851773606555,0.14325792623863676,0.2047194054284371,0.5195997535162972
Ptuh,OG_00758,62.27639105593717,-0.538724151773418,-0.2787282642037223,0.04535743847630286,0.2618459330664608
Ptuh,OG_00759,1939.5664053080632,0.3540880731333637,0.18424563357431936,0.1169617134259309,0.40384066502819554
Ptuh,OG_00760,1280.3301132809067,0.18195306558284982,0.06049950636371345,0.5292667851338744,0.785691458137158
Ptuh,OG_00761,126.96348131963477,0.6203889241036469,0.4078516643946418,0.01423091311724845,0.15621208354410435
Ptuh,OG_00765,44.13599363187577,0.13098648113217198,0.015834042545311792,0.7991562344591008,0.9199583295086168
Ptuh,OG_00763,24.01942376823843,-0.4345297888742116,-0.04997334508537333,0.4215838537077537,NA
Ptuh,OG_00764,48.56720047785075,-1.9403717059114454,-1.4897371163983923,2.96550582535758e-4,0.02820643231807393
Ptuh,OG_00766,60.1691134540979,-0.3617989754701545,-0.0995269538920193,0.29921223925464197,0.6087806908419559
Ptuh,OG_00768,423.31872551237217,-0.020170845718413422,-0.011446907092985136,0.898175685592284,0.9585528462114007
Ptuh,OG_00769,439.4195083951269,0.010221507236250779,0.0020376074809793803,0.9691843971613485,0.9855257859068948
Ptuh,OG_00767,6967.255079069518,2.1345540122040045,1.1540103049338597,0.0014166929652994957,0.051379862092226246
Ptuh,OG_00770,562.2393491014901,0.5062946669745285,0.3455709069624369,0.01757135160045341,0.16937107581277
Ptuh,OG_00771,142.19137097320922,0.16907384845942167,0.05534922407149949,0.5644956744335368,0.8036880048377235
Ptuh,OG_00772,225.7672092291271,0.5066851603305433,0.07599745908804789,0.2795440450174631,0.59206925432716
Ptuh,OG_00773,303.0500927112721,-0.3420511351023394,-0.14409597864594714,0.19090942834970626,0.503915022491315
Ptuh,OG_00775,132.3424210012574,-0.16554785609179562,-0.05280467641158942,0.5551357481421095,0.798537424935744
Ptuh,OG_00776,786.0297742542625,-0.19140360116009894,-0.10065467327007456,0.3600565793802166,0.6620205838470787
Ptuh,OG_00780,115.23225783281396,-0.6302038387592898,-0.2316382833108132,0.05724985878054874,0.2928709643159156
Ptuh,OG_00781,236.5916032836298,0.3963380866450353,0.12575007068176092,0.2040584751949272,0.5186689515784155
Ptuh,OG_00777,657.4637761623668,0.39454887849585524,0.17380871612378457,0.13522405946149432,0.43310270843565063
Ptuh,OG_00778,60.35000042430789,-0.595648639322412,-0.17107856357184545,0.10176396472466134,0.37849142742245334
Ptuh,OG_00779,122.91565796266822,0.5676468381870696,0.2721089886131864,0.04531204600169763,0.2617618330928002
Ptuh,OG_00783,120.03414223833552,0.18964851771117758,0.10324781823257582,0.3344069833825388,0.6429423927771083
Ptuh,OG_00784,259.98992722084523,0.17288381202994105,0.044340618068733836,0.6141269533399525,0.8304286971879469
Ptuh,OG_00782,714.6541345900329,0.2578124279992513,0.20446120255313402,0.04709565440903364,0.2653857314144085
Ptuh,OG_00786,77.43633280029435,0.4227324000737265,0.09336848063255375,0.2857823172668029,0.5981415877139439
Ptuh,OG_00787,498.7657324697888,0.14604575451871998,0.06003274613565589,0.559500723291222,0.8002125263649936
Ptuh,OG_00788,119.94872989752336,0.3536859487722535,0.10432251124043311,0.2786206850004388,0.5910684129462218
Ptuh,OG_00790,88.63084673009392,-0.010329478443321488,-0.0026166693098869757,0.9702770173165124,0.9857150892513248
Ptuh,OG_00789,444.9696310177188,0.06701023444562276,0.016969842131609573,0.8391398417610425,0.9360221793060769
Ptuh,OG_00791,97.6913157931528,0.3610862638850622,0.09546765494504217,0.2945203619268772,0.6052920894199034
Ptuh,OG_00792,287.47417934365683,-0.7922696341026408,-0.4311210535655585,0.0126848959797664,0.14776424781917183
Ptuh,OG_00797,25.073397104998143,1.4537962594494411,0.8069059712446299,0.004705251337044475,NA
Ptuh,OG_00796,30.424094129814904,-0.3202242058973905,-0.04072113001537579,0.5338388549543192,0.7866318855235257
Ptuh,OG_00803,40.02013166259477,-0.036778785091654616,-0.007032698070044805,0.9296935428650714,0.9706119456614443
Ptuh,OG_00802,737.9498958696762,-0.6837098302562984,-0.19646987733222798,0.06652990413584063,0.3140477742754634
Ptuh,OG_00798,95.80320195971095,-0.2971059114480485,-0.1362796502887716,0.22451638626878542,0.5434986180714155
Ptuh,OG_00799,1389.1595976943827,-0.2726160533844358,-0.10402767689163192,0.305640808871553,0.6153320962605239
Ptuh,OG_00804,35.11449767908156,0.16555934203135597,0.035764409183225744,0.6606188819183714,0.8560927125363665
Ptuh,OG_00805,1223.8691808655735,0.5136206045863115,0.34933415879485086,0.0180627889732272,0.17119330799179172
Ptuh,OG_00806,303.83442549831784,-0.15670798619941415,-0.08707076982001594,0.3983803560889634,0.6872241931779451
Ptuh,OG_00807,586.9039898372081,0.8393730863653258,0.5323816574545406,0.007435103095699397,0.11542759687144294
Ptuh,OG_00808,858.3731445439696,-0.09441964543802202,-0.056463077873208506,0.5871084171913357,0.8146608952269317
Ptuh,OG_00809,233.04782200569542,0.7123348686892315,0.5000156316641822,0.006749888398211795,0.10961335284476462
Ptuh,OG_00810,364.02468453745126,-0.3779341290711772,-0.12170649405441049,0.22704523638416035,0.5460402569737438
Ptuh,OG_00811,55.00322899864608,-1.5445142999616344,-0.25457465731748624,0.004418266131290943,0.08975815366213774
Ptuh,OG_00812,132.89790465361105,-0.013220487314703508,-0.005398861464716651,0.9665460963640192,0.9845037304486808
Ptuh,OG_00813,605.312371506541,0.24894162851308904,0.1388616898194208,0.20195112725811856,0.5156250669500729
Ptuh,OG_00815,62.35495845045127,0.5926039444387311,0.17041831770194038,0.0945061156172029,0.36485566980970935
Ptuh,OG_00816,270.10898994048995,-0.06349711445120174,-0.018873580145826456,0.8347358403334462,0.934215312068519
Ptuh,OG_00817,57.36146083442293,0.25219646491929665,0.03946232122888217,0.5754380476721439,0.8092402770976241
Ptuh,OG_00818,15.173194355890232,0.03469601111995943,0.003652587122283892,0.9520102810017059,NA
Ptuh,OG_00819,34.740563115728825,-0.5303071813183396,-0.100722068067658,0.2182520813016721,0.5368209040463212
Ptuh,OG_00814,296.4996128715673,-0.03568701264938107,-0.022379644502336035,0.8246397007840514,0.930857415799304
Ptuh,OG_00824,97.27179380497707,0.8031334431392667,0.497180130823673,0.009568688225888335,0.13090211370921692
Ptuh,OG_00825,253.7362985662192,-0.13196796254980975,-0.0633068089820873,0.5299755989902393,0.785691458137158
Ptuh,OG_00820,674.4570687162758,0.2935388804263618,0.2368417206085752,0.02230656032654924,0.18644420304434658
Ptuh,OG_00821,222.59536133076588,-0.2598112292927523,-0.08105156354121783,0.40285081516182597,0.6927924508615282
Ptuh,OG_00822,64.96376186010978,-0.05584179004568451,-0.006716717606044437,0.9103289992995343,0.9634373681170785
Ptuh,OG_00830,277.4707952903039,-0.06534920784478586,-0.017296233496565738,0.8385446741916764,0.9357623041174938
Ptuh,OG_00826,109.24120086716987,0.23756333034004157,0.06897145605660435,0.45700235658184524,0.7323766771264446
Ptuh,OG_00827,705.8336582562237,-0.31451702516103064,-0.14719874911343975,0.18973166915407985,0.5028718272335975
Ptuh,OG_00828,27.629480831277125,-0.5990739530972391,-0.076620707732351,0.2427935035992288,NA
Ptuh,OG_00829,952.0700814534931,-0.33448512500542815,-0.11576631495775752,0.264926927309418,0.5789396466061704
Ptuh,OG_00849,260.57223103782115,-0.31046315117741,-0.09495191754765474,0.3205448881759803,0.6285077788941179
Ptuh,OG_00848,1860.352683232372,0.648492562984146,0.5197625661787317,0.001725817281461707,0.056804807574313235
Ptuh,OG_00850,122.10257894520218,0.21900800492838954,0.08890382905142803,0.39362988119535275,0.6831223040179484
Ptuh,OG_00851,64.1558110813372,0.1740693147508914,0.04557966792475009,0.6106283664476047,0.8288251944965604
Ptuh,OG_00852,307.68850918057603,0.14298690241491946,0.04437266101342207,0.6243733328051289,0.8353833846196872
Ptuh,OG_00853,3170.526556286933,-0.39959503065037355,-0.12567857586968528,0.19716889135986657,0.5103608483418196
Ptuh,OG_00854,54.38616900993506,0.5610384651294539,0.22506225432136515,0.07140964397018151,0.32341903818388346
Ptuh,OG_00855,57.9855165002421,-0.19239693660169596,-0.053783856244725675,0.564531199818302,0.8036880048377235
Ptuh,OG_00857,35.943956637772004,0.6095618623293872,0.06557838488639078,0.2835318000228497,0.5955359994543754
Ptuh,OG_00858,778.8069941965023,0.24395823422557844,0.07493877869127202,0.4245835840424162,0.7090529448825407
Ptuh,OG_00831,290.10204813328886,0.7827567469565577,0.4291622625995221,0.015706584916259345,0.16147738390904887
Ptuh,OG_00833,83.67045315280014,-0.5191528714764995,-0.10256037622826597,0.20679734022464147,0.5231227325551551
Ptuh,OG_00834,423.46942681808224,-0.11014415818329099,-0.030095344633529923,0.7305049803726651,0.8929206012280025
Ptuh,OG_00835,334.624594937128,-0.309810899229857,-0.19528829293952196,0.09659315186230416,0.3687519766293662
Ptuh,OG_00836,340.31421969087063,-0.5813053107829406,-0.12946424962556038,0.13124850680385314,0.42834831659428163
Ptuh,OG_00837,83.18776051057814,0.05649726220525953,0.02018655887821143,0.8370524907636537,0.9352960199427562
Ptuh,OG_00838,2179.7217584398086,-0.20789734210736022,-0.04226272209594343,0.592380295421433,0.8183445011636179
Ptuh,OG_00839,141.73930365350634,-0.38855764750294186,-0.08130141687544294,0.31706819626367444,0.6248114236451793
Ptuh,OG_00840,102.68773854624303,0.5013318829184626,0.12045330554630483,0.1885908665961733,0.500473012229595
Ptuh,OG_00841,212.110867500287,-0.5331104536967605,-0.21679902878983964,0.07508848376263856,0.3301991144746717
Ptuh,OG_00842,234.71333454862346,1.0092627896110977,0.4999733636205732,0.00993425055736177,0.13272721448172517
Ptuh,OG_00843,52153.29508212607,-0.13327379102804518,-0.04705462919615312,0.6235199929791364,0.8349588544400358
Ptuh,OG_00844,115.87105115223348,0.2626878347388058,0.038389614603431724,0.5856087960945064,0.8143254783606722
Ptuh,OG_00846,62.99627142041246,-0.41576579509118855,-0.13143548225503401,0.19082692563319967,0.503915022491315
Ptuh,OG_00847,121.02215435153917,0.189665074988937,0.06684982133543599,0.4958481807113702,0.7641132534666124
Ptuh,OG_00862,61.943847746382765,-0.3705401427272445,-0.1296316421648932,0.2105862697946784,0.5273661465928661
Ptuh,OG_00863,69.9982406755717,0.4388645523583699,0.07354014441792704,0.3130012380118974,0.62161050355403
Ptuh,OG_00859,65.54626339762257,0.03712142792890956,0.011345067282156503,0.9007384150082656,0.9587704462584848
Ptuh,OG_00860,80.40826395891312,0.600767768978454,0.24592645362782561,0.060757584287913356,0.30049703306520686
Ptuh,OG_00865,476.69282563665956,0.38498999310924537,0.13113806688855897,0.2102707595493425,0.5269209836249001
Ptuh,OG_00866,728.1752585207781,-0.26050480072994203,-0.12122745571152187,0.2544299242841686,0.5712083803466974
Ptuh,OG_00867,317.5271107238559,0.25240261401365055,0.08652597610665841,0.37953628931372235,0.674695869552466
Ptuh,OG_00868,95.44826295019101,-0.14050453710968935,-0.042956204319864466,0.644458457989425,0.8457464278051992
Ptuh,OG_00870,32.60973802900518,-0.29450543699204246,-0.07279388905421688,0.407287182178422,0.6967531730578485
Ptuh,OG_00869,461.7433551909563,0.5794514593950397,0.4234111574393662,0.0075487485082460625,0.11634114760803187
Ptuh,OG_00872,347.27363128077974,-0.09268810857055068,-0.037862273904429436,0.708168564150223,0.8815255712054666
Ptuh,OG_00873,69.28109754160101,-0.003220881216926541,-9.208899338071786e-4,0.9935326316054844,0.9965515245881758
Ptuh,OG_00874,80.05828623823149,0.3148914627762119,0.1180847040184605,0.25705903593991813,0.5728148764315621
Ptuh,OG_00875,46.9278822367083,-0.7000950529850699,-0.24765660907331907,0.051118991949754763,0.27607835918961504
Ptuh,OG_00876,484.43629281693325,-0.8467327338743639,-0.5960681757455074,0.0041035923723144255,0.08604371956961507
Ptuh,OG_00877,10366.170692786218,1.3940140404213164,1.244297586560355,4.022458806328412e-6,0.0026292546629310435
Ptuh,OG_00878,2124.458185107422,0.19327132290488994,0.04854092740017627,0.5632641798101041,0.8029611238790338
Ptuh,OG_00879,185.44521209461507,-0.14923047621271673,-0.03972283826613121,0.6491325365951759,0.8478579021928664
Ptuh,OG_00880,2536.0932325946233,-0.7459734247242596,-0.5605741267938564,0.0030001285544330007,0.07438927137848335
Ptuh,OG_00906,388.0006225307783,-0.16177558163433725,-0.09148824219841142,0.38300383951378336,0.67628016012931
Ptuh,OG_00907,45.56607930294464,-0.31528717482292995,-0.07767839678380975,0.3825959713111149,0.67628016012931
Ptuh,OG_00908,168.51716842749985,0.042809382818909725,0.01378511318053413,0.8877388088421323,0.9537311286654415
Ptuh,OG_00910,25.73489429355693,-0.580937833746835,-0.11871737645970026,0.16991630925954523,NA
Ptuh,OG_00912,146.32853590651354,-0.2647066718207889,-0.09140943584145633,0.355940143495568,0.6601100018703567
Ptuh,OG_00881,54.19705700210605,0.7452433030648685,0.15753561140740327,0.08128953813468008,0.3420766887213594
Ptuh,OG_00882,64.64416804447524,-0.61619513879060706,-0.4527087451797974,0.007061977664771403,0.1118849147933559
Ptuh,OG_00883,60.30765067278642,0.43839818198643893,0.1002571674554493,0.2575815341327561,0.5728148764315621
Ptuh,OG_00884,98.29552070999446,0.45279496441030287,0.11601257047162145,0.20992688101196302,0.5265458615841431
Ptuh,OG_00885,105.1256526871083,0.03626840553328004,0.012915233216254676,0.8866828163408139,0.9532853683433027
Ptuh,OG_00886,101.20898542785925,0.0685641318020929,0.011097967119738341,0.855906024279253,0.9421708849133812
Ptuh,OG_00887,1236.465182004601,0.4397298126020574,0.14466311087805567,0.16915695087108953,0.4761176546795483
Ptuh,OG_00889,137.71569317342093,0.28977811289461497,0.06803314142267722,0.4250560135884584,0.7091887591104011
Ptuh,OG_00891,538.7973111774731,0.2608824830620759,0.0625129495698113,0.4663597836039375,0.7390049043412272
Ptuh,OG_00892,581.4669371166079,-0.3286379356404089,-0.20158913210366583,0.0921367341289071,0.36228908196139503
Ptuh,OG_00893,128.74942716547676,0.8915345647110217,0.12108750366990287,0.08397898094352083,0.347960480786349
Ptuh,OG_00894,298.1534778644979,0.10272296045826879,0.05325913649607062,0.608097405575606,0.8266035500180853
Ptuh,OG_00895,49.604930228612844,-0.7280240505917371,-0.2599259022433269,0.044485115838194415,0.2595557972629593
Ptuh,OG_00897,127.81352376706344,0.2646249128170177,0.12088580832731034,0.2653575397543602,0.5792843772735288
Ptuh,OG_00898,127.09110236635617,0.3192887224664276,0.06735452002498224,0.41966256089439746,0.704653388904879
Ptuh,OG_00899,96.3516367569498,0.833603991665132,0.3089313458992652,0.025370630887473426,0.199235896517191
Ptuh,OG_00901,311.7621338416325,-0.07389861509971705,-0.04505703146804104,0.6663261621751416,0.8590768070928865
Ptuh,OG_00902,226.84883050269636,-0.45830771628618927,-0.27377801242235816,0.046798431268308904,0.26458873390844156
Ptuh,OG_00903,441.8200411670719,0.14036484802854826,0.059329742579195724,0.5447814221212135,0.7940754954777455
Ptuh,OG_00904,300.31657960786504,0.02629717522898996,0.0059471661639799375,0.941670734141685,0.9746091254516989
Ptuh,OG_00905,67.9483688727989,-0.9223691654840961,-0.41369339778923475,0.014883813356159032,0.1583216625260982
Ptuh,OG_00918,354.60906694524346,1.1467727452563188,0.700315137115075,0.004403002758860583,0.08975815366213774
Ptuh,OG_00914,92.42277691962356,-0.07865848998581683,-0.018964706540367585,0.8186167042264367,0.9285018101096434
Ptuh,OG_00915,162.4291182632571,-0.02244954334454052,-7.851724885192655e-4,0.945207433841572,0.9766690099354386
Ptuh,OG_00916,354.1965511503825,-0.318062948184892,-0.11507986892883033,0.2641004021042578,0.5780869058207333
Ptuh,OG_00917,224.2410644493033,-0.22191534099715782,-0.09490881010295607,0.35962732690921284,0.6620205838470787
Ptuh,OG_00913,2431.422925717475,-0.3528440382301154,-0.14413700466788043,0.18094657343903625,0.490023470006092
Ptuh,OG_00921,117.13757033941233,0.09737130411682857,0.031668265080357826,0.7310615646007574,0.8929918116441358
Ptuh,OG_00920,709.5578484145157,0.4152598003232332,0.22801752595668798,0.07511414510500981,0.3301991144746717
Ptuh,OG_00922,531.3530384091208,-0.311504329867813,-0.1325951829072959,0.22692530054588309,0.5460402569737438
Ptuh,OG_00923,399.2936058571939,0.5947210694567832,0.2793087846075956,0.0400278911730819,0.24838414444226198
Ptuh,OG_00925,185.77703479362137,0.15059647084628186,0.04943100546387577,0.6047622927917355,0.8241186467343246
Ptuh,OG_00926,32.8513413067834,-0.9861912046059802,-0.31396619457135433,0.02114689833860106,0.18102768214858891
Ptuh,OG_00927,509.3057318391264,0.2506775313155167,0.1751315993941808,0.11473348765152742,0.39931015456425034
Ptuh,OG_00928,112.87409078129353,-0.44055565459498036,-0.12915714434878794,0.19510875144843642,0.5096088222271623
Ptuh,OG_00929,15.975517860286232,-0.03654484402420412,-0.0045353806997261974,0.9435072845741233,NA
Ptuh,OG_00930,22.11421403132571,0.60860651250611,0.03345875585165211,0.4316544516950279,NA
Ptuh,OG_00931,183.7382513782124,-0.24844614501474205,-0.1057763708521549,0.3147202203509676,0.6236184138184417
Ptuh,OG_00932,761.9452728758431,0.07252470932467894,0.051778575754492816,0.5889899977074207,0.815539387009851
Ptuh,OG_00934,713.7584669618473,0.23462066842587637,0.16033478021540007,0.14414019892747193,0.4445889777514321
Ptuh,OG_00935,21.4656420574704,0.5022471123771474,0.07932583182326607,0.2849501169255047,NA
Ptuh,OG_00936,3268.5876969447513,0.5881251116275288,0.11105072807842883,0.14945254499557695,0.45149449025344696
Ptuh,OG_00937,90.46801170198546,-0.9499963188455861,-0.700024583863317,0.002101594822061105,0.06351154174001034
Ptuh,OG_00938,3161.9042949361296,-0.718522480838551,-0.06774938128422124,0.23315763852476187,0.5531499816546892
Ptuh,OG_00939,167.23664349833334,-0.09740307718561889,-0.01838241775582481,0.8054377091106749,0.92317141662408575
Ptuh,OG_00940,63.26046503960793,-0.2485371563830001,-0.07435650189392812,0.43385454666705386,0.7134647609249449
Ptuh,OG_00941,69.86558501057084,-0.17484063914763945,-0.04546126613452067,0.5957927548737106,0.8200116814242384
Ptuh,OG_00942,677.3965474741153,-0.05289978642024456,-0.01982018908301155,0.8346902089634068,0.934215312068519
Ptuh,OG_00943,821.9827554084766,0.020948268250721054,0.005125165231922626,0.9523850794373936,0.9788119586125317
Ptuh,OG_00944,318.6790024267323,0.11771032732314544,0.04074578938798696,0.6797351961684701,0.8680167347161877
Ptuh,OG_00945,405.69336863873275,0.44761960579426757,0.22077586955611053,0.07613285183975858,0.33063433216660976
Ptuh,OG_00946,1379.0384558411192,0.7166431137589607,0.1530266459243382,0.09096224141519905,0.3606839562784731
Ptuh,OG_00947,257.65377004397226,-0.09590912134604784,-0.048048974193753966,0.6235644200257545,0.8349588544400358
Ptuh,OG_00948,1972.5979655070857,0.5797687390362858,0.3565888242512833,0.023081160810565663,0.1891445540413192
Ptuh,OG_00949,190.13303037294713,-0.22409394503358557,-0.1259388124185818,0.238406272033264,0.5594214042847411
Ptuh,OG_00950,58.5025451797831,0.05567825197567578,0.014567231769942767,0.865309912649767,0.9465447060376678
Ptuh,OG_00951,460.95682859254987,0.20260964657098463,0.1395974367674682,0.18009749450392543,0.48934981807948696
Ptuh,OG_00952,371.98634082814004,-1.2471434829364825,-0.1048465979928485,0.0471657241319061,0.26560432979320064
Ptuh,OG_00953,277.32864226374164,0.21374611979637262,0.04251042274396934,0.589478820331806,0.8159501454372774
Ptuh,OG_00954,89.48151813653486,1.0265001330638857,0.7599395274475353,0.002279189078351804,0.06506161989299929
Ptuh,OG_00955,367.1737400459502,0.5552328833193967,0.139930100629264,0.1386526618330866,0.43720494676709776
Ptuh,OG_00957,730.1677840855355,0.4661425180724755,0.10951143151054378,0.2044224596388169,0.5192807440181971
Ptuh,OG_00960,690.675312925527,0.30444320056870666,0.1261969921538604,0.24367324625277062,0.564823675736607
Ptuh,OG_00961,49.01213872755503,0.43802235391862304,0.10068012548458047,0.25671971986145403,0.5728148764315621
Ptuh,OG_00962,89.897628672548,-0.5596019323486753,-0.10320264378592152,0.2011556919116467,0.5149876803478154
Ptuh,OG_00965,73.23068637195635,0.4168921837904351,0.12630438600615174,0.2095444396746817,0.5259980436646163
Ptuh,OG_00966,28.163558926677823,-0.5476159993585912,-0.07367138730186686,0.2776321244573318,NA
Ptuh,OG_00968,27.55532250867538,-0.7937664329542427,-0.2595587447045261,0.03761097709099984,NA
Ptuh,OG_00963,345.39540437699713,-0.6411360186191216,-0.4843848028706002,0.004074329052857721,0.0858541000418555
Ptuh,OG_00964,28.468892039142627,0.3408791302134449,0.08340095598338125,0.3521751206704193,NA
Ptuh,OG_00969,170.94760345715738,0.2153366382895478,0.05951425129246358,0.518982927522089,0.7791747088715666
Ptuh,OG_00972,234.1188946007576,-0.5810767422885736,-0.15075511167825054,0.11913189550183187,0.4067824915969265
Ptuh,OG_00973,361.56085591188406,-0.05302625894628576,-0.03651275445431877,0.7060747430073677,0.8810255188365457
Ptuh,OG_00974,431.6509428657517,-1.0170970849694037,-0.8711268352538297,7.895134301207002e-5,0.018120400131310773
Ptuh,OG_00975,631.6793551093085,-0.042022408352609675,-0.013393252978517869,0.866496215956985,0.9469591240154537
Ptuh,OG_00977,407.1009744245176,0.1567609803769736,0.07791965614063996,0.44760923053086227,0.7259544663231632
Ptuh,OG_00978,189.28535375072747,-0.06468910161895221,-0.033803829465892686,0.7614691907343001,0.905277385932476
Ptuh,OG_00991,35.72860135982379,-0.23309769563464022,-0.05318641947072927,0.5305220673532334,0.785691458137158
Ptuh,OG_00992,156.87905128827364,0.14209288495579403,0.04083023490257617,0.641015849140532,0.8451337666358326
Ptuh,OG_00979,65.32017625996673,-0.6697495934881479,-0.3348611432528251,0.02911983329289051,0.21312115572712537
Ptuh,OG_00981,437.01899525050675,-0.5011201390083475,-0.3622564342795844,0.012410807652001246,0.14622344213912755
Ptuh,OG_00982,4937.779405958005,0.22872030961860784,0.10910619708295773,0.31360063542239847,0.6220734865701957
Ptuh,OG_00983,117.6525463617178,-0.06544479439404918,-0.031879697995344014,0.7588259086203073,0.9047293082541553
Ptuh,OG_00984,11.081363543131774,-0.10189241175986656,-0.003857756586877278,0.9070166129634966,NA
Ptuh,OG_00986,1647.2043593264784,-0.6391114569935855,-0.39655382980500936,0.013107901839536374,0.15042203029911203
Ptuh,OG_00988,31.311639144314295,-0.4104306996893759,-0.07497597786591347,0.34082873174140366,0.6483686357410394
Ptuh,OG_00990,160.9130152729072,-0.4137862237891496,-0.15298669233729664,0.16130769160445846,0.4652937897775344
Ptuh,OG_00996,93.01745506907957,0.3824597382247015,0.1510439155070333,0.17109124316313995,0.4776432218437732
Ptuh,OG_00997,91.65922946961715,-0.15580003180269153,-0.04518079802203703,0.6281235173802238,0.8373312016478052
Ptuh,OG_00998,126.6485020168663,0.622310489259481,0.27998023760356605,0.042187341491157264,0.25404190391141174
Ptuh,OG_00999,194.9305362305433,0.3696843275508932,0.1149812010673139,0.2401803322102549,0.5611035436394731
Ptuh,OG_01001,23.07410442691159,-0.45901692541391514,-0.06121139205827772,0.365614954515511,NA
Ptuh,OG_01002,455.32345254693894,-0.6435951265870317,-0.12359529971909955,0.1414103489862868,0.44110231414390116
Ptuh,OG_01005,136.08397065966716,-0.29092825990381566,-0.11026142563726914,0.28060570161527487,0.5932029984362874
Ptuh,OG_01003,167.07020635304406,-0.2522999658654259,-0.10687591216119002,0.3122097733137846,0.6212010488664965
Ptuh,OG_01007,65.20408056275024,0.22901819564656153,0.04087706871133279,0.5919821540518052,0.818214917351551
Ptuh,OG_01008,70.4478587057728,-0.6095980459442648,-0.17903844508201167,0.09076464635527229,0.3606839562784731
Ptuh,OG_01009,464.17994580078187,-0.07796932973702393,-0.00988592378894415,0.8586296058852563,0.9438838828439554
Ptuh,OG_01010,138.16444378271154,-0.34492882219077226,-0.1350860427357684,0.2105363342776601,0.5273661465928661
Ptuh,OG_01011,527.9094746922765,0.1592182076167955,0.030282407991916206,0.7049110570424881,0.88039646054953
Ptuh,OG_01012,380.4128321765936,-0.2174290623202652,-0.12212035147811888,0.25240797921680735,0.5699251534181963
Ptuh,OG_01013,178.19464486177378,-0.006574511766817882,-0.002441514194428888,0.9830508106752501,0.9920637449616757
Ptuh,OG_01014,199.24211378219132,0.3086221948195529,0.08954419347152465,0.35082129632324066,0.6564950304929396
Ptuh,OG_01015,64.76353648922817,-0.16292161571178554,-0.04531318116838223,0.6174764263197108,0.8323504956194289
Ptuh,OG_01017,473.7071962024887,0.3798511208919356,0.17428420512168566,0.1317740065182198,0.42888299285614184
Ptuh,OG_01018,1079.7327776144348,-7.961168993589056e-4,-1.0949090279557241e-4,0.9973594961089135,0.9989676438916749
Ptuh,OG_01019,119.29785254079331,-0.1826549973913861,-0.03851699814886423,0.6338459813958208,0.840753670202294
Ptuh,OG_01024,17.662921671599765,-1.0623661031323395,-0.10444504906419533,0.0758572045911332,NA
Ptuh,OG_01021,399.98640715402263,0.24003404436694736,0.08289776616744984,0.40714851621139764,0.6966562965277431
Ptuh,OG_01022,291.28366519967364,0.42736068887022033,0.30294965428381654,0.02314192082535688,0.1891445540413192
Ptuh,OG_01023,1051.456295009427,0.3508103156919712,0.0896483125867938,0.3109300061479601,0.6201392856067645
Ptuh,OG_01026,74.24232766572281,0.3649693192387543,0.11999136956996143,0.2373251543698875,0.5587372361821693
Ptuh,OG_01027,238.9917952481838,-0.07487918619997434,-0.025568520683922243,0.7805428866750586,0.9136206376692536
Ptuh,OG_01029,1508.47104781702,0.1433350188090256,0.07699256134222279,0.43178398982675004,0.713134559061946
Ptuh,OG_01030,82.53789133194678,-0.381499530015985,-0.11151160968379921,0.25085502350383826,0.5689799304472741
Ptuh,OG_01031,120.29294983070827,-0.3719706841603438,-0.12438350943314505,0.22379822051450987,0.5432242280710788
Ptuh,OG_01032,285.24151901276866,0.2470291311128058,0.10049434857437337,0.3295861705475655,0.6391839434685985
Ptuh,OG_01033,748.2657770431164,0.1221705368492683,0.045802009793706494,0.6443629108789942,0.8457464278051992
Ptuh,OG_01034,7605.772769486166,0.6243471840924111,0.3326027749965096,0.026505924092546217,0.20259973662817504
Ptuh,OG_01035,15.043367949796462,-0.4966408359983,-0.07536924368511637,0.3127743949145709,NA
Ptuh,OG_01036,48.24041866314985,-0.4827171343066643,-0.180353899581291,0.11875525917582809,0.4061407090035421
Ptuh,OG_01037,39.06912573790095,-0.24980023553566572,-0.03939396166056547,0.5762064949669112,0.8098529481998892
Ptuh,OG_01038,480.914295222043,-0.5778162651628909,-0.4445336504061709,0.004420966703258339,0.08975815366213774
Ptuh,OG_01039,1113.3386508115454,-0.3780744649353138,-0.15454806292574255,0.16222298020964684,0.46667902124612204
Ptuh,OG_01040,629.8436605660504,-1.5174751377380495,-1.1826607461900605,3.462876277863293e-4,0.030006883011852125
Ptuh,OG_01041,790.5046912478114,0.006307306795617613,0.004133093543447961,0.9599418655422497,0.9819111445657414
Ptuh,OG_01042,45.26998769794639,-0.14074793163787344,-0.01993009850789336,0.75934778309347994,0.9047293082541553
Ptuh,OG_01043,62.35205377848568,0.037707903553448455,0.014487540968523064,0.8845603121174948,0.953097469562898
Ptuh,OG_01045,169.82778847309913,0.39592311646896294,0.08959170563101108,0.3003056962708062,0.6093250162147194
Ptuh,OG_01046,37.79913339377921,0.24048809659760506,0.05728813908388878,0.5076856518138542,0.773211601562423
Ptuh,OG_01047,16.211787437523338,-0.576081008456604,-0.0820361690054616,0.2587345887518061,NA
Ptuh,OG_01048,45.4577669684427,0.035831486527132035,0.009197853448240471,0.916380523426175,0.9655341917502056
Ptuh,OG_01049,337.1301807574256,0.2706541457962609,0.17373873807749893,0.1260985603774341,0.41951738283057954
Ptuh,OG_01051,144.96816643149992,-0.5075890213523073,-0.1419330852815897,0.1518827932916638,0.4554604831916584
Ptuh,OG_01052,80.46590642917451,0.4323999345559235,0.11157723577597248,0.2346675435120993,0.5547986515632668
Ptuh,OG_01054,1233.201677491666,0.7481979771109677,0.598950361144321,0.0013254823385360774,0.050026648972659425
Ptuh,OG_01055,414.6660691936921,0.9604971615662738,0.6457005565260512,0.003674966306777075,0.08252333828193979
Ptuh,OG_01056,1440.4513849053258,-0.05772772747599288,-0.019413661679308584,0.8341535450630819,0.934215312068519
Ptuh,OG_01057,27.393429073257977,0.18155600345149372,0.03395881069917369,0.6636104719994294,NA
Ptuh,OG_01058,700.1183405018029,0.044185902142481005,0.017018162072608325,0.8641897269856965,0.9462124908742355
Ptuh,OG_01059,1396.0842071139118,-0.4700846809363756,-0.11492952282405135,0.20615567866789833,0.5219071279268376
Ptuh,OG_01060,996.410255709022,-1.058197014786472,-0.7822015216727565,0.0014886850564147466,0.05215724304277552
Ptuh,OG_01061,77.086706173209,0.40152268101231325,0.1179438108945581,0.23184001980337074,0.5520197165266375
Ptuh,OG_01062,225.72680229439467,0.7315232340963216,0.12055400796311591,0.1102051193545322,0.39230996989208283
Ptuh,OG_01065,153.52841462172518,0.09921282854503602,0.0278054236549841,0.7588980660624581,0.9047293082541553
Ptuh,OG_01066,104.50062440995228,0.14445065358122303,0.06735150598199705,0.5154435599575099,0.777274413042327
Ptuh,OG_01067,125.80391895133275,-0.1595409539015612,-0.05097919112391104,0.5968421637609921,0.8207652122969771
Ptuh,OG_01068,42.16256974977416,1.0721194225012431,0.6492962849361281,0.00730736843510737,0.11404680479109747
Ptuh,OG_01071,152.03398910358635,0.2684019816919533,0.16251776843391472,0.14506487753555541,0.44601409849092566
Ptuh,OG_01072,593.1855692553551,0.44326784565929944,0.18051008367155164,0.11456311623966146,0.3988881802723391
Ptuh,OG_01073,77.06641787341712,-0.07707495953896332,-0.022962159706048577,0.8056031123812187,0.9232363873605005
Ptuh,OG_01074,43.21049289971427,0.2888884505706832,0.06042924258376403,0.46071916698153215,0.7347379413507745
Ptuh,OG_01075,67.88411545924752,0.6848943121221003,0.30176405237676424,0.03487848799134186,0.23235921270492704
Ptuh,OG_01076,2097.041268991664,-0.0471847409464721,-0.02690678781754996,0.7881692729428277,0.9161624163291109
Ptuh,OG_01077,1786.389425785573,0.11639699709613766,0.0835363243774046,0.38543279505154304,0.6775044216614021
Ptuh,OG_01078,1019.3457905227269,-0.4221916081490872,-0.21898970794535252,0.0816888129489661,0.34210683019772625
Ptuh,OG_01079,236.68780348230982,0.6546771163816669,0.40967201547520815,0.015998613844846302,0.16212437800767876
Ptuh,OG_01080,2271.0166709362547,0.17008327207146343,0.07329417140893164,0.47061036708199705,0.7425535557897285
Ptuh,OG_01081,466.0074417279083,0.457274840976046,0.23805140971009295,0.0674969466593826,0.3163267500173714
Ptuh,OG_01082,688.0741468535582,-0.27591259430453785,-0.15933172149001093,0.1636485000481623,0.46838660681125527
Ptuh,OG_01084,745.8760352210109,-0.31420377230086444,-0.18137940803254604,0.12151178642309657,0.41211016078763985
Ptuh,OG_01085,914.7428057409666,0.2722784400389379,0.17318752798549486,0.12839161097830828,0.424004018286945
Ptuh,OG_01086,182.67923942348202,0.3688361131247256,0.15397057374709966,0.16926478050581542,0.4761176546795483
Ptuh,OG_01092,354.8754034559766,-0.22506846338338993,-0.014394590714116529,0.7359549121672516,0.8948022322205365
Ptuh,OG_01093,658.393061895565,0.3381668517609696,0.1220418191344522,0.24518975899007095,0.5656424578095359
Ptuh,OG_01094,71.1340059566787,-0.20932064533897143,-0.07204973917692217,0.4649633229076662,0.7379467060941134
Ptuh,OG_01087,214.49258894572122,-0.49175794500916037,-0.28707320471373104,0.03875826594377178,0.24434684067892354
Ptuh,OG_01088,750.4211417481558,0.013398288985934282,0.009686899535410522,0.9169164200581156,0.9657018776055462
Ptuh,OG_01089,2238.658406733356,-0.00167900869683538,-3.4596850313995005e-4,0.9969241341421295,0.9988060107521194
Ptuh,OG_01090,398.9025714910618,0.06135849716959555,0.014880754260104977,0.8625193323504089,0.9455866473431025
Ptuh,OG_01091,58.162768297797555,-2.317372305970893,-0.032887590029457854,0.03568156611113802,0.23463430555169795
Ptuh,OG_01100,323.31918031803036,-0.38904766948979025,-0.1269796270371345,0.21836028428408946,0.5368209040463212
Ptuh,OG_01095,507.3835606910309,-0.06495958502654312,-0.0035084837254326573,0.9267492959268796,0.9695644968598081
Ptuh,OG_01097,74.96612044803172,-0.08144973598862207,-0.012520578095636049,0.8346566274071263,0.934215312068519
Ptuh,OG_01098,127.59499082915346,1.1554708452331781,0.08922643981383493,0.08438617213364417,0.3488838236411423
Ptuh,OG_01099,627.591730340897,-0.04755027469830135,-0.024305715422665523,0.8001199692544299,0.9206800513426313
Ptuh,OG_01101,779.0297081516726,-0.2686778942857096,-0.16233298116726386,0.14745761696809148,0.4494652129551446
Ptuh,OG_01102,25.427333866593887,0.8419240914980264,0.16590834975375723,0.07347210813304549,NA
Ptuh,OG_01103,152.34969873936532,-0.6121843795614701,-0.270586960588558,0.046402184770251965,0.2636078095260899
Ptuh,OG_01104,49.55381421728561,0.2080293509064622,0.05541530933660792,0.5352937775431843,0.7876404346643886
Ptuh,OG_01108,6.494770628299539,-0.552242165166508,-0.012059077390164005,0.6732489712052433,NA
Ptuh,OG_01105,557.4423477803354,-0.05851153332246341,-0.018146245909484174,0.8393218308817121,0.9360221793060769
Ptuh,OG_01106,599.7494507369538,0.28856865691739436,0.12979030811537093,0.23340430462981152,0.5531910548508292
Ptuh,OG_01107,3435.483574937171,0.23978111354348605,0.08206529966405438,0.4050101918818469,0.694677145922166
Ptuh,OG_01109,43.767246223386366,0.1955749320171256,0.0328849044241539,0.6626788329843347,0.8573225862210353
Ptuh,OG_01110,261.5187901383862,0.635426968769758,0.40345080582546944,0.01611658098951183,0.1625701871769586
Ptuh,OG_01111,65.53120448398978,-0.13068750469642254,-0.027094583927406043,0.7329663246985724,0.8931382221649411
Ptuh,OG_01112,91.18885832752648,-0.10885588297857267,-0.0337952337592819,0.7126776708356011,0.8844160135519399
Ptuh,OG_01113,330.7044776091549,-0.14850529635621793,-0.059927544310518985,0.5551772205394057,0.798537424935744
Ptuh,OG_01114,979.6215474340939,-0.34783890490621394,-0.20299522264814793,0.09316373563989722,0.3635783286093783
Ptuh,OG_01116,102.3518166848428,0.4337189042227405,0.10771420290770937,0.23340597615762143,0.5531910548508292
Ptuh,OG_01117,417.6836886435556,-0.1092868278989411,-0.050704382397458045,0.6389844147360444,0.8436127107503009
Ptuh,OG_01120,115.25391476786957,0.8063164105947799,0.31599538976657626,0.02683124388756303,0.20352182352699616
Ptuh,OG_01121,849.5733677547736,-0.6407287218016482,-0.20555662562555888,0.06872775264833078,0.31805780680633516
Ptuh,OG_01124,322.1561561928223,-0.027760166711014465,-0.005615143871478802,0.9384830636124097,0.9729701106332052
Ptuh,OG_01123,1806.2073650985253,0.04775649489984297,0.02262717734667238,0.8248327214267082,0.9309515510839456
Ptuh,OG_01122,1235.5034875497006,0.06728998921875942,0.019115698471111688,0.8043739183285274,0.9230734208710616
Ptuh,OG_01125,628.9869544123812,-0.44592674270645327,-0.2129117744411151,0.08705857280559307,0.35475115175868344
Ptuh,OG_01126,483.7787127579264,-0.29953113446167334,-0.17230131301195095,0.13174433910949848,0.42888299285614184
Ptuh,OG_01128,581.9520107668827,0.2758304874885249,0.053935965247739685,0.4825243274743595,0.7522312296716064
Ptuh,OG_01129,395.68548108176196,0.18506899435158491,0.038132819013637874,0.6227539493637633,0.8343998955501859
Ptuh,OG_01130,409.76226219035664,-0.35439258923941136,-0.1034392485835988,0.2839827659078662,0.5957464545675889
Ptuh,OG_01134,635.1135900933338,0.30644530445994655,0.14167694056748115,0.19863826162881518,0.5116275759029113
Ptuh,OG_01135,120.16802468949395,-0.6901381731698204,-0.5319821165492506,0.003052305521806042,0.07491381066814136
Ptuh,OG_01136,319.2177840350755,0.3665215364654708,0.2159305177178437,0.08539005242208703,0.3506442578183574
Ptuh,OG_01131,181.18839264897628,0.2727151337286938,0.07398395419486001,0.409733508069733,0.6984056504472446
Ptuh,OG_01132,15.66680068287375,2.174885415187335,1.4178877942190853,0.0015048354867036819,NA
Ptuh,OG_01138,78.84653555324476,-0.4348147667504793,-0.07253262225373061,0.33823522233214404,0.6458946498863429
Ptuh,OG_01139,188.22854200410333,0.10872781289023671,0.03945867364834304,0.6890610331956117,0.8733591483428559
Ptuh,OG_01140,112.24851037237045,0.07720836021579963,0.02194451813039335,0.8031320940492941,0.9223962110487715
Ptuh,OG_01141,102.38149338052426,0.3642310117701502,0.10925835607076605,0.2646204344617096,0.5784187205788515
Ptuh,OG_01142,1138.0384735639118,0.5167825387880517,0.3178430040915765,0.029379017215639416,0.21360155324932356
Ptuh,OG_01143,399.5457878812391,0.3384987753142068,0.14862834930948832,0.18721818644958507,0.49838772392786096
Ptuh,OG_01145,1114.5399927785388,-0.3582244528147454,-0.13953827080831993,0.1946199749869403,0.5091536745499374
Ptuh,OG_01146,32.795675965878566,0.4251104896703843,0.0716123192526936,0.34500430747069505,0.6517856683072619
Ptuh,OG_01144,231.0733832882717,0.09123413759952155,0.03676149412882804,0.7060022269250217,0.8810255188365457
Ptuh,OG_01147,182.15297377665297,0.8516512451049116,0.12623980427290085,0.09199955961559479,0.36228908196139503
Ptuh,OG_01148,706.5847896677636,-0.27649904723740615,-0.13676061932359226,0.19551836564022027,0.5096088222271623
Ptuh,OG_01149,416.47043849367543,0.11607716384471638,0.06622387756286832,0.5168576300132062,0.7780659140189116
Ptuh,OG_01150,1505.786690461931,-0.526970694415865,-0.23517677748738483,0.06552118956210068,0.31136314592129766
Ptuh,OG_01151,140.94961428885958,0.07652462236431475,0.03169315710141987,0.7516764180916297,0.9010779421843759
Ptuh,OG_01163,597.7110245184537,0.3703708250496758,0.20942100037019523,0.09660988369176712,0.3687519766293662
Ptuh,OG_01164,172.0640146758448,-0.2957584755774772,-0.12305299444226946,0.2525351949517898,0.5699251534181963
Ptuh,OG_01165,36.14482503280529,0.4265507504580824,0.0966835143833682,0.26509341012225096,0.5791544221142668
Ptuh,OG_01169,16.534447121928313,0.6990011265013004,0.0705381879302452,0.2239350107750251,NA
Ptuh,OG_01170,22.487083076626742,-0.056602192878795865,-0.009165834286860268,0.8967888471597905,NA
Ptuh,OG_01166,1035.1308700170937,-0.3030058023481208,-0.19631108916255324,0.09197504393089057,0.36228908196139503
Ptuh,OG_01167,386.3351891200876,0.5490573842589552,0.32076369218942924,0.029761975506243182,0.21379476593718907
Ptuh,OG_01168,67.22020859491994,0.4840122418482301,0.13052260954533967,0.18011128817226008,0.48934981807948696
Ptuh,OG_01171,841.8064161846961,-0.17583565762873954,-0.0954141625208611,0.35565397266269505,0.6601100018703567
Ptuh,OG_01153,394.47295673329177,-0.18752115252380192,-0.10261352103947662,0.35081399358361526,0.6564950304929396
Ptuh,OG_01154,662.7058613335186,-0.20655485205899493,-0.05338004084522894,0.5538124026200532,0.7978817352508795
Ptuh,OG_01155,6397.888820003425,-1.5433643733088638,-0.9426561388336797,0.0015318260693567313,0.052385044860224904
Ptuh,OG_01156,334.6010227673249,-0.39664858805398245,-0.09075642107280711,0.2849676537642246,0.5973698631858295
Ptuh,OG_01157,343.93846416739126,-0.17785332598258585,-0.037635531615295995,0.6364027260768337,0.8423878500668938
Ptuh,OG_01158,524.5814686296388,0.2271818258235998,0.0762121178771194,0.44006265917424964,0.7194289365305508
Ptuh,OG_01159,154.39245810609577,-0.6659913444715159,-0.13320437122150164,0.11331890812059421,0.3976500287983735
Ptuh,OG_01160,1468.4686816337098,0.2831573204066583,0.09164076987721076,0.3548500532249465,0.6598175283525829
Ptuh,OG_01161,27250.553134656697,0.1468520741030455,0.07066932874738648,0.4956937609038932,0.7641132534666124
Ptuh,OG_01162,77.76665573611882,-0.044230935533643004,-0.006278591437646137,0.9189618981788878,0.9661507913313472
Ptuh,OG_01177,4894.80733630535,-1.1192831561417733,-0.12008700006429586,0.041795727601471336,0.2538661030247819
Ptuh,OG_01172,168.47937777850285,0.30143852848755687,0.04606399815737215,0.5156748728526883,0.777274413042327
Ptuh,OG_01174,472.5848952060565,-0.41129531351116566,-0.25649401797067073,0.049997320713608455,0.2745152586861153
Ptuh,OG_01175,666.727132100028,0.0924288079935864,0.0586259717466549,0.5502473692221777,0.796531885872279
Ptuh,OG_01180,253.2134571822256,-0.34102360721927855,-0.08146030297318715,0.352817614804873,0.6584852329620128
Ptuh,OG_01181,1130.4931581491226,-0.40922005443190895,-0.11350651449846155,0.22447689813991847,0.5434986180714155
Ptuh,OG_01182,223.31733641158462,-0.044144300280267536,-0.017138400168437557,0.8608664118368138,0.9447502674228769
Ptuh,OG_01184,360.87424925897557,-0.07687083441608505,-0.012945305217544636,0.8555531614330872,0.9421708849133812
Ptuh,OG_01183,1137.982480661922,-0.610339690584456,-0.41327081055813913,0.01162418001643451,0.14081674279538067
Ptuh,OG_01187,45.52901907143481,0.2601197724935218,0.05268737514244858,0.5106327752884017,0.774731023986521
Ptuh,OG_01185,1208.9151596881652,0.06946109387947046,0.029542463115965804,0.7659023811478703,0.9076733714099021
Ptuh,OG_01186,1072.5188050483157,0.2937885152033849,0.08122692814475725,0.36270717194091306,0.663662582183442
Ptuh,OG_01188,205.81823693142184,-2.3780952137743568e-4,-0.0012935669246570724,0.9992491147928958,0.9995924497550672
Ptuh,OG_01196,213.10107168211056,-0.6749405853968399,-0.2998326709432445,0.03311234314162198,0.2254130412589277
Ptuh,OG_01197,119.62935721621642,0.09116002404629765,0.027730033499605976,0.7513136937724919,0.9010349759838927
Ptuh,OG_01190,3216.9875100683016,0.7024532901316128,0.16984858696409807,0.0743130765065222,0.32886644260358644
Ptuh,OG_01191,119.31283883149808,0.024938121770780794,0.008678559857906066,0.9504875465679808,0.9782861772126027
Ptuh,OG_01193,2427.0898911481013,-0.3009446534224871,-0.09395468593437102,0.33298620128858974,0.6418928890347677
Ptuh,OG_01194,91.96317661043085,-0.010223769828863633,-0.0031691074765661047,0.9740565806097372,0.988142815305572
Ptuh,OG_01195,169.39233312085804,-0.1599893184295791,-0.036935932739394606,0.6439519679080754,0.8457464278051992
Ptuh,OG_01198,35.084543330221564,-0.011751519106035151,-0.0028169591928876333,0.9764948212165651,0.9892146749755419
Ptuh,OG_01199,45.46554320726099,0.031774753065428804,0.003736224656692137,0.9459512180899387,0.9767025935690307
Ptuh,OG_01201,45.11227084870019,0.7158999576444272,0.04857391814990222,0.30483484291081736,0.6147122357010606
Ptuh,OG_01200,3494.3798181056395,0.5958725351272792,0.1000228769127019,0.16280085053384893,0.46692316489839064
Ptuh,OG_01202,123.64904774238981,0.8217249623003559,0.20967251575901347,0.04483995420704817,0.2606771393874209
Ptuh,OG_01203,458.69218355924534,0.463621868162152,0.3307177270871672,0.01859383185548324,0.17260063302878506
Ptuh,OG_01204,117.90451851899113,0.6113242030877672,0.07392546630462221,0.2547814971844709,0.5714750327761561
Ptuh,OG_01205,36.65623563607104,-0.5983454309702521,-0.1626307594636705,0.1061402731837068,0.3864266794474248
Ptuh,OG_01206,184.41195970011586,0.24380627984248152,0.09346241957041447,0.36039055155216243,0.6620205838470787
Ptuh,OG_01207,626.3141951415804,0.02259178726982484,0.010685185327168892,0.9163615819856443,0.9655341917502056
Ptuh,OG_01208,646.0061453547155,0.2421999921066302,0.09745894346727602,0.3704643783000912,0.6689709518508595
Ptuh,OG_01209,211.22213985399875,6.295220958797183e-4,3.7116555194257293e-4,0.9977912806746569,0.9989676438916749
Ptuh,OG_01210,1056.3347789780537,0.5184667951384431,0.1648564179274524,0.12369382415403606,0.4160031503826036
Ptuh,OG_01211,18.061759934809345,-0.7679942104911908,-0.17419922235031016,0.07767805532231202,NA
Ptuh,OG_01213,118.043462220624,-0.3974440565447079,-0.16805016004109194,0.1411317212868487,0.4406215357234997
Ptuh,OG_01212,5110.157770942654,0.9113140023195031,0.7905550079568515,5.576852976152858e-5,0.015276979184996797
Ptuh,OG_01232,504.74794119094366,-0.2716676139044473,-0.09489749322625644,0.33503030181007454,0.6431490452045188
Ptuh,OG_01233,157.45513561893162,-0.45158797992480304,-0.15561742582519836,0.14375954005030567,0.4444142752483421
Ptuh,OG_01240,1757.8930742745601,0.3882742917191665,0.13102665313989065,0.2061938782612506,0.5219071279268376
Ptuh,OG_01241,205.97603768755525,0.48536150413972673,0.09639116972030926,0.23783914299636666,0.5590174376764865
Ptuh,OG_01234,852.9343062081741,0.021699893188408908,0.009893972003235243,0.9305204568345609,0.9708192601521308
Ptuh,OG_01235,652.5111090266221,-0.5046336678508103,-0.3522196387703643,0.017410745039385424,0.16874434415324008
Ptuh,OG_01237,959.5914483216982,-0.5552187307189876,-0.1624369005283171,0.11456526986389956,0.3988881802723391
Ptuh,OG_01238,195.11607727421983,-0.43334859873248843,-0.2957837791125797,0.029959255466446226,0.21380269451609588
Ptuh,OG_01242,143.03446000742707,0.013274873166063787,0.003385643145395569,0.9741239321727017,0.988142815305572
Ptuh,OG_01214,3535.7809608073894,0.29329659191016655,0.14583273593632518,0.1909494884574624,0.503915022491315
Ptuh,OG_01215,138.75986528669912,-0.19027623794597207,-0.07333197527012589,0.46762199463785814,0.7400383858488058
Ptuh,OG_01216,6869.85567190103,0.6922235226878263,0.23154147834881203,0.04836928541246036,0.268676904700581
Ptuh,OG_01217,179.46841442263056,-0.10894821918818999,-0.04984421485620659,0.6211293895357366,0.8337389519891977
Ptuh,OG_01218,1865.8667971449618,0.44514329585797563,0.3110998060775308,0.023833515088225624,0.19220722709326876
Ptuh,OG_01219,139.02916768092777,-0.08294222806627807,-0.01681052594857132,0.8311802317868531,0.9335665175570049
Ptuh,OG_01220,52.714046333303884,-0.6103057118273902,-0.19211254026750824,0.07846474343002803,0.33601744891971663
Ptuh,OG_01221,9913.880567686208,0.4589172055780363,0.19087497513235321,0.10662975800420027,0.38648719954594024
Ptuh,OG_01222,180.8558052185696,-0.45173796780793335,-0.1613491954345163,0.13750587429499075,0.4359752847887618
Ptuh,OG_01223,964.9932715566483,0.3571813322810327,0.14725988037327445,0.17880147983805758,0.4881431950479917
Ptuh,OG_01224,46.4055141269147,-0.6401242825072503,-0.1089763698544301,0.15820593860519314,0.46169414373481604
Ptuh,OG_01225,180.75461214808476,-0.21340286501887612,-0.032897080929983384,0.6149002778023186,0.8308373859892944
Ptuh,OG_01227,125.0652006555389,0.6179669075120914,0.31991979952785193,0.03304181601372587,0.2254130412589277
Ptuh,OG_01228,773.9981177729421,-0.03883982271571475,-0.02005511794395489,0.8539760046656697,0.9413699920206045
Ptuh,OG_01229,33.71641695824085,-0.185427040141266,-0.038322957461913915,0.6370248604427635,0.8426191767725775
Ptuh,OG_01231,304.735374206849,-0.3196756199921956,-0.15914177328329474,0.1615036676200416,0.4655428192224688
Ptuh,OG_01243,558.0743884145764,-0.25519554726427734,-0.05238706454627305,0.502453134578561,0.7692947359319979
Ptuh,OG_01247,239.8886949881751,0.4751701486828898,0.1900306354127347,0.10163768176490097,0.37849142742245334
Ptuh,OG_01245,725.5584277011687,-0.1326205816634776,-0.06436564604682694,0.557483613283176,0.799687642567691
Ptuh,OG_01246,285.8504433483853,0.5714273569118523,0.1513706794274335,0.12343872656127768,0.4159313174552577
Ptuh,OG_01249,1265.4462679594935,0.20152236305894847,0.07406663201259163,0.4541753405621089,0.7304653394040586
Ptuh,OG_01248,785.6130798245962,-0.12314164575692953,-0.05575712218990064,0.5441645981167222,0.7937213615951916
Ptuh,OG_01251,809.1447858424895,0.6490090314959711,0.47321652995591407,0.0056633164540570175,0.09977153562161606
Ptuh,OG_01250,242.96694701641349,-0.1666783249599232,-0.03222896259045617,0.6661640875943254,0.8590768070928865
Ptuh,OG_01253,109.47098049229437,-0.11309923354253164,-0.023681569015112862,0.7707584830266343,0.9100780086015265
Ptuh,OG_01254,155.86766306808752,-0.665559523489365,-0.5266368812183135,0.0027123322966143776,0.0703751450222675
Ptuh,OG_01256,27.870841249067617,-1.0502720048724847,-0.7299867299857183,0.0037203862163307524,NA
Ptuh,OG_01255,289.85188939749565,0.39619264944330274,0.3111725725122006,0.011815800015556644,0.14252808768765202
Ptuh,OG_01257,687.8860438104465,-0.08339302145696054,-0.038338746896335506,0.705011786019346,0.88039646054953
Ptuh,OG_01258,281.8173225651305,-0.34153546602478463,-0.1462653366205428,0.18854292043332596,0.500473012229595
Ptuh,OG_01259,2862.748960552834,-0.097687943290237,-0.061839293568984974,0.5283350277288374,0.785060552138808
Ptuh,OG_01266,742.4993799090728,0.47994262512690256,0.40517825011918696,0.00142761203029838,0.051379862092226246
Ptuh,OG_01267,74.53018336802744,-0.5346957837844701,-0.09826985724961788,0.2051761895604036,0.5202616308590468
Ptuh,OG_01268,9.398821691838558,-0.7363659700368529,-0.04581527775960373,0.295207835408554,NA
Ptuh,OG_01269,288.3930244951471,-0.3024366888362211,-0.06026230710536516,0.4346831895895263,0.7141283896293785
Ptuh,OG_01270,335.6867942647142,0.24071005056261077,0.10763618336435908,0.3167171549937793,0.6247154950539819
Ptuh,OG_01260,474.68261207062733,0.3077172522331778,0.130223448242919,0.2302185673225329,0.5490076028371103
Ptuh,OG_01261,39.196040094440136,0.413657240195256,0.04080978063615211,0.47276983941582923,0.744439361453592
Ptuh,OG_01262,179.3961735901348,0.07464484391993889,0.01794451703734433,0.8336158701263396,0.9341601965047344
Ptuh,OG_01264,38.66859410847013,-0.13330221011877533,-0.02130982596434858,0.7691994726087686,0.9095486882056686
Ptuh,OG_01265,2931.1601155952444,-0.1166668712823501,-0.042330562688080706,0.6585408327499092,0.854183636392475
Ptuh,OG_01272,185.18865401200173,0.15040172336206645,0.06869746968409567,0.5082875953002548,0.7734044916827494
Ptuh,OG_01274,20.307008709015268,-0.8741494414622936,-0.17964762724989647,0.0575962886384319,NA
Ptuh,OG_01275,1633.192335199351,1.2581582268689455,0.8363067015286048,0.0022792892339421563,0.06506161989299929
Ptuh,OG_01276,333.4433394950525,-0.02683898507539568,-0.0052872630049566865,0.9358875734193206,0.9723964881072098
Ptuh,OG_01277,148.69422251002126,0.367963982013707,0.13117111638170012,0.20259555185420486,0.5164491112976474
Ptuh,OG_01279,42.34766540402408,3.3586801234707943e-4,1.3920251330348658e-4,0.9994747398575455,0.9995924497550672
Ptuh,OG_01280,126.54719760811524,0.6528358886726993,0.28936104404829754,0.038443209278556524,0.24344499119575094
Ptuh,OG_01281,109.96049541307914,-0.22361348344940987,-0.08435090649729934,0.4081059122051172,0.697343259714287
Ptuh,OG_01283,45.88887205272868,0.36086097000249256,0.05718105216470813,0.43693374607127633,0.7164023910501393
Ptuh,OG_01286,48.28615691770553,0.745265429084244,0.08243656139980304,0.16424828046374326,0.46899677125020434
Ptuh,OG_01284,142.53745546830794,0.05070410953169253,0.007719782897863199,0.9090505699309035,0.9633916685203086
Ptuh,OG_01285,946.559812319759,0.5034128590264093,0.2786885248409306,0.04337998560330558,0.2568917975894498
Ptuh,OG_01282,371.80000890530374,-0.10439066971425821,-0.032237618750921085,0.7270439209928905,0.8913031582317925
Ptuh,OG_01287,348.9137845804851,-0.47894646258841944,-0.23408106838371545,0.06545508803028895,0.3112479032955747
Ptuh,OG_01288,51.175766589752214,-0.10553372381144138,-0.011828649936348587,0.8453090750512576,0.9387474235750982
Ptuh,OG_01289,1937.0856643693178,0.6830859052822459,0.5528680686976609,0.0012111437639082117,0.04892946827018439
Ptuh,OG_01290,1355.2293217199967,-0.4015816896914538,-0.18913958437632897,0.1152011788424598,0.39980858434184385
Ptuh,OG_01291,431.3971310793077,-0.2831919528001049,-0.13724312632952085,0.21256431876510376,0.5293490591466724
Ptuh,OG_01292,342.76301378959977,-0.1549655141667087,-0.05178314344574172,0.596344066052463,0.8203715873833657
Ptuh,OG_01293,1398.7325683624442,0.20836798882366744,0.14702886588862163,0.1642158334276123,0.46899677125020434
Ptuh,OG_01294,523.0056768019887,-0.28329505945867783,-0.15482223260298195,0.16991520740259786,0.47699832769020195
Ptuh,OG_01295,16213.069901746427,0.5873591531307634,0.2376430092830247,0.05866048752142741,0.29494270456203037
Ptuh,OG_01296,112.956038178424,0.007186384394430231,7.811907806338416e-5,0.9793964998827058,0.9903868416280557
Ptuh,OG_01298,108.07040436309245,-0.19033677735047588,-0.036592796847394506,0.6416505756363289,0.8453144102239691
Ptuh,OG_01302,233.33698092173057,-0.2717610087867104,-0.0628113094899821,0.41758754984197505,0.7029045536685931
Ptuh,OG_01303,935.8782922862226,-0.21029944439907763,-0.12540418229760714,0.24525338606606903,0.5656424578095359
Ptuh,OG_01299,325.83258908779493,-0.07238752894989772,-0.02280822182942583,0.8046260354931193,0.92317141662408575
Ptuh,OG_01301,88.95335433480558,-0.41069451307755844,-0.12810220385208712,0.21321130799786353,0.5298772102773945
Ptuh,OG_01307,54.02136220820386,-0.1831405569427345,-0.02276654514412195,0.7207683995849182,0.8868574312943814
Ptuh,OG_01305,829.0396426896698,0.5453893244238462,0.38193046356132454,0.012263091097261458,0.14549988318899473
Ptuh,OG_01306,53.32339283826559,-0.9364139954237641,-0.30209666519905465,0.019397174048332206,0.17504867377092145
Ptuh,OG_01308,90.10994238796056,-0.3882454406479519,-0.20584942175349016,0.09667758303315391,0.3687519766293662
Ptuh,OG_01309,178.83219045801243,-0.6134515520945575,-0.38832147042978066,0.017060619470416295,0.1669110374916765
Ptuh,OG_01311,616.4210901247292,-0.4883804572907057,-0.2553567086710537,0.05813823015951937,0.2943151639150432
Ptuh,OG_01312,476.6303860267604,-0.7669694885642323,-0.20927812614352992,0.05109687738701624,0.27607835918961504
Ptuh,OG_01320,1318.6108049754168,-0.7111780566490276,-0.18650637536139944,0.07192405934623776,0.3246021780418048
Ptuh,OG_01322,2668.135004555477,-0.06634936974787496,-0.015117912630839992,0.8501131643862982,0.9398725415920381
Ptuh,OG_01314,721.7096595699071,-0.7128093497557529,-0.1468751676069759,0.0967391728543335,0.3687519766293662
Ptuh,OG_01315,119.50713402080426,-0.4305966775941623,-0.14214705933451313,0.1753172561111222,0.48368880405966524
Ptuh,OG_01316,521.3595791807766,0.12506644459719463,0.05625676243138602,0.5522382447874796,0.7975879105847167
Ptuh,OG_01317,1265.9180369711794,0.2844243135702159,0.04516964692713161,0.5344661497650474,0.786737137078312
Ptuh,OG_01318,723.5909314575149,-0.04532682874289478,-0.010381975237061695,0.8978876824980295,0.9585528462114007
Ptuh,OG_01319,591.7646293463706,0.422934495836376,0.16112281097271086,0.1453242177180212,0.44611376472224956
Ptuh,OG_01323,105.99771834219759,0.4639097603014232,0.08029041856394473,0.2971942620685059,0.6066763638186905
Ptuh,OG_01324,1174.7778055893216,-0.21895426724584266,-0.04628258374332573,0.5700628377558242,0.8063171656451391
Ptuh,OG_01326,347.1837081944872,0.038987914746256944,0.006189891379665652,0.929631834987095,0.9706119456614443
Ptuh,OG_01325,451.8578517163327,-0.1280703010615499,-0.055302524541403913,0.5838514804458209,0.8135980918847902
Ptuh,OG_01329,175.06918851489377,-0.06674956618011757,-0.038614410148014575,0.6964110994172736,0.8776279040377544
Ptuh,OG_01330,2231.6746239540166,0.8263790838303392,0.4848946738711087,0.011161390382562707,0.13894457363670248
Ptuh,OG_01342,632.6137771331169,-0.35517631076368805,-0.06013125775975562,0.3927810376547903,0.6826640548023903
Ptuh,OG_01343,694.9302257691803,-0.25454178563656776,-0.10722700817356241,0.29654203995711875,0.6062193074905758
Ptuh,OG_01344,70.4349701236635,0.4947406749198727,0.1637028338607006,0.12568547819340176,0.4188041417828587
Ptuh,OG_01345,70.42520334247313,0.5246823311965939,0.20616256049370818,0.08661086264124235,0.3537755870848629
Ptuh,OG_01347,25.655987504499368,0.14910329649029888,0.026365017270286277,0.72937321585989,NA
Ptuh,OG_01346,685.0592505052032,-0.25409700208358055,-0.08330053249644777,0.38329444308789085,0.67628016012931
Ptuh,OG_01331,456.318367874039,-0.13667191746671664,-0.08796551633645601,0.37784826401774735,0.6732036765039026
Ptuh,OG_01332,55.64032005978225,-0.38039811439863097,-0.07151497619819507,0.3722832457765832,0.6702203356232234
Ptuh,OG_01333,19.119787097336342,0.4343889987810306,0.03881963786495765,0.47363201581498204,NA
Ptuh,OG_01334,177.18601082549353,0.22007132875427096,0.10653278927981776,0.3152738175172765,0.6236808651423768
Ptuh,OG_01335,200.40870290850182,0.6554046468432376,0.29952552549298345,0.03726145942337638,0.24018928899638461
Ptuh,OG_01336,522.1813488414417,0.4130779777909432,0.10686985817780945,0.24199775682491334,0.5631318961367516
Ptuh,OG_01337,265.09933203528186,0.9074526280079251,0.4284972102486876,0.014191255826085518,0.15621208354410435
Ptuh,OG_01338,28.96037493350632,0.8341432432679067,0.10795714005134455,0.10967104943865968,NA
Ptuh,OG_01339,444.2684691025839,-0.47560428807889715,-0.3456124914744868,0.013407162031047434,0.1516026897039345
Ptuh,OG_01340,50.63881669022955,-0.824739034353867,-0.2298126386828133,0.038311052209461495,0.24344499119575094
Ptuh,OG_01341,287.57405685409617,-0.03100797201899632,-0.011974351532324302,0.8992531275696379,0.9586982392194906
Ptuh,OG_01350,70.94556800914424,-0.3635201356431571,-0.126804878587017,0.2218987006473983,0.541483840775203
Ptuh,OG_01349,1629.8467825307623,0.5532634724648505,0.21206323410695846,0.08023323956016659,0.3394821476556725
Ptuh,OG_01351,561.5678711785218,0.06526893607206626,0.029789611341635467,0.7904671124077595,0.9165378312886443
Ptuh,OG_01360,103.67573775627407,-0.16670078730958934,-0.047826876150076886,0.5979667505095194,0.8212734344698105
Ptuh,OG_01361,168.2160836847446,-0.2744242585757141,-0.14467216445034206,0.20263877047147447,0.5164491112976474
Ptuh,OG_01362,92.1333342006028,-0.04414100230545071,-0.015923943223646028,0.8670117514560038,0.9470882162804714
Ptuh,OG_01364,60.609875786935376,-1.0613696917294388,-0.790201226047374,0.0017838617870207997,0.05767676094521291
Ptuh,OG_01365,45.66980021039899,-0.18343676503132558,-0.045982224143222894,0.5942336623913858,0.8190083911663484
Ptuh,OG_01366,1877.882309859618,0.039008146111306895,0.025370657675584943,0.8201201844837702,0.9287146450600625
Ptuh,OG_01367,864.4197225552966,-0.4426305414878845,-0.3097923162739396,0.023134860148751893,0.1891445540413192
Ptuh,OG_01368,104.33507927135037,-0.5364876076671309,-0.1616752133950516,0.11708146431858352,0.40384066502819554
Ptuh,OG_01370,399.02383254889554,-0.4101846138683758,-0.16758875851501825,0.13784199749285633,0.43612304124788975
Ptuh,OG_01369,905.8414269307879,0.30583735999549067,0.2087704375618689,0.07529849834389207,0.3301991144746717
Ptuh,OG_01371,2137.011885464794,-0.07248300206559266,-0.019790067336132124,0.8319246736959748,0.9338245146298694
Ptuh,OG_01372,140.76295686340916,-0.14621953038477706,-0.029651184140491192,0.6940437431542053,0.8766448165865888
Ptuh,OG_01373,629.0502968284945,0.05889981479940162,0.0161773418150654,0.8558987745007512,0.9421708849133812
Ptuh,OG_01352,155.15934996757804,0.41947450587568436,0.21643818335141712,0.08199190308040114,0.34299272953633814
Ptuh,OG_01353,49.425166938553076,0.2377057680136792,0.04479476281691836,0.5609090325560995,0.8008919444787118
Ptuh,OG_01354,330.794599967397,-0.3246241188601721,-0.010539714827666805,0.6962680885314665,0.8776279040377544
Ptuh,OG_01355,528.1643588033197,0.3289297827213904,0.19423435456408028,0.10424290990827574,0.38247384360949943
Ptuh,OG_01356,243.54626882827665,0.17809799686979436,0.07487008055355811,0.48306054866370807,0.7524119917924081
Ptuh,OG_01357,85.15572632699761,-0.26623428292195395,-0.06834657919053883,0.44158038427650187,0.7207189358593223
Ptuh,OG_01358,7.841481390318024,0.09030409559476191,0.007821264041704513,0.8870948473922377,NA
Ptuh,OG_01375,136.8793738360475,-0.5256250350586186,-0.24120538614803258,0.06525918845817995,0.31099039808215073
Ptuh,OG_01376,223.20458947896628,-0.6248011604834628,-0.4618219179636934,0.0051436476495748985,0.09557955326080972
Ptuh,OG_01377,192.01463197839217,-0.012288808034033077,-0.0031223675329656486,0.9650484014268554,0.9837470881530029
Ptuh,OG_01378,1017.7634217896705,-0.17936006026011506,-0.07682196923984957,0.42671269355148067,0.7101687265404986
Ptuh,OG_01379,167.1038703170134,-0.06824338986553544,-0.027383769795162854,0.7862703172277656,0.9159520752980056
Ptuh,OG_01380,1065.3715738201442,-0.05190038288949056,-0.028858202754679492,0.7585033244828173,0.9047293082541553
Ptuh,OG_01381,124.01755873927544,0.8361732538885109,0.15945322136909676,0.055376850222473954,0.28769949689649005
Ptuh,OG_01382,173.44775635522367,0.015627805124419768,0.010518301208182741,0.9323839831102232,0.971152310140073
Ptuh,OG_01384,198.68720609976882,-0.20136230060015245,-0.03199346509189923,0.6646089781069544,0.8584817704909652
Ptuh,OG_01383,633.7438024472386,0.11283562868348102,0.048687446385168226,0.6310132110936042,0.8388190107607346
Ptuh,OG_01385,129.2158516467409,0.1508743915052648,0.048350016807245266,0.6152342289023915,0.8308793053179245
Ptuh,OG_01386,85.3028859759506,0.30345844245127274,0.08710277505575126,0.36340314364201776,0.6638760409292596
Ptuh,OG_01387,468.4952008016536,-0.7128304204413322,-0.38370177439076836,0.01879976330890468,0.17390805012986768
Ptuh,OG_01389,79.30648780527643,0.1504249229485251,0.03227175076165396,0.6888538023525608,0.8733412429842285
Ptuh,OG_01398,44.69063727676465,0.038541585853099095,0.007502021443257602,0.9251933067422836,0.9690110459861214
Ptuh,OG_01399,4446.751095156135,-0.3346577128047571,-0.09083333714048916,0.31517745873862035,0.6236808651423768
Ptuh,OG_01400,243.79766727831282,-1.1542770854180364,-0.8292100103924641,0.0022088234549324137,0.06474444536584625
Ptuh,OG_01390,20596.42938546539,0.6206669437132056,0.3196593426866101,0.03199475431626178,0.22125362675382332
Ptuh,OG_01391,4235.81970199343,0.4525390668730825,0.17608918051259398,0.11818264949871737,0.4057808117838351
Ptuh,OG_01392,254.22923624537623,0.46986073901830633,0.1400549312624782,0.16413339722867584,0.46899677125020434
Ptuh,OG_01393,325.2984317242711,0.08392879375259664,0.03398423873718192,0.736467906087739,0.895083116610505
Ptuh,OG_01394,43.322072254042396,0.5999137701804194,0.2353945941778332,0.06356076384231162,0.3072231426130684
Ptuh,OG_01395,542.4807499885917,-0.010067869561741298,-0.0036686674328036376,0.9685248486556446,0.9854676509446123
Ptuh,OG_01396,67032.2333998892,0.9823440286772881,0.48674963521866227,0.011051913983943928,0.13894457363670248
Ptuh,OG_01397,102.58338068868193,-0.1148091313518664,-0.0334405488976701,0.7435048495368489,0.8979713963794305
Ptuh,OG_01402,1432.3720291788695,0.7073572992599928,0.504627168724,0.005720520329398868,0.09977153562161606
Ptuh,OG_01403,1757.7320732187557,-0.4299147606172699,-0.21399259953903854,0.08445532025844199,0.34899979544267123
Ptuh,OG_01404,950.3685042610593,-0.7815473806685841,-0.4276651275821292,0.01453327846792353,0.15743773299582042
Ptuh,OG_01405,221.07009119617803,0.1130190774882267,0.040779914928528345,0.6748371458347466,0.865667226952971
Ptuh,OG_01406,263.1082009924879,0.2315451816250822,0.13811103883561,0.21299790817254335,0.5298120199769297
Ptuh,OG_01407,58.16481317037013,-0.30267597545208424,-0.04838040619966225,0.4985037193651251,0.7662801645366557
Ptuh,OG_01408,237.8223315245087,-1.0504868702163128,-0.6197566615803745,0.006439385536503384,0.10638766921398199
Ptuh,OG_01409,68.84653063737522,-0.1638901013102947,-0.04082606201658616,0.6388894708005027,0.8436127107503009
Ptuh,OG_00001,436.19221828359633,0.3508509511860281,0.10749178459486883,0.26781434750425165,0.5819962185324692
Ptuh,OG_00002,330.6250298738097,0.045196369354300304,0.025758073935700655,0.7672166004522513,0.9085864913278735
Ptuh,OG_00003,128.22949311998457,0.13934131246955875,0.0548853601842214,0.5734701735650051,0.8081494712768044
Ptuh,OG_00004,279.58333508319697,0.1399952666301633,0.08326119814283521,0.42330811959813525,0.7080386310068117
Ptuh,OG_00017,307.692484992348,0.7119938771171922,0.16972910886672846,0.07585083018058959,0.33056931799572037
Ptuh,OG_00018,195.51691967154318,0.2382683828390064,0.06695224229058243,0.46083565618635103,0.734775890412034
Ptuh,OG_00019,162.42938475123046,0.12786713219204004,0.02787205636961531,0.7545786232242221,0.9030272926183898
Ptuh,OG_00020,669.5224443186919,-0.018020704129707157,-0.005758897631494904,0.9333894734540851,0.9719611782430521
Ptuh,OG_00021,115.11864730126324,0.5794045296722097,0.14180728718195662,0.1368911223991471,0.43546455922998456
Ptuh,OG_00023,46.01961509929678,-0.36458380703948695,-0.06688381678779995,0.3882176018693009,0.6795698176628987
Ptuh,OG_00022,209.15685499754548,-0.6116983203959403,-0.11374125604951782,0.15356158463842406,0.4576993459665474
Ptuh,OG_00005,90.92413753584354,0.14897888100822448,0.04142961915709661,0.6452427654242221,0.8459783177369915
Ptuh,OG_00006,106.77428108441694,-0.21487286750226955,-0.05538354003447711,0.5309517608843729,0.785691458137158
Ptuh,OG_00007,504.11709471425263,0.1262713447140323,0.039432438988154093,0.6726804200838852,0.8636834181058894
Ptuh,OG_00008,232.5172407644451,-0.46557484967809143,-0.2720761455335107,0.050484034816100434,0.27517301932692523
Ptuh,OG_00009,705.04313135554,-0.09913966523708857,-0.04349931115096858,0.6666141349294246,0.8590768070928865
Ptuh,OG_00011,21.713499791753136,0.06728507120192768,0.0016382381524731853,0.9506044168724328,NA
Ptuh,OG_00012,481.90131565691536,-0.14630484064267363,-0.08746902626181867,0.40538554205956784,0.6949277963789152
Ptuh,OG_00013,860.6953071693919,0.4205985445086115,0.2637891315539614,0.045544044114379366,0.26210565653089307
Ptuh,OG_00014,351.17018745001553,0.8232113705241229,0.5768930462795849,0.005072738262644744,0.09446862571574378
Ptuh,OG_00015,56.541151269444576,-1.1164947448404625,-0.7553613943249068,0.003393067405451789,0.07829871849754508
Ptuh,OG_00016,864.3152167796417,-0.3903408872860549,-0.18203375849507702,0.12363206639507776,0.4159601853514264
Ptuh,OG_00029,124.87009328905461,-0.18933651726933023,-0.04864448611894727,0.5778955473325735,0.8100840191396855
Ptuh,OG_00024,163.52268932417465,0.02311604227254243,0.009462766890099632,0.9261737581745296,0.9694139862742324
Ptuh,OG_00025,1019.2811613775777,0.2378201362861978,0.0423492326794753,0.5522317689029013,0.7975879105847167
Ptuh,OG_00026,117.18474219777846,-0.5404645180160361,-0.29006577923988713,0.041988773390939656,0.2538661030247819
Ptuh,OG_00027,116.84497014728178,-0.7474054099910007,-0.571155162755237,0.003004653801556734,0.07438927137848335
Ptuh,OG_00028,850.7380045397184,-0.025868660222598382,-0.009817605976165837,0.9194344657297222,0.9663165201703962
Ptuh,OG_00030,283.8773904421315,-0.6164412021234528,-0.14416164979694351,0.11575398887298331,0.401053803961393
Ptuh,OG_00031,99.57095222049573,-0.42991370491755027,-0.17011461061183644,0.1386493729472352,0.43720494676709776
Ptuh,OG_00032,152.21913549720574,-0.5653232412933241,-0.11210176432121581,0.1755213956988085,0.4837804908387802
Ptuh,OG_00033,18106.945769465852,0.7167187955186077,0.5272453135333931,0.004488183415401392,0.09010319991392109
Ptuh,OG_00034,392.0686793730551,0.1346587463256661,0.02564874718332156,0.742648864609873,0.8975844381498362
Ptuh,OG_00035,263.1235632137569,0.17373181284038716,0.08868147231654151,0.41062797384815064,0.698900096087102
Ptuh,OG_00037,536.962969187382,0.1578944714757599,0.11102712056280276,0.2710599405526327,0.5831874880093634
Ptuh,OG_00041,1825.8890167466616,0.310273653058062,0.1427573343307872,0.198271593499842,0.5115152601013742
Ptuh,OG_00038,102.59990744405242,-0.14255467450325898,-0.04772088082563587,0.619515457781213,0.8330032969235203
Ptuh,OG_00039,214.7906376785558,-0.16372384366153672,-0.07788738683720602,0.45310406456670643,0.7295714289534454
Ptuh,OG_00040,104.3398073810013,-0.2520193280833137,-0.05579787337050637,0.5094698543547218,0.7745109207268702
Ptuh,OG_00046,24.869406651179286,0.4681053686610591,0.0655789547007966,0.3524435483362259,NA
Ptuh,OG_00047,109.67160226103908,0.3765188022089234,0.05676081907502583,0.4222084175858822,0.7068565237014335
Ptuh,OG_00048,1496.2972472141748,-0.2841379225261552,-0.1580874701478414,0.16235835300239687,0.46667902124612204
Ptuh,OG_00049,191.43086358513582,0.20143042306121375,0.05989129503571888,0.512691908409669,0.7758430570043445
Ptuh,OG_00042,610.2973513875708,-0.5716839574617787,-0.43400571882411376,0.006821656651466152,0.10988838070951755
Ptuh,OG_00043,818.9349183022229,0.3477522144408618,0.0744471526311973,0.36409827282833396,0.6638760409292596
Ptuh,OG_00045,194.23264000345065,-0.09053946469087222,-0.054856943991762594,0.5867210252426943,0.8145250388229238
Ptuh,OG_00050,716.7519063391761,0.14831557126353848,0.05048569791892375,0.599165087189222,0.8218559070280848
Ptuh,OG_00051,291.541538245049,0.18957630756999297,0.05969237676207605,0.5386099091546146,0.7896873757885291
Ptuh,OG_00052,104.73800257425282,0.588832205363931,0.2709192865215572,0.04727336909656814,0.2657977939478888
Ptuh,OG_00057,57.7074299953154,0.19699466253323655,0.030016306795648113,0.67603565616778,0.8666809770798292
Ptuh,OG_00058,1711.9797001145437,0.06485192709141142,0.04436303695144863,0.6559431239419837,0.8534947470547826
Ptuh,OG_00053,364.2790500399064,-0.20535743782959326,-0.060078734513045046,0.5171218747966753,0.7780659140189116
Ptuh,OG_00054,101.93794700419654,0.14939617758530377,0.05662253226962308,0.5655518079938395,0.8041090003270556
Ptuh,OG_00055,3714.166079270174,-0.37576868404278735,-0.27911589401277714,0.022771461973711726,0.1890276198247898
Ptuh,OG_00056,256.92039385598423,-0.22033766776996463,-0.1414244936716417,0.19532090206233368,0.5096088222271623
Ptuh,OG_00059,246.45759980174728,0.22894294741090793,0.07648765869750031,0.4313629709637222,0.7130882517858534
Ptuh,OG_00060,3681.401785729458,-0.051536668001032813,-0.02612817482859478,0.7519220507220109,0.9011316082060723
Ptuh,OG_00063,58.12750122340716,0.366953237960494,0.05773506835610228,0.4279081839045799,0.7106974961309784
Ptuh,OG_00061,179.16852823686872,0.051151745832193694,0.03272353531177946,0.7808118335713357,0.9136907938111868
Ptuh,OG_00062,418.72821266717216,-0.05085870824855035,-0.018648315402915,0.8541281476311804,0.9413700492776098
Ptuh,OG_00065,322.60526285303797,0.0976990938567206,0.021344419037656392,0.7841970023892031,0.9148128374668837
Ptuh,OG_00066,653.3567575780235,0.5313531983524339,0.34321632895449194,0.021282762120776327,0.18164142304485686
Ptuh,OG_00067,535.0386411583946,0.08524681932930912,0.04718327101774539,0.6443213213057233,0.8457464278051992
Ptuh,OG_00068,616.9838950784051,-0.05822675929013003,-0.020508954350459848,0.8314282673760742,0.9335665175570049
Ptuh,OG_00069,33.34328609002472,-2.1435973975012197,-0.16372124066378804,0.0021578211523925173,0.06407068960180859
Ptuh,OG_00070,5.861938940439641,-1.1839202625106755,-0.021698151130685937,0.2944219329837126,NA
Ptuh,OG_00071,19943.327819775248,0.4884990251090152,0.22580304538140028,0.07400901913282576,0.3280190973256557
Ptuh,OG_00072,140.65175008388232,0.13472608215114182,0.04378663589161999,0.6509086352263513,0.8496028481927721
Ptuh,OG_00073,166.55632554609733,-0.19230274607620046,-0.04816307262124325,0.5725312386539956,0.8074053164983421
Ptuh,OG_00074,446.4261450988101,0.20271060659139595,0.14741488369095992,0.13356800706002225,0.43160559967797146
Ptuh,OG_00075,386.65909904782575,0.21626781726837846,0.12458458088009289,0.25952684711488444,0.5739080907249493
Ptuh,OG_00076,122.59315317721223,-0.01521589584632679,-0.004245094110761096,0.9650480768102652,0.9837470881530029
Ptuh,OG_00077,746.147988315221,0.09974445932194934,0.05847824318473035,0.588016798354866,0.8147998184081527
Ptuh,OG_00080,114.17860707907988,0.3867363905199612,0.15107664376395716,0.16851569621540896,0.47542065809372525
Ptuh,OG_00081,213.9988824668031,-0.1372193828709603,-0.03775620608116065,0.6845205865294635,0.8715472562720329
Ptuh,OG_00078,3051.4328009678293,-0.4072074707291391,-0.2628613173679896,0.044710960430844986,0.26023678956733076
Ptuh,OG_00079,931.5342971682778,-0.6488708850531821,-0.41425718888746604,0.013386037769502764,0.15156564365148995
Ptuh,OG_00082,9207.636036785858,-0.165620470432057,-0.013071366788250542,0.7868429568180583,0.9159520752980056
Ptuh,OG_00083,259.13441684593505,-0.3114213063349155,-0.16006775483150834,0.1605159695916771,0.4647465440751865
Ptuh,OG_00084,34.046974705240096,0.3683329263315596,0.05801315102990134,0.4191554542561421,0.7043443624868608
Ptuh,OG_00086,563.2702520759256,-0.3554033749839126,-0.19654550999213735,0.10404905962120031,0.38240184878545014
Ptuh,OG_00087,798.2161158956426,0.23367434746974802,0.04866104873028964,0.5471138837497131,0.7947470237431687
Ptuh,OG_00089,451.8064255986944,1.308770520567538,0.9995954473770248,7.345259744580514e-4,0.0410776762901117
Ptuh,OG_00090,187.07381225676588,0.34589268216322294,0.17908077275793804,0.1403900245407907,0.4397610064184414
Ptuh,OG_00091,229.06165381575133,-0.037926859894598,-0.012098906775120741,0.8907718556581242,0.9555879987681645
Ptuh,OG_00092,862.1500431146173,-0.5495385745927833,-0.29643917148349297,0.037637068831598425,0.24116897853582125
Ptuh,OG_00093,593.7477707847444,0.336709849414922,0.11067807309545351,0.269102008658943,0.5825240859361362
Ptuh,OG_00094,12.473629238405882,0.05186704842238284,0.005397153861221812,0.9323770063068766,NA
Ptuh,OG_00095,33.252642699433075,0.1847679671817181,0.03095040566216548,0.6710378212261615,0.8624872374530896
Ptuh,OG_00096,71.02600708564283,-0.011467407564177728,-0.0025957111269822994,0.976027985192668,0.9892146749755419
Ptuh,OG_00098,29.479086241328105,-0.3978827973146887,-0.05621651690396,0.41196662167141684,0.6994091435733784
Ptuh,OG_00099,10.631827943364657,-0.003634227594490822,-1.1895291583379771e-4,0.9944914387790758,NA
Ptuh,OG_00100,354.3656409949059,-0.3295132407147692,-0.07520081454317104,0.37750086117965626,0.6732036765039026
Ptuh,OG_00102,8265.759101726617,0.39025625397569685,0.22075873574637989,0.07901397429105257,0.33667168573989886
Ptuh,OG_00110,123.62375012818153,-0.06394590689339806,-0.014334637401804072,0.8601242422088741,0.9445461095096027
Ptuh,OG_00112,262.2970136938016,0.35702176591641094,0.08425888680236568,0.32982657260211296,0.6393515421749465
Ptuh,OG_00113,88.35924588589208,-1.0710067833858297,-0.6496925922693944,0.005718026474283008,0.09977153562161606
Ptuh,OG_00103,863.7547993962222,-0.14970942462465295,-0.0758856903399616,0.4700602969421881,0.7418234606268466
Ptuh,OG_00104,129.23701806088323,0.194654763219959,0.08760196678728537,0.40043940552646917,0.6901829575260353
Ptuh,OG_00106,102.83191971972465,-0.029617518436130395,-0.010608449082486997,0.9085933534114056,0.9631475168105924
Ptuh,OG_00107,1113.8801390536291,-0.037060392955561364,-0.01412613289343003,0.8781716910568759,0.951557316499801
Ptuh,OG_00108,344.99514695687634,-0.6512933234094143,-0.23275266944376724,0.05205089260545496,0.2785231127949109
Ptuh,OG_00109,143.9545364154698,-0.7017622285178756,-0.234076073278854,0.04593560073280713,0.2622115772553303
Ptuh,OG_00115,239.88629748682047,-0.40999188051434465,-0.06300828869104813,0.37326786538175216,0.6707225881184671
Ptuh,OG_00116,829.6649813518096,0.006157610284604248,0.001523019995500112,0.9741152308304973,0.988142815305572
Ptuh,OG_00117,76.68193999615731,-0.2016053630538369,-0.04508329471236065,0.5828259422590846,0.8129694319422054
Ptuh,OG_00118,254.3936340697643,0.07979282962431615,0.02263647152977651,0.8062348382963958,0.9234496901861547
Ptuh,OG_00119,354.2660445097209,0.21492371229667245,0.07201389831308333,0.44665261780689297,0.7247944488504313
Ptuh,OG_00121,9.863695188294981,-0.014227983046178106,-0.001103268286202636,0.9850735647680254,NA
Ptuh,OG_00123,12.03807208582634,-0.41276534856546454,-0.03331577972429929,0.5242076031442491,NA
Ptuh,OG_00124,87.61300390341367,0.2111910114767406,0.05947448922143851,0.5192469517047265,0.7792181459572465
Ptuh,OG_00126,38.60861958211534,-0.503800417678418,-0.09187974188930734,0.23673950735799715,0.5579772124574277
Ptuh,OG_00127,71.98161570272462,-0.3385167932475966,-0.06541750756816965,0.41603104060627,0.7023062184511165
Ptuh,OG_00129,126.29505797572935,-1.3214071779345704,-0.5450225228128277,0.0072213441110070605,0.11335241070364503
Ptuh,OG_00131,79.5812469681197,-0.38251706617319103,-0.08582281883379708,0.31216366145346386,0.6212010488664965
Ptuh,OG_00130,3201.9727095902704,0.2098912506961362,0.1463096594288834,0.16123400965671056,0.4652937897775344
Ptuh,OG_00132,70.4975612971351,0.5880086043221054,0.09110253657242172,0.1967087943690086,0.5101997626103353
Ptuh,OG_00133,52.29230181841216,-0.9490563986690992,-0.6099725518767233,0.0056173399877668465,0.09938010661690845
Ptuh,OG_00134,705.033049972075,-0.11131602677088263,-0.0752342797104471,0.44559574439999017,0.7235179849798693
Ptuh,OG_00135,420.16241832767565,-0.26705021655710903,-0.0753045816062165,0.4145363959151012,0.7008248206472306
Ptuh,OG_00136,309.11380126132883,-0.2544911907872852,-0.1593350495288063,0.15407331882232794,0.45795961618453235
Ptuh,OG_00138,23.107572342930947,0.09371526495270797,0.017585088559411377,0.8217003062985164,NA
Ptuh,OG_00137,150.83660085245052,0.2230788193469849,0.053836878137766095,0.5309154170972143,0.785691458137158
Ptuh,OG_00139,129.20578195096465,0.03216567059418073,0.011551731772437129,0.9054335592741223,0.9617187974178669
Ptuh,OG_00140,81.73978202567439,0.8975444403933743,0.18593093350340298,0.043022259013604645,0.25577889288673694
Ptuh,OG_00142,30.005485036280096,-0.22435351031261677,-0.024728293759678513,0.680326353389879,0.8686410153340629
Ptuh,OG_00141,1223.721669379595,0.3512674230927363,0.10399437051303297,0.2753157261593408,0.5877277894784118
Ptuh,OG_00143,30.37808400228868,0.3214814047107687,0.027530886426375894,0.6057718592579786,0.8250544713422221
Ptuh,OG_00144,1301.9255257778748,1.171781548024326,0.5863559590137403,0.0058703651204871634,0.10123532934763485
Ptuh,OG_00145,786.7144999014544,-0.7573699782713695,-0.4762509727287197,0.01040545232260427,0.1363628103758572
Ptuh,OG_00146,747.4395877134193,-0.013271138468206796,-2.6123467061610285e-4,0.9612249710969685,0.9823952887899212
Ptuh,OG_00147,535.6903107161611,-0.7882747521112862,-0.2558819147538401,0.03336645088614391,0.22631621479643296
Ptuh,OG_00148,155.43466500593283,-1.102286435210618,-0.8908575877137045,4.580700478183249e-4,0.03441006027315063
Ptuh,OG_00149,77.74358911522829,0.22206064939098766,0.04397835967567161,0.5926943215528291,0.8183445011636179
Ptuh,OG_00150,838.0467406760529,0.4379577054427127,0.3591097521523932,0.003828574019321082,0.08379446023730575
Ptuh,OG_00152,146.51984531472286,-0.3374783162855654,-0.23171687139453961,0.05337830842164833,0.2833053719478985
Ptuh,OG_00153,1408.8795851833263,0.4932469076573857,0.22340432071878347,0.07438414367575157,0.32886644260358644
Ptuh,OG_00156,11.585782505929423,-0.006754374240881393,-7.635166207664417e-4,0.9899301469138284,NA
Ptuh,OG_00154,1559.804800275724,-0.10825307500523412,-0.05148485495290291,0.6397408580734317,0.8440822177357543
Ptuh,OG_00157,74.99655142636163,-0.06021052304840422,-0.011869776933072762,0.8775935738664554,0.951426609124721
Ptuh,OG_00158,257.8312075368775,0.3349445485337247,0.07548459967873859,0.37463627779343,0.6714656361223034
Ptuh,OG_00159,147.03717876826508,0.9962500865089681,0.15143183967219562,0.04435601657697372,0.25941549088957355
Ptuh,OG_00165,50.45035358325427,0.00403207537823217,0.0016912818682690146,0.9880981818894837,0.9947595606649756
Ptuh,OG_00166,1184.4978019092084,-0.25916179582527227,-0.16153464880066792,0.14933271300316397,0.4514536841662045
Ptuh,OG_00167,149.24183096553136,0.34534593669725006,0.09670368538108684,0.2881618678179503,0.5995615250548226
Ptuh,OG_00160,308.2259751424746,0.7904450970597596,0.3075878904372903,0.027481039705172017,0.2059743946834252
Ptuh,OG_00161,180.864699201088,0.026961965399117157,0.008922350153323986,0.9260014176377217,0.9694139862742324
Ptuh,OG_00162,113.1726890567578,-1.3517610454544868,-1.0211221110825603,7.299690817952205e-4,0.0410776762901117
Ptuh,OG_00163,11379.921655392976,2.5089587213737716,2.050942828438796,9.506644150279683e-5,0.01834782321003979
Ptuh,OG_00164,440.3851567500932,-0.30246891822335664,-0.13506784210707548,0.2184074686151719,0.5368209040463212
Ptuh,OG_00172,135.7384778560656,0.11844258590810705,0.06275995536452714,0.5527384992376996,0.7978676415989366
Ptuh,OG_00176,25.42034838448426,0.7380196362240425,0.05612041007628093,0.27508888989724284,NA
Ptuh,OG_00170,79.10287282101363,-0.6227272618702069,-0.292371904926566,0.03996049472920573,0.24838414444226198
Ptuh,OG_00171,405.1706997112498,-0.18030396029155407,-0.09244737438180128,0.3818663665334514,0.6760077516368708
Ptuh,OG_00173,354.561257182532,0.16303649663510766,0.062252095148501004,0.520744443837492,0.7799803835793168
Ptuh,OG_00174,71.2863955430913,0.5092342668765409,0.1661457824193018,0.12555290332347613,0.4188041417828587
Ptuh,OG_00175,139.32725258891344,-0.11467596398014526,-0.04735198985968471,0.6326947029344059,0.8401374942812943
Ptuh,OG_00177,48.97541423840753,-1.1052352627867779,-0.9325458623821326,1.3843184644654342e-4,0.01977917276694415
Ptuh,OG_00178,64.50138402003726,0.5440616765250524,0.06976135622331088,0.28571719807364093,0.5981415877139439
Ptuh,OG_00179,683.222703919053,0.034477521412024384,0.005625466961156732,0.9384120260897907,0.9729701106332052
Ptuh,OG_00180,225.22012612401102,0.26301172002960294,0.15276749627104788,0.17738614776304093,0.48639430636220327
Ptuh,OG_00184,286.6749199587842,0.12679562813355816,0.05077204607100983,0.6255978595615768,0.8360523948077866
Ptuh,OG_00185,22.74105694762348,-0.20918657726302484,-0.01936428604279002,0.7220379824987746,NA
Ptuh,OG_00181,414.6045936122434,0.6188415447769987,0.23500045464128186,0.05870582149044429,0.2949880686963626
Ptuh,OG_00182,361.25409433420896,-0.027245044069032463,-0.010043898672261528,0.9119890452118675,0.9637395435464384
Ptuh,OG_00183,15.752436917999608,-0.3792059762021137,-0.04538898950372827,0.48025720677951517,NA
Ptuh,OG_00187,148.18832901300624,0.038955562814345014,0.005681337457728632,0.9340250921980361,0.9720795476661017
Ptuh,OG_00188,50.91635020266334,-0.5143077992441585,-0.05452445377693141,0.3573293965911522,0.6614611463188731
Ptuh,OG_00189,80.52909987212549,-0.09758825113828438,-0.026422290659157206,0.7644969501266997,0.9071324750360851
Ptuh,OG_00190,182.6411657712085,0.12043267077990338,0.05123881897642375,0.607125660741574,0.8258387171259726
Ptuh,OG_00195,278.1972513552683,0.8910706490156444,0.34639670854143445,0.01697777369270647,0.16677142361162536
Ptuh,OG_00191,958.2168606152819,0.35732357856143865,0.13082814555911462,0.21389367201182946,0.5306412686895868
Ptuh,OG_00192,195.36487569345067,0.6989288487630112,0.2744211453353415,0.037753566252505276,0.24148545440776498
Ptuh,OG_00193,132.6124718161209,0.16461326433435688,0.0718600308947391,0.48529262807691254,0.7543666479277212
Ptuh,OG_00194,869.6307739669734,-0.4950726473772899,-0.3165905583711391,0.026289286190121552,0.2018522769679134
Ptuh,OG_00209,113.2197470676978,0.7635314575575503,0.27329294933309844,0.03596893273311781,0.23568532158150962
Ptuh,OG_00196,8141.994670035914,0.1943615732579262,0.09489953966332615,0.37183153597638446,0.6699752606644296
Ptuh,OG_00197,149.63018152983688,-0.49202458346005656,-0.2136320020973059,0.0835320893115724,0.34681246693267875
Ptuh,OG_00198,219.65006082620852,0.6160679652330933,0.24299805581460576,0.05529023858136971,0.28769949689649005
Ptuh,OG_00199,355.765958106233,-0.8798239864825705,-0.702661536276141,7.486065789503979e-4,0.0410776762901117
Ptuh,OG_00200,110.31378727786814,0.10720756579831796,0.019759988106926633,0.7926181347829427,0.9180338995023726
Ptuh,OG_00201,82.1920016069863,-0.035536748078820186,-0.004438499768993663,0.9418035484241859,0.9746278007821334
Ptuh,OG_00202,243.70413371343938,-0.7640265525048345,-0.24193164243420404,0.041382668519254116,0.252966783892741
Ptuh,OG_00203,224.63377026208065,-0.6923971351157985,-0.21199609307681622,0.055855354609905226,0.2892217508215336
Ptuh,OG_00204,176.9308731332758,0.22501667854331367,0.036453483049030434,0.6047936182817134,0.8241186467343246
Ptuh,OG_00205,236.56475001412903,-0.2028359007362792,-0.1118126192128907,0.29631854043589273,0.606219294496769
Ptuh,OG_00207,33.17051768538145,0.8277264891399954,0.08017474357074027,0.16315330398722933,0.4675996818965749
Ptuh,OG_00208,18.462923792187365,0.4940480312290377,0.05176294307434872,0.3770710596980905,NA
Ptuh,OG_00210,554.1355481305204,-0.02343553904461238,-0.012225254803710322,0.9113392639847826,0.9636524753777578
Ptuh,OG_00211,1897.8697155819395,-0.5846610714777583,-0.32490649322843057,0.029327844253252414,0.21359524305198926
Ptuh,OG_00212,61.217546730400265,0.3967021386481621,0.06882074084424514,0.3603220698398448,0.6620205838470787
Ptuh,OG_00213,999.1637065861613,-0.08474972323410304,-0.02837594124057938,0.7595028418181515,0.9047293082541553
Ptuh,OG_00214,669.5237250112824,0.14356615216208607,0.06722634366952795,0.5106605306500781,0.774731023986521
Ptuh,OG_00215,232.229042949848,0.23396750964368396,0.07403768047531861,0.42457920272687,0.7090529448825407
Ptuh,OG_00216,124.90737441666006,-0.08302159472036748,-0.02466760300097718,0.7858230916705193,0.915769136059565
Ptuh,OG_00221,80.36473146577987,0.6224482720115765,0.14424735320352383,0.12307874763661661,0.41561657658175233
Ptuh,OG_00217,486.8756579892908,0.6907201550020612,0.5983250581800188,1.4773132258348834e-4,0.020411923143473683
Ptuh,OG_00218,357.6296471696178,0.2484153997292411,0.12626299012907977,0.24383462026029215,0.564823675736607
Ptuh,OG_00219,47.27574007648537,0.21121445691529991,0.0355105936149868,0.6281583615017114,0.8373312016478052
Ptuh,OG_00220,96.21061206205653,-0.3065160563279901,-0.11515217989150127,0.2658337708490839,0.5796766084256808
Ptuh,OG_00222,153.8609750547139,0.792141521250822,0.34527253806761515,0.021844992225537662,0.18436795187686883
Ptuh,OG_00224,500.4904186111532,0.1612580982815339,0.06036440214930299,0.5439787169583981,0.7935865425890254
Ptuh,OG_00227,272.3730899745344,0.6273483639346084,0.37403703464304583,0.020651817302505465,0.17894395564581603
Ptuh,OG_00225,4002.320321828541,-0.23873609467650656,-0.04816477798452804,0.5335146299354863,0.7863393025408973
Ptuh,OG_00226,443.1979351790357,-0.42364654131773877,-0.22736987192059246,0.06887578577965349,0.3182190475389541
Ptuh,OG_00228,51.67446388103887,0.6553869315402266,0.1255932577467373,0.14032064580721793,0.4397610064184414
Ptuh,OG_00229,371.7412526260303,0.011286514727405366,0.006240567049755626,0.9378628612323068,0.9729701106332052
Ptuh,OG_00230,51.62390740139213,-0.5445362535497054,-0.2671869013839555,0.051360949461753715,0.27665678362225
Ptuh,OG_00231,903.4314141644902,-0.1568153620100102,-0.049779168958094235,0.5949511492221925,0.8191188649797112
Ptuh,OG_00232,967.8669818798828,-0.4218367549990928,-0.20242298929003774,0.09685669308032081,0.36900270867567714
Ptuh,OG_00239,49.988788752941176,0.1851358549919906,0.06949178451794197,0.4914915015814122,0.760938164344458
Ptuh,OG_00240,37.141411521215495,0.483589786831754,0.0631512743247051,0.3344143439585692,0.6429423927771083
Ptuh,OG_00234,762.6397922395328,0.3844535568897546,0.11404453811802051,0.2464990405496159,0.5660300057955991
Ptuh,OG_00235,309.0401255871857,-0.3810719551417805,-0.23372464727419995,0.06359781423931117,0.3072231426130684
Ptuh,OG_00236,149.39386053203822,-0.0031952788681595045,-6.686107755480196e-4,0.9901225030024909,0.9954287564097066
Ptuh,OG_00237,1121.2619791019285,0.26865504530627515,0.173110664661553,0.12459353925826455,0.41737606918389847
Ptuh,OG_00238,2005.508989896339,0.44032118791126235,0.14365611376177276,0.16259722029019116,0.46682386402718967
Ptuh,OG_00258,574.688184156837,0.7623621214413111,0.1875697405161778,0.06213282247826405,0.30408396196151555
Ptuh,OG_00241,127.86094858172349,-0.2523033877654865,-0.07001256683182522,0.4412406673509621,0.7205098256499411
Ptuh,OG_00242,627.3997417079705,0.34645102934012917,0.0464370735487271,0.4735929743312166,0.7448189662504177
Ptuh,OG_00243,193.08674491951697,0.6218024934774401,0.20253974930240018,0.07244770074787353,0.32598820492477004
Ptuh,OG_00244,271.08857564928644,-0.5039382585800354,-0.21145454768207533,0.08272316642151073,0.3447861860101611
Ptuh,OG_00245,349.10723613315207,-0.11559563484937833,-0.046528758509411225,0.6409787233290536,0.8451337666358326
Ptuh,OG_00246,30.974539953656834,-0.3275120036225265,-0.031369971589859026,0.5799621906543073,0.8116186884059283
Ptuh,OG_00247,166.40175005175442,0.0754887967149895,0.019750339735304972,0.8290199492993063,0.9324552860198291
Ptuh,OG_00248,621.7308881420605,-0.41216889348324615,-0.20263115590581038,0.10959782878435206,0.391875689278618
Ptuh,OG_00249,353.3881168175437,0.06906760902038549,0.033664760056986646,0.763228429687665,0.9063537721867783
Ptuh,OG_00250,187.5454224873443,-0.3715067051726152,-0.2260354667730382,0.07191268258587664,0.3246021780418048
Ptuh,OG_00251,219.68200318252036,0.21037725084063857,0.09386169431945235,0.3721210265734359,0.6700703472564923
Ptuh,OG_00252,203.62116854555626,-0.011836720705074858,-0.0015110607460275339,0.9807443909460322,0.991249865259903
Ptuh,OG_00253,49.52221644640453,1.0874649029705512,0.09206739322286128,0.08001530278598809,0.3390668419454146
Ptuh,OG_00255,1386.4010821829881,0.031674625501755656,0.013184463827085898,0.8943991601463999,0.9574525259714688
Ptuh,OG_00256,41.35313056447803,-0.2399412417562327,-0.04614189907378596,0.5532394729265702,0.7978797568320762
Ptuh,OG_00259,151.23214338129793,-0.08854492689823916,-0.00854026956155609,0.8681596628584259,0.9475252064188551
Ptuh,OG_00260,111.40783316157537,0.11997597677009049,0.028632648376161248,0.736009608108861,0.8948022322205365
Ptuh,OG_00261,30.907161523996564,-0.3275490693555987,-0.09031782320249843,0.3266935062209057,0.6361571324989523
Ptuh,OG_00262,82.32487691893867,-0.10514971651650089,-0.03595987679110937,0.7101907438160058,0.8831632636940207
Ptuh,OG_00263,122.5509170102765,0.14084688982583862,0.040088591439659205,0.6569671825940873,0.8536107940288925
Ptuh,OG_00264,435.7855897754556,-0.683342757697186,-0.39112330480841956,0.018879389277256974,0.17402800546175068
Ptuh,OG_00267,53.2900370123079,-0.18425822679983736,-0.018503529601589103,0.7451006027732279,0.8989328675627057
Ptuh,OG_00265,23.25342222941374,0.5049459417584069,0.0061465034880298,0.7265450264570099,NA
Ptuh,OG_00269,11.28433344945479,-0.6536988385126044,-0.06117863706207156,0.27957966000942736,NA
Ptuh,OG_00270,287.0940668543144,0.42541645376601656,0.17027383669141555,0.13090701604825278,0.4278916013401704
Ptuh,OG_00277,14.544101319762081,0.7738605443109147,0.051578162246115306,0.27335351255303625,NA
Ptuh,OG_00276,265.5650704312823,0.2565359805622936,0.1496338016128581,0.18352641417711263,0.49308993542109414
Ptuh,OG_00278,121.50534703439222,-0.225255262306896,-0.11450247453986342,0.2954822782512716,0.6059491685365367
Ptuh,OG_00271,900.3115129939919,-0.10999240314051692,-0.07830690798916688,0.4248881192645775,0.7091489600618694
Ptuh,OG_00273,2763.233109139511,-0.07351558578271711,-0.041756773548129615,0.6773797242330513,0.8674297168357616
Ptuh,OG_00274,290.0122533650456,-0.5608761885694572,-0.3095874344045578,0.034269298231395164,0.23005128899684407
Ptuh,OG_00275,77.13161816274108,0.7667041377176995,0.592765535901531,0.002007184072841543,0.06198184416934685
Ptuh,OG_00280,464.97324372953034,0.33915587616811166,0.08196935684475609,0.34051983825667087,0.6482199501597176
Ptuh,OG_00281,82.98917460319474,0.5844028708493362,0.062106703816012604,0.2724187273891312,0.5849659304522296
Ptuh,OG_00279,1201.4699542205506,0.6040390894290333,0.12959250049825516,0.14405924768231185,0.4445889777514321
Ptuh,OG_00282,477.8331444028261,-0.27762715855151326,-0.17296085910972625,0.12889166318303247,0.4245749282145749
Ptuh,OG_00283,253.73612204157652,0.11974835158604412,0.05822236833104571,0.5677980843565791,0.8050995712733461
Ptuh,OG_00284,55.863776204697466,-0.7750447623181901,-0.49743941754438,0.009281063177503173,0.1296530567113552
Ptuh,OG_00285,27.62434647036863,0.23475241730387603,0.033757959002183556,0.6261193535130651,NA
Ptuh,OG_00286,237.0801184593735,-0.040699936257092895,-0.01327159277540888,0.8905329621955387,0.955566608165707
Ptuh,OG_00287,61.903738698280264,0.5352001939545937,0.1114580579377204,0.19556600664047055,0.5096088222271623
Ptuh,OG_00294,42.996222472577415,-0.022451234262463662,-0.0016610632629102927,0.970191737411928,0.9857150892513248
Ptuh,OG_00288,15.189059059124528,-0.16723396069749882,-0.01603811493142043,0.7754189690702213,NA
Ptuh,OG_00289,207.34858869135073,-0.23546691176180165,-0.07588467244390162,0.4274171836859214,0.7101687265404986
Ptuh,OG_00290,263.22987002919785,0.025173920575419072,0.0093723899579209,0.9244534794382502,0.9686198222261106
Ptuh,OG_00291,490.56758878511664,0.22059266785138398,0.09917223206494771,0.3504068961197686,0.656286177083358
Ptuh,OG_00295,4716.180254525174,0.0873388013676798,0.018674756532055362,0.8101387807318481,0.9239754948897123
Ptuh,OG_00299,34.022502682688845,-1.0844415668917464,-0.1411433915193639,0.04369387707485272,0.25762029533019476
Ptuh,OG_00296,841.9951926116764,-0.1620016478118545,-0.0805512512526977,0.4395342012012487,0.7188991595918729
Ptuh,OG_00297,146.6713217671869,-0.1777850402340782,-0.05125073074792097,0.5669350342466164,0.8048165013076339
Ptuh,OG_00298,35.1235110075238,-0.22884034834570993,-0.032371681747909775,0.6340534697230202,0.8407842075090394
Ptuh,OG_00304,137.6979474431586,-0.038326000447700355,-0.0051486283598217155,0.935394618447426,0.9723964881072098
Ptuh,OG_00305,145.5500188934915,-0.008605497425439914,-0.003354739053134066,0.9697622439390108,0.985545832399483
Ptuh,OG_00300,629.3116277636359,0.1827867457261565,0.06137214084564762,0.5234254007431561,0.7817320617500672
Ptuh,OG_00310,75.32690510672971,-0.6458303941774409,-0.40379380707359785,0.015447346878899319,0.15987749391201114
Ptuh,OG_00311,219.27856463790252,-0.1650524128630162,-0.05831116158452518,0.5545196227443592,0.7983001632800258
Ptuh,OG_00306,112.82364206208716,0.4589935769052015,0.20360045364620075,0.09338727065844388,0.3638720557811761
Ptuh,OG_00307,414.7452659788213,-0.08565836371545052,-0.05334754672471654,0.6009878583171182,0.8226348077679397
Ptuh,OG_00308,212.40546521481548,-0.34061594818869423,-0.12584692654792637,0.23432112067203129,0.5545861083464019
Ptuh,OG_00312,644.3357170671718,0.420269704788519,0.19050036345607427,0.1098516843045912,0.39225690491165555
Ptuh,OG_00313,378.8242173154151,0.43006171117940295,0.10791317780020643,0.2284162955622603,0.5475410170848342
Ptuh,OG_00314,14832.172526355122,0.6494893813431535,0.1480140318555682,0.09721035102549075,0.37001806405578996
Ptuh,OG_00315,372.622722133527,-0.0801673730797275,-0.039327768379755906,0.7069656246179711,0.8811640505224052
Ptuh,OG_00317,61.5934499681393,0.1621487306828391,0.05949756484872972,0.5585153760596568,0.8002125263649936
Ptuh,OG_00316,109.06659186337409,0.315349571390368,0.07751229866499063,0.38032382063863984,0.6755301997204203
Ptuh,OG_00319,1890.2758669769369,0.07501510968624038,0.019490287123695604,0.8196589311021468,0.9285744509233631
Ptuh,OG_00320,4394.114024014967,0.36381571245348093,0.1438494131789786,0.1896289866791032,0.5027565890973913
Ptuh,OG_00321,322.1664926190246,0.19088427500655294,0.09582064601600913,0.38326776274919055,0.67628016012931
Ptuh,OG_00322,1011.3355335656327,-0.08551418496371876,-0.06564378804259084,0.468864340079577,0.7406242514798675
Ptuh,OG_00332,40.18406969184536,-0.8115893079935348,-0.06391473530708602,0.18708677277515837,0.49819406535172306
Ptuh,OG_00333,39.170479761304115,-0.27599613981992044,-0.04424369007078545,0.5346067629644495,0.786807735024975
Ptuh,OG_00323,3780.2140195193574,0.34990658070111,0.13150609082994966,0.21711932354097374,0.5359817719505666
Ptuh,OG_00324,818.5082600701578,0.3214291814623323,0.2509515743294098,0.02432822112337048,0.19472279779482704
Ptuh,OG_00325,105.45910344561118,0.2771819977932504,0.14154646525735762,0.2153234774615353,0.5330982421584133
Ptuh,OG_00327,516.8533321913487,0.5887080328129685,0.15983209662363623,0.1076466008396231,0.3884976346494175
Ptuh,OG_00328,790.3914696430985,0.18339829359754722,0.14152213326769147,0.13672087804669059,0.43533321948725023
Ptuh,OG_00329,91.7956662573123,-0.10764292071770565,-0.04389472779856131,0.6582357249498156,0.8541775330491801
Ptuh,OG_00330,86.87943193238743,0.24686689095809783,0.07554462625200699,0.433106086348953,0.7134647609249449
Ptuh,OG_00334,123.05758061850055,-0.3817056040696235,-0.14197777510435236,0.18851182107708883,0.500473012229595
Ptuh,OG_00337,214.09096343505865,0.46818600057055376,0.2008386404855585,0.0926715463262217,0.36315956225301094
Ptuh,OG_00336,516.9266069116942,0.2382494853523824,0.17122027928092154,0.1095642160202141,0.391875689278618
Ptuh,OG_00339,186.28182689432276,-0.18430909108384919,-0.0675321671448492,0.49991213512307714,0.767399467003827
Ptuh,OG_00340,51.07539920103334,-0.14687104497995404,-0.04829675712253878,0.613660985702507,0.8304286971879469
Ptuh,OG_00341,109.41227854532961,-0.19579164297451057,-0.09478852213019928,0.37342692317712234,0.6707225881184671
Ptuh,OG_00338,512.203805217754,-1.043680412013981,-0.3817402203717623,0.012780613279610392,0.1484719124082783
Ptuh,OG_00346,163.29573227326966,-0.2056267408239869,-0.10157640459042999,0.33922800221849425,0.647010708823382
Ptuh,OG_00342,204.26556434194686,0.33659907904205577,0.08601394205714406,0.3405215729701484,0.6482199501597176
Ptuh,OG_00343,2142.734686640835,0.2027258922513366,0.0682927809337546,0.47704037212010425,0.7477530473514794
Ptuh,OG_00344,34.90230401850682,-0.5922304045177026,-0.08392397022025569,0.22351971975760648,0.5429432094340945
Ptuh,OG_00345,235.9404232652214,0.18188779930058796,0.06952100087540496,0.4905094210579438,0.7598332731893577
Ptuh,OG_00353,150.95438543317056,-0.22203759101663406,-0.07679866380176652,0.43178812197329347,0.713134559061946
Ptuh,OG_00354,1521.4022779721047,-0.029985064125342673,-0.019405470931313153,0.8647949991112903,0.9464929929698515
Ptuh,OG_00355,3370.4156313854,-0.834036031156475,-0.37044695370027214,0.019317418224028153,0.17470022956171147
Ptuh,OG_00356,334.82494839195067,-0.1835662654007508,-0.042038689519392776,0.6128091559727109,0.8298477679030875
Ptuh,OG_00357,397.801686954376,-0.3291642318382872,-0.11753917306410196,0.25499135202948003,0.5716729875434383
Ptuh,OG_00358,808.9787510319078,-0.3451845230001062,-0.281845143428636,0.012414873031360218,0.14622344213912755
Ptuh,OG_00347,41.67435926025448,0.34062099007529695,0.08013054043889156,0.3555796511002491,0.6601100018703567
Ptuh,OG_00348,781.8117247045242,0.4470838516547292,0.18691242858546492,0.11222065633266692,0.39591932429456067
Ptuh,OG_00349,88.99696910453808,1.0160539628801606,0.4332606110683963,0.012140080715256962,0.14499798232624772
Ptuh,OG_00350,1811.9894328054688,0.09688886035243603,0.012535136836326266,0.8214087157037058,0.9291406041233182
Ptuh,OG_00351,176.1056156498926,0.13295931011563888,0.04289469330095376,0.6487582981165385,0.8478579021928664
Ptuh,OG_00352,433.0779955199002,-0.36155145212367273,-0.22140835796633848,0.07247897384586884,0.32598820492477004
Ptuh,OG_00359,235.67361647523563,0.39229928282704546,0.216982690649873,0.08145439506014786,0.34210683019772625
Ptuh,OG_00361,376.8521107056618,1.3923671108622488,0.8722935032816347,0.0023046615830788777,0.06506161989299929
Ptuh,OG_00362,220.0780746150404,-0.13055563229079536,-0.04966686756244274,0.6041156230339666,0.8238921582464007
Ptuh,OG_00363,326.2605983747314,-0.4657795255114195,-0.1661948120084874,0.13069104307662632,0.42753415177967263
Ptuh,OG_00364,243.4460085417062,0.17700387288905164,0.07291206726299217,0.4757392194845396,0.7465705831334347
Ptuh,OG_00365,864.621694613806,0.0039808893889359525,0.0014059781701903074,0.9885372613471138,0.9947595606649756
Ptuh,OG_00366,1140.2318918444716,-0.012748466180309288,-0.007506386701051314,0.9506762560546356,0.9782861772126027
Ptuh,OG_00367,1178.3318340847775,-0.04789890191222667,-0.0276149338735932,0.7881302625442175,0.9161624163291109
Ptuh,OG_00368,209.69243391769385,-0.18911826751496694,-0.06291701679039448,0.5143321957416901,0.7770405162497466
Ptuh,OG_00369,55.98825625863809,-0.19584759508650643,-0.04883911039397909,0.568683696594573,0.8055482821486428
Ptuh,OG_00370,162.25714314527104,-0.22905644509500084,-0.12042146875448578,0.25653145705163966,0.5728148764315621
Ptuh,OG_00371,174.27726797436816,-0.27801328720011853,-0.13936703097067346,0.2145792994996817,0.5315657559367845
Ptuh,OG_00372,1628.7398939806844,0.13854651368650428,0.08474527099091564,0.4081750470313957,0.697343259714287
Ptuh,OG_00373,532.5237894518281,-0.21968940063666786,-0.07215112579357587,0.4538787746971061,0.7303601176544023
Ptuh,OG_00374,46.337519347849614,0.02592091888416742,0.0055055725053862106,0.9446970406320883,0.9763237393294104
Ptuh,OG_00375,60.148513401714865,-0.2493906419506194,-0.045592953325536346,0.5449067655328896,0.7940982009663489
Ptuh,OG_00376,60.349673129391036,-0.7369685167908716,-0.08811889581107309,0.1686180713243137,0.47542065809372525
Ptuh,OG_00378,19.108674526651185,-0.4862167940257118,-0.03033640866773127,0.4860761005309392,NA
Ptuh,OG_00379,725.9171368556056,-0.059584152818771725,-0.024923346244185955,0.7809880173390698,0.9137710448117085
Ptuh,OG_00380,2361.0449743427407,0.6824324037542205,0.48552218955032855,0.006010001971914743,0.10269001357243461
Ptuh,OG_00381,284.16752811310533,0.07377657201714259,0.039839170315693076,0.6995623196594667,0.8787031147064651
Ptuh,OG_00382,733.2514841717801,0.1901904185847003,0.109639404220031,0.3073745372771676,0.6167013619184627
Ptuh,OG_00383,1953.4126364391268,-0.012360305970960172,-0.012820578799910195,0.9464759536701921,0.976962902463507
Ptuh,OG_00385,96.58534110301186,-0.6688636876176329,-0.22981408294229194,0.05682260930504242,0.2915635034552388
Ptuh,OG_00384,348.23634998480554,0.5289948533943696,0.11960417650200211,0.16549493160390671,0.47081506170196846
Ptuh,OG_00386,224.42678993181457,-1.2519207101286798,-0.12428946609907321,0.03912807364011505,0.2460493087224117
Ptuh,OG_00387,22.36792065249825,0.03651147903217603,0.004017151323867256,0.9453718431736607,NA
Ptuh,OG_00388,251.6325869672674,-0.322456781865677,-0.06890367571839427,0.4068044870608026,0.6966290994394707
Ptuh,OG_00391,86.85898298615922,1.1897515154602094,0.26863664341976523,0.011037419385685619,0.13894457363670248
Ptuh,OG_00389,75.1221810127616,0.15360908539324894,0.047374396844960795,0.6224061790892901,0.8341971705849512
Ptuh,OG_00390,239.79903658154427,0.19361046076487157,0.028064878963179843,0.6856543613520636,0.8719761524611737
Ptuh,OG_00396,27.83886997304764,0.8745587826309679,0.01301296860355231,0.5407057637824839,NA
Ptuh,OG_00392,96.68684507110316,0.9346168549769992,0.19563649880651277,0.04259494426255061,0.25480728848081863
Ptuh,OG_00393,353.38474768912806,-0.2546716858762124,-0.17657045821118939,0.10653985755150255,0.38648719954594024
Ptuh,OG_00394,264.38923771000896,-0.1898505290304869,-0.0900927090494664,0.387705193008685,0.6795698176628987
Ptuh,OG_00397,415.1351089750594,0.025221909378661304,0.010698476774933196,0.9085750298902219,0.9631475168105924
Ptuh,OG_00398,638.888295125448,0.8800872382247508,0.6190684768479899,0.004007381894949022,0.08528994248598269
Ptuh,OG_00399,111.39184359604457,-0.7522750836269196,-0.3899197644020952,0.018089376213124803,0.17125416142904776
Ptuh,OG_00400,165.58526581318037,0.6517776876134056,0.18353479827642846,0.07295174410862373,0.3263763200064719
Ptuh,OG_00401,2716.1337338746252,0.6514598180902913,0.5267034302327546,0.0014882752804212035,0.05215724304277552
Ptuh,OG_00402,730.2655058552947,-0.582640024047661,-0.17539689423758034,0.09172851737500384,0.3621674529447119
Ptuh,OG_00403,804.8090696068092,-0.9426567681130185,-0.6162058115269833,0.004824373182155164,0.0934494630394692
Ptuh,OG_00407,19.5427671121033,-0.27673444289328697,-0.020633953481538826,0.6749832221678773,NA
Ptuh,OG_00408,274.0422445889216,-0.018604042601655945,-0.005057987068952194,0.9589907585336401,0.9815970490517026
Ptuh,OG_00409,138.07671176027515,-0.2904661150936028,-0.06431527969800865,0.4401122615727993,0.7194289365305508
Ptuh,OG_00410,43.42533504611806,0.37629810956866294,0.07133818514751952,0.3541068648659637,0.6593178985656212
Ptuh,OG_00411,89.96694423141405,-0.1311984843590869,-0.021959904463521904,0.7647378359550256,0.9072581311721261
Ptuh,OG_00412,600.6117490830823,0.42611175551692737,0.23443801446425175,0.06807616991145854,0.3165951998291927
Ptuh,OG_00413,78.50155634648449,0.8955875979371686,0.2855344861312491,0.025591693134617663,0.20038169060853056
Ptuh,OG_00414,2122.501974128418,-0.3486454718924631,-0.17220671265992346,0.13124485982029374,0.42834831659428163
Ptuh,OG_00415,100.5537281070644,-0.3599994795453738,-0.11413194933249247,0.24706997489084068,0.5660300057955991
Ptuh,OG_00451,56.503782620071874,-0.6031700843931324,-0.10616524020473511,0.1648705181900209,0.4695638962444849
Ptuh,OG_00418,107.97996980395958,0.33333134716761503,0.09677479192502787,0.3074066020961908,0.6167013619184627
Ptuh,OG_00419,17.64278959445453,0.02055569345614324,0.0019463608410538904,0.9742319316050607,NA
Ptuh,OG_00420,4426.372389849334,0.3907789663343338,0.22287799121424584,0.05938072597348801,0.2966890975131172
Ptuh,OG_00421,648.8995296796794,-0.02213067275491458,-0.007051134452734883,0.93224684237947,0.971152310140073
Ptuh,OG_00422,117.16850839932533,-0.08897746563002937,-0.042519603169727825,0.6817138665426492,0.8697587371815171
Ptuh,OG_00423,35.134495560049515,-0.038897576595953685,-0.007318963467736612,0.9245261050258456,0.9686198222261106
Ptuh,OG_00425,234.0817566454535,-0.3213090309106136,-0.07286495919099625,0.37487265436361755,0.6714656361223034
Ptuh,OG_00426,51.0209568390994,0.6731403855924272,0.4368648891134963,0.013010793889963913,0.14983416497785682
Ptuh,OG_00427,49.69038186352882,0.11619600038110837,0.025100180639046392,0.7532731355738732,0.9021006158924456
Ptuh,OG_00428,12.389924180161893,-0.3463358585555254,-0.02362563236423695,0.6080865798284802,NA
Ptuh,OG_00429,508.1140853889729,0.5418963212224791,0.3294857656721632,0.027086692973987223,0.20420762556433528
Ptuh,OG_00430,1277.544903267207,-0.7799262359520629,-0.14423544162561333,0.06695132363198748,0.31481209317986586
Ptuh,OG_00431,1377.5138732551843,0.33120263877605566,0.25819385195150907,0.03514011012797398,0.23261014369108976
Ptuh,OG_00432,162.61468180541988,-0.3973007626852583,-0.2830136790215783,0.026358584744618767,0.20200857463196714
Ptuh,OG_00433,1537.0331893084117,0.49852169315649186,0.29524239840555033,0.03708814163338271,0.24005525819412044
Ptuh,OG_00434,112.9831875513948,0.5666973944396619,0.14798215077613158,0.1321177407147061,0.4292057590471631
Ptuh,OG_00435,116.89825347416689,0.1184387602655458,0.03682549056660499,0.702214514612371,0.8792694865951423
Ptuh,OG_00436,66.63852624253013,-0.4166679275946071,-0.08170766185553223,0.3164664496215497,0.6246886299871058
Ptuh,OG_00437,525.033737709263,0.5288260543373091,0.277346930128036,0.04810268070286052,0.26856539416745007
Ptuh,OG_00438,807.026586082568,-0.2965811222326396,-0.08799344443659976,0.33638326758935727,0.6442414768535909
Ptuh,OG_00439,397.9976588766719,-0.5670228020652767,-0.2121818055990245,0.06991954701472594,0.32023708415055757
Ptuh,OG_00440,679.6236439277673,-0.07001904616318506,-0.03349212899511519,0.7387163936222715,0.8959860839867438
Ptuh,OG_00441,1193.8910813127422,-0.06598341418975019,-0.04059624977538146,0.694389393940158,0.8766448165865888
Ptuh,OG_00442,223.31742235583565,-0.4009022958867178,-0.2088196154774511,0.09225475429980384,0.3623623374255015
Ptuh,OG_00443,161.26848879579856,0.6177552493353302,0.23459208594311082,0.05828135315260166,0.2943151639150432
Ptuh,OG_00445,361.6158173639133,-0.19197542154871183,-0.08028789240896157,0.4335784427012309,0.7134647609249449
Ptuh,OG_00446,485.39812603642395,-0.3510379538820066,-0.17284929883528052,0.15300036554723834,0.45684919276622643
Ptuh,OG_00447,343.5379733061261,0.3096603568092215,0.10460171539600832,0.2781070806226112,0.59052863895044
Ptuh,OG_00449,330.78442822436233,-0.09190407887449774,-0.02178938703862021,0.7955385798928936,0.9195801492526875
Ptuh,OG_00450,32.46759103743495,0.09622482931011764,0.008338127610214689,0.8841511012937038,0.953097469562898
Ptuh,OG_00469,197.16170483943026,0.3046282147286136,0.12469141736923288,0.2550158370941532,0.5716729875434383
Ptuh,OG_00470,221.99329314767425,-0.2352128160849916,-0.1115789195337586,0.29911854207569816,0.6087806908419559
Ptuh,OG_00471,257.4745633552844,0.9255735342562339,0.7163805787001978,0.001369563747683844,0.05103955410723689
Ptuh,OG_00472,259.75998031298195,-0.0406184268967941,-0.024433226775159148,0.8394659582660247,0.9360221793060769
Ptuh,OG_00473,118.13887754883993,-0.1307148491293067,-0.060132786853676186,0.5555018340663003,0.7985985398495044
Ptuh,OG_00474,444.55514426496705,0.537129446181378,0.09700308022914826,0.21370368136595777,0.5304420852825357
Ptuh,OG_00475,113.39925812366691,-0.49881259604248745,-0.15474860592855505,0.13185755347339226,0.42888299285614184
Ptuh,OG_00476,394.023998076522,-0.44090122425222456,-0.25377552214625987,0.056133416170547214,0.28960328365348703
Ptuh,OG_00453,790.9496608833821,-0.06778171343278443,-0.005657185460078174,0.9045770495762824,0.9610494563995734
Ptuh,OG_00455,3143.1541608262496,0.2546237428606571,0.08339586733848496,0.38797945804897516,0.6795698176628987
Ptuh,OG_00456,394.87002343644014,-0.3000045345637415,-0.14904293204016372,0.17838969453891862,0.4875523807136555
Ptuh,OG_00457,573.1307099464162,0.16619071654525855,0.08178122584140833,0.4250789900932574,0.7091887591104011
Ptuh,OG_00458,171.07461142052847,0.5952443292055076,0.3081616934018906,0.036106848183425126,0.2364065958162268
Ptuh,OG_00460,145.49654270947676,0.005773575180396852,0.0017994773931916464,0.9889938518922727,0.9950871789418458
Ptuh,OG_00462,20.42386169639218,0.7730284186085177,0.22074158235055039,0.05235486497020338,NA
Ptuh,OG_00463,1314.5669779596826,0.39984454947214315,0.21467904185802214,0.08627306884717792,0.3527351471594775
Ptuh,OG_00464,461.76032313859196,-0.1929359211928691,-0.07301528644389318,0.4633469875299854,0.7373011317106245
Ptuh,OG_00465,33.77453217428538,0.4101367211305177,0.06804261982584082,0.3680641555791131,0.6680066762395542
Ptuh,OG_00466,270.5715430874499,0.06504796165269167,0.0323763916587894,0.7208066404608833,0.8868574312943814
Ptuh,OG_00467,51.4960456185216,0.20625020209306463,0.05176013286937765,0.553381097387493,0.7978797568320762
Ptuh,OG_00468,94.56241870762814,-0.7633657188757307,-0.29799124137679994,0.02913726587366846,0.21312115572712537
Ptuh,OG_00477,325.8269656552499,-0.4308906418396887,-0.2915711001488028,0.03233675671065928,0.2226565491126865
Ptuh,OG_00478,777.3329532307109,0.30664847736890377,0.2218814502320964,0.044170999311616777,0.2592571308341463
Ptuh,OG_00479,473.07087571457714,-0.523423048055004,-0.11206836323379783,0.18020165858016177,0.48934981807948696
Ptuh,OG_00481,720.5011755564761,-0.341752159610251,-0.14880779983279674,0.17996736199625485,0.48934981807948696
Ptuh,OG_00480,590.8425407410375,0.1652904395139738,0.08549932891323435,0.4515923099419033,0.7283802271655542
Ptuh,OG_00482,45.783999150872056,0.7268944941148929,0.20886176924424316,0.05292732004162927,0.2821461404855717
Ptuh,OG_00483,1864.8318357442733,-1.0792603319012706,-0.6529722160733584,0.00489072089985554,0.09369969531500844
Ptuh,OG_00484,50.729007832454734,-1.1378717048401796,-0.2493439073783512,0.014615106264615414,0.15772995314730776
Ptuh,OG_00486,250.2975805783476,-0.11679757067774413,-0.055138708216145506,0.5845870215601079,0.8138218011620387
Ptuh,OG_00487,14390.03001913753,0.5898578641739408,0.43545801946748725,0.006768116119524309,0.10961335284476462
Ptuh,OG_00488,123.13775032812865,-0.3051260020918345,-0.10440721967171725,0.3027155956380512,0.6123537013240427
Ptuh,OG_00489,760.219396260233,-0.5734081537101329,-0.22933807800179554,0.06520589430875967,0.31099039808215073
Ptuh,OG_00490,60.65238940440593,0.5498367497528789,0.22607367424929697,0.07251433338470215,0.32598820492477004
Ptuh,OG_00491,349.96760897344325,-0.5853460866081008,-0.109799869579888,0.16574792475616146,0.4709596432645609
Ptuh,OG_00492,56.65787041856132,0.19471546728089414,0.04426545183107268,0.5947205708437548,0.8191188649797112
Ptuh,OG_00493,710.3663438103736,0.38908602950930304,0.12031365470443028,0.21897628947901882,0.5379076222897969
Ptuh,OG_00494,526.6087241251187,0.10051585190236828,0.036738316049770715,0.7069232879023406,0.8811640505224052
Ptuh,OG_00495,199.54579297174877,-0.2910695615659265,-0.14200433667098936,0.20730524008653203,0.5234719294721469
Ptuh,OG_00496,43.21894652691623,-0.0892174221091336,-0.0197737900804558,0.8096103115077,0.9239632798445624
Ptuh,OG_00497,309.08530432930627,-0.7225770896268936,-0.6048076400059386,4.6461261795295334e-4,0.03441006027315063
Ptuh,OG_00501,101.92625725473607,-0.7010277216931344,-0.2078833540188616,0.058294642687835914,0.2943151639150432
Ptuh,OG_00499,1782.4389401292533,-0.032077464792734746,-0.010424330581944861,0.9098443131151199,0.9634373681170785
Ptuh,OG_00500,488.55951664762773,0.47042982862003124,0.11968863714423916,0.1959200630197812,0.5096407498628798
Ptuh,OG_00505,81.512211572043,0.27169159914057617,0.08245954809253947,0.38851813031080673,0.6795698176628987
Ptuh,OG_00502,484.3611230800508,0.12184425757895768,0.06549603877462412,0.5266480230575001,0.7839255060130221
Ptuh,OG_00503,52.12088427902972,0.959561911361734,0.7114972164231661,0.0024296987358898674,0.06545805534468761
Ptuh,OG_00507,985.5190771259146,0.39858493055897465,0.36114571812172624,1.4902722973332176e-4,0.020411923143473683
Ptuh,OG_00508,486.00368155666774,0.10425354623669242,0.04442312086628507,0.6489641187692732,0.8478579021928664
Ptuh,OG_00509,30.355996705302157,-0.9609807773032043,-0.08467424545032529,0.14598747624678285,0.44739287199122335
Ptuh,OG_00510,999.4035657029978,0.5795586318720664,0.36989485563819846,0.016482944765711174,0.1639030057967439
Ptuh,OG_00514,48.894928340624915,0.1973350199045539,0.016530607753866822,0.750826812542878,0.9010349759838927
Ptuh,OG_00515,51.371666838968544,-0.9679302203047294,-0.31634596572477053,0.018133574629590088,0.1714218849086518
Ptuh,OG_00516,16.4084619104669,-0.5129854770408355,-0.060177329727481854,0.3426716786087831,NA
Ptuh,OG_00518,113.34588784595461,0.07736865485579018,0.022796011918623165,0.7969522799537267,0.9195801492526875
Ptuh,OG_00519,216.88337853417136,-0.0506862921600278,-0.018046354664734483,0.8515224260005108,0.9405987124939759
Ptuh,OG_00511,1612.7471641576187,0.8077593566524511,0.5954219053116332,0.002893551783229335,0.07298399112857791
Ptuh,OG_00512,1359.7576145211158,-0.321079523456274,-0.1979039158398681,0.09354133634188748,0.3641249792661517
Ptuh,OG_00513,178.38700046642467,-0.5195295291431641,-0.1512879187690268,0.1355923048693929,0.43344394598750463
Ptuh,OG_00520,1907.2118602189219,-0.43259721720061217,-0.1165900536808086,0.21210958563339793,0.5289969460202101
Ptuh,OG_00522,82.79989759303842,0.40027240277908654,0.09966559842393748,0.2755891744082385,0.5877468342579335
Ptuh,OG_00523,13.374754621426451,0.7623552299887236,0.04128112908940115,0.3056247086912065,NA
Ptuh,OG_00525,572.0405558564609,0.0795131657930217,0.036360949918077916,0.7161073843201737,0.8849219888892484
Ptuh,OG_00526,1187.0724247869114,-0.5939156170348845,-0.16855798540672765,0.09254668064751033,0.3630052711587334
Ptuh,OG_00527,389.177845733269,-0.10071121069424785,-0.027166385312831807,0.7458111762523274,0.8989962397068508
Ptuh,OG_00528,3012.1949365198575,0.377168834617515,0.10689674360851055,0.24601649772525555,0.5660296585415661
Ptuh,OG_00529,542.39543914594,0.6323584467720162,0.12478080831224149,0.11603453520183116,0.4018618568246126
Ptuh,OG_00530,231.66424049382056,0.11184101904139258,0.02870880954801715,0.7496231714041619,0.9009057418007561
Ptuh,OG_00531,2625.4352359647696,2.7269223625927164,0.08619834506084506,0.0028250334793568843,0.0726532453274819
Ptuh,OG_00532,751.5054611386884,0.42524819553594295,0.3176892794367762,0.01563232001402909,0.16090868067773942
Ptuh,OG_00533,1274.4153518032701,-0.4578198870434478,-0.3325121864161078,0.01584205816526258,0.16163723676793554
Ptuh,OG_00534,45.16147458566815,0.6976908717532009,0.22280288874031914,0.051915136562538884,0.27814721746945126
Ptuh,OG_00535,81.11524964099058,0.932590185164954,0.7451835412700217,9.182433779098193e-4,0.04522823642399584
Ptuh,OG_00536,92.73766573384444,-0.5042321485736646,-0.2053917315253635,0.08746745984780077,0.35577960877854964
Ptuh,OG_00537,245.36050712799647,0.32717549895527775,0.07797080027519779,0.3707982817754628,0.6689709518508595
Ptuh,OG_00538,334.88861486942494,0.24592259295441135,0.09268113085479321,0.361426378455156,0.6627145767242629
Ptuh,OG_00540,3645.359330144194,-0.10360287198984079,-0.0436720421806682,0.6569635711300652,0.8536107940288925
Ptuh,OG_00542,331.91251368519977,-0.2304555789721948,-0.08354523788872906,0.4148663326480277,0.7011034620591147
Ptuh,OG_00543,512.0325719942448,-0.2633299372867462,-0.11752461470637535,0.2640578653450696,0.5780869058207333
Ptuh,OG_00545,43.01807259517635,-0.04262458911641325,-0.01042258699772517,0.9031175086783602,0.9600993845388875
Ptuh,OG_00546,103.17260520300728,-0.23234523564727388,-0.13428227776733082,0.222912751706337,0.5420789666903933
Ptuh,OG_00547,739.1835485478946,-0.15685610627245347,-0.0884954301452541,0.40115180991842353,0.6907098884483481
Ptuh,OG_00548,1200.1909115299832,0.06990549346257806,0.040788734130514585,0.6885834988410011,0.8733412429842285
Ptuh,OG_00549,53.92880205370953,0.812149396327877,0.15375476595139187,0.06888115640520373,0.3182190475389541
Ptuh,OG_00550,1414.7138804968886,0.4395444400819561,0.1592044845709236,0.14690856448064163,0.44875810416172973
Ptuh,OG_00551,41.090678016158606,-0.14178023551842253,-0.017444910474157103,0.7821369328186062,0.9141077392644652
Ptuh,OG_00552,402.78486571172897,0.3391611079416251,0.08711089022527636,0.3313815384557269,0.6406738300012884
Ptuh,OG_00555,96.50518667464293,0.12358900443723121,0.029029709151835413,0.7366815272713116,0.8951065287720672
Ptuh,OG_00554,365.9969766493651,-0.06968074499266062,-0.019910640027482152,0.7986949915312901,0.9197640547414762
Ptuh,OG_00556,94.34536626604101,-0.6020301233745018,-0.26120860793888145,0.05021080617332558,0.2746047435848185
Ptuh,OG_00558,255.52615247292138,-0.4037714023917049,-0.23959357379512752,0.06304067709669814,0.3055601768865072
Ptuh,OG_00559,47.336025796538905,1.0432683485038334,0.08390438367531333,0.09970558453382722,0.37586032268492126
Ptuh,OG_00569,73.25110516870684,-0.17569357545649072,-0.046225533588202555,0.6008857532904921,0.8226348077679397
Ptuh,OG_00561,43.66048714518082,-0.6414467195877638,-0.11026926815857786,0.15312442499470094,0.45705891636379625
Ptuh,OG_00562,189.428586659915,0.40385603106422013,0.17229564025640703,0.13530702020616353,0.43310270843565063
Ptuh,OG_00563,40.13707911091462,-0.16454381309423033,-0.03648454368326105,0.6647875792214539,0.8584817704909652
Ptuh,OG_00564,124.90213935318076,0.08515532583849797,0.026228377481790927,0.7752581445303269,0.9120688821037474
Ptuh,OG_00565,952.140852873745,-0.2417336350286743,-0.10406974090402994,0.29360035215603353,0.6038148214910647
Ptuh,OG_00566,324.0391519223429,-0.587223491046266,-0.19843768212560178,0.07845978839003467,0.33601744891971663
Ptuh,OG_00568,294.26768499218167,0.10398382160696869,0.023911484734320483,0.7666591102858427,0.9082685776433281
Ptuh,OG_00570,4405.579597550915,0.32299564245104245,0.11713231973424064,0.25613041670088893,0.5728148764315621
Ptuh,OG_00586,109.56947708000317,0.4549459750285201,0.17209879536413675,0.133492363284589,0.43152537076997705
Ptuh,OG_00587,18.422709211693785,0.31313107047853467,0.03994292787055825,0.53873004759427,NA
Ptuh,OG_00571,3095.8646958465133,-0.9120599888674531,-0.6019178634473258,0.0048141738216882545,0.0934494630394692
Ptuh,OG_00572,306.28116696577246,-0.2422798315722853,-0.09343103952441272,0.3568399422393666,0.6610568912514618
Ptuh,OG_00573,126.50342909834394,0.06230920111448467,0.017792889724556938,0.8498902256536426,0.9398410059890303
Ptuh,OG_00574,186.7280545002978,-0.14040691012795362,-0.042790581428770486,0.6335459401665315,0.8406362693584666
Ptuh,OG_00576,224.1531268249129,-0.08659864796897626,-0.029642066854654005,0.7515029900390912,0.9010349759838927
Ptuh,OG_00577,218.18085350731775,-0.00747441405443004,-0.002532654426458177,0.9776255402229329,0.9892146749755419
Ptuh,OG_00579,2509.626245596585,0.555788595823404,0.3659444241657638,0.016429725235181557,0.1637603396982105
Ptuh,OG_00580,395.72321747726795,-0.2592419925384531,-0.12500381756172393,0.25268376370814755,0.5699251534181963
Ptuh,OG_00581,15211.878464673866,0.4601445779516707,0.21333274824467147,0.0846364257495404,0.3495780775608449
Ptuh,OG_00582,2515.5185129093366,-0.060106194795144625,-0.038545265048769727,0.6923469737510584,0.8754333682391287
Ptuh,OG_00583,142.66831795788642,0.5326479494312675,0.20285560444788808,0.08332192311461518,0.34667798681494966
Ptuh,OG_00584,1122.5286136606808,0.13507755058418483,0.041481923391513444,0.645001577994212,0.8459783177369915
Ptuh,OG_00585,1597.437653963541,0.2473352061563494,0.09221781823062161,0.3785045921888721,0.6735668476252938
Ptuh,OG_00588,1568.3983459788685,-0.6032139621686745,-0.45576334516488476,0.005471521589347196,0.09899038349923106
Ptuh,OG_00590,93.60024736933575,-0.2901205066689901,-0.07319215748576967,0.4161715247008169,0.7023062184511165
Ptuh,OG_00591,242.4125850724933,0.16062506908244506,0.04880206135732329,0.6018372966957243,0.822863037118031
Ptuh,OG_00593,149.1696690475834,0.057909413891425954,0.018641353446184502,0.8377741566283528,0.9353821083798298
Ptuh,OG_00594,37.47982551133709,0.3678820484325819,0.07548484860390836,0.35994561827907307,0.6620205838470787
Ptuh,OG_00595,145.3217070137543,0.2354845514210304,0.06816195513608275,0.4509079312713577,0.7281434578703453
Ptuh,OG_00596,79.66273103501116,-0.4736582617692841,-0.05815551617881737,0.37811316391723165,0.6734347709700359
Ptuh,OG_00597,100.11257282249346,0.726176606169834,0.5465440283139936,0.003222259608501999,0.07739225026371259
Ptuh,OG_00598,24.59649570725645,0.9665932093911285,0.23787429790988315,0.03314359175852172,NA
Ptuh,OG_00599,888.2463152047317,0.07521586707363308,0.020826325312123938,0.8195045614814667,0.9285744509233631
Ptuh,OG_00601,495.59334849615914,-0.028539647613672493,-0.010992289306287735,0.9190492336757681,0.9661507913313472
Ptuh,OG_00602,325.5978518749636,0.370916235636857,0.14427540753153392,0.18787944102299012,0.4995216697455329
Ptuh,OG_00604,181.7946189961091,0.17817709168710927,0.07116977434178824,0.48628050230965825,0.7554873811953198
Ptuh,OG_00605,2766.2179010732434,0.3173961388158277,0.21283632182064427,0.07306186815029475,0.3263763200064719
Ptuh,OG_00606,54.445236507365465,0.7189762969069664,0.2926262855759641,0.0326162722015176,0.22391057682723323
Ptuh,OG_00607,310.87908602371715,0.17827894888769513,0.027704359701325773,0.6859149704602969,0.8719761524611737
Ptuh,OG_00608,460.9893979878074,0.3226408490252458,0.2473438525699263,0.029706733551120367,0.21379476593718907
Ptuh,OG_00609,106.9459442736756,-0.5684947502216415,-0.23555988428455094,0.06083487132770736,0.30070414861169437
Ptuh,OG_00611,1543.338883505223,-0.17056723278136202,-0.03151174312405306,0.6668305008934486,0.8590768070928865
Ptuh,OG_00612,487.655270762985,-0.24993350450065738,-0.1520666514401824,0.17093564027077784,0.47749521617744917
Ptuh,OG_00613,495.7124313286527,-0.5545146338104441,-0.123666319756759,0.15683351798570722,0.46057493535819793
Ptuh,OG_00614,250.90004886154014,0.2565243146053659,0.11999381273806146,0.2673827691881633,0.581463374121865
Ptuh,OG_00615,1431.3402331713578,-0.5420568759381359,-0.12211095343146451,0.16112275638537019,0.46528767498909857
Ptuh,OG_00616,383.235730122618,0.14897183274191764,0.07076094041777767,0.4806323377124299,0.7509714465232668
Ptuh,OG_00617,236.95930761408016,-0.6638435846515351,-0.20443736370161772,0.06266494017128713,0.3054852785432116
Ptuh,OG_00618,1697.5088171298312,-0.9670821288116167,-0.7769039242669937,5.753303268779822e-4,0.038723539265010286
Ptuh,OG_00620,229.28377967171173,0.2321300856587353,0.07084618057861572,0.4517563530255329,0.728401576355334
Ptuh,OG_00619,569.2252653720237,-0.06002663360779327,-0.014356831125585062,0.857043827115263,0.9428703432909462
Ptuh,OG_00623,172.7259258114455,-0.24361844740605315,-0.0569377187736539,0.5069844550514241,0.773211601562423
Ptuh,OG_00621,21.659327637573313,-0.5180098882092367,-0.08079169536794163,0.2739101596689988,NA
Ptuh,OG_00622,351.91751523142057,-0.9735303450418571,-0.17081434693495987,0.03723157405022082,0.24018928899638461
Ptuh,OG_00624,181.42532598622589,0.3985908270212955,0.11452223030273699,0.2343884153148488,0.5545908116059337
Ptuh,OG_00625,489.09804100065446,0.2579160016160304,0.14404587111434708,0.1967302791507003,0.5101997626103353
Ptuh,OG_00630,230.54473821090193,-0.3085819713441559,-0.08856529399000679,0.34338941275973806,0.6510522199499209
Ptuh,OG_00626,179.8924287829322,-0.13597201222124067,-0.026691822611361188,0.7383688019195508,0.8959860839867438
Ptuh,OG_00627,101.29053575607998,-0.7297056691911159,-0.2714354390359466,0.038034675791988,0.2423034259756655
Ptuh,OG_00628,70.03426246508738,0.4795550375762732,0.2513765857150137,0.05896154973124278,0.2957480687050878
Ptuh,OG_00629,137.24119545220125,0.10626028782637692,0.025717521904772302,0.7586677787733062,0.9047293082541553
Ptuh,OG_00631,149.31348561233966,0.13802472062646068,0.040734865408639666,0.6575706062851894,0.8537494563735933
Ptuh,OG_00634,39.73596146865559,-0.18504777817273055,-0.019955076858706573,0.7410335518068705,0.897441089837984
Ptuh,OG_00633,706.8416378002228,0.3294443591053035,0.13045710302899882,0.2480238495964168,0.5666572426057773
Ptuh,OG_00635,588.6041735079158,-0.4837580989307017,-0.11128445393203333,0.2117038273810719,0.5285249095673451
Ptuh,OG_00636,38.335530847596495,0.6544868386103949,0.17057233093279803,0.09293629377334997,0.3634240039914622
Ptuh,OG_00638,311.31676629565493,0.20548327177411288,0.11714283752140665,0.2865656003610516,0.5981415877139439
Ptuh,OG_00639,758.2768065366444,0.44557709435386805,0.32348147942484384,0.01716046473671573,0.16746052667207129
Ptuh,OG_00640,261.88617485840723,-0.008129793083286303,-0.002406944179422379,0.9776832084194153,0.9892146749755419
Ptuh,OG_00641,2602.7337031651605,0.19761620316526884,0.1170934087205362,0.2703209673974666,0.5831044909354666
Ptuh,OG_00642,1458.947011438984,-0.18214946445674687,-0.10303359455900793,0.3304495255737015,0.6401176013523576
Ptuh,OG_00644,1280.7010037418775,-0.3819432677932207,-0.2863418995799254,0.01697897453312454,0.16677142361162536
Ptuh,OG_00647,107.83025615072049,0.37971851851980065,0.13779033315025468,0.1968019582099236,0.5101997626103353
Ptuh,OG_00648,30.994491653866778,-1.118018164830044,-0.35824723414566334,0.013951945466719427,0.15512962587289317
Ptuh,OG_00645,555.3113645782171,0.6482196110490005,0.5312860452253761,0.0011658194155628257,0.04878033247070513
Ptuh,OG_00646,1199.5189744716533,0.2645750655379463,0.1167664599259278,0.2862331598677271,0.5981415877139439
Ptuh,OG_00649,186.04523000764357,0.061957871786912776,0.025139445158907852,0.7911336321053344,0.917049795773751
Ptuh,OG_00650,242.8792311241952,-0.05399825506528709,-0.016472711346956635,0.852251036870632,0.9405987124939759
Ptuh,OG_00652,73.08022230630958,-0.7270386286023246,-0.39104173268962894,0.020452875008369436,0.17813929699597258
Ptuh,OG_00651,1131.2909286018423,0.3945905664200884,0.1849094100280407,0.12164915717876454,0.4123859710140915
Ptuh,OG_00654,494.41608687698255,0.019901162321784335,0.006320040795152762,0.9439178056270547,0.9759831980256848
Ptuh,OG_00655,647.9801327905813,0.10534849821976028,0.0533206975559213,0.5805760250451313,0.8116186884059283
Ptuh,OG_00656,478.2075871815441,-0.40439103815316024,-0.22177011650830664,0.07590304887580125,0.33056931799572037
Ptuh,OG_00657,62.234872301867654,-0.39085081810159283,-0.0628610127075854,0.38181054711378404,0.6760077516368708
Ptuh,OG_00658,535.2914927177784,-0.30263014260535515,-0.18580192570718512,0.10887705764245845,0.39077322478818843
Ptuh,OG_00659,638.7909490411351,-0.4751135422798227,-0.2227848680548725,0.07299403096165004,0.3263763200064719
Ptuh,OG_00660,362.6085628233843,-0.014376789858152335,0.0012732654254637862,0.9681457694437996,0.9853180577800511
Ptuh,OG_00661,1124.0167632751484,-0.023323047122752245,-0.004739065496192836,0.9459937390609136,0.9767025935690307
Ptuh,OG_00665,10.968794892136469,0.253398083534704,0.01309635485140422,0.7485912905547958,NA
Ptuh,OG_00666,11.633250826548661,0.009999096262856217,0.0010295771017577997,0.9877059347479387,NA
Ptuh,OG_00667,50.221585452992656,-0.5527137339718121,-0.08224186829461558,0.25006591993029853,0.5681005329181634
Ptuh,OG_00662,23.915325624395123,-0.004134211577811488,-0.0013120838490338269,0.9926171574065463,NA
Ptuh,OG_00663,1003.0109474180897,0.43497260698742546,0.21421314470173453,0.08906783276346894,0.35857344723698614
Ptuh,OG_00664,377.5702781285606,-0.2969577815160517,-0.176243284930562,0.1288923887113959,0.4245749282145749
Ptuh,OG_00674,23.15885741537027,0.9290669964866023,0.1456432735209707,0.06577147688207405,NA
Ptuh,OG_00675,34.323669623321756,-0.3401419753981917,-0.04612703946919649,0.48750944110084593,0.7564279506355533
Ptuh,OG_00670,19.141056441820563,-0.4122698908274979,-0.04864109257058615,0.4325580789512515,NA
Ptuh,OG_00671,806.5864725324657,0.48136708892144864,0.18067472272083432,0.10569609198263946,0.3855829292569899
Ptuh,OG_00672,4108.474003057571,-0.3877837955401975,-0.11520763707992061,0.22782290070811395,0.5468781732079798
Ptuh,OG_00676,1182.842477417433,-0.5012610923990076,-0.09680220364709517,0.22493309506886316,0.5439305911232619
Ptuh,OG_00677,74.20957883132684,-0.27236812573710484,-0.09832399422314665,0.33129038203079864,0.6406738300012884
Ptuh,OG_00678,268.56589054015745,0.37578544607099096,0.10866026750626231,0.2579773855550858,0.5728148764315621
Ptuh,OG_00679,1213.8186214010575,-0.5605958635915128,-0.2095350063958839,0.08102288628079765,0.34181275999878846
Ptuh,OG_00680,195.7378255551436,0.44376419152706653,0.09960168253854243,0.25196256975130255,0.5699251534181963
Ptuh,OG_00681,211.05460811224737,-0.03781739502437757,-0.015598364936884084,0.8712926640728774,0.9484703631979072
Ptuh,OG_00682,134.4788572234682,-0.2456938110169255,-0.09874702046762221,0.34680816910108864,0.6533041197884749
Ptuh,OG_01416,16.83070036420767,-0.42906312671225094,-0.039394462762359,0.47864932673711774,NA
Ptuh,OG_01414,5.638994262650466,-0.9568460191913496,-0.03223061184029621,0.36307194471981324,NA
Ptuh,OG_01411,1027.764641702568,0.11920571464997463,0.0734175438300845,0.4816227500291595,0.7517561167149194
Ptuh,OG_01412,121.03463035882972,0.18840870499797743,0.06956239112416603,0.4871159084289048,0.7561930342860474
Ptuh,OG_01413,6091.042661701083,0.2998575973354501,0.17333841503477776,0.13387685606960936,0.431946148078694
Ptuh,OG_01417,924.140458795696,0.03191565832681194,0.019601309977595266,0.869284165918709,0.9480555740511465
Ptuh,OG_01418,296.282498819388,-0.07835281947947578,-0.02495067633428881,0.7705160259665844,0.9099182439866828
Ptuh,OG_01419,847.8124625853076,-0.8615813332326604,-0.5417397988892312,0.00828543587346071,0.12177336711289674
Ptuh,OG_01420,414.55787005193355,0.11953350245938729,0.07006913438057516,0.5003613945872097,0.7676728026801418
Ptuh,OG_01421,254.0881500447164,-0.9117545085970253,-0.7263117370236728,6.965717517060505e-4,0.04079508493439849
Ptuh,OG_01422,454.79823105091157,0.23992294334373018,0.12449325405458682,0.2542825250743213,0.5712083803466974
Ptuh,OG_01423,752.7235765260174,0.24240173385585248,0.1417204575492041,0.2007192175681448,0.5144906717744296
Ptuh,OG_01424,1133.3282855864036,-0.10280340656162366,-0.06270537201578927,0.5406149697617759,0.7909893734005861
Ptuh,OG_01426,1526.0095560989737,0.01569645508052344,0.010409702455734436,0.931589176683096,0.9709198930280869
Ptuh,OG_01425,2863.1370675690273,-0.29866786167808157,-0.2088841784163601,0.05756001933444665,0.2936083110968043
Ptuh,OG_01427,553.5226599334147,-0.3691392491015554,-0.2593696745520809,0.03795056047123224,0.24194906870998814
Ptuh,OG_01429,45.54909360194668,0.2063470172237995,0.026611517425411842,0.6848351437695672,0.8715472562720329
Ptuh,OG_01428,265.4717760954067,0.355124188515798,0.1468856064529016,0.19391690485151714,0.5083268785595312
Ptuh,OG_01430,78.73460278529983,0.39048942756894095,0.14857496759329314,0.170690650292565,0.4771385058879384
Ptuh,OG_01431,130.04526623448348,0.1691444589619735,0.07471933721150302,0.46831891108741575,0.7403083588833802
Ptuh,OG_01433,8.717944599500717,0.614719629674224,0.017147799498970693,0.5372850098864466,NA
Ptuh,OG_01434,22.277504586124962,0.0962363502018452,0.019166828294146517,0.8164191013189582,NA
Ptuh,OG_01435,115.940131263193,0.19128129778607544,0.029184951101327242,0.6847009844706323,0.8715472562720329
Ptuh,OG_01436,291.7424342519093,-0.05921624549398133,-0.014707617876901138,0.8639525398843269,0.9461806769019477
Ptuh,OG_01437,1114.1292724026953,0.18636097068804236,0.042777342966458715,0.6124386716410062,0.8296106555392286
Ptuh,OG_01440,68.49265207873549,-0.8167739452643301,-0.13767867451603283,0.08482460664163241,0.35018500709807604
Ptuh,OG_01441,61.092307996229046,-0.4315934670292674,-0.14755844543134036,0.16233242368984088,0.46667902124612204
Ptuh,OG_01442,153.5111900990895,-0.0971539967111399,-0.0457959683033025,0.6619102314375644,0.8570288144787236
Ptuh,OG_01443,621.5423633833218,0.32265207422504233,0.11403904791636393,0.27104024152314465,0.5831874880093634
Ptuh,OG_01448,193.48628841135726,-0.0751260506872236,-0.027782073328983678,0.7745955666700897,0.9120688821037474
Ptuh,OG_01444,255.0036797507215,-0.5913412739519818,-0.12049624852491968,0.15295357432630421,0.45684919276622643
Ptuh,OG_01445,690.8123077849016,-0.48573731677074866,-0.36474851719851265,0.009914115001350756,0.13272721448172517
Ptuh,OG_01446,908.356989990602,0.4044457577292111,0.172179200545236,0.13050161659996906,0.4273890197327178
Ptuh,OG_01447,149.80688536625175,-0.7945043929849839,-0.11417726029732952,0.1126163037788262,0.3966560148029001
Ptuh,OG_01450,2135.4114695815797,-0.1706666616647602,-0.026841341591361166,0.698739590950508,0.8786756413966702
Ptuh,OG_01451,76.48852204566886,0.7896982856006852,0.24594123304702736,0.04093240420586127,0.2513362086161778
Ptuh,OG_01449,1456.2407441674943,-0.4084894952509483,-0.2191916884921944,0.07827004757481357,0.3356894842625592
Ptuh,OG_01455,1478.7977747016873,0.6377148275465914,0.2047941459368506,0.06814766498097916,0.3167542260637521
Ptuh,OG_01454,248.28135934742195,0.1582313086672585,0.045104863350632775,0.6304660034494907,0.8383822916985209
Ptuh,OG_01452,1168.306300288813,-0.40222686941677455,-0.1181449044779471,0.23272527369175083,0.5531063791975988
Ptuh,OG_01453,222.4591042601008,0.2496258995215541,0.08464004970728956,0.3831171048047508,0.67628016012931
Ptuh,OG_01456,20976.816574542132,0.620026399533416,0.32913888484175946,0.029700566374146444,0.21379476593718907
Ptuh,OG_01458,67.55283273769172,0.7779656257997415,0.14594247839999686,0.0788593798467504,0.3365458153750469
Ptuh,OG_01459,228.21853614069775,0.28661280851511495,0.10792759296095622,0.2954020479563127,0.6059491685365367
Ptuh,OG_01460,102.16608014999821,0.443585298124278,0.09127710618083308,0.27610711108585234,0.5883818286928627
Ptuh,OG_01461,405.48718161229095,0.35982710302359744,0.22628947017599677,0.07092706952811557,0.3221330405544962
Ptuh,OG_01463,31.582221684799826,0.26429941707926935,0.02326431376728859,0.6637745220567862,0.8579563533190606
Ptuh,OG_01462,139.00334443338645,-0.30548470663786115,-0.06935853277507865,0.4182798551678321,0.7035009300327522
Ptuh,OG_01464,875.9875419592028,-0.46720881209954807,-0.07890742677883807,0.276925980869927,0.5895350788537027
Ptuh,OG_01465,2271.5308765700242,-0.15170668897481504,-0.04016522440389954,0.6462831935600613,0.8466348271968478
Ptuh,OG_01466,428.89263641862624,-1.0755137407764255,-0.21923284475191634,0.01942853999214954,0.1751148381302843
Ptuh,OG_01467,147.77973782839103,-0.2833235603740669,-0.12196627084298887,0.2615046024328279,0.575459208048607
Ptuh,OG_01468,104.23262027514541,-0.5664257818775367,-0.3055330072434059,0.036154839598494255,0.23653844211896244
Ptuh,OG_01469,395.53138373592225,-0.19205497845377947,-0.0742587005120901,0.46346130959389,0.7373011317106245
Ptuh,OG_01472,34.439876986002844,0.9551342737539587,0.08467981933601505,0.1292366045212968,0.4253240108364223
Ptuh,OG_01473,36.066562121432966,-0.2214894628337024,-0.02445158787523915,0.6872024586468441,0.8724358317878608
Ptuh,OG_01475,126.52043568026598,-0.12655080797714743,-0.016944585321954194,0.7884953255231775,0.9161624163291109
Ptuh,OG_01482,53.34427113830916,0.8297955120688806,0.18067026002414147,0.05814709534744647,0.2943151639150432
Ptuh,OG_01483,47.899666359489984,0.80446130313168,0.04230290358875606,0.38462423684733993,0.6772350612944131
Ptuh,OG_01480,59.781518694506865,1.762591688128661,0.11885720649388182,0.00929848612020254,0.1296530567113552
Ptuh,OG_01481,105.48001099696113,-0.11214584276428574,-0.015429230715699618,0.8162700106528397,0.927078364379285
Ptuh,OG_01476,163.3515489015761,0.16529135737783854,0.0566011996885259,0.5601023540680017,0.8003347115506428
Ptuh,OG_01477,408.0563760253812,0.24757658652464665,0.07566095217886859,0.4368170528058478,0.7163867154166202
Ptuh,OG_01478,105.7528455010298,-0.3628663558768335,-0.14414100866042528,0.18806285308187948,0.4998528163916496
Ptuh,OG_01479,976.622048724053,0.2746888985521176,0.1883566460847282,0.06798018167116901,0.3165951998291927
Ptuh,OG_01484,251.9391215278767,0.4546888891552366,0.1474433789429416,0.1603231107627254,0.46466343228568746
Ptuh,OG_01487,1994.8103654275178,0.22051287311170648,0.047569660075624784,0.5428114965070225,0.7926604655020517
Ptuh,OG_01488,131.43984948492113,-0.07172260400627908,-0.018509743707708703,0.8284128775607031,0.9324552860198291
Ptuh,OG_01485,34.31472246554582,-0.07613658843094083,-0.015203672313096894,0.8481650994438865,0.9390306839987996
Ptuh,OG_01486,6563.628174673197,0.4532269237328416,0.0805724763700647,0.2822708712078334,0.5946525026784721
Ptuh,OG_01494,399.5405439121557,-0.8640685397662513,-0.22200571709372247,0.03919100134500898,0.2460493087224117
Ptuh,OG_01489,1983.490214460763,-0.056641291921274664,-0.012939316340370374,0.873806467319653,0.9497019113859592
Ptuh,OG_01490,508.63373361586054,-0.20496133706796796,-0.11023615609779,0.29504011450734835,0.6057738521267897
Ptuh,OG_01491,197.85135126701888,0.5840822883052657,0.23514990198422017,0.0578451056698319,0.29410177824704614
Ptuh,OG_01492,102.57251103994514,-0.24089751037439297,-0.08699205010330452,0.3887158996442022,0.6795698176628987
Ptuh,OG_01493,2369.8567186659557,-0.04208901481164283,-0.012619192176499369,0.8831429031119603,0.9530947122311343
Ptuh,OG_01495,2595.3880592518844,0.2356086395160899,0.07011350064646295,0.4511025355459122,0.7281434578703453
Ptuh,OG_01496,146.8034897046497,-0.04708386466278314,-0.007262139173833373,0.9179662088815944,0.9658492189099863
Ptuh,OG_01497,473.7248188577665,0.6445111088369526,0.3730139868753603,0.020434204108524576,0.17813929699597258
Ptuh,OG_01498,150.12281188116413,-0.3796932462500061,-0.19392456207802317,0.10998417391326795,0.39226610872384354
Ptuh,OG_01499,530.7292846254387,0.30000866584498054,0.15176042937494008,0.18076786014332738,0.490023470006092
Ptuh,OG_01501,2912.8229773668827,-0.10163815230266916,-0.0743911384919621,0.42084753993333185,0.7060129018399554
Ptuh,OG_01502,83.42115940959904,-0.7278573660986934,-0.17433675624326084,0.07017155691502394,0.32037465662493725
Ptuh,OG_01503,174.36138620806565,0.3941648161088882,0.04395902757605565,0.48166568900681545,0.7517561167149194
Ptuh,OG_01511,1009.2259962116178,0.1373167509271923,0.07392938457837264,0.4897554389636441,0.7589421875327127
Ptuh,OG_01512,248.60244799007074,0.24282315849932803,0.11812460337799068,0.2876222535534085,0.5990895700700379
Ptuh,OG_01514,136.85808245640905,0.17221172477648247,0.047128313561805246,0.5962818536073218,0.8203715873833657
Ptuh,OG_01504,3825.4884709357307,0.12148821423787173,0.03582209906742228,0.6966204421240689,0.8776279040377544
Ptuh,OG_01505,11070.852449165153,0.6078362552296024,0.25562607579191504,0.05015723707369264,0.2746047435848185
Ptuh,OG_01506,72.29957569505258,-0.6883956386581934,-0.17409889288428987,0.0802002082051487,0.3394821476556725
Ptuh,OG_01507,803.7987803089592,-0.19933222589941368,-0.09594103138682848,0.3648244409324897,0.6646833624541306
Ptuh,OG_01508,42.05333949375006,0.03713293330045955,0.004669008844172065,0.9412091288098203,0.9743688799040588
Ptuh,OG_01515,3030.554176221334,1.051823453386691,0.8818713775522425,1.9123589675898377e-4,0.022235016654032207
Ptuh,OG_01516,139.14028055867266,0.9152203295185566,0.7023742914946408,0.0015290738815888546,0.052385044860224904
Ptuh,OG_01520,152.18133673957922,-0.27124521061291534,-0.07162999824346761,0.4273003178830937,0.7101687265404986
Ptuh,OG_01518,238.10037888886953,-0.5725583670493918,-0.1333290484725778,0.14240507077414838,0.44264416581774085
Ptuh,OG_01521,445.7768731298065,-0.18096106434062903,-0.04847102742631218,0.5746786789166449,0.8085772789559122
Ptuh,OG_01522,972.5151511509847,-0.7535983903876264,-0.4947641891814846,0.008288389801136872,0.12177336711289674
Ptuh,OG_01523,841.8486511653286,0.6487369666193937,0.4711159319407807,0.005729918364788291,0.09977153562161606
Ptuh,OG_01532,1131.610345468892,-0.4074406528765706,-0.20883047185957634,0.08949019231463015,0.35941922018095956
Ptuh,OG_01533,255.3751467052559,0.06450425802403031,0.016031753858413603,0.8351733501777261,0.9344716971469459
Ptuh,OG_01534,208.19121699357987,0.13802351823597547,0.0440526770719126,0.6441233012934646,0.8457464278051992
Ptuh,OG_01524,1105.6164812062814,-0.015067084310104933,-0.006668294210087433,0.955039138204498,0.9797284805064748
Ptuh,OG_01525,43.73478819327033,-0.5069332435255477,-0.16957480372299982,0.11674155257691263,0.4037498477163446
Ptuh,OG_01527,40.310863330707996,-0.5738855697039397,-0.12657791352970682,0.15716496816769834,0.4610350675304179
Ptuh,OG_01529,462.6919723561497,-0.013780399877944171,-0.004929645684131552,0.9524188871903075,0.9788119586125317
Ptuh,OG_01530,788.4894071706622,0.17146365256600157,0.08838158733897508,0.40387227149403926,0.6934256630665956
Ptuh,OG_01531,403.4458280599841,0.2965408168406974,0.15579750060740147,0.1704648399782714,0.4771217604138038
Ptuh,OG_01535,64.85294038246109,-0.03871439808334711,-0.013655618797475892,0.8871403133237602,0.9533783271001484
Ptuh,OG_01536,226.44580115825715,0.05152635905878254,0.018567792682672613,0.84781674868347,0.9390306839987996
Ptuh,OG_01538,184.02700432820876,0.42247202111662735,0.17959979615306856,0.11995505422762846,0.40811631430329365
Ptuh,OG_01537,173.03922536612413,0.6179506458804971,0.23551285021693255,0.060511164190785116,0.2999961733155474
Ptuh,OG_01542,170.82046534810402,-1.2355840240263596,-0.5479921715889421,0.006008300171180446,0.10269001357243461
Ptuh,OG_01541,116.68589651898417,0.10265743032505525,0.018514992227753293,0.8057533957955056,0.9232840152604822
Ptuh,OG_01544,50.65757001946478,-0.11528653712210375,-0.018710431604288483,0.7976325205283666,0.9195801492526875
Ptuh,OG_01546,74.54635435874955,0.7806782288077134,0.26027061218786474,0.0396910760680446,0.24780158153057413
Ptuh,OG_01548,33.23693349222615,-0.4005684560876838,-0.0708510608364723,0.3544804748117985,0.6594191001318276
Ptuh,OG_01547,87.83292850384782,-0.2799126772751455,-0.05285673183028849,0.4951544437341382,0.7641016783918411
Ptuh,OG_01543,43.12540196000368,-0.017926825459288056,-0.002505817662356937,0.9623395354948889,0.9830861571779596
Ptuh,OG_01549,295.19851564208074,0.07484593730038157,0.026719586080638427,0.7797543580231754,0.9136206376692536
Ptuh,OG_01564,42.075146557077936,0.6456534857147983,0.13387090844915409,0.12466262373930294,0.41744282365700336
Ptuh,OG_01565,136.7042136208525,-0.09041719575310737,-0.02152969793980498,0.7891189568280271,0.9161624163291109
Ptuh,OG_01566,107.54661481283144,0.8153654536342247,0.15761029580560845,0.06764665919840461,0.31654908233373436
Ptuh,OG_01567,391.89861295168095,-0.31307507665031864,-0.16910027307331216,0.13933080307824536,0.43838354195645035
Ptuh,OG_01550,764.4955638799107,0.16945636632797256,0.061343195239905834,0.5109564150081203,0.774731023986521
Ptuh,OG_01551,444.2781043242749,-0.21079046269412005,-0.0706672380065898,0.4440524303629731,0.7225265584059174
Ptuh,OG_01552,419.46626860102964,-0.7496331484902381,-0.5962230477457667,0.0011877718721128412,0.04892946827018439
Ptuh,OG_01553,719.8941570122013,0.09403624686423406,0.06052301496432016,0.5516092572694572,0.7974317579580918
Ptuh,OG_01554,144.58004017537743,0.7376420539027253,0.5255443793140697,0.004922639032501838,0.09372881314799465
Ptuh,OG_01555,137.1891311360708,-0.4855698380688736,-0.08516160724603565,0.26726047883159426,0.5813463079502814
Ptuh,OG_01556,187.34434012473304,-0.6901344629998726,-0.24432456685697107,0.04583522769047732,0.2622115772553303
Ptuh,OG_01557,766.4299163899151,-0.3791489856696192,-0.13741113906194052,0.19539019031487223,0.5096088222271623
Ptuh,OG_01558,414.52431946637006,0.15160222227471065,0.09341383873864972,0.3472730280794437,0.6534159076288505
Ptuh,OG_01559,162.76613262022764,-0.13485257474394147,-0.058186935422550594,0.5670378333725331,0.8048278925287567
Ptuh,OG_01560,681.12673493184775,-0.5092542173651331,-0.34525066118927883,0.018244954005121224,0.17176255630446305
Ptuh,OG_01561,443.4755217663157,-0.48403711524382537,-0.24096347264103687,0.06585634295419514,0.3120826252048131
Ptuh,OG_01562,105.47328945481028,-0.6310311533028851,-0.2626254669593186,0.04875761165429765,0.2695635665158175
Ptuh,OG_01571,376.79283516474555,0.23870335363371847,0.12972793181025793,0.234029166555905,0.554049535096946
Ptuh,OG_01572,140.21040890703605,-0.5210210873581342,-0.2820170580401673,0.04508344451560994,0.26133010977922155
Ptuh,OG_01570,484.3465283023509,0.04189090794174033,0.015269510629494021,0.8766408384196852,0.9510007664614164
Ptuh,OG_01573,65.69920152962993,0.12698639229164418,0.021370565666899655,0.7806302736062457,0.9136206376692536
Ptuh,OG_01574,1039.5397893922388,-0.2134622872788553,-0.0860788833385506,0.4009422465196575,0.6906291191571869
Ptuh,OG_01575,369.7448742066865,-0.6163163499481229,-0.23341285754504232,0.05655494367010131,0.2904583263754165
Ptuh,OG_01578,404.88440431096546,0.20216043649544788,0.11733258835009898,0.2910925463343013,0.6017424302509461
Ptuh,OG_01576,4089.117124567648,-0.8702431640593504,-0.19480690978519122,0.03627761721916048,0.237158988010093
Ptuh,OG_01579,200.0085707738176,-0.31968095403833435,-0.09316556993367821,0.326207786564001,0.6353570008030955
Ptuh,OG_01586,60.5321641351453,-0.3035955165003265,-0.0599481421372693,0.46029076666970586,0.7347379413507745
Ptuh,OG_01587,99.97938089377759,0.7358315291014638,0.3461076109896926,0.02659101791707297,0.20270280444504818
Ptuh,OG_01588,151.38291670796576,0.05035514926363717,0.00960044974484667,0.9029875530767861,0.9600814198983433
Ptuh,OG_01580,176.887756404852,-0.11868114288745829,-0.04867710180175148,0.6256680435033812,0.8360523948077866
Ptuh,OG_01581,33.92897642751313,0.036721807896732746,0.007543046534220918,0.9275049036457639,0.9701159800172221
Ptuh,OG_01583,8939.8393841832,0.2382570980125336,0.04296176482612619,0.5666632592031958,0.8048165013076339
Ptuh,OG_01584,2768.7369328190803,-0.33018240272005883,-0.1967363979686249,0.10176916027556086,0.37849142742245334
Ptuh,OG_01585,307.3231077833663,0.14676723673159467,0.03511784850456469,0.6853168663175688,0.8719495425716182
Ptuh,OG_01607,52.064464507930694,0.1202550056545316,0.021944635999591008,0.7792430621299379,0.9136206376692536
Ptuh,OG_01608,1173.87156998802,-0.5644236508323773,-0.3347800480868749,0.026556436539884123,0.20270280444504818
Ptuh,OG_01610,65.24755006572128,-0.014709724258726414,-0.006597493092741726,0.9688128641965014,0.9854878105609618
Ptuh,OG_01609,399.54137864896944,-0.6986521494967282,-0.5645343450453667,0.0012621219758119503,0.04929221701777006
Ptuh,OG_01611,386.6152804678426,-1.3070957269718515,-0.8579729366772879,0.0031518162078794354,0.07647206639232047
Ptuh,OG_01589,80.45770448642091,0.22364922761803727,0.03550546746872244,0.6150075139341384,0.8308373859892944
Ptuh,OG_01591,139.3838786850312,0.11761065695913013,0.022419113460572074,0.7613060344064126,0.905277385932476
Ptuh,OG_01592,1578.351461961207,-0.012016721248004575,-0.004428840009285521,0.9593475058552803,0.9817762135120559
Ptuh,OG_01593,536.4608913265555,0.0010127787655167977,5.321847283673092e-4,0.997708607678132,0.9989676438916749
Ptuh,OG_01594,1344.26659966712,0.17934913126651697,0.10555830210529121,0.31767365904389233,0.6256226142395023
Ptuh,OG_01595,716.5288274945002,-0.21951970751031583,-0.08253800519885926,0.41175589455948863,0.6994091435733784
Ptuh,OG_01596,2025.462080880978,0.14612855046710435,0.08460846517382743,0.4143725374263333,0.7008248206472306
Ptuh,OG_01597,1437.172674238366,-0.27666082102843936,-0.20863641676928033,0.054224460768999845,0.28529995096056177
Ptuh,OG_01598,54.01272782906343,0.6912324284399226,0.4551178648005857,0.01132150953356356,0.13966420691048845
Ptuh,OG_01599,2838.247545731644,-0.03704763771052374,-0.01857156254526004,0.8048427535763418,0.92317141662408575
Ptuh,OG_01600,74.84163162647775,0.24515941001994448,0.06890637298024954,0.46040770351976384,0.7347379413507745
Ptuh,OG_01602,132.9117158691069,0.3593260289521521,0.09533996020040585,0.30363782672217887,0.6136345608102672
Ptuh,OG_01603,310.72697412880916,-0.6004257300757535,-0.29584483516744325,0.035194458551821926,0.23261014369108976
Ptuh,OG_01604,337.58333977680144,-0.03274968387726022,-0.010845918900888317,0.8591904955902174,0.9440658797912754
Ptuh,OG_01605,3250.9446128642007,-0.05649248527384923,-0.011616917674454615,0.879524784615597,0.9521377452892101
Ptuh,OG_01606,102.75615734512154,0.6748995433916822,0.23007956443015096,0.05799864397766944,0.2943151639150432
Ptuh,OG_01613,17.223137458562398,0.10503378283503678,0.009058923962523136,0.8586869092564006,NA
Ptuh,OG_01615,106.28831564703181,-0.313189894475771,-0.06246133444234921,0.4298483482043821,0.7122965784671738
Ptuh,OG_01612,1339.0047918548346,0.005490936229968251,0.0023282223860795798,0.9824357688987825,0.9920452255312857
Ptuh,OG_01619,567.9680599169179,-0.222661999802505,-0.09587607712628668,0.35548195368236685,0.6601100018703567
Ptuh,OG_01616,190.52431492323075,-1.5100680921745502,-1.0735865564637266,9.524368365412378e-4,0.04582730833380229
Ptuh,OG_01617,60.08708622451843,-0.15458642851513718,-0.029071904687344295,0.7045751002018099,0.88039646054953
Ptuh,OG_01618,280.27426512535965,-0.32267080505889356,-0.1518973297947484,0.1744077161833855,0.48181720228685315
Ptuh,OG_01620,102.12911946405198,-1.468365816455333,-0.163557080762665,0.008470634670642345,0.12364136629296818
Ptuh,OG_01626,120.98460623634205,0.9028271860842463,0.5371305910444234,0.008605620222891434,0.12474431044248355
Ptuh,OG_01621,82.67217963482355,0.6725433631134726,0.11170139318921418,0.14844525091208682,0.4504913848490679
Ptuh,OG_01622,236.87155429428532,0.27157600100192714,0.11891377948594484,0.2744642497640752,0.5872068477203457
Ptuh,OG_01623,255.05120649612306,0.0827362788807824,0.03549524269369159,0.7252753648404541,0.8899570126121441
Ptuh,OG_01624,65.84922357207236,0.47492051907991456,0.1839355687610955,0.11041572506357694,0.39281539054876224
Ptuh,OG_01627,1449.9007344558281,0.041250805948230204,0.01742771109067116,0.8028224680927467,0.9223962110487715
Ptuh,OG_01628,759.7651304689765,-0.4893280601052432,-0.36475393274790713,0.011127337044886424,0.13894457363670248
Ptuh,OG_01629,326.3684157557317,-0.46942851460798934,-0.2713142356054525,0.04719972346313517,0.265619649866762
Ptuh,OG_01630,4346.951565812109,-1.145856454041656,-0.9186047480060707,4.014275596625136e-4,0.032159649402396843
Ptuh,OG_01631,2321.6595007885726,0.6744088428348123,0.47698249694572104,0.007601863972616877,0.11683399095273121
Ptuh,OG_01632,601.2304807975999,0.04342510882268532,0.012058223839708105,0.9004968824533174,0.9587704462584848
Ptuh,OG_01633,62.147448487087445,-0.6950749325210188,-0.25953386301018333,0.04253399694067011,0.25480728848081863
Ptuh,OG_01636,538.1091834806529,-0.19503360570325323,-0.060350536323254586,0.5395715781890966,0.7905524227021754
Ptuh,OG_01637,115.66404488099845,0.9354356040444604,0.15894774513363097,0.05216456708013416,0.27895560682902976
Ptuh,OG_01638,111.24165098531485,-1.0741221529158116,-0.17417067930146768,0.028751862702938457,0.21175606907665304
Ptuh,OG_01639,618.2191124110258,-0.06528241523922837,-0.012258292144420454,0.8702100514164521,0.9482444218508551
Ptuh,OG_01640,690.1197301861454,0.29567692397897344,0.11944221174885382,0.2589461739375916,0.5730964058061058
Ptuh,OG_01641,650.5330065142948,-0.43895225757248807,-0.13226592059243764,0.18382378108792183,0.49308993542109414
Ptuh,OG_01642,10255.170599672603,0.16246318526104636,0.02117207400122727,0.7358896028242576,0.8948022322205365
Ptuh,OG_01645,1835.2118758752554,-0.30751459354954314,-0.0411926950761861,0.5143042854424118,0.7770405162497466
Ptuh,OG_01646,1914.694639177083,0.014733853259816767,0.006197023941340231,0.9505341647452455,0.9782861772126027
Ptuh,OG_01647,3729.1572675635944,0.2551466113332904,0.12536904530485554,0.2410912176597595,0.5619631429250345
Ptuh,OG_01649,80.52886454982617,-0.13472375404591938,-0.01677367200186863,0.7892944838706283,0.9161624163291109
Ptuh,OG_01650,70.8108600465551,0.07087456440944467,0.017447749292225687,0.8386524238296094,0.9357623041174938
Ptuh,OG_01651,53.920240189686886,0.8741107954955432,0.5126899768853093,0.01059688347532537,0.13759745332180895
Ptuh,OG_01652,458.98581453716236,0.2913747806214607,0.09120676263261941,0.3483851454936584,0.6541633881524974
Ptuh,OG_01653,524.369997708737,-0.318667783408835,-0.07935407346141574,0.3701668234786022,0.6689709518508595
Ptuh,OG_01654,245.71005154941741,0.40137200939731194,0.10175097527871985,0.24695847139514018,0.5660300057955991
Ptuh,OG_01656,289.8750059886775,0.2511457251286602,0.0749660738602462,0.42578709170928175,0.7098020452689631
Ptuh,OG_01658,45.902750154346826,0.2361111880943786,0.03372740456482443,0.6122008449084373,0.8295270886918059
Ptuh,OG_01659,39.12513285894868,1.3519698580159338,0.18519168995955704,0.01287736533126831,0.14878175019473536
Ptuh,OG_01667,42.36732063677153,-0.4476918583213053,-0.09570742663350863,0.26281722708404304,0.5767038481647787
Ptuh,OG_01668,237.0267085219706,0.02498568286117775,0.005621322664934442,0.9468082500143445,0.9770683751515146
Ptuh,OG_01669,33.63554003208257,0.4030501622837814,0.04516031607882915,0.4643450277521969,0.7378776152080194
Ptuh,OG_01670,281.446978569493,0.11258480849581212,0.05205893287401078,0.6070434066527113,0.8258387171259726
Ptuh,OG_01660,4183.432760673662,0.6458185256021858,0.40941246461128994,0.014669884207757496,0.1578218413682831
Ptuh,OG_01661,125.56563020673232,-0.3270876816762931,-0.12086532710654439,0.2404942081406241,0.5612620924409826
Ptuh,OG_01662,136.1118638086436,-0.06622408237843765,-0.02020475827449349,0.8228569313594952,0.9298833605288775
Ptuh,OG_01663,220.73610646604538,-0.7530071574978471,-0.5785886238880587,0.002352903423646055,0.06508422108665243
Ptuh,OG_01664,1835.568162453997,0.27791632678435313,0.21092979323028624,0.05383748473508995,0.28467491928417427
Ptuh,OG_01671,1543.100063119204,-0.12354513070539283,-0.05495423916975594,0.5375452344200184,0.7892175191381045
Ptuh,OG_01673,2582.5248018947946,0.24157841234689695,0.13945647695255076,0.20797363625361237,0.5238314574355531
Ptuh,OG_01674,178.00412789373178,-0.6882317816168028,-0.42961026453961665,0.012541976369670988,0.14690546666378765
Ptuh,OG_01675,361.4879560226798,0.449083469417117,0.24966945336918472,0.059620539643394053,0.2974569029896917
Ptuh,OG_01676,15.14605633352072,-0.17492466642844698,-0.009347694499289183,0.8074118171337715,NA
Ptuh,OG_01679,56.85730160716204,0.5059706071016266,0.1672455108375412,0.12326691774186678,0.4158850478601242
Ptuh,OG_01680,21.16063591880921,-0.29082361118507905,-0.037327488530208695,0.5657759128396591,NA
Ptuh,OG_01677,338.2200347943643,-0.37770592690274074,-0.122944919481998,0.22181856628079102,0.5414438818213502
Ptuh,OG_01678,1598.5692588284937,0.25889211441836596,0.05443121958696379,0.5076487462613073,0.773211601562423
Ptuh,OG_01685,2358.1518392472212,0.11802797318196982,0.08478409438462578,0.38044807192563185,0.6756095831853755
Ptuh,OG_01682,634.4770191520643,-0.23147659037091142,-0.0782262713048079,0.41918940273299515,0.7043443624868608
Ptuh,OG_01683,204.04611902333747,0.30819402224248676,0.15778842160192844,0.16600564670268958,0.47133023444031863
Ptuh,OG_01684,18.117468661017675,-0.4794931961512395,-0.0639776455876529,0.34837229620952653,NA
Ptuh,OG_01686,38.57942883366434,-0.031028249619320946,-0.007080345453592202,0.9312932279043259,0.9709198930280869
Ptuh,OG_01687,73.88862663856236,-0.44802065748652964,-0.1571016476107991,0.1471525149384711,0.44901874123517665
Ptuh,OG_01691,52.385718110350844,0.009759017436184625,0.0042164700110799225,0.9756716200012215,0.989183786658354
Ptuh,OG_01688,145.46665037565518,0.31161537639791226,0.15497521857640947,0.17355941754365983,0.4811839940518313
Ptuh,OG_01689,271.1312908862137,-0.09074185514186922,-0.03204071668900085,0.7304239062830141,0.8929206012280025
Ptuh,OG_01692,317.5523676687401,0.6334624314029615,0.4533798539230288,0.007524897713206628,0.11634114760803187
Ptuh,OG_01693,28.23727967074816,-0.16729733787922899,-0.023418716557418257,0.7223809996356276,NA
Ptuh,OG_01694,272.09350340365756,0.586090766048216,0.45482348296308245,0.003871069720603438,0.08421623215698305
Ptuh,OG_01695,197.56109420840292,-0.12558543794568813,-0.05271325261029348,0.5976883525225871,0.8212029986186948
Ptuh,OG_01699,744.5705533890965,0.1533317127390197,0.10033396653851212,0.3334225061105577,0.6424833042638656
Ptuh,OG_01696,140.26395103278978,0.18711705165256284,0.0864297600751619,0.40840803480287546,0.697529764571571
Ptuh,OG_01697,786.2860536578034,-3.7867410871423625e-4,0.004261987921270159,0.9975268821821406,0.9989676438916749
Ptuh,OG_01698,892.6713974557302,-0.4736675833458613,-0.18726864872508525,0.10229255246447216,0.37851973918426507
Ptuh,OG_01700,701.0585186039583,0.042308331410369326,0.013598032782129428,0.8781633472440268,0.951557316499801
Ptuh,OG_01701,144.5541309303064,0.22883781052217644,0.08872620506113431,0.39716024135452077,0.6860628091095586
Ptuh,OG_01703,283.99998574358267,-0.06320557045097557,-0.03860378471086024,0.7365568557317721,0.895083116610505
Ptuh,OG_01704,155.80007388348147,0.0639662853717825,0.013543360068525127,0.875135549196387,0.9504461036748525
Ptuh,OG_01705,1106.4332630096521,-0.4736832063651429,-0.18684671395933802,0.1107237125158289,0.3934166387800916
Ptuh,OG_01709,153.42875010229997,0.14117622627205395,0.021372739389002818,0.7559373309142633,0.9036345015722126
Ptuh,OG_01710,39.97307158932817,0.44250801435653325,0.030956232546462823,0.4947086379816902,0.7638301370437297
Ptuh,OG_01706,302.1923337005918,0.11953292163874697,0.058771521377335476,0.5715546428872691,0.8073800056719471
Ptuh,OG_01707,478.96493285573393,0.1545322847825491,0.09256959611106443,0.34726728683744895,0.6534159076288505
Ptuh,OG_01708,303.84625531096015,0.5687778487826982,0.3260971460852811,0.028776083809992654,0.21175606907665304
Ptuh,OG_01711,378.48988054546686,-0.5305293760085877,-0.3604689703466639,0.014669986416721108,0.1578218413682831
Ptuh,OG_01713,80.62201971907075,-0.010530591462319052,-0.0018719532566656516,0.972165451534581,0.9868935556011678
Ptuh,OG_01712,3810.640748408217,0.24565445042661588,0.046303766935853155,0.533521817236674,0.7863393025408973
Ptuh,OG_01714,99.07379684872957,0.21928153922996566,0.05228612075522689,0.5414363005399936,0.791781826103948
Ptuh,OG_01723,359.1246867015697,-0.07369073091796283,-0.041490625396541955,0.6515954615449497,0.8501507627874421
Ptuh,OG_01724,174.70649214421857,-0.630428312150982,-0.08554185539430001,0.19061071682109254,0.503915022491315
Ptuh,OG_01715,210.79605515732777,0.6246237424878643,0.10457965078562691,0.17799053380001303,0.4874523805024588
Ptuh,OG_01716,105.9909596146387,0.558857812499023,0.17943414730195748,0.10063222726415964,0.37688506390384224
Ptuh,OG_01719,156.72897527007402,-0.23484414881282184,-0.08297791521513195,0.40859113673092107,0.6975785953194574
Ptuh,OG_01720,15.760484992891298,-0.10105386760074685,-0.013339914751680315,0.8432653608274581,NA
Ptuh,OG_01721,207.67720160223064,0.2129958978714533,0.08759317181634399,0.40712848578448174,0.6966562965277431
Ptuh,OG_01725,851.2722264613828,0.6429321327210566,0.5550556678835012,2.2904153596529575e-4,0.02438834485124303
Ptuh,OG_01727,12.010600055747549,0.8908923969455546,0.036046240065650145,0.31424709386115895,NA
Ptuh,OG_01728,3532.756130171729,-1.5191790028926797,-1.3393880005909125,4.360839168829546e-6,0.0026292546629310435
Ptuh,OG_01729,131.4257323789317,-0.6752685273260791,-0.09423956665188864,0.17306657702876269,0.48060214915901006
Ptuh,OG_01730,7645.6435934811325,0.13051041122684826,0.06037983366529469,0.5591253568474923,0.8002125263649936
Ptuh,OG_01731,1552.431812172849,0.0987041059460158,0.049324432522109316,0.6284408591507391,0.8375266440533704
Ptuh,OG_01734,213.57945273556777,-0.6567231634089569,-0.49847019614881577,0.0037316252826501274,0.08252333828193979
Ptuh,OG_01740,884.3606421661985,-0.5604736824613192,-0.10873033247669893,0.18383451902298445,0.49308993542109414
Ptuh,OG_01735,27.58520746998065,-0.017279740884859077,-0.003306300044492992,0.9781128328683916,NA
Ptuh,OG_01736,833.2347734423181,0.35654548000932773,0.14891250869593606,0.1739126722074607,0.4815914551423459
Ptuh,OG_01737,266.57530457128445,0.3108691675082973,0.12099956062624041,0.2531509277783133,0.5699251534181963
Ptuh,OG_01738,204.95934389202012,0.28326450830966526,0.08616542731694675,0.3684802344037997,0.6680066762395542
Ptuh,OG_01739,203.84568437583889,-0.23751029429873227,-0.07261745517049595,0.4385699959575736,0.7182905314699547
Ptuh,OG_01741,20.69182762665286,0.2927850255792793,0.039443059799786795,0.561450284074116,NA
Ptuh,OG_01742,1258.6785139120645,0.22565023634036008,0.09091205288893184,0.3641467968262472,0.6638760409292596
Ptuh,OG_01743,12.43856244200549,-0.4316019940433471,-0.02155001831764545,0.5914203245568068,NA
Ptuh,OG_01745,122.23789025732341,-0.05706870898411963,-0.010592909952615864,0.8839818362963774,0.953097469562898
Ptuh,OG_01747,756.274278987941,0.5419285042094771,0.19574387635104154,0.08957985842705427,0.35941922018095956
Ptuh,OG_01748,40.91440843353476,-0.6335847371905575,-0.07500874940489716,0.24308048643290645,0.5641260242738386
Ptuh,OG_01749,183.29657207746735,-0.12245870774983152,-0.042970425347331254,0.6560905678080944,0.8534947470547826
Ptuh,OG_01750,927.9854744040024,-0.16223535745123555,-0.026013016594446506,0.7049588059119614,0.88039646054953
Ptuh,OG_01751,227.12745609313504,-0.42676523965352114,-0.22538597712541297,0.07395877519872308,0.3280190973256557
Ptuh,OG_01754,58.28347827701122,0.6641304251032485,0.15787195284416358,0.09094573819210151,0.3606839562784731
Ptuh,OG_01752,108.70176487011217,-0.2790299337252688,-0.0672270424627342,0.43763901479342515,0.7170423526192874
Ptuh,OG_01758,235.4010574096139,-0.2499856541789744,-0.05265257567030279,0.5201191742844666,0.7797644270871994
Ptuh,OG_01757,1570.6885146908653,-0.3059505353456106,-0.18528794867492696,0.12696906034123967,0.4208513897025009
Ptuh,OG_01759,617.9142482477966,0.9167796045796378,0.07683088305836129,0.1466940059621391,0.4485522985950607
Ptuh,OG_01760,1901.2346173623794,-0.6183520121360839,-0.3960679650310434,0.01504592486384598,0.1583216625260982
Ptuh,OG_01761,211.29518946637685,0.27558862833666087,0.13711379626992234,0.2108000793800041,0.5275904138211008
Ptuh,OG_01762,462.290176299459,-0.16909963748727785,-0.043672478500556826,0.6211867676061411,0.8337389519891977
Ptuh,OG_01763,1104.575787342568,-0.24555046830449398,-0.1192574579620761,0.2735146967783044,0.5869817551279659
Ptuh,OG_01766,325.6012122652263,0.42272751721464064,0.17299282639205285,0.12871303436088086,0.4243133104784939
Ptuh,OG_01764,45.048768148277624,0.35622143165485515,0.08918822796378736,0.31948054878836357,0.6271448960496495
Ptuh,OG_01765,393.6799004918357,0.16026034929424746,0.08366176484492764,0.42742255786016115,0.7101687265404986
Ptuh,OG_01767,222.66707237663528,0.8629287725555141,0.676994612129268,0.0012272699884066504,0.04892946827018439
Ptuh,OG_01770,93.19894070348492,-0.028764409753208056,-0.011527202465273396,0.9073993780172054,0.9627230782261504
Ptuh,OG_01768,308.61785371973735,0.09590338951605208,0.04876977225242318,0.635013830496086,0.8412556436628216
Ptuh,OG_01769,124.48600379485903,0.19548742739990413,0.08081455945135849,0.4282639122765084,0.7109774316358699
Ptuh,OG_01772,238.93539456928053,-0.3229895399989568,-0.0967396716775965,0.305114602735612,0.6147172494497786
Ptuh,OG_01773,184.46186650092372,-0.5191366675513313,-0.3439759082948295,0.019066900846966082,0.17425109258901378
Ptuh,OG_01774,572.8518264086122,-0.06057682587163777,-0.03463681565412234,0.7357758483076899,0.8948022322205365
Ptuh,OG_01775,348.2269678148565,0.08097755551090527,0.03122071740939032,0.7503299104819702,0.9010024062695369
Ptuh,OG_01783,230.3556076442031,0.3001985997262074,0.12897201485702195,0.23973719065573051,0.5606852721146967
Ptuh,OG_01784,1466.1981022044417,-0.6396055111995136,-0.13379469167775837,0.1184385944624117,0.4061407090035421
Ptuh,OG_01776,1866.6581096969924,0.10333939853789086,0.06973364932746383,0.47713326205539375,0.7477530473514794
Ptuh,OG_01777,696.0977102340665,-0.2564374709462462,-0.13493207369560975,0.24234623075195208,0.5635279823509247
Ptuh,OG_01778,220.24827763663137,0.1072352548699233,0.037967452658157576,0.7042290895737238,0.8802278561256186
Ptuh,OG_01779,1647.189718999717,0.5129124612514259,0.14470283292930147,0.13225866498271277,0.42933508525733827
Ptuh,OG_01780,643.8912073423519,0.6090240379461461,0.3651594574210797,0.021753249331100694,0.18402777512076837
Ptuh,OG_01781,1255.1173606724587,0.09906821690285997,0.03199428844736841,0.7302852241235734,0.8929206012280025
Ptuh,OG_01782,309.84314898868087,-0.10472707878819847,-0.02140366987930195,0.7891086018159759,0.9161624163291109
Ptuh,OG_01785,675.0370505484823,-0.26612505656506047,-0.13674836107009175,0.20473160330493761,0.5195997535162972
Ptuh,OG_01789,242.30942477136472,-0.22650302504471373,-0.06592238297913175,0.47791292937549607,0.7485745196435497
Ptuh,OG_01790,254.3245396058281,0.8357020092080214,0.663542675267082,0.0012027259749378826,0.04892946827018439
Ptuh,OG_01791,52.80491263351524,-1.2225591338733115,-0.8693848217046647,0.0023440945055135803,0.06508422108665243
Ptuh,OG_01792,1015.8371571181813,-0.35317356900096514,-0.04757796820097545,0.4538890533229553,0.7303601176544023
Ptuh,OG_01793,117.17456654116616,0.23413390212447655,0.06378959792797538,0.47795231341348643,0.7485745196435497
Ptuh,OG_01794,347.98713086071234,-0.6767117889681249,-0.40908054219677337,0.013981817092141784,0.1552073081653177
Ptuh,OG_01795,154.18504843552878,-0.17827044790288296,-0.08001039826439205,0.44157537232327193,0.7207189358593223
Ptuh,OG_01796,668.4938180932003,-0.0687205687648984,-0.04610942010324132,0.6142653537710946,0.8304286971879469
Ptuh,OG_01797,131.27324871181528,0.20345166391747987,0.09631148132805606,0.35892869905361074,0.6620205838470787
Ptuh,OG_01800,32.424538987035334,-0.5429148445522226,-0.09552377424222044,0.21139217162102208,0.5284031552929357
Ptuh,OG_01799,273.51839435628204,0.08672485256857405,0.04928398419580384,0.6204273821463113,0.8336502103143159
Ptuh,OG_01801,46.42469795716572,0.15302103207362083,0.04426575178060413,0.6295221675366534,0.8376531254655688
Ptuh,OG_01802,902.5585879948173,0.041711321043098264,0.018779371113493266,0.8845405430584142,0.953097469562898
Ptuh,OG_01803,52.32938701836526,0.7551492983705964,0.3440643791511588,0.025837185778300922,0.2005674116289246
Ptuh,OG_01804,217.46362853629626,0.26635772313401945,0.12222766251898493,0.2608081889122673,0.5748509757743201
Ptuh,OG_01807,83.63993842346001,0.13497573228183624,0.03381176801559253,0.6943842286303585,0.8766448165865888
Ptuh,OG_01805,400.78529698549846,-0.18485896576556107,-0.09859248741319043,0.3533377631843282,0.6588810463243995
Ptuh,OG_01808,187.28845852084655,0.10019826639294803,0.032606103892885534,0.7314665823206126,0.8931382221649411
Ptuh,OG_01812,97.64707052166696,-0.20006397021509706,-0.04476328084066204,0.5850278029755813,0.8139608160390068
Ptuh,OG_01813,755.6070013027241,-0.49130803430014136,-0.1377177491340028,0.15512025159590268,0.4589829883457859
Ptuh,OG_01810,237.02700638375572,0.221611116744562,0.055524617334811115,0.5297154316163144,0.785691458137158
Ptuh,OG_01811,395.0996159914314,0.13080943379121018,0.03199280067766156,0.6848604381892693,0.8715472562720329
Ptuh,OG_01814,172.0452266600326,-0.019951332539520097,-0.00892514293196659,0.9411697422395713,0.9743688799040588
Ptuh,OG_01815,780.6219704870301,-0.40110504169925754,-0.1995251261500548,0.09739200403157915,0.37021168229013884
Ptuh,OG_01817,66.54865697392484,0.18825532693632868,0.03521512167089308,0.6476919024645034,0.8474883876315197
Ptuh,OG_01816,284.137993500073,-0.297338511848198,-0.1540912480346488,0.17032160735364377,0.4771217604138038
Ptuh,OG_01820,113.11653575829394,0.15253876990263546,0.07393798988559051,0.4820095966104208,0.7518783053665858
Ptuh,OG_01821,1191.6151059333226,0.08547769120035742,0.04670221426463666,0.6506620758897932,0.8494115831600497
Ptuh,OG_01822,33.35227350914435,0.16003154016296342,0.025185194579033635,0.7287525301878155,0.8923512053847836
Ptuh,OG_01823,96.3500532066914,0.30540010228068515,0.1326723800811137,0.22476628943766136,0.5437935412833675
Ptuh,OG_01824,84.83340704856096,0.28015284047792766,0.09998866659945073,0.3248815896840354,0.6339371460470654
Ptuh,OG_01828,1281.3266306883177,-0.12552829766819096,-0.07207462837330365,0.47734929308457064,0.747905940382689
Ptuh,OG_01832,298.5495786465414,0.4509788989052714,0.2410793148312685,0.06330056339737812,0.30664482850572444
Ptuh,OG_01833,143.50710902837648,-0.10720973896709185,-0.030876559211929826,0.7374737502724413,0.8957539879643591
Ptuh,OG_01835,288.71352602347014,0.19444654831837044,0.13064574372171275,0.22252613846880284,0.5419248545675577
Ptuh,OG_01836,1952.7095927650105,0.2307104340545068,0.1331170969309605,0.22428729591344637,0.5434986180714155
Ptuh,OG_01837,51.000725277148526,0.41255411661732805,0.12634753662457315,0.21344306559280884,0.530142881840928
Ptuh,OG_01838,376.99947594662365,0.1155367606457216,0.05882737026533355,0.542440421481978,0.7925471194289454
Ptuh,OG_01865,550.5193719848462,-0.1835474445303964,-0.07561692248611705,0.4565984959749002,0.7320057443494152
Ptuh,OG_01866,52.47298616432626,0.08298890517122627,0.019648338290575454,0.8258589659523775,0.9317212868671196
Ptuh,OG_01867,141.21220274494175,-0.01816169652329236,-0.00607468183229017,0.9466186842075915,0.9769914762142522
Ptuh,OG_01868,1831.055854455741,-0.05060244865635648,-0.01284836538868528,0.8711517782544375,0.9484385770431646
Ptuh,OG_01839,397.13919203758786,0.2622699673435943,0.0597877476698714,0.48456523354995934,0.7542290305231869
Ptuh,OG_01840,232.94821630370117,-0.6344080437154045,-0.2933329707065964,0.03701856379281634,0.23999706350361694
Ptuh,OG_01841,885.2382235357223,0.05865273311996692,0.018947658412947405,0.8289752401846816,0.9324552860198291
Ptuh,OG_01842,30.851355016054185,-0.6352265024335512,-0.11511881971944679,0.15366343928537932,0.4576993459665474
Ptuh,OG_01843,345.34254176009955,-0.10474129850016044,-0.047313864367480224,0.6388248072474123,0.8436127107503009
Ptuh,OG_01844,93.55037462775711,0.419527083854321,0.10691359283262325,0.2464318220035037,0.5660300057955991
Ptuh,OG_01845,61.37698172185108,0.3813889425675624,0.05054820250171129,0.4198831345446052,0.704752177776276
Ptuh,OG_01846,1206.5912661268455,-0.5876517863194457,-0.4423644287403948,0.0053435040942078574,0.09786762552001238
Ptuh,OG_01847,130.2874226244534,0.03485333111494556,0.012837520778385026,0.8943346854103087,0.9574525259714688
Ptuh,OG_01848,233.59096236268152,-0.04597254715732717,-0.016355883932646746,0.8607403170147816,0.9447502674228769
Ptuh,OG_01849,40.15064871452002,-1.1254865899639175,-0.3315262687812981,0.012536753354000948,0.14690546666378765
Ptuh,OG_01850,239.9774617923979,0.06149202801849946,0.027454678956369483,0.8032998221613394,0.9223962110487715
Ptuh,OG_01851,838.2611333742017,-0.08180447440787048,-0.05645511333348304,0.5364345724740412,0.7884970311552157
Ptuh,OG_01852,577.5773875081122,-0.034295066430681004,-0.021395453351067135,0.8147058486840275,0.9262929531429591
Ptuh,OG_01853,46.08110429503356,0.7223945316721623,0.15630721239216766,0.08842825738944153,0.3579540546916655
Ptuh,OG_01854,71.56422508963517,-0.4243485338280775,-0.11876955312936692,0.2273006768344808,0.5464998153109883
Ptuh,OG_01855,45.50710945535482,-0.19576150465222364,-0.04422081657616994,0.5984500820399414,0.8215778545270952
Ptuh,OG_01856,135.9069996141145,-0.1601140644322665,-0.060454737663186923,0.5363239545528855,0.7884970311552157
Ptuh,OG_01858,61.44051866810305,0.04802238923690812,0.014215858832819303,0.8798576823313464,0.9521465809067068
Ptuh,OG_01859,71.21218911823603,0.5440739134046507,0.1733001472343395,0.10570384589145931,0.3855829292569899
Ptuh,OG_01860,85.10278257472876,0.071539896285629,0.015760392184852895,0.8521143723715452,0.9405987124939759
Ptuh,OG_01861,125.72430996302249,-0.06555423116086465,-0.02974377792226188,0.7734326372183802,0.9120688821037474
Ptuh,OG_01862,375.0511309173742,0.3242083788207778,0.05741128670008957,0.4497760013601648,0.7272085434415294
Ptuh,OG_01863,337.51310910369443,-0.007756343167638676,-0.004418708074767989,0.9688928085696503,0.9854878105609618
Ptuh,OG_01864,293.7517904380323,0.2509590767196829,0.16443246283657795,0.13738951046346073,0.4359752847887618
Ptuh,OG_01869,981.9767137971759,0.21273534780526235,0.13033710952300098,0.232716771729819,0.5531063791975988
Ptuh,OG_01870,110.09833203502158,0.3719754222401655,0.1366604337964396,0.2025377097850077,0.5164491112976474
Ptuh,OG_01872,967.787825649952,-1.2460447624611666,-0.9528940918474862,6.52515291896453e-4,0.039471710381856914
Ptuh,OG_01873,379.1697034572956,0.13061721127449058,0.05988007828425183,0.5579724548647529,0.799802312392357
Ptuh,OG_01874,910.281652955593,-0.3207371610508242,-0.08938168594567338,0.33441786962982656,0.6429423927771083
Ptuh,OG_01875,214.37258798058457,0.05648524408457263,0.01277826065489459,0.8831475585048201,0.9530947122311343
Ptuh,OG_01877,113.76184828735343,1.1941779779649067,0.1778026677804844,0.025350598557906872,0.199235896517191
Ptuh,OG_01876,794.4311487210239,0.45138809002028357,0.22956668520971082,0.07365819469714079,0.3278330132956601
Ptuh,OG_01878,34.96566569146956,0.27200485702161314,0.039443917083434275,0.5754830467961084,0.8092402770976241
Ptuh,OG_01879,71.11459035700898,0.49670688397938323,0.17014948960631537,0.11807147048327096,0.4057808117838351
Ptuh,OG_01880,344.7057560123359,-0.5211631132654099,-0.2325212730068056,0.07397219075572578,0.3280190973256557
Ptuh,OG_01881,53.191004358978226,-0.6129753776171711,-0.1769183338444372,0.09649949563863724,0.3687519766293662
Ptuh,OG_01882,17.76159760950653,-0.230283018263979,-0.037801054738445694,0.6090562884347327,NA
Ptuh,OG_01883,438.89393367006153,-0.3104522659917659,-0.041927703592775055,0.5108657810763666,0.774731023986521
Ptuh,OG_01885,285.5025295618784,-0.1746713545490466,-0.0777691824502948,0.4520805457754702,0.7287524667284154
Ptuh,OG_01886,167.29578003943894,0.14963099582607073,0.039809953703806904,0.6548922162793399,0.8525746896587697
Ptuh,OG_01884,2959.7616364690593,0.17789494791825966,0.05656425945502074,0.5503123615653157,0.796531885872279
Ptuh,OG_01888,73.54809617467387,0.04164921142917644,0.009174176136468117,0.9095662069170349,0.9634373681170785
Ptuh,OG_01887,9686.638092038305,0.48429306004498274,0.26022714971831873,0.0532811814014026,0.28296672449075105
Ptuh,OG_01890,20.18678766188299,-1.0820130505242873,-0.04354945282093532,0.2367349982875174,NA
Ptuh,OG_01889,204.81596675212236,0.053397069204856804,0.01231071241557668,0.8850251679732145,0.953097469562898
Ptuh,OG_01891,130.94648867166438,-0.1664620442983862,-0.04933294910622792,0.5964940454730558,0.8204450006733383
Ptuh,OG_01892,1173.606415874898,-0.22445264141432603,-0.04492430134540841,0.5719180345720171,0.8073800056719471
Ptuh,OG_01893,50.030430135578676,-0.5868768008537308,-0.09537465578883972,0.19151001412170285,0.5048575073848144
Ptuh,OG_01894,540.0688554589607,0.729482471079027,0.5818247288987883,0.00110774263126433,0.04855147065878859
Ptuh,OG_01895,840.6821343656195,-0.13560236026972375,-0.030492282303765567,0.7073494319913404,0.8811640505224052
Ptuh,OG_01896,950.2553697357836,-0.08567235408570006,-0.03759058806064087,0.6941323631373855,0.8766448165865888
Ptuh,OG_01898,9.21568492145098,1.2249885956810815,0.05202291020753225,0.1542245918891288,NA
Ptuh,OG_01899,9.332954989842191,0.36874262753162546,0.027318792579209532,0.592365328177161,NA
Ptuh,OG_01897,6250.128228863284,1.462316406853406,0.1057470208025517,0.029005746859586196,0.21289265542921865
Ptuh,OG_01900,67.12333113220733,0.22657261845500717,0.0896645145836284,0.38426478189681273,0.6772350612944131
Ptuh,OG_01901,32.964668567300045,0.1929927810721554,0.021155845968036612,0.7205281012347344,0.8868574312943814
Ptuh,OG_01902,113.38043216346992,-0.7222366801607251,-0.29319518348641477,0.03307555889386625,0.2254130412589277
Ptuh,OG_01904,87.88135493058597,0.4817275993191393,0.05340533366822123,0.37353424515487293,0.6707660837080103
Ptuh,OG_01905,2380.6617236016064,-0.3371280412176537,-0.17391093877279332,0.13802155097526522,0.4363659757564975
Ptuh,OG_01906,1577.2718871370641,-0.6164717084144539,-0.5038474859260452,0.001054671385769458,0.047639730893373596
Ptuh,OG_01907,29.96140043671701,0.29792646983116405,0.04253364862295454,0.5316735685532432,0.785691458137158
Ptuh,OG_01908,81.62840454106168,0.04648529830725622,0.013289645349235787,0.8856647485663608,0.953097469562898
Ptuh,OG_01909,988.6575762186424,-0.00379125503962919,-0.0020803034258242595,0.9816497051049492,0.9916927546694301
Ptuh,OG_01910,52.661951135582804,0.5338587933920579,0.20629776476936365,0.08615775378364114,0.3526203236314024
Ptuh,OG_01911,51.132407797917274,0.35496646809108734,0.09174348169208524,0.3164339992803138,0.6246886299871058
Ptuh,OG_01912,117.87485379924713,-0.7498912958146576,-0.2776850195308763,0.03707896775068815,0.24005525819412044
Ptuh,OG_01913,182.8070009062267,0.4821867091155928,0.20384904178318583,0.09177865741133066,0.3621674529447119
Ptuh,OG_01915,81.25051958302346,0.3117013888955301,0.11460376437735062,0.2714151658881497,0.5836560113249347
Ptuh,OG_01914,186.74763723515352,-0.6186988312179389,-0.28199516837223393,0.041901173974688864,0.2538661030247819
Ptuh,OG_01916,60.481143903436276,0.6795244909198845,0.09269237074064784,0.182838132488905,0.49275957592895786
Ptuh,OG_01918,95.22404672363398,-1.623171233525648,-1.1480410804850085,8.431183942926093e-4,0.04399372772982535
Ptuh,OG_01919,322.31248078342173,-0.2242325948894459,-0.09270484236317417,0.38159012038907164,0.6760077516368708
Ptuh,OG_01920,459.16049812220865,0.6898188319103595,0.601925208333961,1.1467249010097345e-4,0.01898404478077306
Ptuh,OG_01921,171.85159962383753,0.004986588528766202,9.473726420903974e-4,0.9875625244771581,0.994471831834463
Ptuh,OG_01922,145.63421894213698,-0.6829341546911697,-0.2630708821190302,0.03995894636878406,0.24838414444226198
Ptuh,OG_01923,102.43908033225813,-0.2768371478989845,-0.06071689974755639,0.464247779757356,0.7378611539770666
Ptuh,OG_01924,424.8635133621089,-0.5176354744480065,-0.4142271507234893,0.003380364478832615,0.07829871849754508
Ptuh,OG_01925,70.32285259731808,-0.2613070292217071,-0.02476391594810559,0.6432514338746235,0.8457464278051992
Ptuh,OG_01930,244.39576150302454,0.5090685327168417,0.2568487881913001,0.052402729428157754,0.2799021047153343
Ptuh,OG_01926,72.02530537924814,-0.6402102764941348,-0.15172559958062146,0.11086095131560031,0.393739522614838
Ptuh,OG_01927,236.89294257474887,0.4999798923678896,0.3009073449427338,0.03354293817350418,0.22731882807510576
Ptuh,OG_01928,60.20142233360605,-0.6423522224471292,-0.2241233419344745,0.061445217523760094,0.30179115787700134
Ptuh,OG_01934,682.7165946464593,-0.15087752228165655,-0.03525114140815206,0.6771330756752393,0.8674297168357616
Ptuh,OG_01935,278.14318880292006,0.24281747559400402,0.09804027027943085,0.34639466949209297,0.6530001659694481
Ptuh,OG_01936,57.10866050519906,1.062850098901672,0.6912752929451736,0.004652334497904572,0.09187819664233866
Ptuh,OG_01937,103.63011683579286,-0.4395520866799266,-0.15110376863303893,0.16110761729790676,0.46528767498909857
Ptuh,OG_01938,325.16228622408624,0.05936873973992393,0.034266919565689224,0.7676764101834069,0.9085864913278735
Ptuh,OG_01939,381.81795575759287,-0.1756471765049197,-0.06731367535923866,0.5018916253391579,0.7691568939130773
Ptuh,OG_01940,223.69312060926995,0.34029689411982417,0.16570905763637994,0.15251103738483246,0.4563941852590048
Ptuh,OG_01941,162.33552288353897,0.9232211815791873,0.16354575614606737,0.04949259212735132,0.2726948792081143
Ptuh,OG_01947,131.82995917020722,-0.22413449321122428,-0.06893474309494589,0.4649002385912509,0.7379467060941134
Ptuh,OG_01942,809.3625391356638,-0.718372398163315,-0.25754723105632643,0.04330544284348917,0.25662932353587575
Ptuh,OG_01943,85.88763799964703,0.3101739122829508,0.09331620721119425,0.33151856778038785,0.6407045238031529
Ptuh,OG_01945,297.17143295436705,0.5647683497651005,0.22421111520753984,0.06737449288088128,0.3162765027885262
Ptuh,OG_01946,83.81970752696418,0.31057366607582326,0.08345349742184281,0.3568327226258412,0.6610568912514618
Ptuh,OG_01948,116.6484912820168,-0.812653861704781,-0.5934595377829559,0.0033694982932358703,0.07829871849754508
Ptuh,OG_01949,544.4944358516303,-0.3852404731031764,-0.11075177810734949,0.2442692215450433,0.56536773762892
Ptuh,OG_01952,378.37979399877906,-0.0515722734672045,-0.020757531871894757,0.8155488212804903,0.9265071023831336
Ptuh,OG_01953,16.46222083119181,-1.0657726346912153,-0.2700411699724058,0.02389875995245026,NA
Ptuh,OG_01950,467.6621977319042,0.060639505365508335,0.027637242977535663,0.7855434091177116,0.9155688485077693
Ptuh,OG_01951,732.283242108505,-0.15804297310559307,-0.06216752220602687,0.5437473673289601,0.7933853339102284
Ptuh,OG_01954,1254.8801532820178,-0.6869179223984496,-0.4980571646373507,0.005609378200612843,0.09938010661690845
Ptuh,OG_01955,3191.755462246504,0.25914786544942625,0.025492276251166943,0.6461352275028958,0.8466348271968478
Ptuh,OG_01956,1123.240340080346,-0.18411995635665854,-0.1059637130532716,0.3166109118540395,0.6246886299871058
Ptuh,OG_01957,3480.1175892866286,-0.9936050897513725,-0.7708217294914134,0.0011932153368611896,0.04892946827018439
Ptuh,OG_01958,344.4963975301771,0.15694178579427534,0.08783818106196953,0.40140979581598746,0.690873933131205
Ptuh,OG_01959,479.14624750163813,0.0818332262750881,0.04268519019143903,0.6783215828653283,0.867524890664982
Ptuh,OG_01960,514.197965031992,0.041080914120350163,0.01969803698930384,0.8480545985634335,0.9390306839987996
Ptuh,OG_01971,256.7099384188633,0.42760748097012646,0.12337424483989394,0.2082225122880811,0.5242293431219641
Ptuh,OG_01961,25.4848178291761,-0.619832784191016,-0.12182853730388794,0.15068377718878972,NA
Ptuh,OG_01962,211.57994132264315,-0.0074494246134670546,-7.712672986403195e-4,0.9796249580318374,0.9903868416280557
Ptuh,OG_01964,120.23476368060764,0.17178044455097377,0.04896626451547344,0.5951282151609911,0.8192298270622689
Ptuh,OG_01965,182.92840563673943,0.021836084972821877,0.010082337990725547,0.9200665600129645,0.9664564289914368
Ptuh,OG_01966,37.6222447322282,1.1564684433518777,0.12860659033978325,0.047309229662321914,0.2657977939478888
Ptuh,OG_01968,1316.7207976794084,0.761945986018381,0.6979444367911365,3.6521638417510107e-6,0.0026292546629310435
Ptuh,OG_01969,44.090289596783336,0.15208522405832622,0.026378054127427178,0.7232930945449326,0.8890072435248139
Ptuh,OG_01970,175.07685123290523,0.42804353414272256,0.3195723067118272,0.01540070646709568,0.1596859576539396
Ptuh,OG_01974,944.3516934349268,-0.7936246307102398,-0.5690638016847317,0.00442871719081909,0.08975815366213774
Ptuh,OG_01975,454.20924424597524,0.5872787470579887,0.4049557302723177,0.011435171431379247,0.13992431670788555
Ptuh,OG_01977,69.60157675464815,-0.23556971690559098,-0.07696510997792236,0.42243250798219206,0.7068565237014335
Ptuh,OG_01978,210.27058628847067,0.3816410381098633,0.19061291712344894,0.11138951017124758,0.39495604190991
Ptuh,OG_01979,185.38684170217167,0.36209406979903896,0.1227334956786303,0.22621090722933623,0.5449597231749003
Ptuh,OG_01980,178.15552461815625,0.31339174429559546,0.10722846170954255,0.28722437933789213,0.5987573992280677
Ptuh,OG_01981,872.0209834598072,-0.28974307658428294,-0.06453686550132187,0.4273440222828822,0.7101687265404986
Ptuh,OG_01972,313.9554853026263,-0.034859247299678535,-0.010289804607700985,0.901587281674318,0.9593132685099999
Ptuh,OG_01998,20.365466456040348,-0.9743524055169833,-0.10712467898972335,0.08554320295592133,NA
Ptuh,OG_01999,60.06373307626743,0.5446871737367557,0.07951655397612002,0.25915570245209174,0.573410689219167
Ptuh,OG_01997,262.23119724384946,0.5636144722696765,0.18891844814379305,0.09190906563703923,0.36228908196139503
Ptuh,OG_02009,71.4379020929568,0.5838864849325087,0.2427678691274414,0.0611032317592945,0.30132906161436057
Ptuh,OG_02001,27.043728828920504,0.13310587860673864,0.010987272849399647,0.8346076434476996,NA
Ptuh,OG_02000,1346.4910385620688,-0.6173216353850194,-0.34167235016730263,0.027738304668499136,0.2071712253693005
Ptuh,OG_02003,73.35540331080135,-0.02514600828909618,-0.007520377287479514,0.9288055343993292,0.9706119456614443
Ptuh,OG_02004,613.6471999634657,-0.20163286916713813,-0.0594777662860629,0.5243795839217298,0.7827010807591811
Ptuh,OG_02005,243.9704448403112,0.012371796154045852,0.006609385561012099,0.9517258340240587,0.9786056666127175
Ptuh,OG_02006,1428.3285367921847,-0.8641543095152565,-0.5982732363840293,0.004461446698298038,0.08988170646577731
Ptuh,OG_02007,293.74342527117227,-0.04953508818264944,-0.015843362114796495,0.8746778448976106,0.9503280781564111
Ptuh,OG_02008,206.54895172418938,0.060692136859159494,0.018625866743187922,0.8332612319747565,0.934065856034683
Ptuh,OG_01982,404.64474055582144,-0.44975494420842826,-0.3173000616483574,0.02087902977307233,0.17957324408527428
Ptuh,OG_01983,38.49545846054468,-0.2277321602022083,-0.045280593357011754,0.5739554447433448,0.8085772789559122
Ptuh,OG_01984,131.03273581455926,0.17384507871473093,0.03678459389554451,0.6428385510422394,0.8457464278051992
Ptuh,OG_01985,201.0111360734821,0.12623649104107362,0.05319903436720676,0.5924959860497163,0.8183445011636179
Ptuh,OG_01986,237.54988641586127,0.34261541203136653,0.16322450831898683,0.1559444968901974,0.45934111209118983
Ptuh,OG_01987,125.20247887980062,0.09869902337779735,0.04160513754290837,0.6613997394360946,0.8568363506356215
Ptuh,OG_01990,692.2368381932852,-0.26608074926214553,-0.16540853411682738,0.1402438788759476,0.4397610064184414
Ptuh,OG_01991,501.7849406005952,0.13726991153241802,0.037177783017708715,0.6840958928606444,0.8713577804368671
Ptuh,OG_01992,99.64487156419676,0.08166010907052848,0.016131311370768057,0.8356019747121897,0.9345679272422355
Ptuh,OG_01993,1005.9803938260625,-0.09732370211392675,-0.061265078417319034,0.5432295407719723,0.7928563362640698
Ptuh,OG_01994,197.9122998843387,0.14909168754055022,0.05253500113995183,0.5905527181659559,0.8170888809450612
Ptuh,OG_01995,59430.5576061338,1.0476393047526507,0.6847623167240703,0.0037098980850013476,0.08252333828193979
Ptuh,OG_01996,193.62452819198975,-0.04808563503555369,-0.01601188422719757,0.8714157722718447,0.9484827913525387
Ptuh,OG_02015,179.70789724599354,0.2878767262727398,0.06580630194412401,0.4454714367164578,0.723454473244628
Ptuh,OG_02010,95.99642743985932,-0.32495307268211027,-0.052793014566057055,0.4793573882531175,0.7498071359450127
Ptuh,OG_02011,520.2043568705243,-0.29854792161459015,-0.07800001354225165,0.383063971105459,0.67628016012931
Ptuh,OG_02012,558.2526109225548,-0.485473117633211,-0.06949811123872472,0.30920612987505797,0.618121105202211
Ptuh,OG_02013,621.3427863824771,-0.018936712444890463,-0.013417640000603226,0.9311934159797524,0.9709198930280869
Ptuh,OG_02014,1393.1280929232341,-0.7455649345158507,-0.18606336768972231,0.054100028525205617,0.28529995096056177
Ptuh,OG_02038,14.330223449669283,-1.2036567640679896,-0.07852252429744486,0.09510117687728946,NA
Ptuh,OG_02036,152.36146824462242,-0.09016961530425295,-0.023598045706050577,0.7794650016557119,0.9136206376692536
Ptuh,OG_02037,146.6540493439173,0.1847560182790311,0.07181015057455396,0.47816473854922614,0.7485983072508233
Ptuh,OG_02039,15.545309867967084,-0.6057190136871275,-0.05531767548320164,0.30500981785513637,NA
Ptuh,OG_02016,886.9411571261317,0.2370564431612613,0.09650522162404296,0.35625842444748773,0.660556013189534
Ptuh,OG_02017,3659.338481492495,0.7161448236095691,0.6046785785231547,5.836802903816906e-4,0.038723539265010286
Ptuh,OG_02018,126.80840799386384,-0.4887248748388481,-0.3249435575082518,0.023361999285400087,0.19021102390375605
Ptuh,OG_02024,193.21691902701386,-0.48313575691889216,-0.19558932415432523,0.09312436614842814,0.3635783286093783
Ptuh,OG_02025,69.45519156508246,-0.20350633862583115,-0.059404733541310206,0.5234234481406215,0.7817320617500672
Ptuh,OG_02031,109.05643411309535,0.12000472817173954,0.036102205007369326,0.6959387520011091,0.8776227920988148
Ptuh,OG_02033,306.1379458800157,0.2139372746449337,0.12593743643673025,0.24891735873360402,0.5674301810332724
Ptuh,OG_02034,76.37552771379488,0.19499015118707239,0.05778611534142275,0.5366760193561733,0.7884970311552157
Ptuh,OG_02035,783.6891254793297,-0.11141292452126329,-0.04682375242531412,0.6429518719655343,0.8457464278051992
Ptuh,OG_02042,131.34120892426677,-0.21159398549294386,-0.05587438153518614,0.5387021865217791,0.7896873757885291
Ptuh,OG_02041,159.01568677213865,0.8085070986362564,0.39743178008124896,0.01849337822204008,0.17228518552164682
Ptuh,OG_02040,3492.357604551618,1.874707773615291,1.5258014042883885,1.1726714255379173e-4,0.01898404478077306
Ptuh,OG_02043,326.3909366455152,-0.050767412322288354,-0.018643476873599817,0.8474281245212065,0.9390306839987996
Ptuh,OG_02044,114.61878290635211,0.012042111884288074,0.004965856030225939,0.9624123074910975,0.9830861571779596
Ptuh,OG_02045,343.02414282796457,0.574542703406311,0.2093913056383622,0.0774450154648081,0.3335005432693461
Ptuh,OG_02046,250.5047760549174,0.34222650010203914,0.14571993933756772,0.19641771421179743,0.5101997626103353
Ptuh,OG_02047,23.348859727789876,0.6360646425520973,0.07937777047102165,0.23732782718043902,NA
Ptuh,OG_02048,260.6889384051761,-0.5766554869903843,-0.12668345860826244,0.1397615601517404,0.4389257281096818
Ptuh,OG_02059,892.2405889885875,-0.06439404899257838,-0.024395808614251557,0.8083843171768067,0.9238594034974917
Ptuh,OG_02060,210.13640470963668,-0.29278438168639603,-0.06217817295054445,0.4483372007010256,0.7265096847027774
Ptuh,OG_02049,110.84749366762989,-0.03589004332548305,-0.00973335165561269,0.9154917218361083,0.965158994640873
Ptuh,OG_02050,3369.2079654512227,-0.4615513691736916,-0.23467637777535796,0.06832925565488375,0.3169531659319528
Ptuh,OG_02051,462.7914129784843,-0.4175972656400027,-0.22101865296865897,0.07820414116937431,0.33557835614468245
Ptuh,OG_02052,29.33984903217882,-0.6000544825740491,-0.10463800224325033,0.19436736219017844,0.50893133968841
Ptuh,OG_02053,361.36491390620785,0.3199266054511427,0.21328566036523164,0.08119648072906936,0.3419398764197273
Ptuh,OG_02054,215.18509219446977,0.05240567805839504,0.015294945581172803,0.8661632027218943,0.9468921109055517
Ptuh,OG_02055,65.11267057616503,-0.36229416802644504,-0.09680076379591498,0.29043558417928206,0.6012625501829506
Ptuh,OG_02056,32.843188806547964,0.049014693347543985,0.007996392137760896,0.930873542916332,0.9708192601521308
Ptuh,OG_02057,132.26955443481145,-0.4074861124835543,-0.11984185648826925,0.21561228788184167,0.5332014736889799
Ptuh,OG_02058,7.661423745338171,-0.5799941835183174,-0.013115126898536729,0.5879094194869446,NA
Ptuh,OG_02061,1370.2944687812608,-0.10519857739030315,-0.06104466315942041,0.5432914532172188,0.7928563362640698
Ptuh,OG_02062,47.33801988571456,0.4266488426907013,0.08815829300444507,0.2829852721809888,0.5949767099185335
Ptuh,OG_02063,54.839731576393646,0.6439490812442554,0.2909928274675642,0.03908549274234535,0.2460493087224117
Ptuh,OG_02064,798.5866839136135,0.1195060661853001,0.0406499346332879,0.6699918706658919,0.8619215361295116
Ptuh,OG_02065,322.5621311310505,0.7480976601358088,0.33190859455142574,0.026714070052996416,0.2029312049413917
Ptuh,OG_02066,479.78689387262796,-0.3416023249498129,-0.07144154303173618,0.3691593577291834,0.6681930429385199
Ptuh,OG_02067,128.85072358213574,0.4477846910923129,0.06289214762564611,0.3687839801500492,0.6680066762395542
Ptuh,OG_02070,7.647457805429756,3.278849323185058,0.01785992456141818,0.0832018775402238,NA
Ptuh,OG_02071,23.384225459619287,0.365410567155072,0.05225336300314878,0.4458102045521617,NA
Ptuh,OG_02068,447.1908447042678,0.39637919870164523,0.15182219293365043,0.1680936414912994,0.4747094125520833
Ptuh,OG_02069,223.4582530566532,-0.35151459743070346,-0.21215610800065865,0.0810658147241592,0.34181275999878846
Ptuh,OG_02072,49.17872250019892,0.9522961185916109,0.7455647401113709,0.0012848893706845013,0.04945105655610706
Ptuh,OG_02073,94.2850546246292,-0.02325197987724004,-0.007793457982103786,0.9363266701899028,0.9723964881072098
Ptuh,OG_02074,689.3889719900081,-0.4524499477320262,-0.12261231954638735,0.20067544014124458,0.5144906717744296
Ptuh,OG_02075,87.33500760653925,-0.5043466987865359,-0.21418957942963004,0.07958687593564821,0.33797423832751283
Ptuh,OG_02076,143.50729189474492,0.655832476008024,0.5307977959318413,0.0014172976751549535,0.051379862092226246
Ptuh,OG_02077,76.3710731557475,0.23351364520483922,0.07617266227157334,0.4301762148154378,0.7123744961413218
Ptuh,OG_02078,248.79842440968284,-0.09664472853675911,-0.02610062962960978,0.7673287888551941,0.9085864913278735
Ptuh,OG_02079,380.48469578216356,0.11085094208128972,0.039455796935622914,0.6815404661461256,0.8696681650658
Ptuh,OG_02080,115.00283587947375,-0.847843032606303,-0.6206214484308069,0.002893168636708032,0.07298399112857791
Ptuh,OG_02082,7.351053588158156,-0.9339683147493254,-0.0572908161159602,0.20816864158295453,NA
Ptuh,OG_02083,376.02157851167726,-0.46596280279609176,-0.09193420664208664,0.2575121239729868,0.5728148764315621
Ptuh,OG_02084,1574.1514360901194,0.3059872863148906,0.06772007566686909,0.40412164932734296,0.6935733722893688
Ptuh,OG_02087,97.82622484511798,0.11356451240729899,0.020424767952610046,0.7866125134460497,0.9159520752980056
Ptuh,OG_02085,395.1372744264247,0.1578596573843754,0.08280404679268506,0.4325361241869039,0.7133446684167942
Ptuh,OG_02088,9211.9935067166,0.5691294963110033,0.261586740090546,0.05186581084363279,0.27814721746945126
Ptuh,OG_02092,274.6706087283448,0.2043373706625185,0.05120459858875996,0.561303142757202,0.8009650172928228
Ptuh,OG_02090,724.1041898442933,-1.1370981843911698,-1.027011637020353,4.022891802153257e-6,0.0026292546629310435
Ptuh,OG_02091,188.65516389093722,0.37053907839499794,0.07891322464285565,0.3480597202071614,0.6541633881524974
Ptuh,OG_02093,69.97728979231238,0.07434812451338499,0.022900398817374396,0.8052499773832842,0.92317141662408575
Ptuh,OG_02094,312.98447250161325,1.0808416903467846,0.8475425267872301,6.076187559506182e-4,0.03938853798116526
Ptuh,OG_02100,145.6537371150684,0.22423790811454467,0.06423506496787704,0.48575978632794115,0.7548164877395931
Ptuh,OG_02095,141.0043953036482,-0.061554023586932516,-0.016001744899677192,0.8508429084194716,0.9404344628788434
Ptuh,OG_02096,125.4625566864819,-0.5675239286789127,-0.25584412363814657,0.05198913053309343,0.27836803057189746
Ptuh,OG_02097,719.6217229363672,-0.17675400907683725,-0.11135041400849498,0.2999470529948652,0.6092420306393023
Ptuh,OG_02098,184.4868150125079,0.267255759095329,0.11702623214733533,0.2799709846900358,0.592452928479388
Ptuh,OG_02099,193.00160239375853,0.19570232188473258,0.07791320934757351,0.45601495976035383,0.731653039331924
Ptuh,OG_02114,467.0337145640347,-0.4892852443723938,-0.24136545107416926,0.06805673769311468,0.3165951998291927
Ptuh,OG_02115,36.179232200446435,0.3524485543411925,0.16464627359159142,0.15685147351105846,0.46057493535819793
Ptuh,OG_02116,21.159129202422726,-1.5657719181232506,-0.1559581905037063,0.014714502158042464,NA
Ptuh,OG_02117,174.93959316942392,-0.039226509983253666,-0.008937530997351058,0.9153031924979415,0.965158994640873
Ptuh,OG_02118,85.71826601703424,0.3215953972539894,0.06682133604241794,0.41211448702777514,0.6994091435733784
Ptuh,OG_02119,274.3260075748859,-0.45909968937763707,-0.015492523601883124,0.5960410242510137,0.8202204469193985
Ptuh,OG_02120,62.63156911380079,-0.025999042788818105,-0.004773651872765523,0.9560580704720971,0.9803000645313993
Ptuh,OG_02121,565.0639464251391,-0.274145705491614,-0.11267818843377846,0.2894885216031691,0.6006326867733908
Ptuh,OG_02122,178.75079162889227,-0.2230019357052524,-0.08209117253457478,0.41953096207071816,0.704653388904879
Ptuh,OG_02123,274.4798203198537,-0.29111677229419863,-0.15885299596602762,0.17291736526094376,0.48034486941312865
Ptuh,OG_02102,352.8919842783501,0.09167821157169229,0.03626594842109741,0.7293461112166353,0.8924506017941882
Ptuh,OG_02103,69.66497304791538,-0.1881033916464242,-0.0291141230179869,0.6828321917079525,0.8706956266301696
Ptuh,OG_02104,1305.9507624335295,-0.15190087743369962,-0.08527751588869095,0.3900862386290685,0.6800682279692156
Ptuh,OG_02105,125.47021378846271,0.29660563351825886,0.07698492505787898,0.3900346186499989,0.6800682279692156
Ptuh,OG_02107,51.07251766619741,-0.3842195792266054,-0.1174829776653078,0.23718700299877798,0.5585668412272942
Ptuh,OG_02108,124.21031644250634,-0.6774878993248534,-0.21715428023460157,0.057722049978018074,0.2938702928137467
Ptuh,OG_02109,290.3124927967327,0.31768949796631224,0.16783393870272859,0.14840864483777086,0.4504913848490679
Ptuh,OG_02110,171.4905829777513,0.0024358481659609386,0.0017620605754057786,0.9908287997876577,0.9957030273362241
Ptuh,OG_02111,1119.6244927584669,-0.1777927752970734,-0.106022990984331,0.31094595832708466,0.6201392856067645
Ptuh,OG_02112,3954.5827895433126,-0.5876395347462251,-0.1847105413235939,0.08576092259075377,0.35165705197522024
Ptuh,OG_02113,173.16432481605082,-0.07890029598845255,-0.03937005210861509,0.7015636417471317,0.8792694865951423
Ptuh,OG_02124,1585.2961680502924,-0.039890402408183714,-0.01650798047691296,0.8499205248390969,0.9398410059890303
Ptuh,OG_02125,180.85378062580256,-0.19031106441414924,-0.07362613206696698,0.4737871686399417,0.7449362407129022
Ptuh,OG_02133,299.34777083219893,0.26183791244645055,0.1472375884020977,0.1959529550397637,0.5096407498628798
Ptuh,OG_02126,1599.6659000264694,0.9580024562892859,0.7950445034527556,3.2559104547481507e-4,0.02908019587452629
Ptuh,OG_02127,82.60389321258211,0.3408753891298183,0.11958901629669451,0.24724027126982448,0.5662255619264697
Ptuh,OG_02128,62.798994648107524,-0.31267299288237793,-0.13485861394033408,0.22125747951161867,0.5406185993706278
Ptuh,OG_02129,102.10753128519667,-0.026805782387929578,-0.0077861457563845075,0.9315835601642009,0.9709198930280869
Ptuh,OG_02130,225.18548084639312,-0.12380933700557653,-0.06807892277024824,0.508064019380237,0.7733428307182242
Ptuh,OG_02131,204.50744371983208,-0.4026829398661596,-0.12432902083611708,0.2088399262937554,0.5245396788188614
Ptuh,OG_02132,769.9268400252907,-0.33000671008788207,-0.15026802133820144,0.17078375777041743,0.47722792727422997
Ptuh,OG_02147,1022.6384171095825,0.19627647677897647,0.08790551069436602,0.39643171150707157,0.6859205570737676
Ptuh,OG_02148,147.72875274909853,-0.1948070211002055,-0.05965904414931971,0.5408105740863285,0.7911334935141623
Ptuh,OG_02149,85.0064785656037,-0.612060527269865,-0.0802315599696538,0.22463830314501976,0.5436387775171011
Ptuh,OG_02150,122.28502539033198,0.7087562676728697,0.1694598676756461,0.08018834261654692,0.3394821476556725
Ptuh,OG_02134,54.16071661686754,0.5633849868718249,0.08707446250888469,0.2274929778169489,0.5466004893495581
Ptuh,OG_02136,36.845022423350905,-0.3471635468664209,-0.06777047699154078,0.4054376370445696,0.6949277963789152
Ptuh,OG_02138,385.8325804027242,-0.6057308950863689,-0.3868479487433574,0.01640270896902638,0.1637603396982105
Ptuh,OG_02140,1121.46815805669,0.20337953970691489,0.14027235439124833,0.1781164315472362,0.4874523805024588
Ptuh,OG_02141,1166.6513844924618,-0.15022101165097745,-0.03172136308499285,0.6822117354176342,0.8701324808000225
Ptuh,OG_02142,824.4650307369219,-0.4651130447520822,-0.12258803233479246,0.18222890057402805,0.4917342941451052
Ptuh,OG_02143,49.45541456927112,-0.1920279741346035,-0.04313399620794204,0.6000914686870616,0.822607018298498
Ptuh,OG_02144,524.8218951800567,-0.006182514882994042,1.6170469822011634e-5,0.9826767742107653,0.9920452255312857
Ptuh,OG_02145,296.2164284772981,0.8624153630510437,0.570185529673978,0.006185937787702486,0.10363851400240576
Ptuh,OG_02146,37.55153821693076,0.9276520643421847,0.11023616565349588,0.09017163958302317,0.3606839562784731
Ptuh,OG_02159,142.966277845686,-0.03841122657990926,-0.005478922324390481,0.9309210121783799,0.9708192601521308
Ptuh,OG_02160,1369.9371996044542,0.5442066323386561,0.19611772145393563,0.0876383448104865,0.35577960877854964
Ptuh,OG_02155,46.60321115950222,0.5121461943115265,0.10090415818149844,0.21853655683084894,0.536982766379505
Ptuh,OG_02152,218.0344999686234,-0.16821271300181861,-0.0562394969989521,0.5727043602183217,0.8074722608291529
Ptuh,OG_02154,2276.785999711417,-0.023179891185615663,-0.00104234279604153,0.9714389676773493,0.9865414629892431
Ptuh,OG_02156,38.37323502044798,-0.4023650523307176,-0.04646271516430747,0.46130795427918014,0.7351957177903984
Ptuh,OG_02157,428.9625463600677,-0.3274412489541149,-0.10295165367416245,0.2996983590280893,0.6092420306393023
Ptuh,OG_02158,1954.487019445154,0.05872039769288211,0.012845225156242089,0.8711444397599108,0.9484385770431646
Ptuh,OG_02163,330.9356224275378,-0.43646610273441966,-0.24355094456308404,0.06345268169790459,0.3070314375946472
Ptuh,OG_02161,344.18610669106056,-0.43782099368424476,-0.16386545530622354,0.1327714590758789,0.43041288257200144
Ptuh,OG_02162,219.18966377168596,0.1258564401101394,0.054503369153901325,0.5935878481683832,0.8188349588443649
Ptuh,OG_02178,82.21929661584106,0.2825960269893564,0.11381834505887788,0.29365935147881506,0.6038148214910647
Ptuh,OG_02179,158.53216452881313,-0.10147627223775997,-0.03075652209719982,0.7471387207471334,0.8994474080783466
Ptuh,OG_02180,69.40335249662388,0.0050792442865378465,0.0012180319308368397,0.9917370218307255,0.9959118393811421
Ptuh,OG_02165,399.9376323101224,-0.48793168939747394,-0.1301921368749629,0.16420083367437888,0.46899677125020434
Ptuh,OG_02166,65.18527008245084,0.3241101930191151,0.08675232606620349,0.33298141813567306,0.6418928890347677
Ptuh,OG_02167,2797.436659387496,0.3798053422097217,0.1755026256901382,0.13646789859543204,0.4350170401172706
Ptuh,OG_02168,99.57076388702782,0.2097635884923244,0.06007806193659929,0.5083777523048878,0.7734044916827494
Ptuh,OG_02169,38.30351466640278,-1.1306542905480166,-0.8010984193844016,0.002450368304557612,0.06545805534468761
Ptuh,OG_02170,86.72390993673966,0.05378523463832674,0.018235537250727248,0.8404393602287193,0.9364927236664853
Ptuh,OG_02171,284.05556161839417,0.4220053949111692,0.22631490926199246,0.07971369832350944,0.33812623684477633
Ptuh,OG_02172,222.74196491643553,0.13823169610156213,0.05008767982150261,0.5879529369938997,0.8147998184081527
Ptuh,OG_02173,733.7797097103767,0.31307581172754206,0.09710131640567529,0.30573284935968903,0.6153320962605239
Ptuh,OG_02174,98.60454911338286,0.013960417194245954,0.004485410435167963,0.9625457245645586,0.9830861571779596
Ptuh,OG_02175,188.34029434336298,-0.14881548749870935,-0.02678281270668379,0.7027788152795406,0.8798195990240846
Ptuh,OG_02176,283.18714047078294,-0.46292825097973483,-0.134558214157709,0.16958633585593055,0.4765477048605435
Ptuh,OG_02187,31.29864901081751,-2.757686860629911,-0.016293790326760753,0.12490188215036649,0.4177498161563262
Ptuh,OG_02184,509.41209682789577,0.2169816436858483,0.0650425883904396,0.49135105853718564,0.7608594436720971
Ptuh,OG_02185,130.61746208410045,-0.04982485929144966,-0.023035776505418958,0.8204448030193816,0.9287146450600625
Ptuh,OG_02181,43.521880744827165,0.6779927973938583,0.11596356436495375,0.14097029046166012,0.44044139315688663
Ptuh,OG_02182,315.9324592301978,-0.17504764251489802,-0.09047846452112575,0.40068828728964195,0.6903316972334428
Ptuh,OG_02183,488.38680727227404,-0.2734415099003137,-0.12605313503687487,0.25110343208291963,0.5693912804400945
Ptuh,OG_02188,237.7989621271049,0.5289888294221864,0.3005654137438147,0.03549628959844527,0.23385913980716194
Ptuh,OG_02189,401.4321530370707,0.3828682667515975,0.11943837136679039,0.22831641752109144,0.5475410170848342
Ptuh,OG_02190,2971.7978151573134,-0.598386000455976,-0.17984187196911774,0.08150275238973581,0.34210683019772625
Ptuh,OG_02191,792.2162038350942,0.3880369585763366,0.3037753430002999,0.012060275223247345,0.14446116350645938
Ptuh,OG_02192,87.65069394781632,0.5731396451499806,0.14888871263388795,0.1218502954043675,0.4126620929193172
Ptuh,OG_02193,161.04371568653414,-0.178174699937379,-0.08190848538838379,0.425948094994187,0.7098020452689631
Ptuh,OG_02194,966.0053630096489,-0.12668313020831193,-0.08716991786180227,0.36277928715208874,0.663662582183442
Ptuh,OG_02195,772.4624715660842,0.014869690943679372,0.00864479906094322,0.9378103521891794,0.9729701106332052
Ptuh,OG_02196,85.55166606556178,-0.951737174032005,-0.6076506400541087,0.005949739173605135,0.10227770255517167
Ptuh,OG_02197,127.50342250176273,-0.4474067087580924,-0.09260397828957273,0.2532766877926102,0.5700048975082257
Ptuh,OG_02198,258.0253343876846,-1.2574570555447515,-0.8172671129269978,0.003578103984764653,0.08102735743632382
Ptuh,OG_02201,284.8625534724851,0.7647248286529972,0.12017462805950903,0.10943380441762306,0.3916189916200822
Ptuh,OG_02199,146.6150603077486,0.4471504488829983,0.2927752516766403,0.030061283237425632,0.21380269451609588
Ptuh,OG_02200,40.90219924050412,2.4858895982647784,0.06415389346027478,0.01117010773817241,0.13894457363670248
Ptuh,OG_02202,252.0231219809258,-0.13203015476416802,-0.047027524255074254,0.6332394126439237,0.8404921994642388
Ptuh,OG_02203,223.0713087555926,0.6294344506993,0.4035591778013363,0.015509844352819853,0.1602306547982314
Ptuh,OG_02204,57.70402679706424,0.4537197326157156,0.1453703320912327,0.16139781113380897,0.46539565777531605
Ptuh,OG_02205,152.76662491766632,-0.05169594147606087,-0.012248468130798246,0.8665607213850772,0.9469591240154537
Ptuh,OG_02206,45.479872800871355,-0.07409757974095557,-0.00914278836009905,0.8859810909949972,0.953097469562898
Ptuh,OG_02208,238.92262859246264,0.9197242133460256,0.7442044982658177,6.810319837022169e-4,0.04016196948332796
Ptuh,OG_02207,439.03971847929876,0.3460958771268861,0.10397789569757622,0.2753870406543188,0.5877322817885084
Ptuh,OG_02209,18.85466457409655,-0.8742363888020706,-0.0389810171923125,0.27643409810822234,NA
Ptuh,OG_02212,203.0764080110912,-0.25737164490113124,-0.09036774656095749,0.36422584586558293,0.6638776310561344
Ptuh,OG_02214,112.7934593880572,0.04740042061232211,0.018210437655698363,0.85245767713935,0.9405987124939759
Ptuh,OG_02215,420.23351550430493,0.14780335371224793,0.06525323983277403,0.5212229272147955,0.7803604584108653
Ptuh,OG_02216,178.62377685507516,-0.23019268192646655,-0.06053074905920523,0.49800841395192375,0.7661390310289378
Ptuh,OG_02217,891.6055692310526,0.013995890566408292,0.012483449283150204,0.9262629633336223,0.9694139862742324
Ptuh,OG_02219,407.2715329514718,0.18568224184460735,0.11369025950618747,0.28184538807539516,0.5940508899320566
Ptuh,OG_02231,36.44843379271718,0.13359698875295645,0.03332326020673369,0.7063683845274278,0.8811640505224052
Ptuh,OG_02233,83.41724792797864,0.20688668046882824,0.06092437667440602,0.51118076695721415,0.7747540733536789
Ptuh,OG_02235,230.24357579651,-0.3026822888005962,-0.07796388289256115,0.3830602446449306,0.67628016012931
Ptuh,OG_02236,146.35458412050414,-0.6259227584696994,-0.27849565691506795,0.04077960381873331,0.2509423156729589
Ptuh,OG_02232,2780.866256521773,0.4581163708738134,0.1917875259792645,0.10006766974624985,0.376239595945976
Ptuh,OG_02237,599.0547837128993,0.23772140141944026,0.08665057717655365,0.38503189777784114,0.6772350612944131
Ptuh,OG_02220,835.4979088097951,-0.39132484054281463,-0.16410627944934764,0.1424743173771388,0.44269736669105847
Ptuh,OG_02221,285.4064903453299,-0.23563284873193577,-0.06053541775101835,0.49183429997984757,0.76133009030785
Ptuh,OG_02222,75.96568292358975,-0.30822826181185564,-0.07878808384105912,0.37842436925471307,0.6735652365774519
Ptuh,OG_02223,1458.022097001639,0.6450070575489202,0.5938781018927017,4.13097376563587e-6,0.0026292546629310435
Ptuh,OG_02224,95.02275552427685,-0.13126645303991105,-0.042657046051653186,0.652699149355507,0.8510242862470391
Ptuh,OG_02225,195.6094825830919,0.3939454280082013,0.19536612493631944,0.11066683775401212,0.3933791486844164
Ptuh,OG_02226,46.97400840059084,-0.6059058549910731,-0.028778878899081487,0.41688465989153595,0.7023062184511165
Ptuh,OG_02227,489.2113157351919,0.5234531051598701,0.11531213415003243,0.18006405874209458,0.48934981807948696
Ptuh,OG_02228,84.01078908923482,0.23054682858853168,0.047913981743293,0.5609304757210507,0.8008919444787118
Ptuh,OG_02229,834.919260055119,0.3765377560358661,0.08066216438814548,0.32164423819802757,0.62964565946926
Ptuh,OG_02230,51.83835423620189,0.8625551337271753,0.6159844416517292,0.004266434585625312,0.08858328239885122
Ptuh,OG_02241,45.163039785812735,-0.6380521839827662,-0.08238853507755416,0.2193015600589779,0.5380027464953062
Ptuh,OG_02238,51.94463469726808,0.8172396672359896,0.11611526712194128,0.1083429717678013,0.3896859450453912
Ptuh,OG_02240,205.41150041200137,-0.03130186872698382,-0.010035921638662178,0.9199964964667883,0.9664564289914368
Ptuh,OG_02248,466.7812640766581,-0.3982030810999794,-0.15010939125563919,0.16732355747671984,0.47363721669743497
Ptuh,OG_02242,110.75847534568912,-0.061155789824079904,-0.01380487771975882,0.8600467946451168,0.9445461095096027
Ptuh,OG_02243,3048.0174619134627,0.015978830067922056,0.0066524416613974804,0.9473755260684786,0.9772974936070846
Ptuh,OG_02244,545.0387198579964,0.789089419634145,0.706686133668399,1.8515967569737362e-5,0.0071955092029624985
Ptuh,OG_02245,640.5269281398944,-0.21230222897854945,-0.13758964593680298,0.19155097607087515,0.5048575073848144
Ptuh,OG_02246,70.84123017651973,-1.0069059474586701,-0.6921842777544867,0.003208834112445905,0.07739225026371259
Ptuh,OG_02247,259.3557862915258,0.020081085574616988,0.010123322742421316,0.9166435061104755,0.9655341917502056
Ptuh,OG_02249,610.7125777004239,0.20522975055495463,0.15378671455166057,0.12841949305629094,0.424004018286945
Ptuh,OG_02250,148.91616179377658,-0.46582812095779863,-0.1554886280544129,0.14479272847402336,0.4457943286087166
Ptuh,OG_02253,206.65025165134753,-0.031392157935526015,-0.00948759883334907,0.9178879727713207,0.9658492189099863
Ptuh,OG_02254,446.58402337105815,0.018943827763837923,0.00285803974577271,0.9648230167040197,0.9837470881530029
Ptuh,OG_02255,63.99054106301424,-0.36644613926612896,-0.05242911307994935,0.44817640889172394,0.7265096847027774
Ptuh,OG_02257,21.353031242065722,0.6687246248182384,0.03547255863665478,0.3835192700889592,NA
Ptuh,OG_02256,50.2662386860393,-0.19378792546694942,-0.05718296522771248,0.5317068203438595,0.785691458137158
Ptuh,OG_02258,360.4261501159719,-0.46238645547093826,-0.2562329431012127,0.055590970436146504,0.2881779256883418
Ptuh,OG_02259,1049.6168910673475,-0.11156990245476738,-0.04324924695879906,0.6479366433896183,0.8475474392582623
Ptuh,OG_02265,767.5142228040844,0.3315498954567369,0.16180785961471236,0.17011120567605273,0.4771217604138038
Ptuh,OG_02260,299.96772868512227,-0.1543934822936357,-0.026467637456491028,0.721093993112624,0.8870824553835148
Ptuh,OG_02261,71.68612148761034,-0.6479655671066857,-0.16808180721226668,0.09500200081127762,0.3658761863443853
Ptuh,OG_02262,79.28052168358508,-0.25347532703690623,-0.07177259311991079,0.43867553376124746,0.7183248424027214
Ptuh,OG_02263,289.1923737999667,0.6132879423520083,0.40825349190484295,0.013141545287198006,0.15055791765419418
Ptuh,OG_02264,206.53644414441675,0.21104121931834663,0.13202467483601335,0.22158315637619014,0.5410247739926989
Ptuh,OG_02267,4615.347930722232,0.19451088361085647,0.07700616508049112,0.4029365877010313,0.6927996563590115
Ptuh,OG_02268,188.5866252755034,0.09715094611372059,0.02989314647705615,0.7379366325153194,0.8959860839867438
Ptuh,OG_02271,29.73320091764359,0.08831583174416745,0.019778420018862725,0.8082572725990171,0.9238594034974917
Ptuh,OG_02270,339.3787114302812,0.010499543094899135,0.007091556988361577,0.9549517999397321,0.9797284805064748
Ptuh,OG_02273,610.0098781428031,0.4428317081824676,0.3805665685042993,0.0011385546514528226,0.04878033247070513
Ptuh,OG_02274,234.2377383239322,0.4771352207470877,0.3951780845666871,0.0023356170757812514,0.06508422108665243
Ptuh,OG_02275,458.38773067151806,0.26440559484606535,0.16791791193897015,0.14290787166065708,0.4431349946915887
Ptuh,OG_02276,103.41128426452913,-0.7199209604837752,-0.2978218149369679,0.03235130739062309,0.2226565491126865
Ptuh,OG_02277,252.63932842191295,-0.1161167228440277,-0.027852694877763966,0.720276240045199,0.886847300342733
Ptuh,OG_02278,430.186242926453,0.02471099383628313,0.01284733280115705,0.9038078890201393,0.9606422489505299
Ptuh,OG_02280,47.0080738056342,0.7843093249226132,0.08733487299737944,0.15930379353684584,0.4631317407445721
Ptuh,OG_02279,205.0898185824565,-0.6307896817839036,-0.4605351015085997,0.006126123704940663,0.1030213046356608
Ptuh,OG_02281,14.810416216393133,-0.6073223830490417,-0.08866990383913662,0.21585016257234127,NA
Ptuh,OG_02283,138.6112269227925,0.380472296506574,0.18319736656349214,0.12272450292370275,0.4153138396513229
Ptuh,OG_02285,51.758037508507854,-0.051242897072683945,-0.01437493447907221,0.8730410984394017,0.9496432698792621
Ptuh,OG_02284,8575.075750475295,0.724422236900969,0.5238413856796704,0.005018562697550665,0.09407902150341518
Ptuh,OG_02287,471.7033591756243,0.26648839226720517,0.2092015132373918,0.04234507347895665,0.25448999574189657
Ptuh,OG_02286,213.81860388431784,0.48974158953228725,0.2136914879928963,0.08254201072720539,0.34461492384239345
Ptuh,OG_02288,102.71196142827309,-0.18868195445409475,-0.061613862677698084,0.5173057172104069,0.7780659140189116
Ptuh,OG_02289,159.96955300158456,0.493183396405314,0.09543748535592528,0.24949514241990936,0.5678403166109666
Ptuh,OG_02290,875.1044125210349,0.5044747995280037,0.2897584310895897,0.039451109536105346,0.24706402815678952
Ptuh,OG_02292,457.3348028638306,-0.13599035149901298,-0.058881667311626695,0.5529794294441304,0.7978797568320762
Ptuh,OG_02299,33.28884561285553,0.7657359339668913,0.08822987646039143,0.1627354461909795,0.46692316489839064
Ptuh,OG_02300,95.4627209490024,-0.06303454639932969,-0.013430703785492043,0.8786632354365521,0.9518368666603513
Ptuh,OG_02293,93.74487739919196,0.5868808235688135,0.13667656831789265,0.14259794431648998,0.4429144058791119
Ptuh,OG_02294,20.844121939468174,-0.8633916306352541,-0.10057767517958656,0.1313066400618707,NA
Ptuh,OG_02295,33.41537534666347,-0.774233083277183,-0.16873239774195087,0.07119500868248599,0.32270091839094217
Ptuh,OG_02296,57.465291090356494,-0.335659770085173,-0.06076214403933138,0.4122805298898335,0.6994091435733784
Ptuh,OG_02297,241.52600616188263,0.09339679993569623,0.0396632936436931,0.6989106019419934,0.8787031147064651
Ptuh,OG_02298,725.966501332484,-0.593997334186558,-0.43817073092720926,0.006187556123318384,0.10363851400240576
Ptuh,OG_02309,1080.2464830889471,-0.4556006917547765,-0.3002912715694704,0.02988863315276796,0.21380269451609588
Ptuh,OG_02310,1990.4669953145942,0.8483594575031823,0.662478533951852,0.0011828349188002024,0.04892946827018439
Ptuh,OG_02301,93.84250837891032,0.6642011553937446,0.15916919729061094,0.09920522304386821,0.37456485403418605
Ptuh,OG_02302,224.18115721275578,0.4573908324470615,0.29416442963289086,0.034370874865948704,0.23035553461827815
Ptuh,OG_02303,121.0523163977531,-0.22708494432087736,-0.09453023719821275,0.36063438776219814,0.6620205838470787
Ptuh,OG_02304,1621.5052058911601,0.5059932740915964,0.39720661633828064,0.0049664712967455605,0.09394546721379304
Ptuh,OG_02305,759.5859121606863,-0.07466743488832404,-0.036829746305376304,0.762982577922159,0.9063537721867783
Ptuh,OG_02306,481.25739577792496,0.28766387939389854,0.1179280362223776,0.26989240140110515,0.5831044909354666
Ptuh,OG_02307,20.155408540738286,-0.9356514704107096,-0.22771030881017643,0.0365288521523622,NA
Ptuh,OG_02308,2048.7989086648945,0.09106043911377766,0.03183980651328499,0.7334740891723913,0.8931382221649411
Ptuh,OG_02312,17.95984822056527,-1.4990886347093253,-0.1293750850020462,0.023116084809106038,NA
Ptuh,OG_02313,106.96625129320303,-0.6526889588044757,-0.14702389448163303,0.10132824134583482,0.37806653141864205
Ptuh,OG_02314,627.1406047115123,0.4603192036274212,0.32932267144797833,0.01840528178574198,0.17204911497737324
Ptuh,OG_02315,158.71693791564638,0.23779086481056497,0.12464676384244194,0.25288625591125785,0.5699251534181963
Ptuh,OG_02316,442.06621306459016,-0.028411446559685326,-0.006129715277753165,0.9389074926885971,0.9731725165277146
Ptuh,OG_02317,6771.498289401164,0.3722355370485682,0.09100122449656707,0.30881589959959077,0.6178380328953046
Ptuh,OG_02318,628.1959315635025,0.020458668990952698,0.005067423636034021,0.9549961426286901,0.9797284805064748
Ptuh,OG_02319,195.5447725667316,0.054717471459075954,0.024523500973817978,0.8082229976170379,0.9238594034974917
Ptuh,OG_02320,125.20976314131367,-0.05285319582305753,-0.014391298485272215,0.8738664814176462,0.9497019113859592
Ptuh,OG_02321,15206.933216928845,0.7297856832713907,0.18391138163884957,0.04987611007389072,0.2741410529109903
Ptuh,OG_02322,38.50521489228375,-0.13981153396995752,-0.03136880805459738,0.7137789946733548,0.8847472485701956
Ptuh,OG_02323,6316.46963341313,0.5020752265325676,0.18109000391975968,0.10499839163919122,0.38416473149505037
Ptuh,OG_02324,814.6671923159076,0.13947155768096567,0.02678097254429338,0.7319681377554412,0.8931382221649411
Ptuh,OG_02325,305.9608162311588,-0.1327384304113003,-0.029443780513707336,0.7178091495174972,0.8859935025730503
Ptuh,OG_02326,183.84259010286672,-0.009145930983822227,-0.002300830243856061,0.9773883425724844,0.9892146749755419
Ptuh,OG_02327,903.8314203525,0.13216494057775713,0.04556779093369475,0.6196096931398587,0.8330032969235203
Ptuh,OG_02328,5190.807125516843,0.42416802338986737,0.22521212507431598,0.07456910425667293,0.3289562770637228
Ptuh,OG_02333,9.240143134084175,-0.9715724058865298,-0.028619253437823136,0.32746141924398614,NA
Ptuh,OG_02332,125.49936151509911,-0.8556222848909566,-0.4756380043152349,0.011539614324893147,0.14051918629703355
Ptuh,OG_02335,32.93687842811532,-0.6388215683135472,-0.16427444604327454,0.10629919020126995,0.3864266794474248
Ptuh,OG_02331,36618.11414685726,0.573510230277867,0.3247189863425367,0.030040546570461586,0.21380269451609588
Ptuh,OG_02336,75.32619111541177,-0.3838647422033568,-0.08581628141886898,0.3156735923050075,0.6238297537213768
Ptuh,OG_02337,266.73083640774604,-4.170937605565202e-4,-0.0035056696339963505,0.9989207820292283,0.9995092825488637
Ptuh,OG_02346,31.280660960712066,-0.06863225417347518,-0.014991532828017053,0.8532026497356476,0.9409606365655999
Ptuh,OG_02347,8.712068672596615,-1.3620920001973131,-0.10223832303246247,0.053187689919696635,NA
Ptuh,OG_02344,82.50936972755258,-0.1544179058580344,-0.019591148074775588,0.755295926153842,0.9032492613573337
Ptuh,OG_02338,742.1614940933302,-1.1900709079894867,-0.7561326230052945,0.0039210195133340545,0.08421623215698305
Ptuh,OG_02339,267.57910729126195,-0.08030034853511103,-0.031999039475431125,0.7595166319528819,0.9047293082541553
Ptuh,OG_02340,88.05500075981143,-0.5351818309302365,-0.19457595587759466,0.09387133797967533,0.3641641855291927
Ptuh,OG_02341,51.227623428406226,0.10479986623719033,0.012197887168011389,0.8419658854973268,0.9373463143899939
Ptuh,OG_02343,802.452851000427,-1.0021590657526795,-0.35766143638413717,0.010841196763111197,0.1388588882539069
Ptuh,OG_02345,48.13305514584727,0.3145111111300391,0.04668351554768182,0.5023936592852426,0.7692947359319979
Ptuh,OG_02348,59.96838190249911,0.12028816630013223,0.032801113265495355,0.7115678533179357,0.8840237029238179
Ptuh,OG_02349,736.6350207456428,-0.11783803213854828,-0.04848029862977852,0.627717002235578,0.8373312016478052
Ptuh,OG_02350,166.43493997917372,0.35576172690550745,0.20323683865044775,0.09397084323890947,0.3643837446506024
Ptuh,OG_02351,1821.9443680745571,0.21723909570726044,0.08956385769602043,0.3855860719196169,0.6775044216614021
Ptuh,OG_02352,2224.0842014064297,-0.05532565065958122,-0.028362075929165755,0.7777133498349749,0.9132713569253074
Ptuh,OG_02353,212.19316893389697,0.16293600364525596,0.036975456420777895,0.6634264799448932,0.8577676107935495
Ptuh,OG_02354,572.2074931426309,-0.25443984577714673,-0.12774121519092538,0.2504038749128083,0.5685640924490823
Ptuh,OG_02366,1857.2605299165223,-0.8688048907419145,-0.3175718020502852,0.02259715003968104,0.1883082675826787
Ptuh,OG_02355,23690.947834787374,0.5340489370518395,0.2499311215698496,0.05655485335315202,0.2904583263754165
Ptuh,OG_02356,124.87184992478488,-0.39805538474889157,-0.13752613395291902,0.1949094889252253,0.5095397578693818
Ptuh,OG_02357,147.71142893306066,-0.5149279182415394,-0.29534483311458665,0.0346956239301469,0.23163147674120083
Ptuh,OG_02358,647.9128409941916,0.1888164414458733,0.0584615232333697,0.5317669348964569,0.785691458137158
Ptuh,OG_02367,471.0290968394776,0.20804011486091295,0.13261092221789536,0.19765502355194095,0.5109547823449262
Ptuh,OG_02359,89.99320595146649,-0.335306593631221,-0.06816017772437284,0.3983047695719496,0.6872241931779451
Ptuh,OG_02360,100.82934424002018,0.08303343544116341,0.01773942039121555,0.8267676189763553,0.9320701826427676
Ptuh,OG_02361,238.5705865694157,-0.07838095202898684,-0.021137495557128686,0.8111442904383896,0.9239754948897123
Ptuh,OG_02362,149.4861472676155,0.6140973333423886,0.24562275471926734,0.05420677737285009,0.28529995096056177
Ptuh,OG_02363,128.2406236163265,-0.6037098999777027,-0.4033793392715911,0.012811591226240033,0.14850553797742064
Ptuh,OG_02364,202.2364729056049,0.5587141693716319,0.1299152759469761,0.14915178175837995,0.4510672830100294
Ptuh,OG_02365,325.9207114527281,0.42723566939730007,0.11665715104165959,0.22268002735505868,0.5420789666903933
Ptuh,OG_02369,456.55890196387776,0.27406655681864917,0.0699489197207338,0.43761726661904804,0.7170423526192874
Ptuh,OG_02370,641.9639158097309,-0.26991536411641287,-0.1832382550525784,0.10670842453925523,0.38648719954594024
Ptuh,OG_02371,560.5209783346958,-0.14068345605597807,-0.07374664693970345,0.47977213465567764,0.750179518964466
Ptuh,OG_02372,312.38933029227337,-0.8410272014935444,-0.6637312263155576,0.0010679504289141512,0.04798431239332789
Ptuh,OG_02373,349.85970376366447,-0.11317614913970443,-0.041765771051770165,0.6627794133939114,0.8573225862210353
Ptuh,OG_02374,425.18665595244835,-0.41091801714620646,-0.09752616885850648,0.26910871527322483,0.5825240859361362
Ptuh,OG_02375,1636.942001431732,-0.26937622840474684,-0.15469256026241696,0.17194974482072053,0.4789102108945749
Ptuh,OG_02377,880.8935018910771,0.036621964903419735,0.018419170922390808,0.8521289805632496,0.9405987124939759
Ptuh,OG_02378,821.7782273985882,0.035576283873146174,0.016772313090384953,0.8619000954603823,0.9453959714091406
Ptuh,OG_02379,3041.9451811108383,0.4326167466113595,0.3258132442238313,0.01346377556011617,0.1520404016708863
Ptuh,OG_02380,732.1620710426308,0.20353837083130316,0.11415422209627644,0.28067471122432913,0.5932029984362874
Ptuh,OG_02381,119.78905059527082,-0.3457012466569894,-0.08539598810643445,0.33488219260695606,0.6431070962501743
Ptuh,OG_02383,31.84103750838105,-0.06329275103356513,-0.009238108505515482,0.8919319455208693,0.955987136357847
Ptuh,OG_02395,6466.794826697339,-0.28701433831943746,-0.09826589678722289,0.31835498799433154,0.6259570034833021
Ptuh,OG_02399,57.42418211987018,-0.2721846890095107,-0.056498389752899995,0.482810894295327,0.7522312296716064
Ptuh,OG_02400,78.87265661058952,-0.2366916151405897,-0.026367297918119894,0.6663137257752196,0.8590768070928865
Ptuh,OG_02384,66.32385431674224,0.2439682901803309,0.041704686266971214,0.5802623129576439,0.8116186884059283
Ptuh,OG_02385,23.189904298282606,0.7965377812878461,0.06694531571493015,0.22538438335310054,NA
Ptuh,OG_02386,28.63529421887928,0.68251488165122,0.10577513257343929,0.15382448195107867,NA
Ptuh,OG_02387,361.1270701667119,0.35707560215904083,0.13889104979310393,0.19534057091477058,0.5096088222271623
Ptuh,OG_02388,527.7104462303937,0.7225585728389199,0.6151753570626195,2.601732277550336e-4,0.02584846330952673
Ptuh,OG_02390,228.41250514401517,-0.495991353220538,-0.24447582483834404,0.06288075455643886,0.3054852785432116
Ptuh,OG_02391,103.82709804412583,-0.04025529722386718,-0.015152896224491941,0.8661492266106519,0.9468921109055517
Ptuh,OG_02393,53.57822485795476,0.22466456759137388,0.0262317298935113,0.6742324124495047,0.8654143963907488
Ptuh,OG_02394,658.3487748869882,-0.5348902793466697,-0.22878355160597694,0.06533044035254906,0.31099039808215073
Ptuh,OG_02401,45.72742976309832,0.6374762716978475,0.16412553163308954,0.09818767429070621,0.37207038379146684
Ptuh,OG_02402,351.9485516506155,-0.32180236283757396,-0.1655424266120206,0.15184088884308689,0.4554604831916584
Ptuh,OG_02403,3889.049436560257,-0.5160491594642302,-0.14804042654148736,0.13850128709667517,0.43720494676709776
Ptuh,OG_02405,12.197295031668897,-1.571271688910783,-0.13985667326790777,0.01595154828800768,NA
Ptuh,OG_02404,1377.7308456876654,-0.39040062577932516,-0.20538038237288603,0.09365543010978428,0.3641249792661517
Ptuh,OG_02406,5050.693679900357,-0.08482756432800137,-0.0373714392281285,0.7050503555582543,0.88039646054953
Ptuh,OG_02409,75.85114428377376,1.1178625950221333,0.6748064002863613,0.0063100238419845096,0.1048997630432468
Ptuh,OG_02410,9.81235522212238,1.4109054295391905,0.07536328007497448,0.08995749435155238,NA
Ptuh,OG_02413,53.97024345040709,-0.6304088508644017,-0.17387626945899837,0.09263875069915051,0.36315956225301094
Ptuh,OG_02411,81.86017580073131,0.5650396951731869,0.1367908031059197,0.14298043870171373,0.4431349946915887
Ptuh,OG_02412,101.10065505320125,0.6906032113522482,0.35878359480122873,0.02298216526332082,0.1891445540413192
Ptuh,OG_02415,79.29573061656495,0.05313825663263662,0.009900689708793433,0.8953163579138456,0.9578012737974775
Ptuh,OG_02416,240.92348683694172,0.35334758524576476,0.16111766407015968,0.15843109894526802,0.46203760125225074
Ptuh,OG_02408,30.14667875306611,-1.1278809644691525,-0.3695400924512902,0.019361013353740252,0.1749082185105981
Ptuh,OG_02407,500.86428594243534,-0.48064397610041254,-0.3474889329718478,0.01444969348198325,0.15731640647307918
Ptuh,OG_02421,38.53802162637354,-0.1448518924103508,-0.026033217784747712,0.7334839803789801,0.8931382221649411
Ptuh,OG_02417,276.2850257299966,0.21116761288643007,0.06078668795443936,0.5028348345682196,0.7694308591605924
Ptuh,OG_02418,848.8478876145181,-0.08272557438575855,-0.03329517837170778,0.7339896417654017,0.8933696485411768
Ptuh,OG_02419,36.144780762849024,0.6410514734668591,0.20140901085917132,0.07206503593254103,0.32500068249555947
Ptuh,OG_02420,4002.454482869125,0.3918322369258198,0.19502701014849994,0.10477758167600333,0.3837925713184735
Ptuh,OG_02422,1564.025377627332,0.4508942495394015,0.19221326724512192,0.10389496374095851,0.38217838704085866
Ptuh,OG_02423,180.74836827648033,0.786387620900015,0.40895424302235706,0.018236263710256703,0.17176255630446305
Ptuh,OG_02424,104.05422332423801,0.4850007733129299,0.062149614284448304,0.34070003949749816,0.6482690422166153
Ptuh,OG_02427,947.2233454309506,-0.49765965632101505,-0.31176869443705946,0.03178274253343778,0.2209640277438994
Ptuh,OG_02428,269.8320788628632,0.027467228260930395,0.008255126266385708,0.9364840857662724,0.9724410438159923
Ptuh,OG_02429,230.56439118757257,0.23184713005765417,0.07056213780987998,0.4560338597720059,0.731653039331924
Ptuh,OG_02430,111.02632017582997,-0.2953307761098737,-0.036599148262639006,0.5110033091526545,0.774731023986521
Ptuh,OG_02432,1164.530673544183,0.03862660942266056,0.016373878643592014,0.8716871035803236,0.9486527530089669
Ptuh,OG_02433,304.1293675486526,0.6937589650818918,0.5054753528331519,0.004787093571500524,0.0934494630394692
Ptuh,OG_02434,317.8650885907139,0.1264078690109178,0.05403686620524957,0.5932551771565011,0.8187451786350303
Ptuh,OG_02435,909.7662491135745,0.6197593723083491,0.3531288340550485,0.02261827990277111,0.1883082675826787
Ptuh,OG_02436,184.83781117408176,-0.14146295413477053,-0.05762055609906547,0.5702647135873629,0.8063171656451391
Ptuh,OG_02441,214.77664186513806,-0.09579118964368658,-0.038519696070557344,0.7004442869338096,0.8789970274334138
Ptuh,OG_02437,126.1974177420721,0.7680278712454996,0.4172985007340109,0.015890295905610776,0.16163723676793554
Ptuh,OG_02438,27.09947768991132,-0.027248376570927945,-0.0035858799648102887,0.9552342141264915,NA
Ptuh,OG_02439,1154.9611692061876,0.482389673995965,0.047763543852839124,0.4064194876407205,0.6962506130815006
Ptuh,OG_02442,309.84812802364763,-0.19993237658755675,-0.06196239413330658,0.5052861642742987,0.772159457804093
Ptuh,OG_02443,111.39790240604437,0.3027779945037326,0.04824607804229543,0.5075271015034093,0.773211601562423
Ptuh,OG_02444,250.2011544840914,-0.09777424850054978,-0.04321745884698399,0.6747362978023846,0.865667226952971
Ptuh,OG_02447,46.43812281371621,0.09205493522425141,0.02833801267613042,0.7601855190484341,0.9051451805607547
Ptuh,OG_02448,611.7670355441217,0.17422800321664056,0.07462882528025562,0.4790919779412591,0.7496223092276508
Ptuh,OG_02450,42.230233555623634,0.3416760213928913,0.10345294261199746,0.291590132238919,0.6021199808668412
Ptuh,OG_02451,734.054289494746,0.024323461539427316,0.008348850558652048,0.9383126396605947,0.9729701106332052
Ptuh,OG_02453,223.58204401350682,0.18408655492154125,0.083562058485172,0.4167420068580866,0.7023062184511165
Ptuh,OG_02454,14927.382553812977,-0.515520243964227,-0.2438093899410769,0.061273529984646115,0.30174419564108657
Ptuh,OG_02455,253.0382704108837,0.34309810526845863,0.12389538039238908,0.23584330400286954,0.5564827278667319
Ptuh,OG_02456,105.37427677803878,0.18105073408410155,0.07843766826897493,0.4523833716379229,0.7289638694400837
Ptuh,OG_02457,372.1494195942281,-0.33361291499482143,-0.09178927708631547,0.31298196590070565,0.62161050355403
Ptuh,OG_02459,27.846003013081948,0.4859020238493961,0.08672836766353298,0.2704163585775714,NA
Ptuh,OG_02461,74.73842728081104,-0.27061739082304676,-0.0742941589022285,0.4036668416843337,0.6934256630665956
Ptuh,OG_02462,351.1915642574256,0.0913331983465555,0.032934823884749546,0.7240272490818377,0.8891482957535889
Ptuh,OG_02463,529.5324333916177,0.27231600851530396,0.08427468985881381,0.37179167635504057,0.6699752606644296
Ptuh,OG_02466,54.90557911051898,0.6325538076914597,0.37021324131993194,0.022294115707497477,0.18644420304434658
Ptuh,OG_02465,3719.2817576899265,0.2795812113760304,0.18464059794690277,0.11008911095288834,0.39230996989208283
Ptuh,OG_02467,660.788008813285,0.40671182454804095,0.30868278854391434,0.016119182477979173,0.1625701871769586
Ptuh,OG_02468,95.46778383195678,0.9015598652746356,0.6417920559324074,0.0037224509946052736,0.08252333828193979
Ptuh,OG_02469,788.443997461875,-0.02714821467770131,-0.0030248683883497586,0.952647296035395,0.9788119586125317
Ptuh,OG_02470,215.9153024758117,-0.4125996853550321,-0.20871193425064277,0.09007516103762599,0.36064039016101834
Ptuh,OG_02471,98.26229915091096,0.4202213989381072,0.07490038807740422,0.3322753273040688,0.6415830103379154
Ptuh,OG_02472,665.4287241833249,-0.4814141705275539,-0.14355759141873126,0.21185807726886985,0.5285249095673451
Ptuh,OG_02473,1158.3363057394802,-0.9797789696599993,-0.24785398152293545,0.0196640524223459,0.17561884563965882
Ptuh,OG_02474,8635.884938808287,0.5907229590766042,0.21639297260212836,0.06706363452351512,0.3151656803396184
Ptuh,OG_02475,189.12810924707136,-1.5550397726060845,-0.04271657353145387,0.1138644847115651,0.39824431802743443
Ptuh,OG_02476,1005.129836094548,-0.1464894615476861,-0.059661267010235074,0.5492204872326605,0.7956295424052803
Ptuh,OG_02478,31.06412463515432,1.35546960807072,0.8815973670146351,0.0032444231151532834,0.07739225026371259
Ptuh,OG_02479,18.38889372150398,0.6322001410719894,0.0944356548449816,0.20398493141572194,NA
Ptuh,OG_02480,50.50161115958978,0.18590515387784207,0.03564661661075419,0.6448753438342689,0.8459783177369915
Ptuh,OG_02481,281.8552849925419,0.6968713070796152,0.46028199294755123,0.008492835720713287,0.12370696559227655
Ptuh,OG_02482,424.34787371022725,0.05232427560974986,0.026878110488352907,0.7827829856221553,0.9142083358061531
Ptuh,OG_02483,213.6403342452699,0.6035228135403232,0.13220956481790971,0.13894905032488156,0.43749073938538957
Ptuh,OG_02484,160.1810849985268,0.11333982681356121,0.01508196818911004,0.8094759989633593,0.9239632798445624
Ptuh,OG_02486,1422.2279815756706,0.14185982725305757,0.024280920087419847,0.7388359963994691,0.8959860839867438
Ptuh,OG_02487,530.6501376017621,0.06477039528722738,0.010240474861494117,0.8820239725989681,0.9528906030310639
Ptuh,OG_02491,34.85065765623899,-0.7609982259566109,-0.28942276398104233,0.03669045091959699,0.23893812055921596
Ptuh,OG_02492,85.16504447688028,-0.3854188691437337,-0.11810443241704024,0.2347182475257816,0.5547986515632668
Ptuh,OG_02488,2189.6026327594054,0.09395763750772806,0.028547046918418615,0.7485690222616272,0.900275901012001
Ptuh,OG_02489,142.49585228757843,0.07183836818031877,0.026769808731048842,0.7987823720817695,0.9197640547414762
Ptuh,OG_02490,1316.8288696317627,0.654440786120407,0.4986362261386436,0.004425098867021486,0.08975815366213774
Ptuh,OG_02493,43.34479812792655,-0.26999940909949605,-0.036117563350046865,0.5806962459288147,0.8116186884059283
Ptuh,OG_02494,49.001184731529655,0.8662721683204084,0.17884785052629926,0.05007349690353187,0.2745152586861153
Ptuh,OG_02495,23.648931420154252,0.6406685591460872,0.055799711252162196,0.3086535962704452,NA
Ptuh,OG_02496,832.7253654044105,-1.0061030907085358,-0.8305500778966012,3.2874456005116864e-4,0.02908019587452629
Ptuh,OG_02497,2308.8805037825305,0.13355593874611468,0.05014066508627308,0.6094430614707493,0.8274479877438392
Ptuh,OG_02498,116.64374931511833,-1.0686341282067071,-0.11144184591245618,0.05503776782954409,0.28769949689649005
Ptuh,OG_02499,195.4411470169341,-0.3374370836927131,-0.07252978507970272,0.383220824846446,0.67628016012931
Ptuh,OG_02500,29.044178281848364,0.9508187281652909,0.09982222664645257,0.09120076133880682,0.3608868120598932
Ptuh,OG_02501,658.7999951520675,0.3131271841618026,0.1685502759247232,0.14538745575018402,0.44611376472224956
Ptuh,OG_02503,425.37017266289695,0.5092932086436642,0.4008107776022594,0.004761089235975413,0.09337452607829841
Ptuh,OG_02502,51375.53765183231,0.3298086926155174,0.16268888908703175,0.1591480341317654,0.4631317407445721
Ptuh,OG_02504,377.70756864178105,1.2804772272138898,0.9170643466765567,0.0014645483157459537,0.05206672967370368
Ptuh,OG_02505,312.72135775938926,-0.15578491245106182,-0.02216049400315526,0.7509286864878522,0.9010349759838927
Ptuh,OG_02506,388.81883294664567,-0.18179016019688163,-0.087109082719997,0.3960472942302141,0.6857060700598993
Ptuh,OG_02507,201.88279700653788,0.10459421909008189,0.04291718855247663,0.6723225749074877,0.863436952111001
Ptuh,OG_02508,437.26505339392037,-0.5570500533847286,-0.24679555150534174,0.05760144209694724,0.2936083110968043
Ptuh,OG_02512,32.617506189255714,0.04824576168032745,0.004058877087877801,0.9471246393913013,0.9771590237494183
Ptuh,OG_02513,688.3641972096195,0.20485933639880183,0.14948171798657975,0.14107321478965026,0.44060086060820525
Ptuh,OG_02514,82.18578853237045,-0.34686195970143363,-0.1280051701151302,0.2251879605556296,0.5443484659944225
Ptuh,OG_02511,1108.679300602613,-0.2914074314366481,-0.09270060681415869,0.3312629120586395,0.6406738300012884
Ptuh,OG_02517,1742.741128018208,-0.440466367361748,-0.13197841697638366,0.18612050067290067,0.49577644031187973
Ptuh,OG_02516,659.448495728535,-0.5853266356263834,-0.3265818395964559,0.02866103456236898,0.2116430482640325
Ptuh,OG_02519,157.69025929677323,0.4216908517272492,0.12097450873629853,0.21236211847579825,0.5290053124366321
Ptuh,OG_02520,379.38243225918393,0.21157752464333254,0.11043309585363872,0.30585874357813525,0.6153320962605239
Ptuh,OG_02521,9.732865702020396,2.6180535958049016,0.14747172966367955,0.0012815740193629485,NA
Ptuh,OG_02522,55.11781302166271,0.5478884867563549,0.10881461654749497,0.18364578670755471,0.49308993542109414
Ptuh,OG_02524,172.79940792389684,-0.7092138161054437,-0.30923518523386995,0.029933387123257178,0.21380269451609588
Ptuh,OG_02525,11.715741989116196,0.9844353557872066,0.039579365303145715,0.2723339241849391,NA
Ptuh,OG_02530,241.85458696738436,0.9280361990841088,0.42791269164325607,0.014206091445073938,0.15621208354410435
Ptuh,OG_02526,138.14533943758408,1.2211883371518617,0.7368283268960513,0.004315413540468925,0.08887446356634063
Ptuh,OG_02527,115.58990564688902,0.5663925890079051,0.13538443805460712,0.13584084400519977,0.43366934108727684
Ptuh,OG_02528,61.33208372680819,-0.28200656340307345,-0.07428299895598124,0.4037906877885108,0.6934256630665956
Ptuh,OG_02529,16.1589227693129,0.11894046068704316,0.007825259182711484,0.8680974520891572,NA
Ptuh,OG_02531,223.57611462273212,0.11171905779033847,0.044343344902321676,0.6530491657466899,0.8510886303745995
Ptuh,OG_02532,16.723106258635422,0.4023905889491187,0.03679679147734961,0.4736445313279148,NA
Ptuh,OG_02537,121.49570307758651,-2.5086124558359266,-0.19504971431292487,2.6864891676687457e-4,0.025924620468003395
Ptuh,OG_02533,278.2931043133864,-0.30551895673029383,-0.17464025589802945,0.13279342349724962,0.43041288257200144
Ptuh,OG_02534,45.0821997609327,0.16421762308218443,0.026204733505478712,0.7149668793187598,0.8849219888892484
Ptuh,OG_02535,745.8470498144171,-0.3077445314025665,-0.06383431820064496,0.43238629629647374,0.7133446684167942
Ptuh,OG_02536,53.97832810237292,-0.1495211841102442,-0.02670124026627308,0.7166141449056762,0.8851617917874913
Ptuh,OG_02539,143.38119394094574,-0.03132486395809158,-0.01641277113713749,0.8707658009699966,0.9482615006203142
Ptuh,OG_02538,333.03950386629646,0.05783472687642065,0.02738989328709232,0.7876371350034264,0.9161230722434045
Ptuh,OG_02540,1989.8048278209014,-0.35313392882109546,-0.11079630461852849,0.2565302951100912,0.5728148764315621
Ptuh,OG_02543,289.76775662687066,0.3731501483818465,0.131241082980616,0.20963213226017446,0.5260626675985229
Ptuh,OG_02541,973.9489906761515,-0.6071195000701352,-0.42770052488975047,0.010914108447550893,0.13894457363670248
Ptuh,OG_02544,19.807244058659347,-0.6321068922521335,-0.029154624716158824,0.43252431920572876,NA
Ptuh,OG_02555,51.19783528664381,0.4428583083580833,0.05966010385061022,0.3686576400475867,0.6680066762395542
Ptuh,OG_02545,157.58101557543986,0.4182754342075635,0.09928405801357827,0.2681299366558064,0.5819962185324692
Ptuh,OG_02546,218.87899900401064,-0.45065656238239904,-0.2027350662890669,0.09829172568421074,0.37229854349255914
Ptuh,OG_02547,458.3395235538161,-0.7390929710214241,-0.2700492832157195,0.030584912757908627,0.2160791007821631
Ptuh,OG_02548,186.63246184521824,-0.24584976280751755,-0.03945209161085178,0.5772027868152465,0.8099923441639509
Ptuh,OG_02549,332.33354613456095,0.5353544216490986,0.39258358945214955,0.009471130321372234,0.13035468182997248
Ptuh,OG_02550,1640.494321609865,0.8428341388086207,0.591058999185866,0.004322321414613598,0.08887446356634063
Ptuh,OG_02551,425.9924805612807,-0.31654606793453655,-0.1736922348282219,0.1337911333863535,0.4318336391930498
Ptuh,OG_02552,607.5473299982925,0.006343437359173937,2.624827424149893e-4,0.9774079142756249,0.9892146749755419
Ptuh,OG_02553,466.56295508639874,0.34744592291235155,0.1587697642483769,0.15958524789908665,0.46347398261253214
Ptuh,OG_02554,62.06515834832657,1.2321456907670194,0.4138104987034111,0.0102490171497769,0.1355679963176097
Ptuh,OG_02563,141.07772139693276,0.6222257801089038,0.14966500461749765,0.1181745838359334,0.4057808117838351
Ptuh,OG_02564,701.8588103685045,-0.32057228894972084,-0.16052582213687483,0.1589455187083093,0.4631317407445721
Ptuh,OG_02565,1610.6693691150888,0.2206527182893939,0.09514137173689573,0.3401128939145439,0.648023041310816
Ptuh,OG_02566,115.87629000215405,-0.04835016315138285,-0.018612536923618854,0.8607011422482117,0.9447502674228769
Ptuh,OG_02557,81.99433947778519,-0.21091630823084187,-0.05820732791435739,0.525513861995967,0.7830608380540008
Ptuh,OG_02559,59.10399100165226,0.22616809128969936,0.0383332718202509,0.6034114616365998,0.8234244146260654
Ptuh,OG_02560,23025.563855841465,0.639655663619394,0.33737627660445957,0.027894793868048103,0.20779174519953025
Ptuh,OG_02561,329.5162721114438,0.19092736791153142,0.08946840544917813,0.38817100110563424,0.6795698176628987
Ptuh,OG_02562,3743.0498647569702,-0.26420742563399147,-0.0965842180521257,0.33942919310034936,0.647010708823382
Ptuh,OG_02568,151.89694788701587,1.2173949133858353,1.0267457905104818,1.5463592908932953e-4,0.02084394142581883
Ptuh,OG_02567,1163.7351535863509,0.3621842796073509,0.27374719344091425,0.026716567018897304,0.2029312049413917
Ptuh,OG_02569,42.21558173823266,0.4734612675864771,0.17552344372361092,0.12622078581395793,0.41951738283057954
Ptuh,OG_02570,97.80589968000972,-0.41848969866070995,-0.10588564883499015,0.257461853397454,0.5728148764315621
Ptuh,OG_02573,197.92257802323167,0.14364912220882242,0.04747752757847897,0.618129367802307,0.8324068354807249
Ptuh,OG_02574,196.62574535583124,-0.04075800710918972,-0.01102552778978483,0.8977321267581058,0.9585528462114007
Ptuh,OG_02575,1871.1436397646512,0.612289758067042,0.08954602250835746,0.1763802009291672,0.4850455525552098
Ptuh,OG_02571,1042.2129091564047,-0.3280163013353065,-0.1326944658673618,0.22111036953998023,0.5405545818070758
Ptuh,OG_02572,368.7148386298786,0.31260316235788577,0.10569029141406845,0.2738702312105817,0.5870111198890549
Ptuh,OG_02576,1426.4479739935964,0.5211368645486385,0.2246809754943457,0.07082176039206911,0.32213089943730633
Ptuh,OG_02577,233.61830255807968,-0.030113846682075816,-0.01429188334226163,0.886361226808515,0.9532127705157675
Ptuh,OG_02578,95.4701181181696,-0.2731454171147912,-0.06688944957578892,0.4312686493678533,0.7130711391027669
Ptuh,OG_02579,15.991000651502437,-0.2778802526495535,-0.027018150532812497,0.636846430282155,NA
Ptuh,OG_02580,642.5118108338389,0.18966018512035288,0.052835372136995656,0.574076173473163,0.8085772789559122
Ptuh,OG_02581,63.92764592983549,-0.3875656792363435,-0.06883347099880671,0.36241285216353214,0.6634209830939244
Ptuh,OG_02582,811.6551157061184,0.2699562270725346,0.11318114788953756,0.2567208961955878,0.5728148764315621
Ptuh,OG_02583,951.0587750778394,0.27208014683131704,0.08102005025603354,0.37056538801849864,0.6689709518508595
Ptuh,OG_02584,117.16521198858344,-0.2519018622138975,-0.12693193397388625,0.25345483902391197,0.5700048975082257
Ptuh,OG_02589,153.4363698585602,-0.3479767212687271,-0.13296195494516988,0.22053610147507113,0.5399391827847256
Ptuh,OG_02591,217.07772335751645,0.02636640668799428,0.007317124412077925,0.9282642449314162,0.9704321024199909
Ptuh,OG_02592,603.134219819326,0.13447271690320295,0.08182413772821105,0.4245579864386905,0.7090529448825407
Ptuh,OG_02593,123.45441157165875,0.3384283169861286,0.12177990635392451,0.24539540224756773,0.5656617144099743
Ptuh,OG_02594,98.98136709755134,0.6581942830784331,0.18579357504100966,0.07162552774235642,0.32405113563563703
Ptuh,OG_02595,342.96904132318554,-0.6627621243575027,-0.386799624331282,0.021235017108996453,0.18141626286679868
Ptuh,OG_02596,1135.7628850377232,0.16061893102064562,0.03226303664912593,0.6521461229291758,0.8505644103693074
Ptuh,OG_02597,51.02858123439787,0.248411617571687,0.08757154236915433,0.38006032625263764,0.6752034080622172
Ptuh,OG_02598,1554.254138639667,0.49102417523103264,0.31848555061728673,0.029364179103494554,0.21360155324932356
Ptuh,OG_02609,218.0797521224776,-0.020547053967501464,-0.006841849937514958,0.9507531583296762,0.9782861772126027
Ptuh,OG_02599,952.1037243948904,0.48281214887840085,0.14717951346308578,0.15382406186864417,0.4576993459665474
Ptuh,OG_02600,176.8613741175209,-0.02900398311701072,-0.008359248599214547,0.9360810111859351,0.9723964881072098
Ptuh,OG_02601,202.4537953881165,-1.2085628983344021,-0.9518212148412674,6.230836673690515e-4,0.039471710381856914
Ptuh,OG_02602,3638.2133409378225,-0.5199852602405006,-0.08504659250488623,0.23713493824059648,0.5585668412272942
Ptuh,OG_02603,85.64338951435772,-0.4592690353491959,-0.060800458546757086,0.35138318488043957,0.6569674165576163
Ptuh,OG_02604,125.0021973176485,-0.7299167447615377,-0.5724119338786163,0.0019113518415847523,0.06011555495828784
Ptuh,OG_02605,842.5894556422313,0.35161581081791365,0.14237764668896283,0.1948236856050399,0.5095296391000921
Ptuh,OG_02606,311.9562446567132,-0.5061312565730468,-0.23277744792301666,0.06897015995647691,0.31822914785507395
Ptuh,OG_02607,2350.4851940509784,-0.3679863082826232,-0.14297476379235088,0.18351493261111132,0.49308993542109414
Ptuh,OG_02615,82.09361598723034,-0.07076890128380177,-0.00942141035343073,0.8807112773872888,0.9523487241127865
Ptuh,OG_02613,38.211705207654845,-1.5055064162709308,-1.1069295331224955,8.444391921763462e-4,0.04399372772982535
Ptuh,OG_02614,93.6751858156775,0.08123661413763845,0.02024054472383278,0.8148205357806556,0.9262993292970988
Ptuh,OG_02611,1016.6355162629491,-0.783390158812367,-0.3904005628809746,0.01814746520641521,0.1714218849086518
Ptuh,OG_02612,256.43007317220787,0.018201061584346687,0.006163837364813405,0.9361855586903003,0.9723964881072098
Ptuh,OG_02618,31.722603603185178,-0.2943670491028672,-0.0700372940952461,0.42654996965033254,0.7101687265404986
Ptuh,OG_02617,91.34442771129669,0.6916359456745707,0.38550179888266395,0.019008503007803195,0.17425109258901378
Ptuh,OG_02619,25.969650327354664,-0.8724442900826119,-0.10309039439905475,0.10569663206550692,NA
Ptuh,OG_02616,657.1875734134419,0.5617384565167295,0.3846722572197549,0.013172931325608369,0.15055791765419418
Ptuh,OG_02620,1075.4557234782726,-0.14461909465776357,-0.07873677716107629,0.4485504329835918,0.7265096847027774
Ptuh,OG_02621,96.91255260542752,0.15329693977226874,0.029633106787139898,0.7072537741814428,0.8811640505224052
Ptuh,OG_02622,360.99793563584853,-0.35564352206697086,-0.071790345839209,0.3659808275922009,0.6660539463282626
Ptuh,OG_02623,502.0252891875751,0.014551848890429198,0.002422734553872792,0.9693210221570037,0.9855257859068948
Ptuh,OG_02624,94.4652708149363,-0.3477429630871977,-0.0660951890877057,0.3848174675629332,0.6772350612944131
Ptuh,OG_02626,47.36839748981179,-0.6035185929344787,-0.17513371284679902,0.09667925461866989,0.3687519766293662
Ptuh,OG_02625,271.0113940319494,-0.00194150540692818,-2.183477542239903e-4,0.9882846749534895,0.9947595606649756
Ptuh,OG_02634,40.196766859449866,-0.5587579808196127,-0.12229987155995417,0.1601716012879892,0.46454361730219673
Ptuh,OG_02635,110.5227452348193,0.3920958300115895,0.09049823974399286,0.29289214769114014,0.6034061422108593
Ptuh,OG_02636,322.3238369082027,0.14493091699673724,0.0800073467575539,0.44409910518840356,0.7225265584059174
Ptuh,OG_02637,778.3594194843155,-0.6992128131429127,-0.3068815426564157,0.02760354541631777,0.20652802438358633
Ptuh,OG_02638,89.20587617998169,0.12129180315914949,0.030670116074778587,0.7308868463419508,0.8929206012280025
Ptuh,OG_02627,1036.8636022543244,-0.44096553059903393,-0.29524923438867373,0.02954232036929633,0.21379476593718907
Ptuh,OG_02628,69.4022351737536,0.6665187139839144,0.3526343065221968,0.026877200600132222,0.20352182352699616
Ptuh,OG_02629,21.08946166484598,0.4642208766017678,0.09289076808426724,0.26633198303431505,NA
Ptuh,OG_02630,213.53312398743446,-0.4973035911296074,-0.2728211253834511,0.04561848331990815,0.26210565653089307
Ptuh,OG_02631,162.60570192669874,0.0026371602428329837,0.0025259641398309514,0.9933774367711274,0.9965459176680939
Ptuh,OG_02632,45.264056988099675,-1.3390266319634074,-0.10301147966068351,0.035088898290923855,0.23261014369108976
Ptuh,OG_02633,730.7518538182082,1.276462771007599,1.003945987150763,4.6598644976593537e-4,0.03441006027315063
Ptuh,OG_02639,501.88870473396844,0.10747695849247658,0.04683890036446611,0.6427197256112932,0.8457464278051992
Ptuh,OG_02640,343.74742256409513,0.427630348932644,0.09185940949464372,0.2582439320214796,0.5728148764315621
Ptuh,OG_02641,160.31789758430693,-1.807041276028193,-1.541172852406699,2.570716809239196e-5,0.009096052976691355
Ptuh,OG_02642,72.38994912431545,-0.03694180396592365,-0.0057455665011077114,0.9356893370670154,0.9723964881072098
Ptuh,OG_02643,296.9327708923888,-0.11756246560539611,-0.039039940196850184,0.6745935531290821,0.8656162667229019
Ptuh,OG_02644,346.4621384934244,0.22448832129402194,0.11361582494216607,0.29214494192338664,0.6024513955350653
Ptuh,OG_02645,343.948023243434,0.3116084992337374,0.11841023351189357,0.26786316851160386,0.5819962185324692
Ptuh,OG_02646,202.7098858913251,-0.02244914748643313,-0.005655641824544928,0.9445347297417193,0.9763237393294104
Ptuh,OG_02647,130.25008937003773,0.3070463694033142,0.10559586565323255,0.2981128380157165,0.6075292105662261
Ptuh,OG_02648,241.8357769584008,0.4761264038142134,0.1417949181572207,0.1566847986991875,0.46057493535819793
Ptuh,OG_02649,1861.9091264966276,-0.6493112835383605,-0.5021883348861258,0.0029955878875227646,0.07438927137848335
Ptuh,OG_02650,3424.7342161545694,-0.8239511167091207,-0.39588527721593186,0.01646878349918427,0.1639030057967439
Ptuh,OG_02651,39.867272820803805,-0.34977305255025937,-0.062246973222270796,0.42144819980621906,0.706346754040226
Ptuh,OG_02658,321.2701189532137,0.043132773012130476,0.013595670276920347,0.8832849017026645,0.9530947122311343
Ptuh,OG_02652,541.5361094773909,0.04951196907583216,0.02029163560093387,0.8669550446060589,0.9470882162804714
Ptuh,OG_02654,940.0448137866424,0.11160614798543403,0.06813969290059585,0.5108927200671436,0.774731023986521
Ptuh,OG_02655,296.0434152065963,0.21828106067776523,0.11295334144551505,0.2903694497736073,0.6012625501829506
Ptuh,OG_02656,144.75686639101667,0.16421440585172692,0.038296844530547644,0.6462593111460756,0.8466348271968478
Ptuh,OG_02657,188.5247523409096,-0.1872055920585012,-0.06231562455524002,0.5141040225804502,0.7770405162497466
Ptuh,OG_02660,45.059467122907236,-0.3616456913555299,-0.10291993471561212,0.2836691221117153,0.5956770981633744
Ptuh,OG_02661,616.6402724127566,0.22039325262473503,0.06184687706483002,0.4997805333841094,0.767399467003827
Ptuh,OG_02662,418.4188530744074,0.30590377892154236,0.16830579752130445,0.14817047359320165,0.4503449039919357
Ptuh,OG_02663,441.199895260724,-0.22646045738616902,-0.10833908296947027,0.3259805444465709,0.6352057786691785
Ptuh,OG_02669,260.97188200239293,-0.28655061633885753,-0.16378465237314177,0.16431531526806842,0.46903047302737383
Ptuh,OG_02664,507.9210035513792,-0.18668148813006086,-0.14579736947013225,0.1256022985672209,0.4188041417828587
Ptuh,OG_02666,2385.8531662850423,-0.16722656465717195,-0.022737703877396064,0.7236015056805343,0.8891367365416144
Ptuh,OG_02667,41.61118597042753,1.045331267872925,0.8947996882517636,1.1852632171845903e-4,0.01898404478077306
Ptuh,OG_02668,537.0714275093367,-0.25313428309612723,-0.11156720317587339,0.3022303004770069,0.6120583467321465
Ptuh,OG_02674,504.83629130128935,-0.35449782723160506,-0.17611539210664684,0.13151290854564524,0.42871693641827996
Ptuh,OG_02671,57.73745375850731,-0.5353795231770045,-0.1394705084779479,0.1557205424372884,0.4591593216588378
Ptuh,OG_02672,8.65091569494754,1.042152148203345,0.041136165111786964,0.25970385916747873,NA
Ptuh,OG_02673,571.6238992809052,-0.35696379275190404,-0.22695701836791016,0.06777064575823422,0.31655355131052076
Ptuh,OG_02676,135.1235344401891,-0.5115869312180332,-0.14214039474769882,0.1511244398386355,0.45418340846918887
Ptuh,OG_02678,81.73923375643504,0.07007081445351446,0.01829030026954691,0.8400496523930966,0.9363041932172433
Ptuh,OG_02675,2321.300623608657,0.16989238472008236,0.11602847558131615,0.25312283787786366,0.5699251534181963
Ptuh,OG_02682,1476.5997567230752,0.2518275402858563,0.11310442003625854,0.2920958338827635,0.6024513955350653
Ptuh,OG_02679,332.5328421156662,0.19689323978529588,0.10142156692608341,0.33873738167931133,0.6466987465093312
Ptuh,OG_02680,8.367350476990014,-0.16583455608380748,-0.009935385835182524,0.8199128456680723,NA
Ptuh,OG_02681,683.2865372514684,-0.37662379430291065,-0.07638334967610076,0.33936259173545363,0.647010708823382
Ptuh,OG_02683,676.9064378410892,-0.6993941192455483,-0.44442434476546805,0.011161809130271849,0.13894457363670248
Ptuh,OG_02684,1134.707497829638,-0.32448166167981773,-0.17655807247215896,0.1303756077198864,0.42736413883521335
Ptuh,OG_02685,1823.7832866208228,0.6430556336436568,0.5054654926583626,0.0021090767399455546,0.06351163005538173
Ptuh,OG_02686,572.2136534802731,0.11277179509747115,0.040880255662059786,0.6721469062888067,0.863436952111001
Ptuh,OG_02687,365.60465810607076,1.043711832056247,0.9167172358037113,3.1410000321778126e-5,0.010258989335866917
Ptuh,OG_02691,31.76906173028783,-0.2847435457806211,-0.04440448171406978,0.5304991961509744,0.785691458137158
Ptuh,OG_02688,859.3063148324517,-0.034209783079123826,-0.012207667237901043,0.9089858978695586,0.9633916685203086
Ptuh,OG_02689,331.9618931606032,0.22118892312137547,0.09232518543980929,0.37072796263349983,0.6689709518508595
Ptuh,OG_02690,515.1647285150532,-0.30311174766786575,-0.10327339367675137,0.2948571759945737,0.6056745829010549
Ptuh,OG_02692,179.19962406886904,-0.05587896235109902,-0.005215180821203457,0.9171890799605527,0.9657494937414771
Ptuh,OG_02694,1687.9532224619447,0.7169520732309398,0.11098346165118074,0.1299331967292778,0.42647010129388235
Ptuh,OG_02695,734.1751186720128,0.021709645892504945,0.005110706534526909,0.9533346568420855,0.9790668628265378
Ptuh,OG_02696,692.745308710604,-0.02630282985068459,-0.01026930128947022,0.9157175639729849,0.9652772533836379
Ptuh,OG_02697,1410.2123111291746,-0.11270868724697483,-0.07721746926822008,0.35744762134447816,0.6614611463188731
Ptuh,OG_02698,433.77513877006743,0.1725092635093404,0.05897930126285376,0.5386965407978885,0.7896873757885291
Ptuh,OG_02699,237.81280911777407,-0.6341549878301969,-0.08186744181040878,0.21320668007560284,0.5298772102773945
Ptuh,OG_02701,720.6664315883957,0.2852416265936046,0.16017280402094963,0.16335961753429085,0.46787516765639053
Ptuh,OG_02702,571.8110282367057,-0.2902204734894842,-0.05670726880781666,0.46072533416072475,0.7347379413507745
Ptuh,OG_02703,1424.097195745671,0.44413506830285904,0.30644454848950736,0.023099997554775632,0.1891445540413192
Ptuh,OG_02704,171.98929980702954,-0.7222492389613868,-0.3425876632030117,0.02310699711114265,0.1891445540413192
Ptuh,OG_02705,39.002623660400324,0.1054847129930402,0.01599972073151124,0.8198203211486074,0.9285744509233631
Ptuh,OG_02706,377.6438421160679,0.4007487121492781,0.19339692248767126,0.10274417995025972,0.37901979849591905
Ptuh,OG_02707,273.95081490926617,0.07450895655195633,0.01867036078058028,0.8360433656821316,0.9347077005895503
Ptuh,OG_02708,990.3890386056709,-0.3747242188526051,-0.08719983296139894,0.29669043563906394,0.6063747478262247
Ptuh,OG_02709,76.21619103853003,-0.11695143240044663,-0.021965902887652225,0.7752831746993681,0.9120688821037474
Ptuh,OG_02710,1333.107568301604,0.015879350834395116,0.009463221027790649,0.9027526778255468,0.9599518833076063
Ptuh,OG_02712,275.1829340373465,-0.016468893228339814,-0.0059765456952642106,0.9535871434807223,0.9790668628265378
Ptuh,OG_02714,885.6472113636033,-0.02028942490740841,-0.012790304077524838,0.9109568360094387,0.9634373681170785
Ptuh,OG_02716,163.0624659522488,0.149888481736257,0.040439286042078006,0.644567932260392,0.8457464278051992
Ptuh,OG_02717,265.01274258368187,-0.030032567049789998,-0.008441324425096434,0.9211793031170844,0.9670729542010323
Ptuh,OG_02718,33.84291575404355,-0.14608166199236527,-0.014729698637589205,0.7920192167421691,0.9178257626329832
Ptuh,OG_02719,98.91106798707804,0.05041937026243436,0.014855101298574085,0.8653027654613494,0.9465447060376678
Ptuh,OG_02720,1037.1950082832436,0.40187474752395447,0.1326975007613604,0.20538932664545195,0.5203359671459361
Ptuh,OG_02721,999.5151918743059,-0.6203319601324706,-0.4879294084062918,0.0024117249573971837,0.06545805534468761
Ptuh,OG_02722,173.84252836275533,0.5068624962675492,0.10736678899791294,0.19402387139000615,0.5083772649934997
Ptuh,OG_02723,60.34512461260758,-1.1181577321571852,-0.5748922846904666,0.008473772395490754,0.12364136629296818
Ptuh,OG_02724,163.06360902752579,-0.23702399321847425,-0.1276343933313494,0.2465201404351702,0.5660300057955991
Ptuh,OG_02726,5280.945095199432,-1.6873088298833874,-0.1290643850300168,0.008280453165020907,0.12177336711289674
Ptuh,OG_02727,53.591496524861995,-0.9996479258111356,-0.10367084610338888,0.076625515755315,0.3321612454283486
Ptuh,OG_02728,149.12738730679456,0.5163904083667471,0.10057164064417756,0.21338055515167473,0.5301426782761912
Ptuh,OG_02730,105.51948250837874,-0.345811129668452,-0.052340491042925735,0.4349403856843147,0.714412718613385
Ptuh,OG_02729,3499.5551506245497,-0.09885260543515002,-0.044257577893197196,0.6106876168117026,0.8288251944965604
Ptuh,OG_02731,97.92612655495637,0.21699256645650358,0.05237366960579784,0.5453670192715793,0.7940982009663489
Ptuh,OG_02732,679.256110215387,0.5005394912264614,0.22886954702168644,0.07070382653369414,0.3219306651918998
Ptuh,OG_02733,92.68455415447448,-0.4968416205295809,-0.22097648399349024,0.07567694919001786,0.33056931799572037
Ptuh,OG_02734,26130.846617897,0.7176539825042303,0.2841213968640804,0.03396414472921848,0.2290893701672147
Ptuh,OG_02739,73.47686087014095,0.4157825409052819,0.14657027072618659,0.16926018344376242,0.4761176546795483
Ptuh,OG_02738,330.32107427706967,0.31867003155574813,0.19060138761405518,0.1060107981517469,0.38631814834933065
Ptuh,OG_02735,1761.7608358914242,0.08126826299566405,0.03766069480981598,0.689408651099497,0.8736366962215296
Ptuh,OG_02736,65.2958324113927,-0.12758224993442038,-0.053783737430844886,0.5917872209297845,0.8181708349115149
Ptuh,OG_02737,4015.956151386035,0.07193881278285955,0.053932841593944555,0.5479175065995832,0.7953579533725401
Ptuh,OG_02740,573.2712197415665,0.07515891528672286,0.0246575837680165,0.7954964691571804,0.9195801492526875
Ptuh,OG_02741,651.584663518487,-0.5602286922516678,-0.2351167636128592,0.06290874807804459,0.3054852785432116
Ptuh,OG_02742,74.39794784321799,-0.15264011099473895,-0.05069959221164141,0.5977706044498134,0.8212029986186948
Ptuh,OG_02743,581.38650797655,-0.11501124290166147,-0.053071324951167356,0.6013687130526614,0.8226348077679397
Ptuh,OG_02744,209.38380067240095,0.41336679374975105,0.1491816469071093,0.1700787221380214,0.4771217604138038
Ptuh,OG_02748,211.09305915592756,-0.1695268382574056,-0.0523953883339385,0.5739749158986113,0.8085772789559122
Ptuh,OG_02749,62.04793827811945,-0.1107218259272398,-0.026128602131020192,0.7612744355456633,0.905277385932476
Ptuh,OG_02750,54.34246268192918,0.011062069686426632,0.0018551458555646039,0.9742957833906681,0.988142815305572
Ptuh,OG_02755,66.49383906813996,-0.1793357651620259,-0.04464214884360948,0.6020702201802858,0.8229165153341359
Ptuh,OG_02754,62.65515433753357,-0.6250537142436111,-0.16489743268934834,0.10175320216927435,0.37849142742245334
Ptuh,OG_02751,186.28330094812367,0.11065242349805894,0.04375046659609395,0.653893648644519,0.8517970339452762
Ptuh,OG_02752,598.5091268276252,-0.03445108433735338,-0.015671818281559623,0.8724506022627251,0.9492441402197388
Ptuh,OG_02753,7.408178750078901,-0.22543822545810144,-0.011037441924992324,0.7816274602549367,NA
Ptuh,OG_02756,660.7518548438321,0.18118354981199186,0.1214104423237141,0.26045148747675695,0.5745482698375358
Ptuh,OG_02757,86.90494276797735,-0.3081589955485038,-0.12537609110089748,0.24863316310475675,0.5671213594105813
Ptuh,OG_02758,1073.2913586347993,-0.0708390360445822,-0.04060568681046144,0.6835691267625628,0.8710787851842261
Ptuh,OG_02763,84.47610845966786,0.37262848101848556,0.09640294981029765,0.2976255573256983,0.6071307492812396
Ptuh,OG_02764,111.7372513487404,-0.2507128173903095,-0.09875336914786399,0.34382446257277977,0.6513902583394464
Ptuh,OG_02765,111.75585734989188,0.22248996371945315,0.04792252892110882,0.5538757453254751,0.7978817352508795
Ptuh,OG_02766,104.88638887036457,-0.1289889171469941,-0.044507675992993594,0.6415968377643146,0.8453144102239691
Ptuh,OG_02759,126.62903786329636,-0.21606512036273906,-0.033555566372195755,0.6371466902076925,0.8426490723008448
Ptuh,OG_02760,19.42024341236952,-0.014722714377005999,-0.0024252741810473896,0.9701457961151931,NA
Ptuh,OG_02761,739.724128290821,-0.2637885974272173,-0.1055391037810274,0.3281110820015587,0.6378936145506494
Ptuh,OG_02762,15488.623890817611,0.4582466049791839,0.23594243860851025,0.06845330948694196,0.3172827417585567
Ptuh,OG_02767,1169.5913246785174,-0.3593571835614081,-0.10446897225636195,0.27472401132016405,0.5872068477203457
Ptuh,OG_02768,502.53028453235106,0.18957081259995306,0.06120597772109604,0.5213123976171501,0.7803604584108653
Ptuh,OG_02770,398.77995121584473,0.04220048397003038,0.00809873379714442,0.9134453416138575,0.9643946854015741
Ptuh,OG_02771,248.5838967728809,-0.12013299304481535,-0.03879370311392425,0.6777342194339127,0.8674297168357616
Ptuh,OG_02775,99.84685666707261,-0.09788968316215052,-0.030227736942971282,0.7427373818745759,0.8975844381498362
Ptuh,OG_02776,55.59710944443498,0.13480647322538689,0.030601229199214947,0.7240207385861464,0.8891482957535889
Ptuh,OG_02777,283.9692905170655,0.4138500907493875,0.15223754941795306,0.16374275777975997,0.46849848351270945
Ptuh,OG_02778,67.48278040900813,0.1924519489989187,0.05067173203186598,0.5724748324005324,0.8074053164983421
Ptuh,OG_02779,149.74197388355293,0.5709931512543082,0.15348468300810822,0.12449711245919044,0.4172176318087787
Ptuh,OG_02780,50.4385492719273,-0.92053421322196,-0.39170551307007967,0.017757981896900685,0.17020404319241605
Ptuh,OG_02781,155.97563644244414,0.2850766603981276,0.10820243458555852,0.29676088694839725,0.6063747478262247
Ptuh,OG_02782,495.4650561820781,0.07360854768232908,0.0429452632990173,0.6705357176876233,0.8621028485394848
Ptuh,OG_02783,188.41089449610283,-0.22703481187342398,-0.09722723661819416,0.34950743787571426,0.6551842124898629
Ptuh,OG_02784,55.3375929853305,0.13488640091182683,0.02790270131758372,0.7306575563454052,0.8929206012280025
Ptuh,OG_02788,16.51013920029866,0.6574777099709932,0.167152340945167,0.09931217740422492,NA
Ptuh,OG_02786,574.0166036638432,-0.6120811618566373,-0.4444260158559537,0.00698213048526443,0.11134240639505873
Ptuh,OG_02787,160.65695810170226,0.2023454119655374,0.08243933861825777,0.42481344427518547,0.7091489600618694
Ptuh,OG_02785,255.50808905120599,0.3895914507127795,0.12572240587456515,0.21104270917948575,0.5278865055529287
Ptuh,OG_02789,265.80858784815314,0.13700276561700514,0.06508880978196979,0.5196091482330755,0.7793219510412004
Ptuh,OG_02790,404.24039910249957,0.03022391549350456,0.02046017476356397,0.8342421837321259,0.934215312068519
Ptuh,OG_02791,22.14112168048115,-0.509997536030071,-0.03303762684756251,0.5047072100280622,NA
Ptuh,OG_02792,253.9491116853764,0.2905479327588121,0.07458122826007084,0.41268231678808054,0.6997799988347404
Ptuh,OG_02793,693.6765300975773,0.09816647984576359,0.03804782723003609,0.7007452943795428,0.879114941626692
Ptuh,OG_02794,322.6960292839299,0.7480731299529042,0.5410272878670425,0.004307527446310882,0.08887446356634063
Ptuh,OG_02796,1126.4782591292312,-0.08167204329143342,-0.03817713557347849,0.6682171394592176,0.8601637029388625
Ptuh,OG_02795,5342.473900112106,-0.26842231338095934,-0.16022832691533018,0.15551559642940646,0.4591593216588378
Ptuh,OG_02797,239.70695407282685,-0.11536179270289693,-0.051034640520172134,0.6115690382898462,0.8292227903157073
Ptuh,OG_02798,189.99609100720423,0.3110122440995243,0.13639073966433282,0.20845978899341394,0.5242410938384723
Ptuh,OG_02799,273.7598408869096,0.1999767120532087,0.06938135836251787,0.47838183911429316,0.7486949092809764
Ptuh,OG_02811,101.65141707082645,0.1788516884842266,0.046360408126788585,0.607699685161645,0.826487143880956
Ptuh,OG_02808,275.6684262827063,-0.30575906286119864,-0.1991995108748728,0.08902486336688557,0.35857344723698614
Ptuh,OG_02809,298.42667860979844,-0.19089375820944,-0.035169360506204915,0.615657157145282,0.8310539784577547
Ptuh,OG_02810,13.8473760980299,-0.46311064624701626,-0.03817660147833291,0.43412600214149816,NA
Ptuh,OG_02800,2790.192681015387,-0.1199977245826869,-0.06224545540127665,0.5445487629696093,0.7938726343584416
Ptuh,OG_02801,190.9363921733132,0.3689238210826863,0.13164320636039686,0.205974754773784,0.521663470784066
Ptuh,OG_02803,720.1535342115077,-0.2295907216703424,-0.11529303386901951,0.29833090316787336,0.6076819452390454
Ptuh,OG_02804,49.76352889002478,-0.2524255334790227,-0.03639334315396728,0.5875731351198394,0.8147998184081527
Ptuh,OG_02805,4504.165622791564,-0.26736163576244576,-0.03855609060478686,0.5549798139777058,0.798523988529088
Ptuh,OG_02806,1088.4580511012448,-0.5171751668785048,-0.14163738976472878,0.1476218069088378,0.44954812561140955
Ptuh,OG_02807,781.5057313749433,-0.28456351552778375,-0.06947627224698544,0.4164341348950247,0.7023062184511165
Ptuh,OG_02834,170.40633647118915,-0.6661842786222592,-0.21431252226889844,0.06034030101118711,0.29958964192028115
Ptuh,OG_02835,164.619574474128,0.3366181704040049,0.15115866485580326,0.18096015095844378,0.490023470006092
Ptuh,OG_02836,74.6575410634025,0.5589662662833705,0.09464910806451608,0.2178006031652726,0.5365717209398012
Ptuh,OG_02837,111.92539398248573,0.1668364620382133,0.02428911363352371,0.7133013291461819,0.884684245633796
Ptuh,OG_02838,11.78080470791434,-0.577676148781196,-0.01748683072201628,0.5472163506674856,NA
Ptuh,OG_02814,235.8700652766965,0.2355630960560381,0.10470413503214081,0.3210296849444604,0.6290226314140188
Ptuh,OG_02815,41.35734974462222,-0.5040692673740835,-0.03163172023344418,0.48405208611336753,0.7538085821744656
Ptuh,OG_02816,1160.8110539375841,0.9015203987496315,0.7727883672926774,7.523243697888567e-5,0.01807368023312857
Ptuh,OG_02817,59.39608839017492,-0.508619341555281,-0.1024101663825033,0.22389128570993597,0.5432242280710788
Ptuh,OG_02818,357.20093566132994,0.5303432641655724,0.31395199943639696,0.030055421001678923,0.21380269451609588
Ptuh,OG_02819,232.1052062340403,-0.29699888997807833,-0.10341919021446268,0.29589459096473786,0.606219294496769
Ptuh,OG_02820,39.29565423389098,0.7876997183381956,0.23505159300853135,0.048356795478983805,0.268676904700581
Ptuh,OG_02821,178.34743049582153,-0.40571089401418386,-0.1310313823329733,0.19954601858570511,0.5131873984947934
Ptuh,OG_02822,4335.257377916817,-0.015373641452789018,-0.007027553712632998,0.9424437420748043,0.9750526629750534
Ptuh,OG_02823,453.96959902302495,-0.37684180239215104,-0.10737416617799893,0.2491897127208034,0.5674762779364608
Ptuh,OG_02824,122.00234907862956,0.6795331767687354,0.2457662811260881,0.04799017645289421,0.2681135384460379
Ptuh,OG_02825,71.33437727531427,-0.2524434744960329,-0.07373167295867769,0.4322233090527704,0.7133446684167942
Ptuh,OG_02826,3954.854916815484,1.2940021472830265,1.1295528868264406,1.8641215551716318e-5,0.0071955092029624985
Ptuh,OG_02827,154.79598925520932,0.10315005375081306,0.053523000548355244,0.6002445067398952,0.8226348077679397
Ptuh,OG_02828,2712.8955291670954,0.24613100783905495,0.01222584281854451,0.7278736246180544,0.8918053412576133
Ptuh,OG_02829,418.5728203994889,0.12807159928633408,0.07584980991118666,0.4782319614738244,0.7485983072508233
Ptuh,OG_02830,314.0900913676189,0.4633801508077397,0.22571748707588493,0.07292012203477698,0.3263763200064719
Ptuh,OG_02831,57.82404032448219,0.4355332925078909,0.11022248952265686,0.23563725137261474,0.5561510668861157
Ptuh,OG_02832,733.8127118363225,-0.0677162570959519,-0.02633208371679752,0.783036274190524,0.9142083358061531
Ptuh,OG_02833,768.5241941364148,0.22866375607960207,0.04936367579936589,0.5457395562454659,0.7940982009663489
Ptuh,OG_02839,1728.9650793884882,0.33394510534511146,0.1544499110136143,0.17726329321870327,0.4863715302142902
Ptuh,OG_02840,97.11581017397015,0.41891547619063607,0.2105837557550018,0.0902584651748948,0.3606839562784731
Ptuh,OG_02841,116.04338871428533,0.39752292178132825,0.13907481199550936,0.18568334014810903,0.49538891754248876
Ptuh,OG_02842,363.573808039903,0.24451597835447664,0.10918601138098077,0.30001023595128606,0.6092420306393023
Ptuh,OG_02843,36.846211226780774,0.11621962240830457,0.03329403536741391,0.7176055813691805,0.8858709982536823
Ptuh,OG_02844,40.94433010020709,-0.8952435909112714,-0.37284773752477124,0.019906302709210462,0.17645545157266726
Ptuh,OG_02845,98.21214490356832,-0.4294354325582502,-0.08668562526718131,0.28928036392110984,0.6004812638518858
Ptuh,OG_02846,165.5188076962672,-0.5100007213028529,-0.16743346652522895,0.11965809488556961,0.4075958851858232
Ptuh,OG_02847,145.50643152576947,-0.3273385144050712,-0.10731542012714261,0.2779989993287849,0.59052863895044
Ptuh,OG_02848,630.9980421253439,0.49697546730807735,0.3852484560747769,0.00519104737829923,0.09624972562558312
Ptuh,OG_02849,1450.035351691263,-0.13969706519817776,-0.03081443140849035,0.7021456406871616,0.8792694865951423
Ptuh,OG_02850,975.6589542591732,-0.49741537354157445,-0.24569094351178233,0.0629148019184172,0.3054852785432116
Ptuh,OG_02851,23.45249889646238,-0.14205171924628962,-0.02098591401877779,0.7518024196337326,NA
Ptuh,OG_02852,271.16089247976834,-0.2236485093978983,-0.09320018514996384,0.38258849013824764,0.67628016012931
Ptuh,OG_02853,124.11396434975148,-0.10248118087493119,-0.013954336128069096,0.8303286146237098,0.9329386868727896
Ptuh,OG_02857,188.70324298917362,0.10098375094336867,0.026535297194914927,0.7605395131641228,0.9051859209235783
Ptuh,OG_02858,154.0546189563391,-0.7233584079425974,-0.5429069267794149,0.0028318681351149912,0.0726532453274819
Ptuh,OG_02854,457.98722245475625,-0.38275256241908917,-0.23438186327287633,0.0627592445035585,0.3054852785432116
Ptuh,OG_02855,2875.0041003446213,0.1927160484876062,0.05753060351370104,0.5230241597198064,0.7815451635299306
Ptuh,OG_02863,57.604854443134734,-0.008927063720010817,-0.0021663620390559484,0.9777988673745523,0.9892146749755419
Ptuh,OG_02864,42.757527742920395,-0.018445908007405858,-0.005437353253872807,0.9525966728366159,0.9788119586125317
Ptuh,OG_02865,166.40393096027964,-0.21851541905888613,-0.04402049046347747,0.5767022609754944,0.8098818588066642
Ptuh,OG_02859,218.25768834977345,0.013347888436153458,0.00245807591570338,0.9598206860598318,0.9819111445657414
Ptuh,OG_02861,503.4357026548384,-0.09381134135695246,-0.039807333849363365,0.7006972769797322,0.879114941626692
Ptuh,OG_02862,261.95165380778064,-0.8728031322670936,-0.2140500846378129,0.03367796706319585,0.22788310462203915
Ptuh,OG_02871,439.27090125911724,-0.130408115153235,-0.06315547095759443,0.5425499737692385,0.7925471194289454
Ptuh,OG_02867,217.95385729841001,-0.3930074962632823,-0.14327167779173655,0.1703673149572666,0.4771217604138038
Ptuh,OG_02868,451.6601745837175,0.5792469041104975,0.38164008011928885,0.015082692532220141,0.1583216625260982
Ptuh,OG_02869,57.24488161953681,-0.24392738366669595,-0.06901324134505155,0.4543381742649658,0.7305888611736583
Ptuh,OG_02870,268.8359761290668,-0.8649636368465782,-0.7226624816838141,3.2716484287556894e-4,0.02908019587452629
Ptuh,OG_02874,212.77141929740299,0.534761801979857,0.2651861756094164,0.05137632451392937,0.27665678362225
Ptuh,OG_02875,123.83591009105986,0.020135484739434547,0.0084947642858926,0.9426810997564826,0.9750606454484837
Ptuh,OG_02876,19.888811654101097,0.03329143532760517,0.0029868763568123534,0.9571759359353549,NA
Ptuh,OG_02872,4367.95082151854,0.014723705768403763,0.008358888830234935,0.9351014911104603,0.9723964881072098
Ptuh,OG_02877,183.37001471985903,-0.2311326070586904,-0.05097595316552522,0.5377780081115906,0.7892863541105474
Ptuh,OG_02878,60.74570009311014,-0.20178859020820858,-0.07513402363796975,0.46143230108423827,0.7351957177903984
Ptuh,OG_02879,41.46817834516217,-0.21166921182386184,-0.03605778901410098,0.6312225662188122,0.8388501039586904
Ptuh,OG_02880,6.17153501413033,0.8034854886917011,0.02563811518174497,0.3964664543015522,NA
Ptuh,OG_02881,20.65009135990878,0.17225482770409029,0.015988799907672838,0.7774054109797511,NA
Ptuh,OG_02882,415.40809628401115,-0.2564105180349771,-0.1280788274800645,0.238120651656667,0.5590601531292275
Ptuh,OG_02883,504.5570529078599,-0.34431435924841997,-0.11724370425108525,0.24781705792623407,0.5664771079164413
Ptuh,OG_02884,413.783725411779,0.49734947377043826,0.34757951903934386,0.016250347473345743,0.16331118431201425
Ptuh,OG_02885,15.408247805451182,-0.5631773848256847,-0.08230122298931351,0.24366604091721164,NA
Ptuh,OG_02892,170.13335130754416,-0.6214257370442554,-0.3182252677647375,0.030836411032172908,0.21731352903337123
Ptuh,OG_02887,247.66472867750142,-0.2895994155703697,-0.07785321355816448,0.38634193515868304,0.6781347071863448
Ptuh,OG_02889,979.1169491253418,-0.5020706252340521,-0.2821442246948207,0.04368876592734714,0.25762029533019476
Ptuh,OG_02890,243.25366048042795,-0.1609088329744427,-0.05017834060856397,0.5925494721770111,0.8183445011636179
Ptuh,OG_02891,447.4446240574603,0.3077840612768329,0.08297146133178634,0.34971057430961183,0.6551842124898629
Ptuh,OG_02893,480.8309432942316,-0.055992473910497206,-0.028062884872367973,0.8177003766797604,0.9283381400655044
Ptuh,OG_02894,348.06416119727317,-0.3152514186769411,-0.21335022938193313,0.06868180514234719,0.3180184783363208
Ptuh,OG_02896,95.45724109733007,-0.0738795285085716,-0.025905477490513664,0.7817990220683897,0.9140396459522172
Ptuh,OG_02897,45.79014993548463,-0.9104011948695679,-0.48808029526571645,0.012084533283702627,0.14453782626084888
Ptuh,OG_02898,35.600329263684195,-0.19687619054411276,-0.040056163870480804,0.6164704620672208,0.8318780626166145
Ptuh,OG_02895,978.7420244726682,-0.6170023005812274,-0.4972535190329304,0.001883379969843049,0.0596738318469362
Ptuh,OG_02899,228.40627045459652,-0.20702774328891674,-0.07373067994210769,0.41229111595156054,0.6994091435733784
Ptuh,OG_02900,156.93187499089566,0.3317980208670086,0.14495434987643463,0.19560934724368553,0.5096088222271623
Ptuh,OG_02901,64.00493799663825,0.08560206558708426,0.0279487783714534,0.7676169991458829,0.9085864913278735
Ptuh,OG_02902,542.0299463890881,0.37136347863648755,0.1752324312311366,0.13410886425283877,0.432035981027392
Ptuh,OG_02904,262.8343335970802,-0.08531317287306985,-0.023373479041752628,0.801684995627939,0.9219804415208325
Ptuh,OG_02903,210.02572346968745,0.7277438206427346,0.23265649316194803,0.04608643027433872,0.2624855572700767
Ptuh,OG_02905,6715.163923686427,0.7086889014927944,0.21298851139506497,0.05463297756636478,0.28673871785758326
Ptuh,OG_02906,123.02201687924114,-0.2828235286680967,-0.06578922427381824,0.43969140918720484,0.7190178021986797
Ptuh,OG_02907,3526.802145714145,0.6899161461889473,0.09687505147446222,0.1419663832964195,0.4416038560268111
Ptuh,OG_02908,360.41678692272194,-0.17747127363304283,-0.0879800179900067,0.39368559414756915,0.6831223040179484
Ptuh,OG_02909,970.5611824173868,0.017144441706181266,0.009631520889838577,0.9396275901163424,0.9737265628380115
Ptuh,OG_02910,839.1521284373539,-0.2713295762710632,-0.045656193919535966,0.5143364038907001,0.7770405162497466
Ptuh,OG_02922,209.84692309598705,0.0021245061273369847,0.0014577068917731475,0.9942153054000346,0.9970331097611117
Ptuh,OG_02923,82.37707942814212,-0.19037998778082574,-0.04576566971397888,0.5813325258106191,0.8118197351066893
Ptuh,OG_02911,94.91086414544608,0.028354498202092092,0.012620727544810008,0.8966950347966406,0.9585516409230956
Ptuh,OG_02912,177.71343727328937,-0.17768156134388396,-0.07430913274829277,0.47296567430648206,0.7445643354643262
Ptuh,OG_02913,101.38173458194383,-0.6111836188835617,-0.37566836204197807,0.020258038560625725,0.1779685469480378
Ptuh,OG_02915,47.68388759767489,-0.040089226055040124,-0.01285563445003432,0.889382200197926,0.9547002457440004
Ptuh,OG_02916,1466.8068133457257,0.36461679546799236,0.17110043058175298,0.1372308745683097,0.43576539768865796
Ptuh,OG_02917,95.68820825144999,0.07854010448677701,0.034727519331989594,0.732227610460608,0.8931382221649411
Ptuh,OG_02918,2107.7279466491113,0.04527296544717061,0.019283233945400696,0.8466811752183938,0.9389621953105426
Ptuh,OG_02920,37.517446261663785,0.5549763155762891,0.07465623550795439,0.2712780825549136,0.5835089860831627
Ptuh,OG_02921,53.97435314534366,-0.07020472526960937,-0.01588985359208331,0.8496233908438463,0.9398410059890303
Ptuh,OG_02927,763.5977048609241,-0.8571564307772697,-0.08513519371079468,0.13503148450452776,0.4330390356542484
Ptuh,OG_02928,233.83009041007935,-0.6321723122958748,-0.25603267893134624,0.04981767675637778,0.27399722216007777
Ptuh,OG_02931,27.58209279972769,-1.4817097021146932,-0.7930395679014154,0.004966345711432293,NA
Ptuh,OG_02932,717.2085413901069,0.19431088392856183,0.053870367619897636,0.537059347805986,0.7886404948242146
Ptuh,OG_02929,1929.0691100502856,-1.7050306344586923,-0.1253599104819244,0.01334469190301443,0.15153258233362663
Ptuh,OG_02930,3330.403500319443,-0.8526095707284466,-0.7121719617859185,4.1021929274303036e-4,0.032219677721992405
Ptuh,OG_02935,228.87150278102666,-0.9786248538093797,-0.2034988546901339,0.02650167482042387,0.20259973662817504
Ptuh,OG_02936,3060.5383107973294,-0.06597852910128353,-0.01012176311006643,0.8674150783264878,0.9472850881106654
Ptuh,OG_02937,320.55643805040216,0.07898873528020732,0.03304104932077588,0.742552922287373,0.8975844381498362
Ptuh,OG_02934,724.3943143434742,0.3741288492658469,0.10364080346322495,0.25952150574046684,0.5739080907249493
Ptuh,OG_02938,36.39262517624403,0.5172768916955391,0.12836590720812682,0.16494454810377984,0.4695638962444849
Ptuh,OG_02939,799.2788560782577,-0.35336832709467314,-0.28066940272340396,0.012046199506081299,0.14446116350645938
Ptuh,OG_02942,163.81729138665554,-1.1799731269639064,-0.028503941999389278,0.20745675552740322,0.5236549104876902
Ptuh,OG_02940,1266.4627698384834,-0.7121632500398188,-0.32639371655020255,0.026676476305003496,0.2029312049413917
Ptuh,OG_02941,112.16649482967655,-0.31811941544870254,-0.06021186491364861,0.4295498341510672,0.7121808458033768
Ptuh,OG_02943,155.7536850047276,-0.5134431091958145,-0.23155682807111375,0.06668711523451996,0.31444030126126793
Ptuh,OG_02944,120.22426826518836,-0.2545731909218148,-0.04623407646427499,0.5469593907869423,0.7947470237431687
Ptuh,OG_02945,435.95336642413736,0.1648048846703719,0.03870772514796228,0.647138328405848,0.84706074573989
Ptuh,OG_02947,28.947464525750295,0.7043383151970073,0.23776313385334902,0.05020626655471322,NA
Ptuh,OG_02958,321.51107396664815,-0.8611103718511355,-0.1728110101704152,0.04456339524368755,0.2595557972629593
Ptuh,OG_02961,80.36386575640624,0.14188567423741177,0.034731176475921964,0.6931883652969584,0.8761059083348371
Ptuh,OG_02948,1236.9773198458856,-0.924049916592856,-0.04522877589304062,0.19267322286544364,0.5063775371584833
Ptuh,OG_02949,132.94639148740958,-0.29219782940236866,-0.053785970570400195,0.48176037927138954,0.7517657370034252
Ptuh,OG_02950,145.59436855679135,-0.08456488535570027,-0.01975396254813592,0.8087026994715132,0.9238594034974917
Ptuh,OG_02951,367.9673058583512,-0.6863549523881366,-0.2052001938066967,0.0628868511605227,0.3054852785432116
Ptuh,OG_02952,245.90812122878617,-0.10941752701437604,-0.020397671457744355,0.7841973691055861,0.9148128374668837
Ptuh,OG_02953,46.20701545894285,-0.7956218532319065,-0.10020482223068487,0.1235038694555118,0.4159313174552577
Ptuh,OG_02954,720.9337776281793,-0.17194642181359224,-0.05422479857278124,0.5459028872262566,0.7940982009663489
Ptuh,OG_02955,120.14973732016969,-0.0787983809263836,-0.024832276375894132,0.7840721922096173,0.9148128374668837
Ptuh,OG_02956,495.05661145340184,-0.0971922068999126,-0.04577628075698263,0.660325826072548,0.855843546246654
Ptuh,OG_02957,770.4545342682271,-0.023160670895349886,-0.006149070459084567,0.942163511283745,0.9748815082029441
Ptuh,OG_02959,500.9917591266123,0.10359262731648046,0.061058664970867274,0.5500724861762388,0.7964561897030895
Ptuh,OG_02960,698.4112567363011,0.5553007888144741,0.2764773313249798,0.05067776367351121,0.2756922287735152
Ptuh,OG_02962,1244.0662911839431,0.20861796927788637,0.16178274624857877,0.08493210064123458,0.35045665165807
Ptuh,OG_02963,133.9152798423073,0.28748546436431915,0.08616254221834804,0.36208150430950775,0.6629573382053342
Ptuh,OG_02964,281.28769379193506,-0.1261677514806911,-0.053967359320449944,0.6017556723002317,0.822863037118031
Ptuh,OG_02965,551.1038587597462,0.3483200685531962,0.1681933712769593,0.14350006744470362,0.44386563443757415
Ptuh,OG_02966,713.2390417026569,0.23234059828435327,0.10277794992731872,0.30899177175063103,0.6178380328953046
Ptuh,OG_02975,6.907445305074082,-0.027265744180541427,0.0015107877445320504,0.974512477019862,NA
Ptuh,OG_02976,73.27696381047296,0.28046382074445864,0.052495989618617865,0.5004525429788769,0.7676739514047367
Ptuh,OG_02977,375.0806570309789,0.7184315602612528,0.2809970022128165,0.032330676677021955,0.2226565491126865
Ptuh,OG_02969,597.2113563093317,0.19885891708538497,0.06380001206232538,0.5195946583595437,0.7793219510412004
Ptuh,OG_02971,309.9432988422295,0.9545014588717153,0.7962082316243649,2.351102256954575e-4,0.02438834485124303
Ptuh,OG_02972,12988.515266066404,0.4395281683798654,0.16783693233683536,0.1368010983441674,0.4354253849845088
Ptuh,OG_02973,297.22921569381344,0.0193260004559583,0.007220242358855774,0.9409044872463338,0.9743688799040588
Ptuh,OG_02974,995.5508543459588,-0.2528141227499318,-0.11110963398803637,0.2869846890584727,0.5984955745296047
Ptuh,OG_02978,497.27337468374975,-0.060274551804911355,-0.02091642560766992,0.832190209046107,0.9338245146298694
Ptuh,OG_02979,152.54902063396943,0.06679668141519494,0.016265577615622483,0.8399817040585391,0.9363041932172433
Ptuh,OG_02980,320.8624561359189,0.23883780992355028,0.08434350111975468,0.40404029649700285,0.6935733722893688
Ptuh,OG_02981,19.83864782976303,0.002074559490008775,6.769033111835254e-4,0.9964171105691044,NA
Ptuh,OG_02982,324.1898680334531,-0.030576958361936392,-0.007392683021061469,0.9271854364066018,0.969901296620456
Ptuh,OG_02983,155.92254829736385,-0.45328979162177857,-0.18271848583404168,0.11182118436967947,0.39565131827486383
Ptuh,OG_02985,169.1170794981582,0.5726003262643559,0.128139045266156,0.14697639304958102,0.4488038582441719
Ptuh,OG_02986,300.13047899598376,-0.10849289041560896,-0.03299216113701835,0.7250807414905158,0.8899242169009192
Ptuh,OG_02987,90.97113332737419,0.5847784190532511,0.2556276315896329,0.05318104780243304,0.2827886399112469
Ptuh,OG_02988,89.2343870826817,0.6355181658291289,0.3383496457655615,0.028395697874259312,0.21041559018168418
Ptuh,OG_02989,316.8984262437669,0.14485805838214286,0.07343932066994942,0.47656636605763997,0.7472307201922966
Ptuh,OG_02990,500.7662005222356,-0.29568908913977315,-0.0728216636368118,0.39701290819590396,0.6860180139767742
Ptuh,OG_02991,180.26619536119566,-0.23731641830670677,-0.13488488038399316,0.2288779456331095,0.54792568931945
Ptuh,OG_02992,115.26763078436062,-0.5061139137145295,-0.2753893937225317,0.04423735075113966,0.2592571308341463
Ptuh,OG_02993,588.5235526783908,1.8859752255840194,1.353003744164139,0.0010508652107736405,0.047639730893373596
Ptuh,OG_02994,537.8262583380172,0.2895313245460533,0.18847677280600916,0.09978110557116132,0.3759277500045705
Ptuh,OG_02995,567.0728878711824,0.18938859716210873,0.08579788628643582,0.40965618110979707,0.6984056504472446
Ptuh,OG_02997,475.82211084857363,-0.37286551258130773,-0.10510583082924072,0.2751154554298926,0.5877277894784118
Ptuh,OG_03002,374.46833257437396,0.7166545606160962,0.6079677981611292,3.24277947487084e-4,0.02908019587452629
Ptuh,OG_03003,162.29239465566351,-0.47031890193207243,-0.1288163846125247,0.17756089706648892,0.4867163130692782
Ptuh,OG_03004,763.3011942244301,0.5612426006726178,0.37767291315352464,0.014527011662119485,0.15743773299582042
Ptuh,OG_03005,345.07927563900284,0.310477821160762,0.12682104951291212,0.2468647891270021,0.5660300057955991
Ptuh,OG_03006,221.0911484300297,-0.441311721418566,-0.2501100631151238,0.05889754610994953,0.2956016321310233
Ptuh,OG_03007,193.1449820255468,-0.30910259982023364,-0.06934720822360967,0.41670457577103986,0.7023062184511165
Ptuh,OG_02998,5843.356263128049,-0.5946964734083973,-0.09334279065163464,0.1903894316513233,0.503915022491315
Ptuh,OG_02999,411.72803942905085,0.23234029392618313,0.16971036870462528,0.10604187515335489,0.38631814834933065
Ptuh,OG_03000,67.86100417444514,0.8089279477800202,0.17545028388238842,0.06579635070646177,0.3120826252048131
Ptuh,OG_03001,129.4849437081754,0.03521755959551385,0.01391476475642987,0.884272448805243,0.953097469562898
Ptuh,OG_03008,332.820042352338,-0.5973102000250654,-0.4863278552836039,0.00195811301024393,0.061133440010997984
Ptuh,OG_03009,40.67698688526981,0.09869166087277366,0.018737525034632153,0.8089158085806522,0.9239156753822324
Ptuh,OG_03010,614.1986648051871,0.11071028526327523,0.04683976563156626,0.6444548432155459,0.8457464278051992
Ptuh,OG_03018,1567.5823613760376,0.2919890765781836,0.07728944591701378,0.3694500814216892,0.6683788009017863
Ptuh,OG_03019,297.75907914509037,0.01752059268246952,0.009081021218246643,0.9179024654159381,0.9658492189099863
Ptuh,OG_03014,343.49055309602005,-0.10025463402197177,-0.04642357763566924,0.6451973036942664,0.8459783177369915
Ptuh,OG_03015,632.7865767951388,0.37993834107830526,0.28630115882894935,0.020570060013877078,0.17861037795280588
Ptuh,OG_03016,48.93385856627387,-0.6306873548465722,-0.14958889582263032,0.11018335749748759,0.39230996989208283
Ptuh,OG_03017,169.11082482718535,0.4949679490178778,0.16006143033888828,0.13398504198675423,0.4319669614850102
Ptuh,OG_03020,373.7189299284233,0.47662407161290793,0.11298636303807334,0.20336818246087784,0.5175314969906427
Ptuh,OG_03021,987.2922507951924,-0.4978933884251724,-0.33106168291280336,0.021902371032693182,0.18451878453336357
Ptuh,OG_03023,187.95722377162969,0.5574119311048015,0.2482079725818991,0.056573018349615985,0.2904583263754165
Ptuh,OG_03039,626.3149971510328,-0.4440947339072665,-0.13455909447399744,0.18074483828464546,0.490023470006092
Ptuh,OG_03040,418.7726330809162,0.011099987632941012,0.0047319763441581045,0.9639266327754897,0.9836828320311369
Ptuh,OG_03041,194.9535451201677,0.579385343832892,0.4154706228803583,0.009215478373917625,0.1296530567113552
Ptuh,OG_03042,126.01110231263992,-0.06559186633702571,-0.024159191318680225,0.7999199750108925,0.9206800513426313
Ptuh,OG_03024,895.5174286581562,0.1718791773370299,0.09717468192479548,0.3842663804089294,0.6772350612944131
Ptuh,OG_03025,1035.4708809672295,0.005130864890907719,0.0013720571215220282,0.990845531578043,0.9957030273362241
Ptuh,OG_03026,712.1947608606057,0.2065577707682861,0.1525961027956032,0.13394081374940528,0.4319669614850102
Ptuh,OG_03028,20.594543740550993,-1.1069647176050166,-0.06627792344847087,0.142424663896224,NA
Ptuh,OG_03029,184.49697575234268,0.2581932638875533,0.08819316310630293,0.3747896248768641,0.6714656361223034
Ptuh,OG_03030,313.0250068143863,-0.19682518496340914,-0.07092232835347112,0.4649967998480453,0.7379467060941134
Ptuh,OG_03031,590.8942911602809,-0.7780238138260127,-0.38123444422368746,0.01821455139574573,0.17176255630446305
Ptuh,OG_03032,1682.922386624745,-0.6715554399301626,-0.3006856792319041,0.03124098936315843,0.21889313669302096
Ptuh,OG_03033,83.56681979148135,-0.11057924283411766,-0.03906437908620137,0.6933073798193836,0.8761259329503281
Ptuh,OG_03034,8.009594373635142,0.6512626956020632,0.015960571074785896,0.5665410427180998,NA
Ptuh,OG_03035,290.3653314776302,0.35412658524340235,0.08919679332866957,0.3058784516843903,0.6153320962605239
Ptuh,OG_03036,137.86387549429486,0.8244978867449536,0.4920787768040916,0.010401934887157755,0.1363628103758572
Ptuh,OG_03037,183.5560957229321,0.081956723185237,0.027128621424224404,0.7793873617696785,0.9136206376692536
Ptuh,OG_03038,468.9396447428943,-0.13556840827270908,-0.058110057154533996,0.5676392662770201,0.8050087924556538
Ptuh,OG_03043,147.475387373419,0.15011020025612562,0.07752026148333163,0.4653041706888459,0.73826470005318
Ptuh,OG_03045,73.85693985064215,0.142490613899955,0.04686435855835348,0.6229926349108358,0.8345880195082532
Ptuh,OG_03046,118.77628029669282,-0.7521339388039433,-0.18506514228783755,0.0622025760196324,0.3041014827626473
Ptuh,OG_03047,994.5554100911436,-0.3490579193033996,-0.22638493804996476,0.07912863475144621,0.3368158786731492
Ptuh,OG_03052,124.78034472408574,0.5643813880189248,0.10787236327601013,0.1760034708576746,0.48432322570426856
Ptuh,OG_03048,158.18249052992064,-0.34627341382645915,-0.1405320502786431,0.19717956904286119,0.5103608483418196
Ptuh,OG_03049,376.6000597005066,0.4240261937088728,0.13089295341064924,0.1927836290194744,0.5063775371584833
Ptuh,OG_03050,18.520118832161344,1.3792291335643334,0.06211725097156722,0.1103010692340503,NA
Ptuh,OG_03051,1406.7336729961014,0.5082062155189385,0.11826526070196808,0.16850443127929476,0.47542065809372525
Ptuh,OG_03053,47.251211293552956,0.5341643826533831,0.15939723988742371,0.12478490170844057,0.4176875779692855
Ptuh,OG_03054,1468.6320592216832,0.11375071694951779,0.06954525321122762,0.43672968583513605,0.7163867154166202
Ptuh,OG_03055,1596.844149784234,-0.05963567913953509,-0.03614806470702705,0.7404534107436322,0.8969541115372833
Ptuh,OG_03056,330.43057267508306,0.18942093810226962,0.09550473661995841,0.3662533115057729,0.6660539463282626
Ptuh,OG_03059,126.16954289557962,-0.26020337149792877,-0.06656945113117403,0.4551690517311878,0.7310923275846151
Ptuh,OG_03060,39.03217955507466,-0.7081485337712006,-0.174571664699558,0.0752648540624736,0.3301991144746717
Ptuh,OG_03057,43.40153318206431,0.27612032939465947,0.05052708849533967,0.5147109848591804,0.7771916222304696
Ptuh,OG_03058,234.96046654360757,-0.04328453354135297,-0.016472262273344807,0.8638753621991471,0.9461806769019477
Ptuh,OG_03061,80.27729996292149,0.4391649819933136,0.07017240110610756,0.322501192932385,0.6307416237636604
Ptuh,OG_03062,2204.2717301844905,0.25267341758629086,0.04884918280736033,0.5135363227745218,0.7766608108639784
Ptuh,OG_03063,234.42856131701265,-0.12364021240080217,-0.037510758069256314,0.6840119657640398,0.8713577804368671
Ptuh,OG_03064,712.0348564655591,-0.2804123830955911,-0.10741220190988969,0.3025629819646313,0.6121908131626517
Ptuh,OG_03066,2669.006290450849,0.052833843543270774,0.02226496403673724,0.8149359833909591,0.9263020744730046
Ptuh,OG_03067,131.835938963561,-0.050558667400790284,-0.013723316150679876,0.873757750742188,0.9497019113859592
Ptuh,OG_03068,407.10771379120007,-0.5726127316720595,-0.1543353856727061,0.11280391289356148,0.39698749618405477
Ptuh,OG_03069,181.42380040672595,0.015673080443840654,0.007833302577718018,0.9339055783327594,0.9720795476661017
Ptuh,OG_03070,1172.5089432456057,0.9735024178773252,0.4836635772874791,0.011377794110103437,0.13966420691048845
Ptuh,OG_03071,303.1347963256495,-0.05619627011284604,-0.024832165210413766,0.8020243966194684,0.9219920588249232
Ptuh,OG_03072,117.98872058934663,0.3795949675313702,0.07965228410900464,0.32951086383017536,0.6391839434685985
Ptuh,OG_03094,375.3099246610552,0.002879976446032067,7.752220238377348e-4,0.9923430699353133,0.9959118393811421
Ptuh,OG_03095,260.35244232827694,-0.4274359016369584,-0.24093583647216055,0.06650059430311403,0.3140477742754634
Ptuh,OG_03096,9.517578837964951,-1.8302946662542374,-0.07746637210083297,0.038432303974948595,NA
Ptuh,OG_03093,1300.7560071334221,0.18882776277477775,0.06540504234846856,0.5025962311529351,0.7692947359319979
Ptuh,OG_03097,542.7652824420559,-0.05185358578349101,-0.02556074301299387,0.7965430888658431,0.9195801492526875
Ptuh,OG_03099,808.5443314644641,0.27680891488571635,0.06896074263342766,0.4151729849333717,0.7013425478524353
Ptuh,OG_03098,250.0314387385099,0.14581971423634407,0.04610676431474647,0.6197497444609987,0.8330032969235203
Ptuh,OG_03100,417.5946600396115,0.414410923415839,0.19044454883223497,0.10977824330113485,0.39219050993405014
Ptuh,OG_03101,84.07626467601477,-0.3716414528334668,-0.1312561337517783,0.20847411374146504,0.5242410938384723
Ptuh,OG_03103,2159.903512721797,0.4811121014241739,0.09101295553778915,0.23258267258034096,0.5531063791975988
Ptuh,OG_03089,24.597136997849873,0.5928186989010464,0.143679350358551,0.13437902491618273,NA
Ptuh,OG_03074,712.2255298542102,0.09769403097657288,0.03634688687303999,0.7072999309037417,0.8811640505224052
Ptuh,OG_03075,43.748720857678165,-0.7846757427402434,-0.2437500917741616,0.04028004570353937,0.24913193599013572
Ptuh,OG_03076,425.9737193791432,-0.07420463756390547,-0.02221328121525069,0.8086627326056997,0.9238594034974917
Ptuh,OG_03077,812.547746700868,0.06163066443143538,0.034196294122211215,0.7431175327190078,0.8977883180893177
Ptuh,OG_03078,374.9026755927402,1.9900014018408923e-4,6.983126194733487e-5,0.9991733033787848,0.9995924497550672
Ptuh,OG_03079,214.9563015707177,1.1346170305412582,0.13012060862573446,0.0392021567005915,0.2460493087224117
Ptuh,OG_03080,1727.8468089020769,0.6563209954292257,0.11437688607128857,0.1434895149267016,0.44386563443757415
Ptuh,OG_03081,921.4050906048634,0.15202801562950535,0.086942772883683,0.4975242462265707,0.7660881049784295
Ptuh,OG_03082,576.439246718718,0.049969206527071805,0.02527468416177954,0.803566553148706,0.9223962110487715
Ptuh,OG_03083,270.19562247283596,0.8860219666102535,0.7242156301965529,5.982742459264642e-4,0.03908111458775026
Ptuh,OG_03084,2985.866195966865,3.2187173293631006,3.061760689122566,6.16412154578549e-12,5.2345720166810375e-8
Ptuh,OG_03085,6664.832893514746,2.523988655349586,2.3489496075318503,3.6604210944435664e-9,1.0361431978004922e-5
Ptuh,OG_03086,4582.327038463589,0.5199683695861994,0.1617631272193605,0.12526820519562537,0.4186452571905748
Ptuh,OG_03087,1323.1034281110592,0.9035823414996547,0.5893683445464365,0.0054842089632565405,0.09899038349923106
Ptuh,OG_03088,24.01397800725021,-1.7386186633703318,-0.1734522550848765,0.007220582179110703,NA
Ptuh,OG_03090,98.50328084378779,0.0590903755672625,0.019500423450419094,0.8259535854375503,0.9317212868671196
Ptuh,OG_03092,189.27827775640299,0.1025013642147032,0.024028264459620443,0.7781036554309473,0.9132740391132055
Ptuh,OG_03108,767.3273305930353,0.3475960566914824,0.05591081028217747,0.4418993453307497,0.7209558446198288
Ptuh,OG_03110,92.92286514801854,0.15961712884496568,0.0516964066307414,0.6030737864767188,0.8232281939817225
Ptuh,OG_03112,129.61798965803035,-0.5659062100531531,-0.36134595488149623,0.01961787517490207,0.17561884563965882
Ptuh,OG_03113,1064.915308752681,-0.5580787110730048,-0.39619756111812965,0.010614088116364774,0.13761043707506818
Ptuh,OG_03114,1211.2603383122387,0.6072270306294238,0.4066796878265173,0.012267771592477652,0.14549988318899473
Ptuh,OG_03116,409.7766849179064,-0.5265534644164138,-0.08967496533233481,0.2297176449164247,0.548583307263858
Ptuh,OG_03115,664.7701185755222,0.40235008229719993,0.12866740150804942,0.20305700590775214,0.5170495034988399
Ptuh,OG_03117,321.874688989809,0.17933976982560515,0.09095603489143038,0.39165560525218684,0.681824395203274
Ptuh,OG_03118,53.69882172870357,0.502351176707411,0.1245415392940352,0.1846060277809583,0.4937557127294167
Ptuh,OG_03119,141.86141465474137,-0.47431582104950343,-0.1539316146849928,0.14389175015733272,0.4445889777514321
Ptuh,OG_03120,870.4735888520482,1.0956615059891923,0.8818009886822201,5.748903922948622e-4,0.038723539265010286
Ptuh,OG_03121,1174.0805954857988,-0.07851782549245238,-0.027579119341219725,0.7695604480402413,0.9095486882056686
Ptuh,OG_03122,449.49698804429966,0.7043892484709883,0.0605040024199482,0.22449648097355854,0.5434986180714155
Ptuh,OG_03123,954.1042442225119,0.19367979137985664,0.08217346406757085,0.42722509796232755,0.7101687265404986
Ptuh,OG_03124,104.43476021937073,-0.06741003332444276,-0.035610221847552616,0.7338982589810505,0.8933696485411768
Ptuh,OG_03130,131.92606456187545,0.06846805649303436,0.020129826825704886,0.8276929281414795,0.9323210433449323
Ptuh,OG_03132,62.73472038860991,-0.412173245848135,-0.09452540117931822,0.27994147976677125,0.592452928479388
Ptuh,OG_03125,233.95910729349802,0.1978375568574228,0.07330239405825173,0.4621837144066867,0.735820041758827
Ptuh,OG_03126,175.43823913841024,0.3285460657582927,0.0846786637978117,0.35118541184781155,0.6568868981082854
Ptuh,OG_03127,199.4550338524382,0.3791163362440803,0.2015843691770705,0.09892124915959793,0.37384924248478224
Ptuh,OG_03129,167.92074396901324,0.089999123029589,0.03277512827223694,0.7319674338652478,0.8931382221649411
Ptuh,OG_03133,112.96160419074695,0.6862580934163036,0.18577143903272006,0.07006135410927554,0.32037465662493725
Ptuh,OG_03134,53.17919678217833,-0.8648524284515543,-0.034078720653948805,0.3298397440259586,0.6393515421749465
Ptuh,OG_03136,56.72002186486824,-0.2853038742213109,-0.06887725956177672,0.42587924896474044,0.7098020452689631
Ptuh,OG_03135,145.63214330172946,0.29394369574648693,0.07250422657253291,0.41331832572009924,0.7001115595321937
Ptuh,OG_03137,208.8411902227836,0.03647610022431409,0.011957305138124442,0.8972806954213386,0.9585528462114007
Ptuh,OG_03138,1845.7445960610964,0.24265461552218018,0.1274305346930064,0.2512367716598351,0.5695415549747249
Ptuh,OG_03139,23910.188700890336,0.6038876298959943,0.33215791284091434,0.02873446182022573,0.21175606907665304
Ptuh,OG_03140,72.71794474658304,-0.05602557525131939,-0.02312991904268988,0.8274684549511719,0.9321918439168682
Ptuh,OG_03142,1056.773259871184,0.32500808472909887,0.17505281147590424,0.13435095645990613,0.432035981027392
Ptuh,OG_03143,1011.6999980822706,0.22294105263344927,0.10111665194363892,0.329257023257115,0.6390972894855818
Ptuh,OG_03144,917.9052841550559,-0.06628856690380702,-0.041090780258691194,0.6831300954769891,0.8707806620820462
Ptuh,OG_03145,11833.412818662884,0.6956778092646555,0.20277959113613436,0.05341385859631775,0.28331698138658984
Ptuh,OG_03146,33.667917762864704,-0.2539404037089592,-0.03319361165575453,0.598575386947614,0.8215778545270952
Ptuh,OG_03147,18.394054149947312,0.8146633698137875,0.09435934011243308,0.14236783202376557,NA
Ptuh,OG_03148,529.9737056357668,0.16501803123002814,0.10297873293802949,0.3275769341569573,0.6372928579291824
Ptuh,OG_03149,144.3938031563674,-0.15090554317273042,-0.05626773197548207,0.5713963963312352,0.8073800056719471
Ptuh,OG_03152,75.12320654487799,-0.13170273150799763,-0.023454524996947276,0.7552293513859336,0.9032492613573337
Ptuh,OG_03153,33.10266750503477,-0.8630653566357736,-0.28776608546110427,0.028604016745483504,0.21140584003711568
Ptuh,OG_03154,170.83137398817072,-0.227890783579377,-0.057772245137337294,0.5125858972288811,0.7758430570043445
Ptuh,OG_03155,225.26305216806026,0.28249089746563094,0.05774644665961146,0.4577564478065828,0.7334467461836794
Ptuh,OG_03156,86.6126211435607,0.05780390427199602,0.022932502344765723,0.8272665707421266,0.9320880613960647
Ptuh,OG_03157,29.972781609036236,0.42596235323680465,0.06827467524118688,0.35101344365895654,0.6567098840167127
Ptuh,OG_03158,89.08473982368365,0.9658802885806472,0.24636208056538714,0.025016812233722152,0.1972541963684016
Ptuh,OG_03162,142.43095876646882,0.4170550002149479,0.1292760997878753,0.1999222080189482,0.5136881665648738
Ptuh,OG_03159,480.6789867407006,0.4644311058538288,0.3128816358751112,0.024921890541381043,0.19682349993728887
Ptuh,OG_03160,16.348940211460345,-1.8237117810358807,-1.1645530785626022,0.0024009370776929212,NA
Ptuh,OG_03161,398.00255347495073,-0.08458205687468859,-0.03518816481797633,0.7160588581970365,0.8849219888892484
Ptuh,OG_03163,463.3045869031064,0.38083842742817936,0.05703401374077887,0.38590970496804705,0.6776561651341306
Ptuh,OG_03165,51.653180064352696,-0.2012370025358112,-0.04368346469222219,0.5973905543480986,0.8212029986186948
Ptuh,OG_03175,121.43945787429875,0.25557286305032034,0.14698586847873207,0.18142135009893734,0.49064653026757193
Ptuh,OG_03176,51.76238219174217,-0.3861348004633142,-0.13310778816366278,0.2078226761246206,0.5238314574355531
Ptuh,OG_03177,205.9726632213275,0.04654224183900104,0.010764872260184112,0.8991134315367698,0.9586982392194906
Ptuh,OG_03178,151.5860826581651,-0.21321615526511692,-0.06305642232992774,0.5001281590199453,0.7675626444174515
Ptuh,OG_03180,74.19393154921026,0.312859826102751,0.05673855130122067,0.4653710479727594,0.73826470005318
Ptuh,OG_03170,122.475062191795,-0.24920573502264964,-0.08001031912045975,0.41034503783651793,0.698900096087102
Ptuh,OG_03166,38.847065059831266,-0.2857117342340664,-0.035975883853436044,0.5782466294426656,0.8104423794730344
Ptuh,OG_03167,22.030049101152223,-0.18105577639164416,-0.02741211263855984,0.7071388329165152,NA
Ptuh,OG_03168,20.513631566742518,0.5714862568503032,0.0759716595452823,0.27014907914258124,NA
Ptuh,OG_03169,127.35626999866639,-0.8994046696994265,-0.7114037260971647,0.0011267349936924295,0.04878033247070513
Ptuh,OG_03171,21.6669725454252,0.7802742331893767,0.025013760287221257,0.370658743014986,NA
Ptuh,OG_03172,305.0991079761122,0.34537335076582637,0.23075549176702354,0.0648501781862188,0.3104588298197024
Ptuh,OG_03173,65.20983579101822,0.024121481584879586,0.006806633930337112,0.9443489621850918,0.9763101274501825
Ptuh,OG_03181,75.43521367937655,-0.5860150815855907,-0.16368153496975635,0.11346043567810399,0.3976500287983735
Ptuh,OG_03183,97.862667286175,0.743962845747544,0.14697826162619718,0.08365345653154899,0.3470372021816874
Ptuh,OG_03185,138.86972692525046,0.012418454093200621,0.004897684396460318,0.9590568436154,0.9815970490517026
Ptuh,OG_03184,943.9282557051612,-0.27948715386500267,-0.1306149074072726,0.22965644355441264,0.548583307263858
Ptuh,OG_03186,487.8225275432257,-0.02950930573718574,-0.004971676984438444,0.9227435973123717,0.9677582596488404
Ptuh,OG_03190,205.74273896627236,0.05378495147680439,0.018434282417032065,0.8454997948803258,0.9387474235750982
Ptuh,OG_03191,529.7532121965733,0.4597327507421789,0.30322417126538836,0.029783232230769507,0.21379476593718907
Ptuh,OG_03187,2134.2471696383163,-0.12566878051510288,-0.03890962477617189,0.6708814558070422,0.8624167912069939
Ptuh,OG_03188,79.22459719501208,-0.8470080190229075,-0.2743756574463844,0.029482357475250937,0.21379476593718907
Ptuh,OG_03189,270.83432925850894,-0.6411574077434029,-0.1583027850629855,0.08868066620644806,0.35828547565665864
Ptuh,OG_03192,374.3061282894863,-0.3170759913411882,-0.21441189300295374,0.06181530531551746,0.3034309669013724
Ptuh,OG_03193,468.62231057078213,-0.30204851231753826,-0.12845842667519597,0.2389934667286814,0.5600157903527686
Ptuh,OG_03194,194.40623949310188,-0.33048211275958733,-0.16850309313732814,0.14864305939084885,0.4504913848490679
Ptuh,OG_03195,1322.5691687784586,-0.2587443134443585,-0.10910638059009557,0.29132111389873955,0.6019218732915076
Ptuh,OG_03196,2205.45358979437,0.5882413417558976,0.4115164619479404,0.01069036561336918,0.13775809527880287
Ptuh,OG_03197,3827.671735129029,0.1570783517189728,0.04892543240617564,0.5928632776133234,0.8183671900995354
Ptuh,OG_03198,594.7119776094346,0.009178035982041996,0.00560027269459336,0.9384667744940075,0.9729701106332052
Ptuh,OG_03199,2531.392355522407,0.7677705899805255,0.6290617190731539,7.452914873342695e-4,0.0410776762901117
Ptuh,OG_03200,664.1087549002643,0.28947134123507423,0.11168533728771156,0.2940417976110206,0.6044548403081063
Ptuh,OG_03201,9.949470545066767,-1.7624399073853347,-0.18318733992963046,0.007759357893095451,NA
Ptuh,OG_03203,232.1496838593047,0.6083334816850298,0.28933995569421966,0.038574661979164905,0.24409540203209268
Ptuh,OG_03204,262.7205542629704,0.06987804846951849,0.037525229368708106,0.724029729761666,0.8891482957535889
Ptuh,OG_03205,1860.9825318242895,0.06405513880254939,0.018906363969079482,0.8441191481589468,0.9381311093005859
Ptuh,OG_03208,138.7705009343492,-0.3955125513504124,-0.13981279347530753,0.18551881987502866,0.49518378803297197
Ptuh,OG_03206,820.960545269543,-0.293135249631362,-0.18124941100085112,0.1242618308317066,0.41675808350033666
Ptuh,OG_03207,82.66146479133705,-0.15950689820678432,-0.022150798932250346,0.7384299525272586,0.8959860839867438
Ptuh,OG_03209,380.5571592012045,-0.9254492639249622,-0.7026207645373564,0.0017964687789808385,0.0577864123905503
Ptuh,OG_03210,597.4887520934043,-0.3483622199792985,-0.17421547332027798,0.13417054684967675,0.432035981027392
Ptuh,OG_03211,96.4393477742782,-0.017171552552009178,-0.0025364941264737232,0.9608424890210707,0.9822234899278771
Ptuh,OG_03212,47.148561204786425,-0.20708400284996495,-0.05019897770670453,0.5491085144598264,0.7956215051751292
Ptuh,OG_03213,146.22235524627712,0.7541431677384142,0.4652629777328411,0.010689436791633368,0.13775809527880287
Ptuh,OG_03216,21.566885588884823,-0.809639897027873,-0.07916995613371458,0.16860023726106899,NA
Ptuh,OG_03217,101.75611221570445,-0.864758259140593,-0.6205971469232094,0.003927181810429262,0.08421623215698305
Ptuh,OG_03220,78.82089692088199,-0.6565115020331247,-0.39726371928019305,0.017048911725173605,0.1669110374916765
Ptuh,OG_03221,98.32561587032005,-0.535567121079081,-0.16512811778722825,0.11783644282065753,0.40569681940662544
Ptuh,OG_03222,67.20983570352372,-1.1654923475991597,-0.7944439963511243,0.002586212103131543,0.06799415845137172
Ptuh,OG_03223,57.265101143521,-0.4113296789053237,-0.06815000872340982,0.3639254694319104,0.6638760409292596
Ptuh,OG_03224,26.823427814144818,-0.7044754661184882,-0.05297646227966203,0.26967347398474656,NA
Ptuh,OG_03225,764.6807479173355,-0.13400992074334853,-0.02887337622692257,0.7244329264018687,0.8895148078375751
Ptuh,OG_03226,379.66782948792326,-0.5866119106169231,-0.20495050140692145,0.07731090577530161,0.3332238987456456
Ptuh,OG_03227,560.2522523726573,-0.2539258463759169,-0.17091070438416842,0.11962676307058576,0.4075958851858232
Ptuh,OG_03228,221.57910888330989,0.23415657398167528,0.11613333064891652,0.28619209093067816,0.5981415877139439
Ptuh,OG_03229,1247.5449306257917,0.15912478763592008,0.060626389995991806,0.5280124608839689,0.7848559106995736
Ptuh,OG_03232,13.946875728304272,1.07888453393507,0.09884685625939262,0.09667622882931715,NA
Ptuh,OG_03230,14022.375049553215,0.6672640682077149,0.3422126431047442,0.025936414249819843,0.20079666828574158
Ptuh,OG_03231,135.06593521921846,0.16770811020209375,0.03653193728628161,0.6592127834237728,0.8547663520780552
Ptuh,OG_03233,148.62234127740317,-0.15374672433573996,-0.08223449756143,0.43284923523449276,0.7134251227368121
Ptuh,OG_03234,118.35383925271479,-0.2322288919800258,-0.05706008377539418,0.5124874253288038,0.7758430570043445
Ptuh,OG_03235,1027.8833946240943,-0.5477635757468402,-0.3179214956360873,0.029996121168868545,0.21380269451609588
Ptuh,OG_03236,441.5229246606166,0.14033289535761273,0.03137378576202994,0.7032176626861999,0.8800065416344253
Ptuh,OG_03237,172.8836943946899,-0.07595131295889244,-0.023068831008495973,0.7921988955733038,0.9179087216821525
Ptuh,OG_03238,65.77464252972793,-0.17840360576131853,-0.08289848388850123,0.4245802965012387,0.7090529448825407
Ptuh,OG_03239,28.388681795212015,-0.8847342710454316,-0.27699068893583606,0.027540932557336924,NA
Ptuh,OG_03240,330.30459471742387,0.11383542945373365,0.06993375923996442,0.49573519016773165,0.7641132534666124
Ptuh,OG_03241,249.55221602054152,0.11579339450297153,0.017875516206815854,0.7926222947862291,0.9180338995023726
Ptuh,OG_03242,500.60909222195096,-0.23628675603951013,-0.148714274793603,0.17589711045316705,0.48418744310155415
Ptuh,OG_03243,19.18894497049753,0.0028860682259476945,7.766675252896778e-5,0.9960797775445674,NA
Ptuh,OG_03244,541.6507784842894,0.5700896415750714,0.45385783553936504,0.0027720417126584377,0.07155069368965183
Ptuh,OG_03245,86.65252648514094,-0.07364317701489231,-0.020099461591889824,0.8210232354466029,0.9290376045110375
Ptuh,OG_03246,352.8788200105619,0.7915525954797854,0.6926966736854077,1.3974921879611978e-4,0.01977917276694415
Ptuh,OG_03247,41.2952642568249,-0.6764878107208289,-0.162102895761537,0.09381835311285208,0.3641249792661517
Ptuh,OG_03248,73.40051213327426,-0.3454898239035748,-0.06787216935473589,0.3860660870296759,0.6777906163026686
Ptuh,OG_03249,328.7373289102769,-0.06668951619081115,-0.029414819876392603,0.7619795682035019,0.9056305798718177
Ptuh,OG_03250,4354.951975440816,0.8355932930356165,0.3391508500594276,0.02041478951596966,0.17813929699597258
Ptuh,OG_03252,276.8104062177571,0.5234404701805667,0.25096391180622085,0.05863682253805069,0.29494270456203037
Ptuh,OG_03251,1128.7246806514966,-0.42267802290540096,-0.20842731495818137,0.0917397234669879,0.3621674529447119
Ptuh,OG_03254,149.76972800630463,0.4205306792032565,0.10698949247396351,0.2481055895953099,0.5666572426057773
Ptuh,OG_03255,1112.2157831747388,0.6315333150259537,0.2589872649319587,0.04834184642053871,0.268676904700581
Ptuh,OG_03256,78.78448737493444,0.25723740965614267,0.080026274204879,0.3951039932100206,0.6845996960496827
Ptuh,OG_03257,558.4787004275046,-0.3379743581305368,-0.15863198833353825,0.15866582499800297,0.46254383312153835
Ptuh,OG_03258,138.65697548170255,-0.3150634420731539,-0.15249587833330966,0.18305816754500204,0.4928757003145711
Ptuh,OG_03262,652.5396532603398,-0.2671946303120619,-0.19607591393741192,0.07121308538208027,0.32270091839094217
Ptuh,OG_03263,161.29814468857427,0.38646001593104606,0.12662090620870256,0.22547386862600288,0.544369134699718
Ptuh,OG_03260,226.81446120153007,-0.6120427745582843,-0.32962318775902544,0.030554581107541997,0.2160445485139439
Ptuh,OG_03261,731.0816936638951,-0.15434804956660123,-0.04748276603755657,0.5949162289627535,0.8191188649797112
Ptuh,OG_03265,1708.6452277143358,0.44038039732405704,0.2937572452133634,0.02976970712937143,0.21379476593718907
Ptuh,OG_03267,105.54208412098414,0.2584258242632646,0.11698545615762804,0.28641340175396174,0.5981415877139439
Ptuh,OG_03268,40.57821026374292,0.5310658291608209,0.06403342047183071,0.3238953290201154,0.632594097065046
Ptuh,OG_03269,1461.477403471843,-0.00730497523215509,-3.261030937808744e-4,0.9898175968707316,0.9954287564097066
Ptuh,OG_03270,537.9709246978618,0.649338740971764,0.16953329586355786,0.07811331910922584,0.33552772173775713
Ptuh,OG_03275,93.44878079237363,0.6252103679114196,0.3646825385573071,0.022849274728912267,0.1891445540413192
Ptuh,OG_03276,1446.4128441551989,-0.12956712697541023,-0.046611456463435244,0.6268969895914283,0.8369138870634191
Ptuh,OG_03277,62.595853926634554,-1.0307845049942888,-0.7969815321124066,0.0014178561831135548,0.051379862092226246
Ptuh,OG_03278,453.94225599694835,0.053679488162883676,0.03923369287322688,0.6917114323164955,0.875037231481827
Ptuh,OG_03271,19.729810494813318,1.0485242361323515,0.13103250187074605,0.0651126370942663,NA
Ptuh,OG_03272,281.1071490719887,-0.0724744338098928,-0.026036985175006282,0.7986435321779708,0.9197640547414762
Ptuh,OG_03273,219.95346841676735,0.35460390001568975,0.1276440387471579,0.224009204286674,0.5433550879184336
Ptuh,OG_03274,481.1250091724623,-0.7202200101433855,-0.2934429501048182,0.0303255697000135,0.21496221860810905
Ptuh,OG_03281,48.83629258134005,0.1684002260652938,0.024980473221328705,0.7159075162867832,0.8849219888892484
Ptuh,OG_03279,1142.166295995984,-0.0374721971204093,-0.021124382307600182,0.8086719689396971,0.9238594034974917
Ptuh,OG_03280,1730.9671348460934,0.19653511199713403,0.10829256671517373,0.2999067166052764,0.6092420306393023
Ptuh,OG_03282,616.2466148352675,-0.18599345747934545,-0.04365174442115707,0.5785906596388878,0.8107907395467715
Ptuh,OG_03284,485.73593025538986,-0.2756288319524716,-0.14237779088959984,0.2018552770964815,0.515535342286713
Ptuh,OG_03285,34.15810741641703,-1.1253119874425794,-0.7083376957183448,0.00534102331811724,0.09786762552001238
Ptuh,OG_03286,720.7063441717928,-0.33643824362432506,-0.10702065331592259,0.2692424678873451,0.5825240859361362
Ptuh,OG_03287,377.2905960456815,0.22767323581661567,0.16832791299153463,0.10391543755032297,0.38217838704085866
Ptuh,OG_03288,446.8640201683159,-0.416281808396063,-0.1455084552095052,0.15452126779998357,0.4585202096630357
Ptuh,OG_03289,110.05020926006952,0.33042668867400254,0.020588893889440463,0.6547357989228129,0.8525746896587697
Ptuh,OG_03291,1025.8336739249069,-0.8212540409554125,-0.5725643757443055,0.00495051503535885,0.09394546721379304
Ptuh,OG_03307,69.85627591689367,-0.3091553184089269,-0.1051394451492677,0.3049278243718849,0.6147122357010606
Ptuh,OG_03302,523.9902932541214,-0.1611896513629406,-0.06411670646867705,0.5307199652878738,0.785691458137158
Ptuh,OG_03304,367.45769917937156,-0.22488272657645803,-0.08869313659725317,0.35589192806550074,0.6601100018703567
Ptuh,OG_03305,199.09747603650487,0.2600680752595571,0.07239914153006567,0.43030517152537245,0.7124491161227263
Ptuh,OG_03292,1065.1695411895437,0.19850211143960247,0.11822893653702665,0.2865203413495321,0.5981415877139439
Ptuh,OG_03293,1164.9959702467445,0.5928834828135529,0.5227898368657268,1.610935410880969e-4,0.021375099233126856
Ptuh,OG_03294,67.90496621665238,0.30200724751889113,0.08914595586223577,0.3449784165617524,0.6517856683072619
Ptuh,OG_03295,265.9566650536323,0.1865190442217358,0.06571828746830799,0.5058155379277047,0.7723732956387919
Ptuh,OG_03296,89.41839394728407,-0.28491107032634877,-0.0870430605328421,0.35815870500986446,0.6617675637388531
Ptuh,OG_03297,107.85388061347231,-0.6151847753977931,-0.09643193251939587,0.1924282320688521,0.5063775371584833
Ptuh,OG_03298,175.44190330933975,0.13928475458867376,0.024956539931236626,0.7427190690069894,0.8975844381498362
Ptuh,OG_03299,2282.7854469509107,0.5144670359559936,0.3293537199458326,0.023679641329822778,0.19132969949843487
Ptuh,OG_03300,2147.5077928487012,0.1820200103590574,0.08476101736461229,0.4163882652140185,0.7023062184511165
Ptuh,OG_03301,94.70885445132274,0.6045827843068283,0.26528439093594225,0.04646972337029635,0.2636078095260899
Ptuh,OG_03311,87.6882745787056,0.3785191808901922,0.0409141327828929,0.4979834195574238,0.7661390310289378
Ptuh,OG_03310,561.0625257570116,-0.06898407713871436,-0.028805915066945336,0.7400654492751326,0.8969082054009456
Ptuh,OG_03308,240.90034175769725,0.19789618215422816,0.07160256219873937,0.4644616717869979,0.7379248862142537
Ptuh,OG_03309,3145.864875879804,-0.24185649904291215,-0.034730076616577864,0.60277924482026,0.8231761296738828
Ptuh,OG_03316,10.57716900197176,0.31213466263845874,0.03926864157253829,0.5552062592041173,NA
Ptuh,OG_03312,1233.5026519394166,-0.011774672129263822,-0.005081160434732152,0.9770681716204742,0.9892146749755419
Ptuh,OG_03313,241.82795248599146,0.6803830866547688,0.13618377170639243,0.10120905986034259,0.37778784014682604
Ptuh,OG_03314,1419.4387815837213,0.17001420171747889,0.07853425152325408,0.44885528308704337,0.7266813167450106
Ptuh,OG_03315,248.76484490540517,-0.19884541668895964,-0.06308939256989171,0.5059718138999764,0.7723732956387919
Ptuh,OG_03319,1327.4589781662482,0.3587837241499069,0.23126004159576594,0.0599922695615029,0.29845011899020657
Ptuh,OG_03320,50.68912413411413,0.05479479530143448,0.010100130929320515,0.8986107187238758,0.9585528462114007
Ptuh,OG_03321,16042.115055435981,0.1843728516659646,0.08129301104227332,0.4295560871649665,0.7121808458033768
Ptuh,OG_03323,47.06331060681924,-0.08221404869783197,-0.007407747835366121,0.8848693478473256,0.953097469562898
Ptuh,OG_03324,343.2531388569942,-0.20525738394829798,-0.12735045434920478,0.22948487582975322,0.548583307263858
Ptuh,OG_03325,522.9464429241208,0.5172255939766979,0.27089861856585135,0.046052249223234226,0.2624669130226208
Ptuh,OG_03338,48.19107743801872,-0.466544836081647,-0.12056212687784769,0.20034669876518615,0.5139874469984822
Ptuh,OG_03357,510.30967173179556,0.14570951072366356,0.06472980073349886,0.5514275918494858,0.7974317579580918
Ptuh,OG_03359,360.1131612942126,-0.024166783182955235,-0.011344145958973649,0.9024373432828036,0.9597367462939972
Ptuh,OG_03360,397.5470455562444,0.5368314474085902,0.3563706871487161,0.018396100492146367,0.17204911497737324
Ptuh,OG_03363,57.81320429991721,0.09434465708958817,0.0233840808604754,0.7802824755003549,0.9136206376692536
Ptuh,OG_03364,159.37303389232002,-1.277767295206029,-0.791517801057238,0.0035910376149877296,0.08110396655977606
Ptuh,OG_03340,253.61868707644112,-0.1598863428289874,-0.08774392921179829,0.4044013176401952,0.6937984786366757
Ptuh,OG_03341,92.6213061763009,0.4270327723944139,0.13598167376653705,0.1813996607094462,0.49064653026757193
Ptuh,OG_03343,296.64853711766267,0.02583845573787354,0.0034346619563684435,0.9566464034123751,0.9805481300878561
Ptuh,OG_03344,209.28555081336214,0.872223035279053,0.49576840200168154,0.010632331611142243,0.13763682933204258
Ptuh,OG_03345,355.258865383694,-0.7383572075289034,-0.46242195051590135,0.009697619951827888,0.13196319896828135
Ptuh,OG_03346,105.85373707207346,0.5884980715154532,0.118195614740572,0.16731729148168156,0.47363721669743497
Ptuh,OG_03347,41.53186287076777,0.13197172910497024,0.02838512611500425,0.7351384425778469,0.8945114850796784
Ptuh,OG_03348,38.73447764382402,0.038564280333071306,0.005540755398690884,0.9382849271466105,0.9729701106332052
Ptuh,OG_03349,344.8747168274701,0.31539222073424844,0.16966296784409501,0.1417000121670331,0.44142204817404446
Ptuh,OG_03350,401.72546368310947,-0.05645656572131143,-0.02757334893789984,0.769841683393907,0.9097321207967646
Ptuh,OG_03351,97.51646823687534,0.022210351159243302,0.005810117256527899,0.9514673233744491,0.9785467494363354
Ptuh,OG_03352,95.83997027915981,-0.6583267419943726,-0.15546299146280468,0.09673547972451585,0.3687519766293662
Ptuh,OG_03353,181.47938170308515,-0.255628793983456,-0.09036048349423453,0.3491427466594267,0.6549743596273225
Ptuh,OG_03354,62.22612073797183,-0.6130943647063679,-0.18885466906801443,0.08217576836583328,0.3432664058551095
Ptuh,OG_03355,178.04395306254912,0.2340846154019734,0.07623166048391515,0.42869247023865165,0.7113045051322059
Ptuh,OG_03356,287.75199999459426,0.24362257780303392,0.09185266753695115,0.3687446148903999,0.6680066762395542
Ptuh,OG_03365,46.106719122741055,0.32435639280286016,0.037452422074238254,0.5523568655380027,0.7975879105847167
Ptuh,OG_03366,118.51082918163007,-0.12533218390762207,-0.06975408126804057,0.509167213895497,0.7741894324799572
Ptuh,OG_03367,247.5468738688712,-0.26562007694650486,-0.1346480289049153,0.2228078113372558,0.5420789666903933
Ptuh,OG_03327,60.905403683740936,1.0620690886280906,0.39858428020921366,0.013865208761023096,0.1551295820798526
Ptuh,OG_03328,528.6073860713435,0.14302883546769224,0.05446872491400811,0.580580544997206,0.8116186884059283
Ptuh,OG_03329,82.95594395566107,0.006534107984443953,0.004983320288611076,0.9847993386351203,0.9931024799536208
Ptuh,OG_03330,782.0327372829944,-0.3896645570472381,-0.16340783406285328,0.1488329787880237,0.45058454754648747
Ptuh,OG_03331,11.808687621125067,-0.9746182801157098,-0.047873798644781126,0.22690979139605455,NA
Ptuh,OG_03332,852.2743601855356,0.026725285045940406,0.013913588729023218,0.8916874649527289,0.955845740012443
Ptuh,OG_03333,259.664992632701,0.21812460462289515,0.08820988954805022,0.39700780921059703,0.6860180139767742
Ptuh,OG_03334,2562.7049626059747,0.14314767161010794,0.06820754746734255,0.49585814772828257,0.7641132534666124
Ptuh,OG_03335,272.2447406027479,-0.4715317717197139,-0.22217755690258414,0.07469408045654105,0.3293365167377708
Ptuh,OG_03336,976.7635115484311,-0.3570426390081224,-0.19199904508014382,0.11312436697631477,0.3976500287983735
Ptuh,OG_03337,1606.3319538792935,0.2871043304611429,0.20341778221268175,0.06496207339535331,0.3107931984638537
Ptuh,OG_03368,845.9953221873689,-0.31158217743596395,-0.09509096558048874,0.3183594321766818,0.6259570034833021
Ptuh,OG_03373,95.80624235000042,0.266437321335375,0.03157137756515678,0.6193591704400232,0.8330032969235203
Ptuh,OG_03370,104.99586536026598,-0.13630115994022865,-0.03097617944616086,0.7078690574751874,0.8814111489852333
Ptuh,OG_03371,105.7676947226362,-0.1180231302538443,-0.03134670308342068,0.7155377943525042,0.8849219888892484
Ptuh,OG_03372,20.515706609187045,-1.365676717178679,-0.9953665991050517,0.001961558206599953,NA
Ptuh,OG_03369,2814.518885661689,0.022504807630321394,0.008836087394266386,0.9296737699879837,0.9706119456614443
Ptuh,OG_03379,85.24464158319671,-0.06289520250642416,-0.024950206623529998,0.8073061350667355,0.9238594034974917
Ptuh,OG_03380,38.283629018792695,0.1098161467541794,0.026770344312153332,0.758680389775724,0.9047293082541553
Ptuh,OG_03378,95.634362276828,-0.4480621378631202,-0.14694413712030072,0.1602053443240304,0.46454361730219673
Ptuh,OG_03381,74.48266132689115,-0.6915753848286794,-0.27060169562910363,0.04559054691495691,0.26210565653089307
Ptuh,OG_03374,915.9261681488133,0.5434672142793879,0.1798122477441268,0.10242859063622513,0.37851973918426507
Ptuh,OG_03375,1023.8838617378083,0.22047018935851778,0.12658683878085705,0.2779045442829262,0.59052863895044
Ptuh,OG_03376,101.23220576378661,0.9869983430777669,0.6982961255588669,0.0030404786556908303,0.07490947623844038
Ptuh,OG_03377,172.09429599667976,0.39534922608799034,0.10012284576911919,0.2720363712411539,0.5845477896204146
Ptuh,OG_03385,229.59929826937247,-0.09658211900440307,-0.0571301172310947,0.5524880353569827,0.7976416858639063
Ptuh,OG_03387,29.20282419235431,-0.8702778284595106,-0.2066062207548353,0.04499074140490897,0.26132789056804856
Ptuh,OG_03386,434.93564503111423,-0.06563765407554331,-0.019240923185309317,0.8423091998480975,0.9373463143899939
Ptuh,OG_03388,23.534209355103027,-0.7050696740650992,-0.1385999351255733,0.11119153995634674,NA
Ptuh,OG_03389,648.4432881248218,-0.06721662834871525,-0.029761115428719873,0.7565696680620705,0.9037543425493182
Ptuh,OG_03390,388.26703488402296,0.33050944347219413,0.11317783326458161,0.260481728553287,0.5745482698375358
Ptuh,OG_03391,538.7957783825631,-0.03227157574520069,-0.02133946844166503,0.8185193149833657,0.9285018101096434
Ptuh,OG_03393,269.90583861117875,0.1134136307988533,0.06819322179536041,0.5259946812826191,0.7834628294913026
Ptuh,OG_03394,80.97533448966205,-0.07175814750804832,-0.02044005808706898,0.8217879685494082,0.9292441316806357
Ptuh,OG_03395,755.5628898419014,0.0745944421029513,0.042641800347791504,0.6967014507901947,0.8776279040377544
Ptuh,OG_03397,533.2168187037266,-0.13740594794340572,-0.0932623023746441,0.34829288773090916,0.6541633881524974
Ptuh,OG_03398,608.4406890068967,0.32516255453351495,0.22337600972817373,0.072679654776189,0.326260854907262
Ptuh,OG_03403,100.11132414630026,0.8231959660874826,0.701833284353746,2.0041113745172297e-4,0.0226078227365079
Ptuh,OG_03399,247.83825651832427,-0.48457869567791745,-0.35760204534772116,0.010968866703530207,0.13894457363670248
Ptuh,OG_03400,26.330299386990273,0.6037991165680147,0.07300634383094469,0.25684959690110015,NA
Ptuh,OG_03401,117.54788948330369,-0.531941102489508,-0.3272442247232946,0.02603661062947817,0.20079666828574158
Ptuh,OG_03402,171.06986911083823,-1.1420162856104779,-0.16110781730929735,0.026629579282241838,0.20281469709847327
Ptuh,OG_03404,1284.3903853216423,0.06618505738792602,0.028357299873890657,0.7767290125006012,0.9128124514468732
Ptuh,OG_03406,658.578505096489,0.16721934557628815,0.0339062694639603,0.6701916984294825,0.8619215361295116
Ptuh,OG_03415,444.9025593605844,-0.41161694055945863,-0.10545737888304926,0.25560114595366307,0.5725573546395428
Ptuh,OG_03417,63.149056447196216,-0.04431144468003089,-0.010771216988673367,0.9070745694868831,0.9624987184908924
Ptuh,OG_03418,29.12266876395379,-0.579415435696829,-0.07377086422581201,0.25507170864367495,0.5716729875434383
Ptuh,OG_03419,989.6789317625432,0.17180217294907038,0.09093868510987835,0.39052590724393194,0.6804156758956648
Ptuh,OG_03407,719.5074851175872,-0.4629748770698819,-0.3567629305367557,0.006845290152114425,0.10988838070951755
Ptuh,OG_03408,954.2627648982598,-0.2563903080759651,-0.12950410551900174,0.2582301882953358,0.5728148764315621
Ptuh,OG_03409,545.6150918944483,0.35827330461522344,0.21671975759657014,0.08354033033502423,0.34681246693267875
Ptuh,OG_03411,311.338199454768,0.08990947726297818,0.058871994221637844,0.5495737557803833,0.7960055149389416
Ptuh,OG_03412,54.90503857075969,-0.45830435997555163,-0.1421422635808798,0.16447099187765024,0.46931709107023045
Ptuh,OG_03413,190.09843317867848,0.5238810020941811,0.28435233626689743,0.04271541169464237,0.2549116487075917
Ptuh,OG_03414,1628.7161491478155,0.06913980687146083,0.028673500549997774,0.7973482735231767,0.9195801492526875
Ptuh,OG_03429,512.7260694345654,0.3929234366586875,0.11041829045945799,0.2459986135448939,0.5660296585415661
Ptuh,OG_03430,1153.8134669895783,-0.040845131003418494,-0.02285240669241837,0.8151756100791626,0.9263020744730046
Ptuh,OG_03431,1536.767133342591,-0.13590361743791682,-0.05831070852776923,0.5641090558631481,0.8036259188709702
Ptuh,OG_03420,879.6273958042218,-0.10124525026454911,-0.02873576116103466,0.7551737407393827,0.9032492613573337
Ptuh,OG_03421,1781.384399480804,0.19518542355147034,0.08143887833974457,0.42445448222892807,0.7090529448825407
Ptuh,OG_03423,327.28794048633085,0.330465350800738,0.1739953167393769,0.13670905317226423,0.43533321948725023
Ptuh,OG_03424,495.82226818468666,-0.446975564242362,-0.14716050263894984,0.15551427983976834,0.4591593216588378
Ptuh,OG_03425,5448.8393291255825,0.5736056295272716,0.18222166216789915,0.09038812288187836,0.3606839562784731
Ptuh,OG_03426,194.12702880698905,-0.6549103557010008,-0.413515362136664,0.014395998914050369,0.15713473364796365
Ptuh,OG_03427,208.6705351501213,-0.20545944971284624,-0.08702068831942067,0.41060320241892784,0.698900096087102
Ptuh,OG_03428,136.7252120563351,-0.36493917482823446,-0.12314382039409011,0.23281198652640703,0.5531063791975988
Ptuh,OG_03432,42.15237339969424,-0.31532429913310744,-0.08693262740687363,0.3459248178592734,0.6525687208353509
Ptuh,OG_03433,201.16204211324325,-0.9076808300496052,-0.3707126670471292,0.015867123136922682,0.16163723676793554
Ptuh,OG_03434,105.98060489230643,-0.16860295793813762,-0.08257019248094598,0.43897048639411146,0.7185307190552804
Ptuh,OG_03435,58.038553732815885,0.2662053964425893,0.09520007256803494,0.3478053596315158,0.6540219472964642
Ptuh,OG_03436,806.3127450383308,-0.8031848234891709,-0.3605362776521274,0.019673510053030634,0.17561884563965882
Ptuh,OG_03437,724.0533344996695,0.04582201689971649,0.03270298608894893,0.723391433438114,0.8890072435248139
Ptuh,OG_03438,1345.4516630428686,0.2797005835916607,0.20594027227902148,0.06025246833608422,0.2995690638817489
Ptuh,OG_03439,208.83848329390753,-0.4589101727144553,-0.22493151524883198,0.0778096976572584,0.3345620012685764
Ptuh,OG_03440,122.02022656606147,0.24841997201366312,0.11085969159963267,0.2779194994263308,0.59052863895044
Ptuh,OG_03441,32.72143069990728,0.4027787938273066,0.034068131020866935,0.512657863068648,0.7758430570043445
Ptuh,OG_03442,255.85780258448926,0.7663768711057903,0.251087660632515,0.037657803289978684,0.24116897853582125
Ptuh,OG_03443,4714.082941964901,0.6646286858438295,0.5483949827313664,8.771730342855079e-4,0.0448586809131919
Ptuh,OG_03444,173.38984162712137,0.1071794609809295,0.0266454916871698,0.7585020395575259,0.9047293082541553
Ptuh,OG_03445,1398.8487105436473,-0.45771890429524575,-0.11598343062294175,0.19807280244319306,0.5115152601013742
Ptuh,OG_03446,42.549653414490116,0.13303416557380998,0.027487602506641822,0.7329580509758635,0.8931382221649411
Ptuh,OG_03447,2836.68610945905,0.08012278174953692,0.02228075744276432,0.8168861728315485,0.9276541026592016
Ptuh,OG_03460,441.4648884096632,0.16241763869219286,0.107962942994223,0.3125062522405376,0.6212010488664965
Ptuh,OG_03448,840.986269639327,0.03733495224197546,0.02433421334962805,0.8076567291706932,0.9238594034974917
Ptuh,OG_03449,18.664930901360762,0.22356394968751192,0.03252877694224284,0.6449681872632251,NA
Ptuh,OG_03450,102.91163395476235,-0.5451236989599583,-0.38160742555529464,0.014604065464141804,0.15772995314730776
Ptuh,OG_03451,1371.597236412534,-0.5078515301960334,-0.3113918395561388,0.028904403339369965,0.21233234702243056
Ptuh,OG_03452,537.7482710666519,0.23170646123866123,0.07159648641087667,0.4660979838867039,0.7388391455714304
Ptuh,OG_03453,393.63884465034386,-0.05077907012833575,-0.0310276552859018,0.7745425860436171,0.9120688821037474
Ptuh,OG_03454,126.10933747785973,-0.1327047619786967,-0.03728655244103678,0.6780064217318515,0.8674297168357616
Ptuh,OG_03455,503.13642929504425,-0.45570691733422153,-0.23450278152936138,0.07062765944291521,0.3219306651918998
Ptuh,OG_03456,9.795423336192052,0.15921059042846938,8.95545249866473e-4,0.9409561172527464,NA
Ptuh,OG_03457,128.6674405838028,0.6646085362952319,0.14335993097106436,0.10974805091284773,0.39219050993405014
Ptuh,OG_03458,251.82775573515946,-1.1130240564598455,-0.846174853947865,0.0012969015307239843,0.04945105655610706
Ptuh,OG_03459,78.29562796360192,-0.7457997069498463,-0.113726844024421,0.11681740177096782,0.4037498477163446
Ptuh,OG_03461,1657.2553895306562,0.6983932346684742,0.5458024815260186,0.002287427571946778,0.06506161989299929
Ptuh,OG_03462,72.9172538442587,0.6115611263449853,0.13045699554473808,0.14352979653386466,0.44386563443757415
Ptuh,OG_03463,20.15240861180084,0.6073530777956022,0.058011583315192974,0.2915411448318861,NA
Ptuh,OG_03464,264.68488114908365,-0.012975969940402997,-0.0035051124685923467,0.9678827640895544,0.9852865539017618
Ptuh,OG_03465,83.51919720617806,-0.26994456278439644,-0.08622169880105607,0.37607008460943814,0.672192624395569
Ptuh,OG_03467,614.4410170634472,-0.10706472216387845,-0.023671915932492644,0.7562565241019447,0.9036345015722126
Ptuh,OG_03482,1602.5829083102394,0.08599032167172799,0.01849335639131903,0.7968745837948293,0.9195801492526875
Ptuh,OG_03483,129.1042978565439,-0.13202649010784231,-0.03328672490971226,0.7139862826465497,0.8847472485701956
Ptuh,OG_03468,310.37141876196057,0.12263285112988767,0.06739196145421109,0.5295088117945761,0.785691458137158
Ptuh,OG_03469,74.33714415609299,-1.650146769809983,-1.302773581641392,3.0326459327173017e-4,0.028300251934764094
Ptuh,OG_03470,1413.9468701825385,-0.012078930898395618,-0.006362922006355229,0.9483241363586168,0.9775635549839007
Ptuh,OG_03471,207.7936766841235,0.3822228766132701,0.1258768599620813,0.22408518088871762,0.543384167934606
Ptuh,OG_03472,428.02875878559894,0.6378799866565555,0.23269492095666816,0.054892313792737964,0.2875666432621411
Ptuh,OG_03473,157.46785329237517,-0.22659119167108813,-0.0765922587363658,0.45177709640409136,0.728401576355334
Ptuh,OG_03475,249.64161488645522,-0.14550081569931086,-0.03477211875359347,0.6723246676350472,0.863436952111001
Ptuh,OG_03476,517.5168081649879,-0.24270646823831177,-0.12625285292142788,0.2522360155870274,0.5699251534181963
Ptuh,OG_03477,90.07716065356229,0.49937639129319966,0.11380768095608802,0.19494755926962098,0.5095397578693818
Ptuh,OG_03478,92.07266120208374,0.8740041434240782,0.318730010167027,0.023202242314158218,0.18945523243445345
Ptuh,OG_03479,8297.494644379214,0.3597705944327448,0.08033838425620053,0.33244571801142714,0.6417660916919844
Ptuh,OG_03480,479.7838775241749,-0.485554677325145,-0.235399427595174,0.0646646452789876,0.310068982331543
Ptuh,OG_03481,61.70982407675331,-0.16507740344738697,-0.030302384509270378,0.6965021532904339,0.8776279040377544
Ptuh,OG_03491,664.4345803334161,-0.5191418238991369,-0.3094796063925202,0.031603673449689146,0.22032627291024218
Ptuh,OG_03492,90.02993951842531,0.0746414941117955,0.01714398254246391,0.8387386170268567,0.9357623041174938
Ptuh,OG_03493,22.095950391881132,0.8130922356470278,0.09807938895793161,0.14649808117321972,NA
Ptuh,OG_03494,31.72642904121907,0.09035194677161897,0.01000220973470498,0.8691135216749967,0.9480555740511465
Ptuh,OG_03495,608.4142112017514,-0.09725316253623642,-0.009810141727369395,0.8703624384211961,0.9482444218508551
Ptuh,OG_03484,23.602943621616312,-0.40146121226714243,-0.04261423061660947,0.4728439105065081,NA
Ptuh,OG_03485,74.01769230932777,0.6369542566194406,0.21632876173242216,0.06522599830809334,0.31099039808215073
Ptuh,OG_03486,741.6867045662808,0.2847183830435721,0.1519503642387123,0.18329957443460163,0.4930566949948169
Ptuh,OG_03488,121.71238785445973,-0.29886153577602764,-0.08183460172413565,0.3730519530654264,0.6707225881184671
Ptuh,OG_03489,104.18018605514014,0.27949904119962987,0.09160545554603998,0.3426389144991619,0.6503553111146363
Ptuh,OG_03490,38.789765959931536,-0.4850129435329064,-0.14063979179921426,0.15789549574301448,0.46169414373481604
Ptuh,OG_03496,2411.5988753178253,0.41256168125346243,0.24101784366610418,0.06395317994134778,0.30804900967777954
Ptuh,OG_03497,57.01716155974999,-0.5010873182872907,-0.14324632791663752,0.15436468462397743,0.4585046875924506
Ptuh,OG_03498,143.56481340528245,-0.22612813939443424,-0.11441035339524629,0.2873369497496934,0.5987763585272494
Ptuh,OG_03499,310.48588004601726,0.3158264050262965,0.10607303816234448,0.28346078789128015,0.5955359994543754
Ptuh,OG_03500,757.4645648523843,-0.22573021056969592,-0.045288040653011175,0.5572985441935718,0.799687642567691
Ptuh,OG_03501,91.82276846502735,-0.08095566430694491,-0.03372587651522892,0.7420288193371023,0.8975844381498362
Ptuh,OG_03502,189.93745783117944,-0.058600964604423336,-0.03078861953322969,0.7434587699184891,0.8979713963794305
Ptuh,OG_03517,186.8814699144579,-0.6098901149017072,-0.24187893203906247,0.057468294635977454,0.29345806256687945
Ptuh,OG_03518,21.243612963770204,-0.974803379069655,-0.2660792602696424,0.024319248452875253,NA
Ptuh,OG_03519,46.2276989705407,-0.1989210377116845,-0.04859489225994961,0.5730573516837809,0.8077096448210584
Ptuh,OG_03520,60.0787794316478,-0.16138414519540192,-0.04883266523746848,0.6014664163516705,0.8226348077679397
Ptuh,OG_03503,719.8551027559221,-0.19561798352161475,-0.12019798238518674,0.26234694957439597,0.576416635390885
Ptuh,OG_03504,1011.7250202931837,0.2235967798355447,0.12963026401865874,0.23791198237953995,0.5590339110036119
Ptuh,OG_03505,830.8881653610846,0.17733788007968002,0.122019022071056,0.25735096302821087,0.5728148764315621
Ptuh,OG_03506,213.44670897741736,-0.28590871672482837,-0.14438191315105342,0.19848517189725176,0.5115152601013742
Ptuh,OG_03507,133.9383927542261,-0.7362326035506638,-0.14313153241693943,0.09613746018121622,0.36841124181357765
Ptuh,OG_03508,575.9284488312975,-0.18209858511853202,-0.09298548375100077,0.38070050866720895,0.6756249042989156
Ptuh,OG_03509,220.55714694099743,0.05817983596554726,0.020083762116675244,0.8285988718588689,0.9324552860198291
Ptuh,OG_03510,87.90634995239878,-0.048512845440895694,-0.012769798979472889,0.8851388085477235,0.953097469562898
Ptuh,OG_03511,141.67132963757317,0.2530732838831981,0.08271911270516882,0.39345174710871805,0.6831223040179484
Ptuh,OG_03512,145.60567576999892,-0.01666497141099956,-0.006376370470502301,0.9496577146744538,0.9782861772126027
Ptuh,OG_03513,2086.7652715808244,-0.23058638786572971,-0.09440325271848889,0.3596156507668969,0.6620205838470787
Ptuh,OG_03514,149.42382116744875,0.8150123520568484,0.2217001491640868,0.04484800996761916,0.2606771393874209
Ptuh,OG_03515,2575.39528742314,0.5154417970409811,0.3276180081585705,0.024821772956193214,0.19651113652576552
Ptuh,OG_03516,3171.6225535123417,-0.1797199158429141,-0.09186162116271425,0.38472157204171326,0.6772350612944131
Ptuh,OG_03521,273.47254057871703,-0.4186556855926746,-0.08956919284253695,0.27812836636852983,0.59052863895044
Ptuh,OG_03522,551.7523724162864,-0.6166469524945991,-0.432486275476525,0.009257734484705247,0.1296530567113552
Ptuh,OG_03523,87.86397382963949,-1.1995929131605052,-0.9529432832292487,5.286271186295115e-4,0.03758874982094232
Ptuh,OG_03524,113.65304572472094,0.4833038502238152,0.34337968704111216,0.015567774680884052,0.16063370910093241
Ptuh,OG_03525,186.99638173204303,-0.10273400480690069,-0.03793189013034149,0.6957222447870872,0.8774800687259683
Ptuh,OG_03526,65.45818405947215,-0.17878970985542886,-0.04721173407432423,0.5949212243815966,0.8191188649797112
Ptuh,OG_03528,361.6679489606545,0.0768034319229844,0.03142912347619189,0.7559707463211599,0.9036345015722126
Ptuh,OG_03529,265.92468507888015,-0.46492963295030293,-0.2478831790573867,0.060310060164320806,0.29958964192028115
Ptuh,OG_03530,31.66363264194351,-0.3965215276542838,-0.09860655750051238,0.2824801193361969,0.5948025786037275
Ptuh,OG_03531,1456.2940883099363,0.3755051066571803,0.155215383192275,0.16208149215961787,0.46667902124612204
Ptuh,OG_03532,628.9700473990179,0.0023677625356361863,0.0012077380681077042,0.9923986744553316,0.9959118393811421
Ptuh,OG_03533,100.85374412342784,0.36317317274543187,0.12992561365096217,0.21722314714659757,0.5360822335277264
Ptuh,OG_03534,129.2311061833024,-0.4614573008968459,-0.1810240350081117,0.1071692054290594,0.3872684648951372
Ptuh,OG_03536,71.88118211364232,-0.13112321139629549,-0.04386955125800396,0.644017268090972,0.8457464278051992
Ptuh,OG_03537,81.06964698307897,-0.257438809235058,-0.0756127521475403,0.42121059365365443,0.70634288335443
Ptuh,OG_03538,78.08197257041641,-0.46072450412301474,-0.06272412347478142,0.34307896084660555,0.6506088734947241
Ptuh,OG_03539,45.06921514752426,0.19699341429103384,0.016090163750161826,0.748424441894713,0.900275901012001
Ptuh,OG_03540,1244.6839062310921,-0.34424462154066776,-0.09809935255004487,0.29323470489937853,0.6036725124861874
Ptuh,OG_03541,224.37187922406787,-0.7007596465699618,-0.5167922263105921,0.004134499149789703,0.08620340639993107
Ptuh,OG_03542,1820.5107986136002,0.20876334045852407,0.10412520691840878,0.3114054000820533,0.6205909607432198
Ptuh,OG_03546,574.2759171847397,-0.16187251722518003,-0.04215855942960105,0.6378367529356281,0.8429053386133448
Ptuh,OG_03543,106.65176475687552,0.18226852043026373,0.06572428819805953,0.5072122547312126,0.773211601562423
Ptuh,OG_03544,133.47626038636417,-0.19904110821590357,-0.07291987876630193,0.46358638204831526,0.7373619697235987
Ptuh,OG_03545,105.97051655749169,0.10326787462958256,0.019953312066127483,0.7968051163469607,0.9195801492526875
Ptuh,OG_03548,231.33841101104167,0.9512823127695959,0.2878288535259158,0.01827063842054636,0.17176255630446305
Ptuh,OG_03547,1577.8908632024306,-0.19616329646728972,-0.13067409072011502,0.21811235666796314,0.5368209040463212
Ptuh,OG_03549,103.20196743762041,-0.088511585805611,-0.023050994887683425,0.7874262624903806,0.9161230722434045
Ptuh,OG_03550,184.2577249930546,0.5109312814746193,0.2696127562241855,0.048725609465576594,0.2695621339294309
Ptuh,OG_03551,95.72573240489409,0.7873227612113722,0.3147501067175532,0.025247433343799596,0.19881017089694233
Ptuh,OG_03553,685.4243708860606,0.0028476206065623155,0.0023074711936364317,0.9899444987066462,0.9954287564097066
Ptuh,OG_03554,1000.761703774193,-0.43749885810975586,-0.24935159955448813,0.05866206170575475,0.29494270456203037
Ptuh,OG_03555,270.4126491900652,-0.049929572344346924,-0.025062282482813808,0.7805756144407312,0.9136206376692536
Ptuh,OG_03556,216.5959565880068,0.39175358449191244,0.18704400740296248,0.1169379238148661,0.40384066502819554
Ptuh,OG_03557,7.210459460883306,0.821259671092242,0.04683665515279707,0.2907513913044703,NA
Ptuh,OG_03567,704.7766325040913,-1.0529915122535671,-0.8298938931213408,7.808125984561098e-4,0.041936913153989806
Ptuh,OG_03568,62.018768929576964,-0.6804255357567894,-0.1333215006324466,0.111943349217476,0.39565900350205985
Ptuh,OG_03569,94.66752340164297,-0.21635347605199529,-0.056663405746050353,0.5244523032905037,0.7827010807591811
Ptuh,OG_03570,1529.9370733319888,0.5694106150664655,0.47181928423131547,0.001465373103157699,0.05206672967370368
Ptuh,OG_03572,26.99742261252646,0.006290039071213734,0.001170499108521541,0.9877182137972306,NA
Ptuh,OG_03571,181.64835960448107,-0.5023032124210701,-0.16878221614591604,0.11712901059402328,0.40384066502819554
Ptuh,OG_03573,141.01387979375667,0.3397852331528263,0.10956840740209846,0.26961625246399623,0.5829382163402081
Ptuh,OG_03574,709.5822072275027,0.1683587120789076,0.025301645612786798,0.719844435923159,0.8867559080841643
Ptuh,OG_03558,4075.121423608437,-0.9908328469042607,-0.09605145277391297,0.08669592921309376,0.3537827154625623
Ptuh,OG_03559,526.7571835622446,-0.6582554753952743,-0.11112107744019516,0.1357936755656959,0.43366934108727684
Ptuh,OG_03560,936.5793153438891,0.6586757558336023,0.45546520432185167,0.007677484454487734,0.11726114745955006
Ptuh,OG_03561,502.616517591967,0.23826632618902713,0.14711227842334174,0.18179286307725415,0.49102576121248165
Ptuh,OG_03562,1580.9670792372658,-0.11842056672335456,-0.05069367318360753,0.6181324171039044,0.8324068354807249
Ptuh,OG_03563,77.58074675116865,0.3478150621644036,0.08919122541203138,0.33304051684964514,0.6418928890347677
Ptuh,OG_03564,212.87745361928458,-0.1882378282451041,-0.08159067812612114,0.432412186616436,0.7133446684167942
Ptuh,OG_03565,208.79269702738586,0.03972923369284805,0.012671988967756667,0.8938342230949253,0.9573010748545977
Ptuh,OG_03566,380.0515544190053,-0.11282402259502491,-0.03609760271075092,0.6666833819237743,0.8590768070928865
Ptuh,OG_03577,355.5228031750426,0.0850536578239237,0.026593537075738447,0.7690898286212228,0.9095486882056686
Ptuh,OG_03575,3860.0547719645183,0.08349410090123187,0.032820434294510384,0.7414174910921104,0.8975844381498362
Ptuh,OG_03576,69.55731507197538,-0.06784162459008804,-0.022429390441549246,0.8347183619129884,0.934215312068519
Ptuh,OG_03578,435.45766240311536,-0.1326944583119227,-0.044205631768238884,0.6422653539009597,0.8457464278051992
Ptuh,OG_03579,1037.67468021956,0.43607028344965476,0.06896473659100721,0.31358017505852337,0.6220734865701957
Ptuh,OG_03580,847.0203568769883,-0.2594954756254834,-0.10306181082316603,0.31139829616152953,0.6205909607432198
Ptuh,OG_03582,41.034182234732484,-0.15812795032105614,-0.017141388023270563,0.7752688467738293,0.9120688821037474
Ptuh,OG_03583,265.99761690511747,0.37492747378519814,0.15027216945083213,0.17712344695990032,0.48630207293355104
Ptuh,OG_03587,93.60001305953871,-0.059505548714053724,-0.009249810298870263,0.8973433581985847,0.9585528462114007
Ptuh,OG_03585,53.9797697357286,0.10351152288523424,0.033833841705153564,0.7253170612680935,0.8899570126121441
Ptuh,OG_03586,81.45413172490996,0.47116910032785125,0.1646355505064127,0.13375540919614745,0.4318336391930498
Ptuh,OG_03590,1486.6912804968508,0.41447924386958507,0.2245353093256506,0.0773415337291177,0.3332238987456456
Ptuh,OG_03591,298.07026705514977,-0.03182837854053239,-0.008299052832547955,0.9221147918520161,0.96757109694202
Ptuh,OG_03592,56.10874516995083,0.9583070501429118,0.31077193436183814,0.02175740534871072,0.18402777512076837
Ptuh,OG_03593,339.0845460720105,-0.8650579968821519,-0.6916692058520358,9.551853008811829e-4,0.04582730833380229
Ptuh,OG_03594,935.3689994048275,0.7180814861704687,0.3453694293897575,0.02156706470714957,0.18349824094248604
Ptuh,OG_03595,98.81274919045137,0.41126048358546846,0.06823992800580893,0.36171479782347604,0.6627145767242629
Ptuh,OG_03596,69.70617673356067,0.30017771605749227,0.05410261406889174,0.4684028276354689,0.7403083588833802
Ptuh,OG_03597,81.05645447754635,0.02838818717181585,0.0050171343316892806,0.9459191326961572,0.9767025935690307
Ptuh,OG_03598,50.02361163495774,0.3865594665632291,0.10177445592590423,0.2744541048102919,0.5872068477203457
Ptuh,OG_03607,750.2059695397537,0.8822405951834528,0.7055629665417461,8.821714216324833e-4,0.0448586809131919
Ptuh,OG_03608,36.172537043074676,0.6646246201354523,0.10915815144702665,0.15092314961033423,0.45418340846918887
Ptuh,OG_03599,141.03454420736756,0.035901990634700606,0.009001091913747261,0.9133510159526825,0.9643946854015741
Ptuh,OG_03600,258.0587212065333,0.10098150037711891,0.05794681087056633,0.5787597937980462,0.8108939397678615
Ptuh,OG_03602,90.35671766549497,-0.12714070196775093,-0.05878866625264907,0.5717370557129267,0.8073800056719471
Ptuh,OG_03603,592.1579383844155,0.16288327635482364,0.06791783510341527,0.5082345373519307,0.7734044916827494
Ptuh,OG_03604,448.3044105190637,0.08479760482700685,0.05407042256931323,0.5682451427063973,0.8053300653976511
Ptuh,OG_03606,218.57712055197655,0.33663667633649824,0.10303139124475869,0.2948736645495858,0.6056745829010549
Ptuh,OG_03609,512.2389111804671,0.3082432853056485,0.16613109371452014,0.14906309604767431,0.4509596763936054
Ptuh,OG_03612,104.80584769360527,0.09072741403626947,0.022393549594584648,0.7845050502986757,0.9148128374668837
Ptuh,OG_03613,417.6291146663314,-0.4792968169740476,-0.3938967590157336,0.0026707844801056985,0.07000093149709133
Ptuh,OG_03614,105.36934366841074,0.08096145070015402,0.020293197313607493,0.8116590837414185,0.9241899891568954
Ptuh,OG_03618,395.2881408245146,-0.5009007809786984,-0.13219169877821252,0.15489214919352343,0.4587774838370134
Ptuh,OG_03617,537.975107005609,-0.1978713546713029,-0.11257417119599061,0.29708737189221723,0.6066763638186905
Ptuh,OG_03619,17.2694724419647,-0.42694026621547104,-0.04814845735333301,0.4290151841294517,NA
Ptuh,OG_03620,106.54892789907036,-0.19812023633245537,-0.04585247086363619,0.5804354461821342,0.8116186884059283
Ptuh,OG_03615,400.7826859497265,0.8030817078939788,0.15494795141628717,0.07183120438726424,0.3246021780418048
Ptuh,OG_03616,6428.919773548434,0.8985108659412269,0.6617693987087109,0.0024536053103814365,0.06545805534468761
Ptuh,OG_03621,597.4728802215446,-0.26397644486562255,-0.14495700350993132,0.1945395409146968,0.5091000867326981
Ptuh,OG_03622,608.2964046544821,-1.2138575521640418,-0.9473306361297855,4.966794545050992e-4,0.03604958912527609
Ptuh,OG_03624,1828.9863523361453,0.08469518207279464,0.03253961219374186,0.7427014032993957,0.8975844381498362
Ptuh,OG_03623,294.0723654219261,-0.8247740851015066,-0.21869076606780904,0.03649573989689975,0.2382181577282649
Ptuh,OG_03625,146.38059979206184,0.08691421452632314,0.03671741386500203,0.7089425314825766,0.8819718689349605
Ptuh,OG_03626,309.15492386968936,-0.5512485115579994,-0.11234188497869677,0.16280728818466023,0.46692316489839064
Ptuh,OG_03627,40.43905011264348,0.6785251075277408,0.14734776074466463,0.10789660278270266,0.3889634461577853
Ptuh,OG_03630,30.0638697739889,-1.442538638248665,-0.8848904197413423,0.0035233318338080194,0.08000035810881738
Ptuh,OG_03631,25.566762758621444,-0.030036381574141954,-0.0029095146592549963,0.9569320588974867,NA
Ptuh,OG_03632,115.71351228942727,1.1867599155825757,0.9594742899838865,4.757212327228956e-4,0.03482607507140371
Ptuh,OG_03628,313.1316877665726,-0.1889196996144057,-0.04771010333440648,0.581025467477289,0.8117914231354292
Ptuh,OG_03629,525.7369922032102,-1.3620080569046513,-1.2246864708562284,2.063816277536365e-6,0.0021907409786048517
Ptuh,OG_03633,245.3283881604876,0.09926137621922952,0.04569650724886365,0.659557465557161,0.8549781708916824
Ptuh,OG_03634,170.23634929489754,0.26252595059386974,0.12210356629378702,0.24615251695223775,0.5660300057955991
Ptuh,OG_03635,2711.0078710533594,-0.16595355508810467,-0.12567987617000947,0.18317613343817057,0.4930369968801726
Ptuh,OG_03636,887.8482004417756,0.16169085764633337,0.12094771418235829,0.198097637683497,0.5115152601013742
Ptuh,OG_03637,85.97368238158019,0.19645396890624786,0.0852040564742692,0.4155867006100359,0.7019018022236326
Ptuh,OG_03638,147.96415007734907,-0.0709054011053132,-0.0314352032959318,0.7630440056140322,0.9063537721867783
Ptuh,OG_03639,188.56453274528062,0.3916236160535034,0.1035372835630761,0.2517641652719438,0.5699251534181963
Ptuh,OG_03640,442.35737439150313,0.5831199521270222,0.37754985382806583,0.015802327227950375,0.16163723676793554
Ptuh,OG_03641,585.7991996890157,0.15170207957897372,0.09799161094020133,0.3305653135970898,0.6401176013523576
Ptuh,OG_03642,60.80480229011575,-0.22749639062908314,-0.043487109309403874,0.5812487522061375,0.8118197351066893
Ptuh,OG_03643,344.15921047482266,-0.09544468404666628,-0.030249888556493392,0.7384549427108187,0.8959860839867438
Ptuh,OG_03644,2801.068448616786,0.304841666920965,0.17695868461536923,0.12767171110506034,0.42252072124090895
Ptuh,OG_03645,337.99010620666934,0.4230232962216298,0.17786245804684123,0.1235745070583626,0.4159313174552577
Ptuh,OG_03646,266.97838078645924,0.5459227579729673,0.39244503061018166,0.009531250956483515,0.13075829260494026
Ptuh,OG_03647,82.73047592246449,-0.0897692943992433,-0.026732778637821225,0.7766017304307558,0.9128124514468732
Ptuh,OG_03648,1322.2806987907172,0.1498806111137886,0.04685893133910631,0.6176535601533145,0.8323504956194289
Ptuh,OG_03649,140.6630126764306,0.4238649915256106,0.15537781123863173,0.15781521203574436,0.46169414373481604
Ptuh,OG_03650,229.80050818974124,0.38651433615357894,0.09800722322356707,0.30698514720786996,0.6164266062146613
Ptuh,OG_03651,534.6781847323242,-0.17776270144243375,-0.08712614516721158,0.4077968008836464,0.697343259714287
Ptuh,OG_03653,511.9090139350016,-0.3630912044774859,-0.20584549522689555,0.09252039962846977,0.3630052711587334
Ptuh,OG_03654,979.9587875000055,-0.1252346208697128,-0.05257957160191224,0.620820202228175,0.8337389519891977
Ptuh,OG_03655,252.87236106322788,0.5122238608041033,0.26482121202344694,0.051031522505951415,0.27607835918961504
Ptuh,OG_03656,78.09632112909918,-0.03001249331706571,-0.007231681539518768,0.9261148135708442,0.9694139862742324
Ptuh,OG_03657,293.3504466872767,0.36062362081660815,0.10210221274089158,0.29801954088546795,0.607484863466009
Ptuh,OG_03658,287.65432416874654,0.013528227968671593,0.004607785951614577,0.9625680857351143,0.9830861571779596
Ptuh,OG_03659,8363.016472793042,0.44936661006310297,0.08074349200917551,0.26525923917638006,0.5792186832311184
Ptuh,OG_03660,411.04418321370633,0.21503168540821202,0.04565849653399016,0.5850702803935584,0.8139608160390068
Ptuh,OG_03661,92.07204698031632,-0.12588133912666524,-0.052689836320327504,0.6090572366686586,0.8272837106494704
Ptuh,OG_03662,175.11947366118235,-0.3881486572943846,-0.10618062538258247,0.24057866421163168,0.5612620924409826
Ptuh,OG_03663,175.64205923951883,0.15208833689819742,0.08481737538194697,0.42564405311586856,0.7097131943962215
Ptuh,OG_03664,73.60171215131712,0.21308629853762565,0.09337468809766009,0.37760680727485957,0.6732036765039026
Ptuh,OG_03666,175.49545548475587,-0.18397981732245064,-0.04274220288348834,0.6172154100967533,0.8323504956194289
Ptuh,OG_03667,55.84685147516979,0.34608590750585067,0.09106805036321845,0.3213819990415572,0.6295233179866805
Ptuh,OG_03668,185.70952570922992,-0.6843490251340195,-0.2984554013944591,0.03356780621834463,0.22731882807510576
Ptuh,OG_03669,172.78470310520393,-0.3995544036486943,-0.1478792078471626,0.1704468970874976,0.4771217604138038
Ptuh,OG_03672,22.59713358123384,-0.06191898073562669,-0.00978013535978275,0.8911078864892956,NA
Ptuh,OG_03670,2433.4368254021474,0.913360625995534,0.10269712073016746,0.10547868623870521,0.38525806603831597
Ptuh,OG_03671,1701.5518871616264,-0.10500090833922365,-0.004565489633309309,0.8844653952362609,0.953097469562898
Ptuh,OG_03673,1508.105402572229,-0.37202712907528596,-0.11195146453976931,0.24750646532177167,0.5664771079164413
Ptuh,OG_03674,1742.7155425819528,-1.0427227532328325,-0.7534792844434895,0.0022110090857389796,0.06474444536584625
Ptuh,OG_03675,119.84836375855062,-0.504976823261806,-0.19271061342843654,0.10086206962959444,0.37688506390384224
Ptuh,OG_03676,249.15089751689536,0.48536257151598516,0.22385158689594759,0.07730055344307495,0.3332238987456456
Ptuh,OG_03677,7.78316392225341,-0.5741231670438512,-0.006969877650849882,0.6804802187352983,NA
Ptuh,OG_03678,613.917684743334,0.06339743927159615,0.021602136979240703,0.8300346803374559,0.9328552812897929
Ptuh,OG_03679,19.94785266710964,1.9758070971170987,1.4840402847493888,7.467235729187077e-4,NA
Ptuh,OG_03680,517.7558747905756,-0.5706965975914315,-0.29422169463828673,0.03866010140325696,0.24427200975926944
Ptuh,OG_03681,490.54893850626627,0.7056973324302896,0.29391242592577954,0.03147355743999052,0.22015934907775908
Ptuh,OG_03682,82.0677095584416,-0.3711708299464729,-0.07684787986194339,0.3482916371322412,0.6541633881524974
Ptuh,OG_03683,107.1608200078068,-0.09251878734198965,-0.008888996049878858,0.8738778539295672,0.9497019113859592
Ptuh,OG_03684,23.615601543114437,-0.306258107984429,-0.030737500245263467,0.5991623491204385,NA
Ptuh,OG_03685,47.09027195896018,0.48175341827054086,0.155935950546901,0.14711113682991897,0.44901874123517665
Ptuh,OG_03687,327.045096053993,-0.2991487093174601,-0.12453317196524313,0.23907268461071235,0.5600157903527686
Ptuh,OG_03688,44.954494705082354,-0.010102795525646687,-0.0034012866565062577,0.9767942090375826,0.9892146749755419
Ptuh,OG_03689,274.2454246909005,-0.019312904092125674,-0.004941757470285878,0.9497969744766508,0.9782861772126027
Ptuh,OG_03690,290.96898022190624,0.19184124329437066,0.046902287946974514,0.5826773403977097,0.8129694319422054
Ptuh,OG_03693,158.58916599338727,0.29711207779999327,0.0557860365536638,0.4827354959270349,0.7522312296716064
Ptuh,OG_03691,19.718737382066514,0.2692827055107269,0.03169944941935601,0.6289864952543811,NA
Ptuh,OG_03692,177.14598869025477,0.4397031206153075,0.17061559846320007,0.13186687403996541,0.42888299285614184
Ptuh,OG_03694,24.53866963505671,0.034264486402670095,0.0018003309033254027,0.959466543274194,NA
Ptuh,OG_03695,711.5110256789123,-0.5245467618749753,-0.4278329913428993,0.0021964111438741787,0.06474444536584625
Ptuh,OG_03696,646.679013263494,-0.2189030346330887,-0.07308226838680858,0.4489131167739432,0.7266813167450106
Ptuh,OG_03697,505.0451167289402,0.14507765102648815,0.04700072050384492,0.6215356958413822,0.8337389519891977
Ptuh,OG_03699,20.759019783368185,0.5050167255598347,0.02803422680376758,0.4843628112333337,NA
Ptuh,OG_03698,81.50006350133526,0.24962752061713853,0.0546674947933406,0.508707408802024,0.7737136141126504
Ptuh,OG_03701,22.80225779491784,1.0744962617213218,0.3888721642144815,0.013051130573600196,NA
Ptuh,OG_03702,175.30622930218377,0.8436178447342141,0.3599898016046939,0.019690549296541647,0.17561884563965882
Ptuh,OG_03703,42.57651504883898,-0.05679194765625936,-0.008611223052403229,0.899315847105801,0.9586982392194906
Ptuh,OG_03705,91.44947538137416,-0.9621801715924339,-0.703614259226876,0.0024237432350875422,0.06545805534468761
Ptuh,OG_03704,141.19982741951824,0.3906800804100411,0.07227852187589658,0.35056087457804297,0.6562969459692991
Ptuh,OG_03707,153.50796316611783,0.290178835088613,0.05635874866604065,0.4847144205067058,0.7542290305231869
Ptuh,OG_03708,800.166455049191,-0.5841654583758603,-0.27978214690150843,0.042121683839133034,0.2538661030247819
Ptuh,OG_03711,260.3584310825028,0.20047331591235756,0.1206632586279804,0.2662985418920047,0.5804201457843741
Ptuh,OG_03709,178.95555276269528,-0.19390943792277313,-0.08420902680862274,0.4147065005216281,0.7009728508020832
Ptuh,OG_03710,127.23162597856172,0.34851133296108044,0.14136013164914904,0.19759622163072177,0.5109547823449262
Ptuh,OG_03712,116.90731453139107,-0.21261810018083901,-0.08521472823863963,0.40848039557400173,0.697529764571571
Ptuh,OG_03713,464.0673218807945,0.21843018957380533,0.13730772585370946,0.20800278785594503,0.5238314574355531
Ptuh,OG_03714,528.6881032641235,0.11367527696388743,0.04490351807954869,0.6491724069780991,0.8478579021928664
Ptuh,OG_03715,322.7271218923361,0.39941885903510244,0.19746516020838845,0.10441206364035213,0.3828442333479578
Ptuh,OG_03716,599.1340150494577,-0.9837409746195286,-0.20687037175241668,0.03392077576057832,0.22897871840924572
Ptuh,OG_03717,151.4729598961705,0.38259230767998903,0.08725184015214799,0.3184341751579308,0.6259590313521177
Ptuh,OG_03718,213.93556233608325,0.7140280729809911,0.4413547301305901,0.012733324154549999,0.14812519002799807
Ptuh,OG_03719,390.93851344094185,-0.12625853664509096,-0.040265142893274763,0.6780497480400125,0.8674297168357616
Ptuh,OG_03720,56.08188148145166,0.06324714216929414,0.019211062639925523,0.836085691671953,0.9347077005895503
Ptuh,OG_03721,297.59954902010844,-0.6170323967861128,-0.43893699744731324,0.008195621905392466,0.12146111905862621
Ptuh,OG_03722,1573.5684404693473,0.011274054523365818,0.00422656252064212,0.9668475053349452,0.9845037304486808
Ptuh,OG_03723,401.4622789090454,0.2319833132601448,0.11941402753049957,0.27070681256581447,0.5831664769936318
Ptuh,OG_03724,801.6422806650879,0.14632621084538422,0.10123703521329167,0.3086951472475135,0.6178380328953046
Ptuh,OG_03725,556.2172696155927,0.22139864456639122,0.06837391656759993,0.4721322699298908,0.7439872399785921
Ptuh,OG_03729,85.93301154881748,0.49204311746314694,0.0969708620339352,0.24138184266506135,0.5622091628940485
Ptuh,OG_03730,102.19679001206073,0.8224144422995814,0.1802823335421343,0.051730575997138116,0.27785961503333134
Ptuh,OG_03728,1206.1077446995669,-0.7059188045648955,-0.6424098444378369,2.9234971785439436e-6,0.0026292546629310435
Ptuh,OG_03731,1291.1613144178168,-0.9029087831558794,-0.46982622017289627,0.010301109005158729,0.13579160786537398
Ptuh,OG_03732,160.0488477739608,-0.5012473235163184,-0.20167816063207955,0.09060136005794761,0.3606839562784731
Ptuh,OG_03733,439.0616267794503,-0.4240091706556031,-0.22888313944629926,0.07155251081229136,0.32389334851704593
Ptuh,OG_03736,406.16103132345455,0.03380942308672947,0.009171209215960914,0.9267228960571974,0.9695644968598081
Ptuh,OG_03737,52.92814759676264,0.06485659992470791,0.013283263175520815,0.8661200442626985,0.9468921109055517
Ptuh,OG_03740,90.48413649531562,0.6202031991072869,0.2085097951076873,0.07300391278472994,0.3263763200064719
Ptuh,OG_03738,1016.8082031340306,-0.36162085884771517,-0.2686859758501786,0.027233624144141065,0.20483469030836687
Ptuh,OG_03739,52.02730141138768,0.5795779270482226,0.22491091793246265,0.06734062100819062,0.3162765027885262
Ptuh,OG_03741,261.7356544618206,-0.0638953363554053,-0.020063428790685133,0.8190988698199717,0.9285744509233631
Ptuh,OG_03752,42.897370835195275,-0.08800993310367165,-0.022067839094260047,0.7975755174691328,0.9195801492526875
Ptuh,OG_03753,18.98363049756993,0.31180357879109144,0.039603451964507264,0.5509993050978996,NA
Ptuh,OG_03754,653.7630130762533,0.3056554975864964,0.11687453390872075,0.27037450843508537,0.5831044909354666
Ptuh,OG_03743,6374.091053412082,0.4423406316702232,0.08070546204498752,0.28685162364058464,0.5983836252798519
Ptuh,OG_03744,232.52065693103833,-0.21343432745445137,-0.1082089814463165,0.3244958098467311,0.6333299051294967
Ptuh,OG_03745,212.90808112164262,0.1419182738507927,0.03362719783552394,0.6861216027726758,0.8719761524611737
Ptuh,OG_03746,171.54617299683125,-0.06449369732738036,-0.016667044332412163,0.8454782965715875,0.9387474235750982
Ptuh,OG_03747,351.43736985106017,-0.26346929096879035,-0.17643106361267477,0.11448802646547215,0.3988881802723391
Ptuh,OG_03748,991.2215819842337,0.2949084012565928,0.18982869568110347,0.1007767750722696,0.37688506390384224
Ptuh,OG_03749,101.54815620293691,0.1146936157674509,0.033723022478762556,0.7157066826594238,0.8849219888892484
Ptuh,OG_03750,127.12746347100598,-0.25576081629653147,-0.1373799031759228,0.21930936774486487,0.5380027464953062
Ptuh,OG_03751,37.197345000632275,-0.983146922251613,-0.6077819408353047,0.006744874374704335,0.10961335284476462
Ptuh,OG_03760,123.98600993132902,0.5772485827257954,0.19800412245905052,0.08261405369377119,0.3447462132518452
Ptuh,OG_03755,74.7415647016693,-0.047270182112517926,-0.01815208258772725,0.8425783063334631,0.9375229268060493
Ptuh,OG_03756,692.0913167564884,0.35088744124263543,0.18047842761934038,0.12285308115922317,0.4153138396513229
Ptuh,OG_03757,71.16387274192657,0.5583392586940132,0.2446832400574801,0.06216318393372479,0.30408396196151555
Ptuh,OG_03758,23.968967330624466,-1.10796450381125,-0.3644521054775995,0.014049774418933113,NA
Ptuh,OG_03759,1073.0416176401898,0.2918135602368907,0.10549362655324403,0.2756707066473562,0.5877468342579335
Ptuh,OG_03761,805.3795381835682,-0.2486181001004463,-0.14166631265833857,0.2008743305027182,0.5147328951807734
Ptuh,OG_03763,62.82116484960394,-0.5095415025356648,-0.07746250933812157,0.28139735841172697,0.5938105124009904
Ptuh,OG_03764,643.7250391730813,-0.3936789101588947,-0.16598008315420557,0.14188603914080708,0.4416038560268111
Ptuh,OG_03765,30.58499250097362,-0.584265405089041,-0.0658732756526615,0.2795285287613473,0.59206925432716
Ptuh,OG_03766,224.9289357747853,0.44107850600372517,0.10160249241965509,0.24528392807772417,0.5656424578095359
Ptuh,OG_03767,671.6305144083284,0.46659450431996846,0.18806764352400224,0.10847136405417565,0.38983494469003954
Ptuh,OG_03768,2061.5902568607926,0.37468706319035217,0.23785364286388022,0.0638200727953531,0.3077569893118333
Ptuh,OG_03769,274.4389540908634,0.45914773745027365,0.1533379255364354,0.14219414203161998,0.44215036767942767
Ptuh,OG_03770,251.5549706974541,-0.15777683424593703,-0.047288869478670996,0.6169159738668668,0.8322240587891078
Ptuh,OG_03771,444.3586235784406,0.23507907439336787,0.060104670815800613,0.5025243392467106,0.7692947359319979
Ptuh,OG_03772,272.6141551233192,-0.31420588672325944,-0.11343992015080465,0.2731501119300364,0.5863475102401084
Ptuh,OG_03773,86.14068694875183,-0.02384561917355229,-0.0038052705943090307,0.9453144702419627,0.9766690099354386
Ptuh,OG_03774,414.692060368369,-0.24751083146060826,-0.09454066996663019,0.34631679989128417,0.6530001659694481
Ptuh,OG_03775,114.05808890325672,0.15827495645028578,0.04166960751476871,0.6377174036584212,0.84287878472643
Ptuh,OG_03777,121.3785815638609,0.36775388902042294,0.10328990208073834,0.2828749432844459,0.5949767099185335
Ptuh,OG_03778,513.901576235449,-0.09493451527049458,-0.0295965748277502,0.7592826971191523,0.9047293082541553
Ptuh,OG_03781,68.13635042694439,-0.11308259677480842,-0.02611124792998785,0.7561936485796569,0.9036345015722126
Ptuh,OG_03782,121.47533709818286,-0.2875088340016385,-0.08352443269705004,0.3689597081871744,0.6680609471056471
Ptuh,OG_03783,324.7603288746647,-0.20288581762778493,-0.09565438754454803,0.3595148374879154,0.6620205838470787
Ptuh,OG_03784,15.578610154795866,-0.6498171592450732,-0.0628072346515605,0.2966719570791385,NA
Ptuh,OG_03779,7298.474537747183,-0.6176528459262719,-0.43519855087258064,0.008750550769578489,0.1257354943067014
Ptuh,OG_03780,1255.474100350226,-0.47367662002818783,-0.03312651169996852,0.48128799801340827,0.7516916196206116
Ptuh,OG_03785,604.1254979575888,-0.03429303061913743,-0.010220135189012526,0.8986337836740563,0.9585528462114007
Ptuh,OG_03786,134.95812688088316,-0.9426148836767451,-0.7946385505502165,2.1842498895036148e-4,0.024089155924239866
Ptuh,OG_03788,477.72911888844686,0.36005480562220865,0.25231189839766077,0.04062850142946643,0.2507391560972128
Ptuh,OG_03794,56.569791517749834,0.11892005307561798,0.02881352381283858,0.7345575900016594,0.8939327965454417
Ptuh,OG_03789,558.9793917476035,-0.025320733664199967,-0.009586123054449459,0.8880301500656671,0.9537311286654415
Ptuh,OG_03790,17.875399865890202,0.6636239865769784,0.10444447595315741,0.17243683718536088,NA
Ptuh,OG_03791,769.1545415115846,0.032248347527816926,0.02106753688420343,0.8734783486685379,0.9497019113859592
Ptuh,OG_03792,473.1476138977197,-0.0679569917226536,-0.009003786503090326,0.8906393904417771,0.955566608165707
Ptuh,OG_03795,679.6854170445366,0.2526525264491343,0.09028399648165925,0.3742993116318641,0.6712538189952313
Ptuh,OG_03793,575.7859151155548,0.04656533337874657,0.01062573580356665,0.8992079080500917,0.9586982392194906
Ptuh,OG_03799,144.89115452566503,-0.38393663867236993,-0.0722134220344084,0.3638736332383436,0.6638760409292596
Ptuh,OG_03800,511.4705234210308,-0.25087586670586565,-0.0900484029025566,0.36401234439201724,0.6638760409292596
Ptuh,OG_03801,1129.593755467133,-0.0060804772109392955,-0.0045024854927499984,0.9769249791578712,0.9892146749755419
Ptuh,OG_03802,58.37027071944361,-0.11992650171380775,-0.021789991526501743,0.7814961441396828,0.9140396459522172
Ptuh,OG_03803,540.6439266017476,-0.29074131758548316,-0.16484182907507774,0.1510186022291694,0.45418340846918887
Ptuh,OG_03804,1898.5172959815752,-0.17048300361773275,-0.09316415942026848,0.380707989791291,0.6756249042989156
Ptuh,OG_03805,945.2734198984367,-0.8016899960285764,-0.4870467530410404,0.009313278920622548,0.1296530567113552
Ptuh,OG_03806,314.0334096686841,0.047832406504720926,0.020831181884883223,0.8464772764044254,0.9389621953105426
Ptuh,OG_03812,45.844910521065245,-0.7428732380262794,-0.1716635267231656,0.07389856344978256,0.3280190973256557
Ptuh,OG_03813,76.00246488379236,-0.43701282837509897,-0.12861070605565772,0.19653882560048921,0.5101997626103353
Ptuh,OG_03807,627.1001048124841,0.3260539724883228,0.23217388120291554,0.04759207719685328,0.26676694360110764
Ptuh,OG_03808,57.41691126105214,-0.701985398335878,-0.2648374942954204,0.0416437283721914,0.25332273734717003
Ptuh,OG_03809,65.53439280116181,-1.312369500285806,-0.7620082655611813,0.004879256080758109,0.09369969531500844
Ptuh,OG_03810,194.6903284197111,-0.7628004546627369,-0.4578306906779697,0.0107711824156744,0.13837954776687897
Ptuh,OG_03811,184.9367039048425,0.025477679153389582,0.012051816944246375,0.9077606226773046,0.9628723607725839
Ptuh,OG_03816,221.6558523645976,-0.10213383325498585,-0.055450518216042355,0.5939363835550304,0.8188505545253665
Ptuh,OG_03814,130.2135580748867,0.4585288420245756,0.15988988741733454,0.14416760822591848,0.4445889777514321
Ptuh,OG_03815,59.59440730555005,-0.13327049796663945,-0.030925397137111336,0.713981017471889,0.8847472485701956
Ptuh,OG_03821,91.99183432168829,-0.289858959417463,-0.08642626055544471,0.36349896630718537,0.6638760409292596
Ptuh,OG_03817,40.0108339755762,-0.558771570758125,-0.08929660179529376,0.23752222791694536,0.5589014860899513
Ptuh,OG_03818,149.31725494131223,-0.9789702104979757,-0.7163720263280917,0.002274379149409343,0.06506161989299929
Ptuh,OG_03819,152.7390890618271,0.43421326816494377,0.2007500141741519,0.09924769656943937,0.37456485403418605
Ptuh,OG_03820,160.5063593650031,0.5315209553781456,0.37250974592528624,0.012680583488145313,0.14776424781917183
Ptuh,OG_03822,34.003323199205674,-0.2769354731169565,-0.041841080693686805,0.5597014487924642,0.8002125263649936
Ptuh,OG_03824,242.09481938945254,0.3575650567862225,0.17543151202658522,0.1328701766496396,0.4304973445664782
Ptuh,OG_03825,179.78165343096893,-0.11438220469863715,-0.022245289136008633,0.7896128974461566,0.9161624163291109
Ptuh,OG_03826,11750.776827284395,0.5768663020852913,0.29847634476611357,0.03733386727389979,0.24036330620921684
Ptuh,OG_03827,635.2499254495366,-0.2573869289033275,-0.14704460931965546,0.1957219623632458,0.5096088222271623
Ptuh,OG_03828,24.64219721761014,-0.3429605746894705,-0.03293027709709895,0.5617440951927907,NA
Ptuh,OG_03829,83.01366669458918,0.0032049736334908803,0.0010448963294643343,0.9925274231362684,0.9959118393811421
Ptuh,OG_03830,564.8894250665252,0.389319538456452,0.2542527717503421,0.045878872197933435,0.2622115772553303
Ptuh,OG_03831,44.47395623191374,-1.199825715528637,-0.9275208007639268,9.03027682351439e-4,0.045108888697226
Ptuh,OG_03832,59.98458351675736,0.3255552171840972,0.09852962239200456,0.31253338046693596,0.6212010488664965
Ptuh,OG_03833,56.93695707942001,0.8547733426513388,0.17620737836581352,0.05064719919215671,0.2756922287735152
Ptuh,OG_03837,484.4847510015003,-0.6928722998540928,-0.4902978780802433,0.006776614489343078,0.10961335284476462
Ptuh,OG_03834,14.20304272074278,-0.33783657844069376,-0.017378265707923786,0.7151734488956973,NA
Ptuh,OG_03835,66.63554009545747,-0.0836118002434667,-0.017884843783264267,0.8234451330777605,0.9302509072896558
Ptuh,OG_03836,208.68089276157224,-0.13529493533118805,-0.0737447930154152,0.5007042996442791,0.7679214218131151
Ptuh,OG_03838,20.809611027620406,-0.13332268160259766,-0.009994477189130995,0.8429695770899801,NA
Ptuh,OG_03839,3413.737449627901,-0.23215465523627044,-0.09648874609522883,0.3427891128643434,0.6504537080423879
Ptuh,OG_03840,178.91266028204126,-0.5949775614737977,-0.413469401860356,0.0095140475986183,0.13073348253635372
Ptuh,OG_03841,328.96621899232076,-0.32671260682208114,-0.2090585570667196,0.0843182042010145,0.3488838236411423
Ptuh,OG_03842,476.0942356213031,0.35140433575789093,0.09872682944941755,0.2755595743368857,0.5877468342579335
Ptuh,OG_03843,356.2198045898042,-0.03362239518838296,-0.01452685308294725,0.881924815983328,0.9528906030310639
Ptuh,OG_03844,17.69433545131447,-0.18582347741218858,-0.014441118876005386,0.783931801383282,NA
Ptuh,OG_03845,4987.130868570261,-0.30378502574162913,-0.14614940880135646,0.1920021537154048,0.5055759036747961
Ptuh,OG_03846,535.8654809491902,0.09680429855846544,0.05715469968749372,0.574264948101324,0.8085772789559122
Ptuh,OG_03856,25.43260672737578,-0.9905432967766831,-0.06920477609000208,0.14037314060343614,NA
Ptuh,OG_03857,54.14784364289233,-0.326817501506342,-0.03426854166902913,0.5594674995857909,0.8002125263649936
Ptuh,OG_03858,308.77868430899133,0.20033895099141494,0.08057701820008242,0.45953661231940107,0.7344974424649641
Ptuh,OG_03860,121.88617176544335,-0.29140812118417686,-0.12716132518802575,0.24490446353942152,0.5656304856540516
Ptuh,OG_03861,9.638761865829675,-0.42479103588943024,-0.03490332219969433,0.5068925496440208,NA
Ptuh,OG_03862,362.4345045090535,0.09203102725064229,0.02653765924864352,0.7638512288721719,0.9067129767378368
Ptuh,OG_03847,538.2541418593408,-0.29544737456647824,-0.19170613314809284,0.08270957296360447,0.3447861860101611
Ptuh,OG_03848,433.0993614091597,0.1611363237888172,0.1027392637797544,0.3270548882561493,0.6367148351836818
Ptuh,OG_03849,2172.299314643948,0.0534664989942362,0.031018674563879824,0.7738215933066849,0.9120688821037474
Ptuh,OG_03852,496.2189123562483,0.304237949481889,0.20416057594993073,0.06746773461315336,0.3163267500173714
Ptuh,OG_03853,45.20730172335917,-0.3463437326001691,-0.05888464562421676,0.4269039683214535,0.7101687265404986
Ptuh,OG_03854,612.797696911786,0.0708538238753002,0.023287426644255052,0.8065699254219024,0.9234496901861547
Ptuh,OG_03855,68.74446241711205,0.4125262568472857,0.2529211347347401,0.05352561190841742,0.28373251955448237
Ptuh,OG_03863,604.3288107477622,-0.12954418344508062,-0.039521177050434474,0.6664084416428548,0.8590768070928865
Ptuh,OG_03864,186.9297659863499,0.5954566265775377,0.25735705281439936,0.05043360988777727,0.27517301932692523
Ptuh,OG_03867,109.59675413179681,0.2224088614359883,0.10237759728179871,0.34136319306952523,0.6492399183754554
Ptuh,OG_03865,649.2815259426632,0.5017890861627795,0.3940779825859368,0.00587718056622515,0.10123532934763485
Ptuh,OG_03869,107.48090132050626,0.8048845569969958,0.2980156775752638,0.03162410702322334,0.22032627291024218
Ptuh,OG_03870,100.88814650929487,-0.20781018375283916,-0.07302533381147668,0.45796151991660294,0.7334754060753874
Ptuh,OG_03871,66.01875581755145,0.3159862454226292,0.07656757434595425,0.3871731142610241,0.6793876247761155
Ptuh,OG_03872,73.18703639543509,0.3872480426718852,0.07317420959475726,0.3617040586620647,0.6627145767242629
Ptuh,OG_03873,140.0546396458505,-0.693555632735758,-0.2509739469383921,0.045294506309370375,0.2617618330928002
Ptuh,OG_03874,494.7261420337185,0.1459674016933641,0.060506397630727266,0.5488164007211415,0.7956215051751292
Ptuh,OG_03876,4404.2384188539645,0.024888422789092514,0.014945336321005738,0.936621513357836,0.9724648357298867
Ptuh,OG_03877,74.88095654815369,-0.04320045556313035,-0.012435508814912625,0.8880065684609645,0.9537311286654415
Ptuh,OG_03878,559.0482468449454,0.2814622065941419,0.12018481393124898,0.26521568713672533,0.5792186832311184
Ptuh,OG_03880,69.7373871344168,0.17053506935732715,0.04126003314613759,0.6281956059465575,0.8373312016478052
Ptuh,OG_03883,69.01621885416635,-0.8358653620164792,-0.3646961494315946,0.019466369193945877,0.1751148381302843
Ptuh,OG_03884,346.24802460555617,0.04924973190597744,0.014764511189911948,0.8750412723551153,0.9504461036748525
Ptuh,OG_03881,205.07909596616037,0.08426066844081745,0.04118698005050479,0.6883706164906489,0.8732661002746624
Ptuh,OG_03882,217.87500056626246,0.39727572750206014,0.20006268601806607,0.10251947716954896,0.37851973918426507
Ptuh,OG_03889,1488.4935154478837,-0.09426657146400771,-0.05981311124537664,0.5776200751092483,0.8099923441639509
Ptuh,OG_03890,610.8420944118653,0.3421578572193536,0.2464181207434183,0.03860507076208422,0.2441059277078326
Ptuh,OG_03891,282.038450334856,0.1874656587635975,0.041424991946800306,0.6154040277385703,0.8309764674122975
Ptuh,OG_03886,3164.9972888117018,0.49892405860676625,0.3520051076637678,0.018050737359571953,0.17119330799179172
Ptuh,OG_03887,135.71898214447052,0.06285069052458692,0.01938921968614545,0.8243715975692242,0.9307331901423098
Ptuh,OG_03888,15.001420156307072,0.687304240822858,0.10239723247186484,0.16456138198285475,NA
Ptuh,OG_03892,38.96342088016975,-0.3746157284803644,-0.04885933013733824,0.4640834248414543,0.7378611539770666
Ptuh,OG_03893,1853.471499878665,0.04622906266763587,0.0292917495154,0.7721001827096573,0.911282105847173
Ptuh,OG_03894,28.47533724493166,0.2073902637481325,0.03955205442686152,0.6132263785681797,NA
Ptuh,OG_03895,4606.060741347466,0.18482402756107366,0.048745749356587154,0.5807106866173364,0.8116186884059283
Ptuh,OG_03896,405.87541585352005,-0.3574703733688437,-0.17779892843991985,0.1280334992850338,0.4230873155364101
Ptuh,OG_03897,170.39227854725192,0.08506051556651509,0.024250460429088103,0.7822472801340747,0.9141108989815003
Ptuh,OG_03899,421.0178933101865,-0.23333001688847424,-0.10737077994077546,0.33064296052176334,0.6401176013523576
Ptuh,OG_03902,499.7910987320487,0.6747817229760903,0.5083347993525099,0.0040324918153237035,0.08539631046316432
Ptuh,OG_03905,394.8109643783021,0.2985737257102965,0.1808523720574519,0.1265457370657136,0.420011936818431
Ptuh,OG_03903,56.709642963941555,0.30022808380919236,0.04703170848501717,0.5102047029863175,0.774731023986521
Ptuh,OG_03904,2157.290641264854,0.18953472496072926,0.10879501348393293,0.29610954357441766,0.606219294496769
Ptuh,OG_03910,174.5053307328847,0.7870932132809709,0.16709790259036486,0.06947766868857794,0.3194392866829474
Ptuh,OG_03909,233.4471176904018,-0.15939231092485498,-0.04139456091707499,0.6214661897456701,0.8337389519891977
Ptuh,OG_03906,88.09675921939964,-1.6309461241390224,-0.2728064157232691,0.002446364423012541,0.06545805534468761
Ptuh,OG_03907,57.741468566356545,-0.38072035108428337,-0.10876368888627254,0.25674283472435533,0.5728148764315621
Ptuh,OG_03908,390.5653940876271,0.4667510001197479,0.32961938518159595,0.017975916616824242,0.171133950571829
Ptuh,OG_03914,1305.589393301933,-1.0842343990049057,-0.814952838354038,0.0013445969048986877,0.05052352617875954
Ptuh,OG_03911,22.72109406678379,-0.032096810388904926,-0.0023648844360555747,0.9580875697210176,NA
Ptuh,OG_03912,94.9162526668734,-0.7428387463785053,-0.5009818520022888,0.008035824947016764,0.12071655452630677
Ptuh,OG_03913,340.45086955421124,0.32131631137599975,0.15269524972345846,0.1782271540183895,0.48754728253990803
Ptuh,OG_03918,1533.6071975950742,0.4031447911234342,0.09445521799090542,0.2580895059821177,0.5728148764315621
Ptuh,OG_03915,944.8957666421198,-0.7638281436316815,-0.1931973905409319,0.04851142635279458,0.26888840340715353
Ptuh,OG_03916,134.7495933171131,0.9778421781889647,0.6791780557589785,0.0037429537652993827,0.08255886590888924
Ptuh,OG_03917,32.33904898899402,0.6175882456858001,0.11683893384288287,0.15926167258024362,0.4631317407445721
Ptuh,OG_03920,17.54446992854613,0.12725636549247155,0.030711783301842644,0.7254321156906745,NA
Ptuh,OG_03919,1212.8332211349157,-0.3508307558749074,-0.13265889162380826,0.2072334658061986,0.5234719294721469
Ptuh,OG_03924,547.9572718019648,-0.48934842355814434,-0.18463178483468265,0.10169729339649061,0.37849142742245334
Ptuh,OG_03923,386.5104658705647,0.9132295399078796,0.5138817791430024,0.009799098769059043,0.13229034704883383
Ptuh,OG_03922,181.8666633334983,0.22086127158489588,0.09618861944402333,0.35675977682715293,0.6610568912514618
Ptuh,OG_03926,178.27113788677264,-0.19751560300914275,-0.04739615279498298,0.5794616102923535,0.8114755927774846
Ptuh,OG_03925,1820.479358951443,0.17082890466521602,0.10963717005923376,0.292763397772041,0.6032872540354701
Ptuh,OG_03927,37.47342089330253,0.05563114595078889,0.010591538778616351,0.8867170424568709,0.9532853683433027
Ptuh,OG_03928,29.655755436448246,0.7635038049739089,0.06391521630568771,0.2211359652847128,0.5405545818070758
Ptuh,OG_03930,46.05158141259046,0.3758417591496333,0.06991659938227744,0.3788211813568648,0.6737850781070207
Ptuh,OG_03932,165.2043254147781,2.702971482809435,2.5242270912851166,4.708238686859807e-10,1.999118146440674e-6
Ptuh,OG_03931,481.2384743380021,-0.31684470198055753,-0.06255716406158819,0.43449648542115366,0.7140283524092385
Ptuh,OG_03933,42.92895989206606,2.102050009613035,1.5594295770218831,1.776377435607501e-4,0.022012604579892067
Ptuh,OG_03935,181.1512966593586,0.04411985008119988,0.01416760210616731,0.8804462029176807,0.9523487241127865
Ptuh,OG_03938,1637.3927908242206,-0.5483544045610845,-0.3333445581641689,0.024361364960777874,0.1947991631326984
Ptuh,OG_03939,148.38502767154344,-0.5055931036207193,-0.16757332984674478,0.11736192875600682,0.4043154154142028
Ptuh,OG_03948,289.31849860940054,-1.2530738161726507,-0.11010055780941497,0.04155190088159364,0.25312678786692483
Ptuh,OG_03949,140.39157485619114,-0.5994110190241264,-0.3408977672520913,0.02874593621186454,0.21175606907665304
Ptuh,OG_03950,141.36097087998314,1.0766114377858134,0.6425930037375608,0.006290633558355523,0.1048997630432468
Ptuh,OG_03951,28.69187139472494,-0.42370156396031783,-0.07101097628529039,0.3303619741061799,NA
Ptuh,OG_03953,46.54180493483641,-0.09556829778533771,-0.025334255481877854,0.7695180176516503,0.9095486882056686
Ptuh,OG_03952,1171.8579026395541,-0.20313759995747757,-0.12943885617988096,0.2227181680163174,0.5420789666903933
Ptuh,OG_03954,231.56851844136435,0.44756839384847724,0.16609916066452468,0.1433857580502359,0.44386563443757415
Ptuh,OG_03955,196.00571462777918,-0.04040461885077091,-0.011678354881537461,0.8950355613843606,0.9577421858966721
Ptuh,OG_03956,88.00217514390872,0.706956031250521,0.1556843284261714,0.08394353714282295,0.347960480786349
Ptuh,OG_03957,277.90656049082764,-0.4528659711802181,-0.12689058573066875,0.18817069603198813,0.49998296329901226
Ptuh,OG_03958,874.0000167746608,0.11700220412753791,0.05008077539887459,0.6078856264130336,0.8266035500180853
Ptuh,OG_03959,2087.5756344622173,0.13311731101248728,0.05592778320763749,0.5775495552569977,0.8099923441639509
Ptuh,OG_03960,184.82197012022263,0.5467293634260262,0.1236110504712804,0.15944767316034636,0.4633913896227451
Ptuh,OG_03940,1944.368651362678,-0.07507625915559868,-0.025580508907538043,0.7495630391433648,0.9009057418007561
Ptuh,OG_03941,33122.70429686417,0.47112911618866665,0.21466959009766878,0.08504426390117961,0.35045665165807
Ptuh,OG_03942,232.87249678388193,-0.27598727045452803,-0.06711436297428884,0.42931331438176656,0.7120563800253832
Ptuh,OG_03943,33.42487050778933,-0.29094888519097717,-0.06372256194343007,0.456572606976704,0.7320057443494152
Ptuh,OG_03944,89.42052681250968,-0.2588308554768821,-0.044778463517735345,0.5578659982697418,0.799802312392357
Ptuh,OG_03945,340.5672068581171,0.7440669632245293,0.3275101749369904,0.02766149177111724,0.2067793909509926
Ptuh,OG_03946,524.9340454621628,0.010217723474430156,0.005548340555257247,0.9683421940961752,0.9853998696542504
Ptuh,OG_03947,393.5583451725563,0.012082099610972915,0.003255297939529521,0.955214955777172,0.979790482480945
Ptuh,OG_03962,1031.082479691498,-0.016423865219999192,-0.009503120709184968,0.9224512012296978,0.96757109694202
Ptuh,OG_03963,635.2873193905623,0.6925720549596275,0.2086544522617348,0.058115322252858925,0.2943151639150432
Ptuh,OG_03964,69.50175938180035,0.1691946736606858,0.019355835908916767,0.7385208667616499,0.8959860839867438
Ptuh,OG_03961,91.9723531292578,-1.056081314421456,-0.7677565181303185,0.001971430907200193,0.061323777523604545
Ptuh,OG_03967,31.281320274403324,0.28677943189746824,0.02527593228631919,0.6465356734760004,0.8467583188090986
Ptuh,OG_03965,350.82603728411095,-0.24447335905684206,-0.04762244905369676,0.5277197041611494,0.7845965898363132
Ptuh,OG_03966,277.5660042523922,-0.22159242151193695,-0.11271268049117221,0.30023057891140204,0.6093250162147194
Ptuh,OG_03970,409.0583331367562,-0.22553691951073848,-0.04318258346532115,0.5638996792269182,0.8034624288582197
Ptuh,OG_03969,52.66011208717155,0.4806401030157499,0.13189824467763336,0.17677895648900438,0.48586140074466905
Ptuh,OG_03968,581.1949262167815,-0.3225562400981567,-0.21454932384833914,0.08035632832176043,0.33976668283973266
Ptuh,OG_03971,960.9046553422912,-0.2073604666374952,-0.04806668348311873,0.5642572571818472,0.8036880048377235
Ptuh,OG_03972,382.42207195684216,-0.6286193351845202,-0.3491172072644313,0.02562582618945645,0.20038169060853056
Ptuh,OG_03973,431.87802859665254,-0.29690873734247214,-0.16063399920201182,0.160227067248956,0.46454361730219673
Ptuh,OG_03975,2341.6556979163133,0.0023582923508049993,-0.004213082384884075,0.9954516859830435,0.9981551207188576
Ptuh,OG_03976,210.2914543012724,0.623584572736048,0.44478681367098105,0.007310665044476239,0.11404680479109747
Ptuh,OG_03977,1698.3335851027643,0.5942727508457363,0.46944299969080155,0.0028836099087956885,0.07298399112857791
Ptuh,OG_03978,192.50853931929402,-0.5582355567498192,-0.3000041612252402,0.03511149691501784,0.23261014369108976
Ptuh,OG_03979,503.60712607797774,-0.23069937898589982,-0.11772137052363585,0.27675678957827554,0.5893226321711925
Ptuh,OG_03980,250.18070600246733,-0.6157959063891063,-0.12408768459495668,0.13753859961718004,0.4359752847887618
Ptuh,OG_03981,1868.0298860740434,0.21476571570061914,0.1329675469404365,0.22532973780459295,0.544369134699718
Ptuh,OG_03982,279.66363483989016,0.24882660164937534,0.09079946302948812,0.3604854971878342,0.6620205838470787
Ptuh,OG_03983,285.5974355566386,-0.14419803408466275,-0.059491887833224476,0.5574485939487753,0.799687642567691
Ptuh,OG_03984,48.43694973256202,0.5121137689122784,0.15350029768844822,0.13955971716339366,0.43861625394209436
Ptuh,OG_03985,36.3191254646551,-0.40872306646706474,-0.0645403614282622,0.3664441087777855,0.6660623655267454
Ptuh,OG_03986,2506.423656577867,-0.5453886875499196,-0.2066951452462003,0.07897327585808597,0.3366671980857761
Ptuh,OG_03987,329.7720220177183,-0.4436578310244584,-0.14737149152636506,0.16565203825871755,0.4709596432645609
Ptuh,OG_03988,527.6304597059981,0.5920017644790517,0.18130580220641393,0.09101700672059602,0.3606839562784731
Ptuh,OG_03989,52.623129225700374,0.11811364857820623,0.03682095507213963,0.6960534760933834,0.8776279040377544
Ptuh,OG_03990,908.5820274519466,-0.48966668349021125,-0.34841276232516327,0.014986032908800719,0.1583216625260982
Ptuh,OG_03991,328.5358910678058,-0.08325743106615757,-0.03628217833412083,0.7216746478149445,0.8875396248000736
Ptuh,OG_03992,566.0544410879246,-0.3256806126883354,-0.19026353337897225,0.10240008141410942,0.37851973918426507
Ptuh,OG_03993,144.6520076836861,-0.38623220578704026,-0.1543624853533969,0.16239242908411336,0.46667902124612204
Ptuh,OG_03997,231.24288974477452,-0.10134033915876453,-0.021288724872517,0.7652303079741645,0.9073270551758024
Ptuh,OG_03995,705.8903699227337,0.3977407474954834,0.16871756077947686,0.13778525332788918,0.43612304124788975
Ptuh,OG_03996,88.01075833955595,0.23716946422724636,0.05325941407911522,0.5251802588513677,0.7827010807591811
Ptuh,OG_03998,493.1630429277617,-0.717431488580815,-0.5782036201783255,0.0010079443915437197,0.0467275971603776
Ptuh,OG_03999,1942.375986820935,0.43302275040950683,0.09261950903827121,0.24955017211400465,0.5678403166109666
Ptuh,OG_04000,33.97963799740478,0.670227058880421,0.19318355039736887,0.0771501381560436,0.33307522787042315
Ptuh,OG_04005,439.4023658696444,0.5265961179781362,0.3378091189483073,0.023559849221758664,0.19108905405078758
Ptuh,OG_04006,324.91729860067176,-0.09510794961477205,-0.03196846678803693,0.7329146837060911,0.8931382221649411
Ptuh,OG_04008,841.2153119786237,-0.9559551471599458,-0.061163700181071264,0.18327822941922828,0.4930566949948169
Ptuh,OG_04001,3579.196617607365,-0.04611447328760333,-0.017908719701761715,0.8519086882965736,0.9405987124939759
Ptuh,OG_04002,2203.4974063664486,0.04797748685734391,0.02528384564631803,0.8110279277827258,0.9239754948897123
Ptuh,OG_04003,4230.023461907074,0.42095120688652027,0.12276922596013927,0.19441512787908644,0.50893133968841
Ptuh,OG_04004,93.14029188303874,-0.4519281403444588,-0.08020494662834364,0.2913046889280052,0.6019218732915076
Ptuh,OG_04011,170.8404593155396,0.13976657604954343,0.025867432850363112,0.7363234860538475,0.8950556890308148
Ptuh,OG_04009,47.194097934806685,0.7192901166607591,0.18872886742565534,0.07568970237195623,0.33056931799572037
Ptuh,OG_04010,420.17965180095274,-0.7847937547174101,-0.24475287724296377,0.03727855427428579,0.24018928899638461
Ptuh,OG_04012,437.3858095078469,-0.02913975696783842,-0.012148856939342858,0.891230562813427,0.9558385879529707
Ptuh,OG_04013,411.17853728888696,-0.06656517123221808,-0.03050143961778923,0.7515344718433716,0.9010349759838927
Ptuh,OG_04014,184.5830663889791,-0.39041574720226146,-0.20814369297363447,0.0928501787862512,0.3634240039914622
Ptuh,OG_04016,139.6361504204388,-0.42142965367090934,-0.13380893254721213,0.18292054100278912,0.4928176504427935
Ptuh,OG_04017,49.29367636503707,-0.633317743208108,-0.06776500951405232,0.24773267484874043,0.5664771079164413
Ptuh,OG_04018,337.79827597092606,-0.1927888095263078,-0.07875418024273882,0.44447465156765337,0.7225265584059174
Ptuh,OG_04019,56.58073645499913,0.20876361089858606,0.03379719712306167,0.648759011091611,0.8478579021928664
Ptuh,OG_04020,56.86593520288554,0.3514038596946774,0.07218494284100449,0.3747051670324021,0.6714656361223034
Ptuh,OG_04021,319.0738862622068,0.453515638177797,0.17211674431092946,0.11983974325005171,0.40802008495255365
Ptuh,OG_04022,386.2354729437867,-0.30565709829391446,-0.059631558163292304,0.4367397786809964,0.7163867154166202
Ptuh,OG_04024,1357.029397192365,-0.11251892274159556,-0.03758973160009557,0.6429518707098852,0.8457464278051992
Ptuh,OG_04023,223.7234007160894,0.40240067488491654,0.19346308500628553,0.10795888396065707,0.3889634461577853
Ptuh,OG_04025,263.23406669469256,-0.09449757669002433,-0.03220009300964387,0.7329549989287367,0.8931382221649411
Ptuh,OG_04026,1105.276353892894,-0.22851464867201235,-0.08060743465135128,0.41217286394999164,0.6994091435733784
Ptuh,OG_04027,1564.8614910170093,0.4375733103855434,0.26481299565960625,0.04905432146730571,0.2706753072776869
Ptuh,OG_04029,281.5056802750346,0.04585352602059105,0.016513795601058135,0.8651305748631759,0.9465447060376678
Ptuh,OG_04036,320.12249944545215,0.1281453109926542,0.06832960757661659,0.4998411662803931,0.767399467003827
Ptuh,OG_04037,480.0898312181725,0.44745750949499186,0.0431688761064752,0.4335279155936586,0.7134647609249449
Ptuh,OG_04033,774.6398693498626,-0.47486999976322103,-0.2007181728825521,0.09732478697064272,0.37012184995732106
Ptuh,OG_04034,91.53972939639155,0.058638428296394096,0.01748151228561204,0.849973966791775,0.9398410059890303
Ptuh,OG_04035,101.52470371634196,0.36299083949328464,0.08350403281502862,0.3244454455961006,0.6333299051294967
Ptuh,OG_04030,454.9425739763279,0.3773909140048396,0.2305413951407265,0.06898962096104465,0.31822914785507395
Ptuh,OG_04031,615.5535609673337,0.4294678295652804,0.18255892754731923,0.1230894595034276,0.41561657658175233
Ptuh,OG_04032,2248.126421522805,-0.7190111022400849,-0.21319781427947648,0.050928055395012585,0.27599300983691566
Ptuh,OG_04043,768.505090866957,-0.04790444550343757,-0.012140531184695871,0.8807992085706342,0.9523487241127865
Ptuh,OG_04044,279.1316545501428,0.5097193844073811,0.3530447173753476,0.016906190999152394,0.16655147791740385
Ptuh,OG_04038,62.672399943044695,0.3047323033469013,0.04189102150134028,0.5394632491184819,0.7905300968963155
Ptuh,OG_04039,204.61227226900056,-0.2321236586651237,-0.07341811272473096,0.4491545375483721,0.7267950329384101
Ptuh,OG_04040,590.6155300321316,-0.1019853175110245,-0.0614571393044034,0.48242943624292817,0.7522312296716064
Ptuh,OG_04041,409.69717796839313,-0.645806507198484,-0.40971458045727394,0.01412963609559993,0.15587780374886512
Ptuh,OG_04042,427.4737875031862,-0.11005707923180325,-0.03797268381229336,0.6970620945963613,0.8778661289207029
Ptuh,OG_04045,264.0677385063361,0.6171710572447497,0.15859669104719135,0.10203766905706622,0.37851973918426507
Ptuh,OG_04046,649.2643889503661,-0.519849604462818,-0.180486690488139,0.10215361212019927,0.37851973918426507
Ptuh,OG_04049,33.127353624372994,0.3831243132190587,0.047712270232294865,0.44462615326647315,0.7225695467885582
Ptuh,OG_04047,692.9699956586473,0.1648430986052485,0.11244062165754934,0.2578282513415226,0.5728148764315621
Ptuh,OG_04048,1227.502426051906,0.3272418330301426,0.2684899452572023,0.011082758781375277,0.13894457363670248
Ptuh,OG_04052,120.96194239031381,-0.19925622660983083,-0.058989360744930795,0.5316107852449559,0.785691458137158
Ptuh,OG_04053,40.00856919157285,-0.742379002452166,-0.12728216442482426,0.11254152956740691,0.39655712410224875
Ptuh,OG_04054,145.190779715936,0.40664035130314524,0.0537878576291118,0.38841002182655127,0.6795698176628987
Ptuh,OG_04055,47.30975706096289,0.18169399353012433,0.05328914453470814,0.5653010381779067,0.8041090003270556
Ptuh,OG_04056,93.71317487112037,0.22089084863828334,0.048395675515767955,0.5546217245172299,0.7983001632800258
Ptuh,OG_04050,334.38305151925346,-0.10788099209936321,-0.03414572396707224,0.7113821788309214,0.8840237029238179
Ptuh,OG_04051,66.64117199948338,-0.19106653920906433,-0.047463359948582404,0.5862648538116815,0.8145023975021614
Ptuh,OG_04060,292.99879246969766,-0.1824177373121951,-0.06677075820755743,0.4984208253850608,0.7662801645366557
Ptuh,OG_04071,543.2396278874241,-0.11578475454180856,-0.06323846100291063,0.5385347029865719,0.7896873757885291
Ptuh,OG_04061,210.00624062709014,-0.19289630562713345,-0.10638309834912192,0.32588198711067995,0.6351594754518922
Ptuh,OG_04062,83.44432401869685,0.47748932019720103,0.20171013879635927,0.0969307944093671,0.369119419786702
Ptuh,OG_04063,212.39401321840762,-0.5755624196197656,-0.3435945609443578,0.02423822888100673,0.19454729646267405
Ptuh,OG_04064,561.9026481147782,-0.11974863182877708,-0.05543177053939996,0.6041423068064458,0.8238921582464007
Ptuh,OG_04065,111.88185589138331,-0.060645127697488824,-0.01215275120802561,0.8793315835604297,0.9521377452892101
Ptuh,OG_04066,207.45019567184033,-0.115401024968624,-0.03631586610364756,0.6996482623763307,0.8787031147064651
Ptuh,OG_04067,326.6438967589902,-0.40519397997792017,-0.10986931640868058,0.23944693913620294,0.5603150749916327
Ptuh,OG_04072,13428.2099410739,0.6305838667628871,0.35397442264807233,0.02466249963212855,0.19628298676292
Ptuh,OG_04076,172.67308812703425,-0.8817350887897171,-0.7390466601260747,2.4668491731928173e-4,0.024938670450896913
Ptuh,OG_04073,1046.757803787509,0.09665342431824595,0.018855340688458656,0.8037731182214962,0.922508625481409
Ptuh,OG_04074,375.57346165463946,-0.5380081892799325,-0.4523410986829754,0.001291776889356971,0.04945105655610706
Ptuh,OG_04075,654.9670937026834,0.12655864919039891,0.057540194318393356,0.5696239779981727,0.8063171656451391
Ptuh,OG_04077,400.18566352245284,-0.056012740857955726,-0.019528781090683588,0.8322166658877592,0.9338245146298694
Ptuh,OG_04100,382.2114588708197,0.0423315535022899,0.017428360731559064,0.8627264873753919,0.9456916652629184
Ptuh,OG_04098,1169.5435019612366,0.3974664569555646,0.25057402689951425,0.05240748310143447,0.2799021047153343
Ptuh,OG_04099,194.03495205901086,-0.3507145347505905,-0.15105725819505705,0.17707373494643644,0.48630207293355104
Ptuh,OG_04078,349.6237239135494,-0.12726216725122344,-0.04594288219485069,0.6440433130836865,0.8457464278051992
Ptuh,OG_04079,145.73955699038046,0.3277671333726141,0.08896230111974587,0.32791100766487324,0.6376506244767812
Ptuh,OG_04081,218.88665121131797,0.6958956168755142,0.4941177514669649,0.006584356176047614,0.10836114854069058
Ptuh,OG_04083,1528.0196134537819,0.28939176311540965,0.07860296302230349,0.388597198626921,0.6795698176628987
Ptuh,OG_04084,131.21747531701416,-0.3032155869541403,-0.1510106163029448,0.18130777885997726,0.49064653026757193
Ptuh,OG_04085,392.9102907926129,0.17051702737025368,0.08232378435227163,0.4317627661881923,0.713134559061946
Ptuh,OG_04086,94.92270498446702,0.03195215586473466,0.006808545499751018,0.9347175730141217,0.9723902523626021
Ptuh,OG_04087,158.06044099882814,0.6534867910589405,0.11612393330521897,0.12977127653488635,0.42631244887205216
Ptuh,OG_04088,702.196511543201,0.20134052560849872,0.11219465026813288,0.29544871692218844,0.6059491685365367
Ptuh,OG_04089,394.80175515367137,-0.16620716016177278,-0.040751499772234634,0.6110098426711328,0.8291300070251294
Ptuh,OG_04090,101.61141942356295,0.9974406633406153,0.7817412593750541,9.213948305877627e-4,0.04522823642399584
Ptuh,OG_04091,39.17061177675898,1.4479142640727807,0.15464151980218774,0.017640197432247134,0.16964955446731897
Ptuh,OG_04092,526.6146603927579,-0.08379900427454152,-0.030107132855243336,0.7941012428820811,0.9192034540220733
Ptuh,OG_04093,248.523045002699,0.0969279083610016,0.04776754306308772,0.6402819271134412,0.8445595099483291
Ptuh,OG_04094,712.6343509888743,-0.2012708310123895,-0.11603844551104274,0.2658785197618967,0.5796766084256808
Ptuh,OG_04096,960.9090341055019,0.4559401149782913,0.07076654663956551,0.29512518992807085,0.6058020577397094
Ptuh,OG_04097,305.17499357513884,0.21957166380124404,0.04030425902857002,0.5977494043569258,0.8212029986186948
Ptuh,OG_04101,231.4888395917751,-0.1671601719154498,-0.05670785454024,0.5533781652016099,0.7978797568320762
Ptuh,OG_04102,1575.8617156449109,0.23270932796104385,0.04506513420447937,0.5442791817040484,0.793752157140783
Ptuh,OG_04103,687.5018278834273,-0.06363062723187882,-0.044518473848344696,0.6379631618570307,0.8429412121502886
Ptuh,OG_04108,10.885927624184157,0.6684591077944855,0.03330794371788875,0.42498190214796877,NA
Ptuh,OG_04104,384.50316825543854,-0.07220878790523609,-0.03002423511250767,0.7641723191794759,0.9069673423441104
Ptuh,OG_04105,1222.342079830375,0.47197132978907796,0.24491853205206607,0.06375218282484127,0.30760428212985913
Ptuh,OG_04106,47.21919488541206,0.5164547926118516,0.08103746635848626,0.26697070426034164,0.581268455265428
Ptuh,OG_04107,629.5044674072855,-0.37115093501081714,-0.14583344819885435,0.18088200446925512,0.490023470006092
Ptuh,OG_04109,643.3474160498178,-0.16397839543438503,-0.046699153410951204,0.6130774708865149,0.8299464184231283
Ptuh,OG_04110,1771.2353005151683,-0.15225094968454156,-0.06484366337209153,0.5554042998834815,0.7985935175432654
Ptuh,OG_04111,3511.5814479752025,0.281702449520721,0.13794245661278728,0.20855228786975005,0.5242824240941141
Ptuh,OG_04114,161.79694532162105,-0.26181758013883694,-0.10628221095462086,0.30672149463281934,0.6160546197781225
Ptuh,OG_04115,151.4869571081957,0.6317607170918299,0.5135796186791102,0.0015239819794035448,0.052385044860224904
Ptuh,OG_04113,883.7681872539581,0.05469477202012776,0.029670773688180472,0.7548707566956263,0.90312235360091
Ptuh,OG_04117,349.14289173227377,0.7350180722007612,0.3761120033229801,0.02063275048837617,0.17894395564581603
Ptuh,OG_04118,131.34700461005764,0.0385937370609555,0.005962919707474564,0.928029122812659,0.9704321024199909
Ptuh,OG_04119,29.60580426059476,-1.3278221670718315,-0.9148229724285328,0.0025641550446111054,0.06762361689079971
Ptuh,OG_04120,184.13328325621484,0.3730101741584346,0.13488738209533713,0.22197226922484342,0.5414873057179204
Ptuh,OG_04121,36.05549216197731,0.37520478113846717,0.050612654175086265,0.45525391289065525,0.7310923275846151
Ptuh,OG_04124,61.40819180139933,-0.5395155104667821,-0.2786928494332209,0.04579914664496806,0.2622115772553303
Ptuh,OG_04123,870.7716110823047,0.2628796489509425,0.06680457357280555,0.43519435079924407,0.7146916315968247
Ptuh,OG_04127,1024.602353083668,-0.09075353909697365,-0.04250415885870871,0.6796208972695887,0.8680013023933445
Ptuh,OG_04128,288.06589942414536,0.13278066953500506,0.030013516587580426,0.6950469197332645,0.8772797922673725
Ptuh,OG_04129,858.7416631197406,0.5051276288953919,0.08799049367474324,0.24252127992900754,0.56362635718586
Ptuh,OG_04130,130.5302642929628,-0.01714819262915186,-0.009947184146605798,0.9437689846868915,0.9759831980256848
Ptuh,OG_04131,317.5536501817613,0.72966890285812,0.3917371802845079,0.018368279622477262,0.17204911497737324
Ptuh,OG_04134,155.12307560003163,0.5991442546729765,0.1569099083140827,0.1091054305196414,0.39077322478818843
Ptuh,OG_04135,43.86676991393937,0.14040672240643381,0.032618902062118975,0.7028942926024109,0.8798195990240846
Ptuh,OG_04132,136.69547444865447,0.12433213224185927,0.05219631968255593,0.6001001505368813,0.822607018298498
Ptuh,OG_04133,159.5076456937722,0.34845674045858194,0.07640431317244348,0.37246074662574036,0.6703977660758345
Ptuh,OG_04136,286.4897176624414,0.5849857120865756,0.18159324321504244,0.09556581383274153,0.3673811186363246
Ptuh,OG_04137,175.8510359553795,0.5348883482866669,0.31545301080400157,0.029915526312536238,0.21380269451609588
Ptuh,OG_04138,283.50395419989854,-0.08673487601853322,-0.04167917446987483,0.6669681334389308,0.8590768070928865
Ptuh,OG_04141,2298.9722275874406,-0.30704007432640923,-0.05341170329053451,0.4547301471361009,0.7310773271279896
Ptuh,OG_04142,165.21331051656077,-0.3978911577080558,-0.17380521408815705,0.13747062627011267,0.4359752847887618
Ptuh,OG_04143,115.23269370384337,0.04203822244040082,0.019866011715760398,0.8523888858789704,0.9405987124939759
Ptuh,OG_04144,248.5970421576123,-0.14606262925099542,-0.07083717457943207,0.48904756834771335,0.758121933261917
Ptuh,OG_04145,1574.1248360891473,0.16801676050547418,0.08495731978298561,0.4173180900616787,0.7025902499610974
Ptuh,OG_04146,382.4513429500845,-0.35911925032948566,-0.11362394668401618,0.25593914952451924,0.5728148764315621
Ptuh,OG_04147,128.5262526623235,0.01033713303828619,0.002652018526608913,0.9773638630692076,0.9892146749755419
Ptuh,OG_04156,96.96814533459812,0.3177804598867494,0.0705101570938005,0.41068199240162967,0.698900096087102
Ptuh,OG_04158,378.3384665383607,0.6341775584563596,0.43055587586847954,0.011167550676473634,0.13894457363670248
Ptuh,OG_04159,481.8784579695122,-0.37684152329409315,-0.18661302885675773,0.11503970978420044,0.39980858434184385
Ptuh,OG_04160,536.8726895394809,-0.20071297111206482,-0.06657000201140933,0.49484570023625774,0.7639028697339213
Ptuh,OG_04161,78.3366988450885,-0.6952830060933285,-0.34221610678692027,0.029436422647382037,0.21379476593718907
Ptuh,OG_04148,195.87528558944913,-0.16849320132284165,-0.05428454241895806,0.5744814128058269,0.8085772789559122
Ptuh,OG_04150,125.49845921076317,0.6476536540496135,0.19593879606712972,0.07584727389269828,0.33056931799572037
Ptuh,OG_04151,63.18666041255436,0.2914964098185059,0.12135542746834029,0.26315293382434796,0.5768652596315093
Ptuh,OG_04152,866.0461841294757,0.43836123763362533,0.2783840107573008,0.03977314597576219,0.24780158153057413
Ptuh,OG_04153,79.68102346196672,-0.5907577148569332,-0.016578752756496444,0.574663159892572,0.8085772789559122
Ptuh,OG_04154,845.8075884810559,-0.3533668082978074,-0.13323595626861687,0.21232983002639103,0.5290053124366321
Ptuh,OG_04155,1441.1194449993905,0.4576513949106457,0.1725505413200287,0.12859670128905934,0.42418569265225137
Ptuh,OG_04162,261.412208297177,-0.012649156417230282,-0.004685435299184212,0.9573907518798737,0.9808136864790458
Ptuh,OG_04168,45.3815430557289,-1.013733977737658,-0.15277831631588887,0.041470587452306154,0.252966783892741
Ptuh,OG_04163,51.35532049493588,-0.5709571046819688,-0.23221285026508293,0.06532161123768007,0.31099039808215073
Ptuh,OG_04164,192.35303037280562,0.004353745602974484,0.0017838836727986928,0.9839393618023593,0.9924773478611182
Ptuh,OG_04165,510.81782789203356,-1.4975978093847813,-1.247353856140275,9.335084699692054e-5,0.01834782321003979
Ptuh,OG_04166,605.5921342858409,0.05538700972088375,0.012224055207889325,0.8607534897457312,0.9447502674228769
Ptuh,OG_04167,60.51712176239893,0.22369704205215077,0.03521166809680767,0.6266758644623678,0.8367502265745955
Ptuh,OG_04170,85.22156830752935,-0.02075393838168302,-0.0026759049491928357,0.9650808937552415,0.9837470881530029
Ptuh,OG_04171,83.39342297450632,0.08591847558960858,0.025569402653781288,0.7889272720891566,0.9161624163291109
Ptuh,OG_04172,235.55347777897245,0.22280411248781135,0.10149737641449048,0.3420933143209258,0.6499007662669579
Ptuh,OG_04174,82.28234301984706,-0.21264939940159544,-0.05935990619113902,0.5185518805694028,0.7791122734952882
Ptuh,OG_04173,62.043403136560606,-1.0273975490551936,-0.5938166024468203,0.00748057670790342,0.11592163759765665
Ptuh,OG_04177,27.09680433697829,-0.5724539642179853,-0.04483326906258442,0.3846595192284995,NA
Ptuh,OG_04175,408.8455458895888,0.5410834449932544,0.34270248337168296,0.02261301601466203,0.1883082675826787
Ptuh,OG_04178,639.1221911117126,0.07027550480669327,0.033952645544310926,0.735465360601923,0.8947810662222824
Ptuh,OG_04179,678.6516276255446,-0.01272478180314702,-0.003430644739741001,0.9502086798815141,0.9782861772126027
Ptuh,OG_04180,126.32436100482388,0.35311800974828395,0.09915865772373449,0.279022363433892,0.5915005972545623
Ptuh,OG_04193,147.0966789373812,0.7205914980105834,0.09851714915386643,0.1377851463462612,0.43612304124788975
Ptuh,OG_04195,189.05638348527998,-0.4578501691961149,-0.10777293013129116,0.21697479900500652,0.5357807482263784
Ptuh,OG_04181,78.23157079148564,-0.29505226825125286,-0.08229718511023376,0.38233294468650064,0.67628016012931
Ptuh,OG_04182,43.28484095015776,-0.6655754286966605,-0.09604181634470499,0.17547498154363436,0.4837804908387802
Ptuh,OG_04183,74.29434342372994,-0.5965945504476546,-0.07590335486531756,0.2515352814579843,0.5699139834955184
Ptuh,OG_04185,222.3514736745078,0.21722685306908665,0.12482871945771024,0.25294150171193325,0.5699251534181963
Ptuh,OG_04186,1375.0380173272497,-0.1488216263445446,-0.06170005394377106,0.5415674687204992,0.7918372838110329
Ptuh,OG_04187,1168.560602022989,0.10525156275588977,0.026764487464613188,0.7605276766114055,0.9051859209235783
Ptuh,OG_04188,222.33938941992827,0.18915782722238245,0.05786164658931083,0.5428772100047023,0.7926604655020517
Ptuh,OG_04189,310.64350479384956,0.053192226608849154,0.014528425324247817,0.8706384546833629,0.9482444218508551
Ptuh,OG_04190,2030.7176349589538,0.5370917017794302,0.38088340276831495,0.009940474377105183,0.13272721448172517
Ptuh,OG_04191,239.14189713859,0.4137815932134775,0.21079658976899032,0.09295697528546298,0.3634240039914622
Ptuh,OG_04192,12.795041722897647,1.600541317136076,0.9174714311655587,0.0035294425751013748,NA
Ptuh,OG_04196,57.2151806170248,0.7677704808004093,0.20096265752029005,0.05115557511725398,0.27607835918961504
Ptuh,OG_04197,90.26661405288999,-0.04704846501705565,-0.017107346928595647,0.8592422497535054,0.9440658797912754
Ptuh,OG_04198,291.9489275880272,-0.4150195132752,-0.09225714300494378,0.2744896758425003,0.5872068477203457
Ptuh,OG_04199,2003.628082419075,-0.6630910947082262,-0.13721032869243416,0.10361415137703534,0.381400682051922
Ptuh,OG_04201,108.61771355178247,0.010902370190451306,0.003497017478605368,0.9686957310193564,0.9854878105609618
Ptuh,OG_04202,622.0561944541668,-0.47721164993073084,-0.22800822200335658,0.06804604933425808,0.3165951998291927
Ptuh,OG_04204,198.2016160067683,1.0469419596409122,0.08656160565199661,0.09527692341893906,0.36660246201795677
Ptuh,OG_04205,241.48478867509044,-0.2051717864923589,-0.07075226336804598,0.46670067061934284,0.7391313119916932
Ptuh,OG_04206,609.9038986404316,0.3325060011948551,0.10146888758057786,0.2888181895191247,0.6003931353726547
Ptuh,OG_04207,170.86373337726766,-0.9216201202785109,-0.601754892808477,0.005330356140075742,0.09786762552001238
Ptuh,OG_04208,127.49524861453799,0.9670958978545443,0.6678532538139125,0.004031050921915734,0.08539631046316432
Ptuh,OG_04211,956.5899621427351,-0.21852918225009094,-0.1451716781358149,0.1743381564690346,0.48181720228685315
Ptuh,OG_04213,298.92826672856137,0.5000905225343821,0.18231459225688829,0.10626191817501662,0.3864266794474248
Ptuh,OG_04214,302.0107659703396,-0.21763728409850452,-0.10868571617271948,0.31329827263105153,0.6217641811598247
Ptuh,OG_04215,653.7973694291994,0.2519967806014739,0.09916097798156903,0.33789403093022036,0.6456786927676488
Ptuh,OG_04216,887.0321361164528,0.5097019370796376,0.45724642719815267,7.29276968698894e-5,0.01807368023312857
Ptuh,OG_04218,147.29636671308742,0.7866506074146672,0.43502145705718614,0.01473413016731443,0.1581404584355198
Ptuh,OG_04219,111.17176762666858,0.5963568738853429,0.09602869356134111,0.188342683426945,0.500283411842858
Ptuh,OG_04220,1214.9091278811936,-0.33394453148588793,-0.11280834474631543,0.2581150771750311,0.5728148764315621
Ptuh,OG_04221,202.29622421692463,-0.47414722331153325,-0.0807492303247764,0.26314210833820967,0.5768652596315093
Ptuh,OG_04222,268.86978497423104,-0.6447295419887539,-0.4489351734682628,0.01012899503618304,0.1344756438919317
Ptuh,OG_04223,224.78075074661282,-0.1453620846464913,-0.06590943215632598,0.5335338383884012,0.7863393025408973
Ptuh,OG_04224,98.3084128202555,-0.24742711611756615,-0.02477019970277159,0.6656409232957827,0.8590768070928865
Ptuh,OG_04225,139.98554545925077,-0.151357706195682,-0.0195841274635614,0.7544336413714692,0.9029810405252313
Ptuh,OG_04227,939.5688901127882,0.262290969995927,0.08748253082398863,0.3778951091979492,0.6732036765039026
Ptuh,OG_04230,335.9574986615875,-0.7443522098459008,-0.5362606861590175,0.004583539878438847,0.09158451917106515
Ptuh,OG_04231,155.2099312112446,0.8594954270865169,0.6890125379789545,9.681525240073008e-4,0.04596204567636165
Ptuh,OG_04232,277.8398428488377,-0.07443025400482343,-0.03328207294147241,0.7389282498168043,0.8959860839867438
Ptuh,OG_04233,108.9568184552198,-0.12504320606278682,-0.02490202534777111,0.7499343997716967,0.9010008299093738
Ptuh,OG_04234,203.79496860484826,0.9801047991382508,0.7849742008253058,6.342664655172454e-4,0.039471710381856914
Ptuh,OG_04235,1721.0581125097226,0.7083640262304068,0.40466238974518026,0.01670395220140368,0.16527029669223525
Ptuh,OG_04236,703.8734065997905,0.4646567692875502,0.08838059831380451,0.24708822791854523,0.5660300057955991
Ptuh,OG_04237,497.38846911917074,-0.2550632712247253,-0.058776881165796234,0.4809841313851535,0.7513828630836504
Ptuh,OG_04238,745.1475678467067,0.32818365398525656,0.1022814686465719,0.2925271301754943,0.6029466964685188
Ptuh,OG_04239,2971.233221375864,0.6306711914449378,0.4893535199147894,0.002872941655776484,0.07298399112857791
Ptuh,OG_04240,82.41062353912692,-0.6780657300899557,-0.218844547834802,0.05865117333096002,0.29494270456203037
Ptuh,OG_04241,730.2265849860967,-0.3424612054525304,-0.09194963492443643,0.32321806635545713,0.6315765748557348
Ptuh,OG_04242,35.12745477378855,-0.24962217649342142,-0.05564426332884735,0.5077957020623685,0.773211601562423
Ptuh,OG_04243,861.7072304629907,-0.17688514784187084,-0.04094054291538293,0.6253601910979976,0.8359135436493303
Ptuh,OG_04244,577.3037735135056,-0.546273388744876,-0.11546829036697163,0.1726041565055479,0.47978870607041335
Ptuh,OG_04245,229.7289742614815,0.1419232677336661,0.047656121819143325,0.6156508479570829,0.8310539784577547
Ptuh,OG_04246,960.8094014194701,0.24643803672907946,0.09337624691067326,0.36252649621047167,0.6634859926334753
Ptuh,OG_04247,324.9010545220031,-0.5086848417889269,-0.0402385129817241,0.38721574469105025,0.6793876247761155
Ptuh,OG_04248,341.9521350086949,0.48452654061665174,0.25471488336985415,0.055425856915056256,0.28769949689649005
Ptuh,OG_04250,288.67598668340156,1.0565689343303064,0.06516552236093884,0.11731150440618987,0.40430572054276154
Ptuh,OG_04249,288.8249576425751,0.23592134299050505,0.12573953840857047,0.2489615575030831,0.5674301810332724
Ptuh,OG_04255,78.89980333121761,0.3791920816632387,0.16354707511713304,0.15445792903185307,0.4585202096630357
Ptuh,OG_04251,1450.19024848473,0.3007792975249586,0.23428652775883324,0.02850004127913456,0.2110046648146562
Ptuh,OG_04252,382.0681428401789,-0.7601416479617686,-0.25396991223572857,0.03718183303955728,0.24011264347674557
Ptuh,OG_04253,666.5424663995913,-0.28109746189271917,-0.17823654453313612,0.12615760906510126,0.41951738283057954
Ptuh,OG_04254,129.78830602122113,0.00282544085887076,9.979981931489644e-4,0.992192587630386,0.9959118393811421
Ptuh,OG_04256,188.02413045703193,-0.6479824316358084,-0.11469709770764286,0.13143874704703162,0.428639723472885
Ptuh,OG_04257,106.82281057694999,0.2646159986039483,0.10584074959932274,0.31534660684469557,0.6236808651423768
Ptuh,OG_04258,62.645801143899426,0.14812522950695645,0.049951496466781174,0.6041230484431745,0.8238921582464007
Ptuh,OG_04259,104.53041291303667,-0.6331929755555462,-0.37883495522785815,0.019179844291122985,0.17425109258901378
Ptuh,OG_04260,581.9215510080958,-0.4041347450186802,-0.3196530900594717,0.009107208528946632,0.1296530567113552
Ptuh,OG_04262,247.91802796301113,0.1651394376535564,0.06760894973134035,0.5029569829487104,0.7694308591605924
Ptuh,OG_04265,34.48637780689486,-0.2664540512728278,-0.03282352686287467,0.617327601672284,0.8323504956194289
Ptuh,OG_04261,1805.339376044275,-0.5841002858899572,-0.387333530277701,0.013949653902409416,0.15512962587289317
Ptuh,OG_04266,66.59144954194936,0.3526925228659268,0.03860049901528437,0.5220188836285935,0.7808352070679397
Ptuh,OG_04272,185.151680791496,0.8601752252746232,0.47165993704834813,0.011075743684224478,0.13894457363670248
Ptuh,OG_04268,599.0688614935124,0.11410539894773895,0.030628119833424856,0.6894857675549566,0.8736366962215296
Ptuh,OG_04269,221.0687062691134,0.13841704613971073,0.04692344102140869,0.63467638993347,0.841219614796085
Ptuh,OG_04270,1011.0194369273114,-0.22017629072258377,-0.0935306257912057,0.3677773442755275,0.6677710514406199
Ptuh,OG_04271,309.76094825345444,0.050711500832514377,0.019386785479719615,0.8478113726225279,0.9390306839987996
Ptuh,OG_04294,33.94713184706839,0.3341447117638377,0.09118425697831618,0.329145460035173,0.639026805354067
Ptuh,OG_04295,268.45935338588544,0.5510798837348557,0.29405686529232916,0.04003833436166316,0.24838414444226198
Ptuh,OG_04296,109.01853274818713,-0.4654261919434751,-0.16737741503871012,0.13207950821787512,0.4292057590471631
Ptuh,OG_04297,213.59033420509974,0.02265235184086509,0.0031988831884168746,0.9539188921048142,0.9791960706253445
Ptuh,OG_04273,1330.317540651854,0.331198025388012,0.07127155931025983,0.36885107217231156,0.6680066762395542
Ptuh,OG_04274,494.5971319662641,0.2828548537959021,0.1367762362311168,0.20246732160877146,0.5164491112976474
Ptuh,OG_04275,102.95314519423938,-0.48213978358030773,-0.05444378415976352,0.3682152225269391,0.6680066762395542
Ptuh,OG_04276,536.6987756099085,0.13932612194963948,0.0766470565743671,0.4583954158922505,0.7334754060753874
Ptuh,OG_04278,902.6380209686113,-0.12707996462917803,-0.07366622089100258,0.48717994472196957,0.7561930342860474
Ptuh,OG_04279,78.13308750332672,0.06697695221969208,0.011493093047247214,0.8782744049370514,0.951557316499801
Ptuh,OG_04280,426.1377487432104,0.9452513804055687,0.16720113712607168,0.03334174430449642,0.22631621479643296
Ptuh,OG_04281,259.8941872330593,0.27178859878697054,0.07767596182424219,0.40790254054208375,0.697343259714287
Ptuh,OG_04282,122.6834981627827,0.7957626752413309,0.20987986514764784,0.045932918556808186,0.2622115772553303
Ptuh,OG_04283,99.19309270530077,-0.5642658352582407,-0.2188501778305182,0.07439383375429694,0.32886644260358644
Ptuh,OG_04285,562.3938924869979,-0.02399827888336506,-0.004956631066342877,0.9492820449316016,0.9780760890025675
Ptuh,OG_04286,194.61579364663905,-0.5767746657398577,-0.16811176580313628,0.0990500043225335,0.3741693223785385
Ptuh,OG_04287,136.35834600111878,-0.11078186039302729,-0.03857604396021237,0.6830445378518333,0.8707806620820462
Ptuh,OG_04288,286.446082604389,0.15739874372961013,0.0931374247725732,0.3552158477461542,0.6601100018703567
Ptuh,OG_04289,1090.3796612459378,0.008933748236603065,0.005991135418007695,0.969973490086466,0.9856425604659891
Ptuh,OG_04291,25.319276593849484,-0.4947748967021015,-0.05703269118767114,0.37905790043259346,NA
Ptuh,OG_04292,141.90775754472952,-0.21924374581328473,-0.07402813491470765,0.4514222482706279,0.7283802271655542
Ptuh,OG_04293,556.3398328927394,-0.7585793733972426,-0.5746429801920941,0.0024383858111819657,0.06545805534468761
Ptuh,OG_04298,459.86799912725667,-0.5711346711085286,-0.1825694832270588,0.08881193196623487,0.35828547565665864
Ptuh,OG_04299,144.62426860972786,-0.699057538375875,-0.1099747574191265,0.14639563474169065,0.44789120305681435
Ptuh,OG_04300,69.53338224637604,0.16762174209202285,0.044061118653655404,0.621247835056858,0.8337389519891977
Ptuh,OG_04302,87.24894866680691,0.15475865757739868,0.01944873147001719,0.7651932773406797,0.9073270551758024
Ptuh,OG_04303,166.93840232872634,-0.057007944192243316,-0.02152020060909968,0.8317176829906237,0.9337581390740846
Ptuh,OG_04304,1324.0210351291967,1.0064530816668003,0.703144664494547,0.003513705956434093,0.08000035810881738
Ptuh,OG_04305,280.45776090543677,-0.24183476015916164,-0.10597461759834091,0.31423321552949385,0.6228917988507147
Ptuh,OG_04307,44.564647869245846,-0.18102680087149778,-0.04356320563785783,0.6093907898643669,0.8274479877438392
Ptuh,OG_04306,81.53726814780481,0.8127736078805335,0.6801652216132719,3.754386381972995e-4,0.031015265136095344
Ptuh,OG_04309,639.6983349635741,-0.33820896161127756,-0.24312801142558996,0.03409635738469739,0.22966291982525036
Ptuh,OG_04310,99.8781808781064,0.4200418543372055,0.09752171431175076,0.26718704207261135,0.5813354756035398
Ptuh,OG_04311,1396.1316489079215,0.5828584654310184,0.12421511431294914,0.1408106833118891,0.44028266922574694
Ptuh,OG_04312,872.6889164262926,0.19759082324391458,0.11892745426001926,0.26881306438276764,0.5824854663787861
Ptuh,OG_04313,345.82255263402203,0.036737509757154556,0.014266093870862752,0.8858728984314233,0.953097469562898
Ptuh,OG_04314,57.837429813187704,-0.36534381716662406,-0.09489162298113268,0.3123444909120094,0.6212010488664965
Ptuh,OG_04315,3239.4648510502834,0.2984488381912726,0.12061566240103597,0.24966885277136913,0.5679581831595143
Ptuh,OG_04316,48.787210786664346,0.006908625753611015,0.0028145505017076766,0.9832509029046724,0.9921300698035265
Ptuh,OG_04320,180.89470697175992,0.05577190063686604,0.020108312816370606,0.8346510641730134,0.934215312068519
Ptuh,OG_04318,30.683281863709624,0.6645889642663744,0.056722124587150716,0.2999640072401965,0.6092420306393023
Ptuh,OG_04319,367.7519331865121,0.34226737938366414,0.12056387776577689,0.24066276250756624,0.5613040865735383
Ptuh,OG_04321,233.1928505288536,0.2122624965293329,0.11720964350493342,0.2767561318044084,0.5893226321711925
Ptuh,OG_04322,22.889714045106786,-0.45204733115102924,-0.032078186290996014,0.5014508228877719,NA
Ptuh,OG_04323,338.4420807928621,0.6813827564690449,0.5602034872325844,8.598201048320107e-4,0.044521904452642896
Ptuh,OG_04324,319.1117456370623,-0.12535451077952975,-0.04925900914496188,0.6292111084202179,0.8376531254655688
Ptuh,OG_04325,370.97436973550106,0.28986537239125537,0.10927515101155422,0.2921252353849594,0.6024513955350653
Ptuh,OG_04326,663.2891298455008,-0.4104619343104138,-0.21233393505900958,0.08843471581996164,0.3579540546916655
Ptuh,OG_04327,2138.130567977107,0.41792512065986975,0.3529834719912067,0.0030659428320152404,0.07503166146822311
Ptuh,OG_04328,51.65052354161365,-1.116784368585604,-0.38950361396194705,0.013347429531977473,0.15153258233362663
Ptuh,OG_04329,71.57557690066298,-0.34329867386965196,-0.16703269817203886,0.15076758890267486,0.45418340846918887
Ptuh,OG_04334,269.9066651427046,0.20407998947310324,0.0765948318581482,0.4436647942728603,0.7223162256451553
Ptuh,OG_04335,344.04078473519195,0.5341167644916539,0.2015053787295312,0.0892607216893363,0.358902485125873
Ptuh,OG_04336,153.29600994320683,0.7810988575466573,0.17786051055343097,0.06409293070982976,0.3081977166409254
Ptuh,OG_04330,153.52169902951118,-0.6144319979893892,-0.42109106646160327,0.012210882634694551,0.14523083380087695
Ptuh,OG_04331,83.79452670149297,0.34961308446182043,0.0706078813130875,0.38913086144758746,0.6796370212249939
Ptuh,OG_04332,77.41951217381742,0.45304554161801774,0.1598534131564607,0.13952539947765527,0.43861625394209436
Ptuh,OG_04333,82.5280811389219,-0.8536497666048852,-0.6522381115855034,0.001987007071796493,0.0615827155244373
Ptuh,OG_04337,160.53116508057042,0.5674778504839041,0.16000215763397768,0.11450071553523257,0.3988881802723391
Ptuh,OG_04338,83.61165333958866,0.4080914746510799,0.11299685714682575,0.22552619868914,0.544369134699718
Ptuh,OG_04339,14.685788230671657,0.16805407642494696,0.0164353316052734,0.7853445330697367,NA
Ptuh,OG_04340,35.397934583775154,-0.3085756614218493,-0.02800460276267127,0.6080741474823375,0.8266035500180853
Ptuh,OG_04342,373.34156749453916,0.2600524701515647,0.17711081297836712,0.13484090924110492,0.43291833696614856
Ptuh,OG_04343,190.6581389494751,-0.1481125116261653,-0.04165449194979013,0.6411407625181302,0.8451672392586095
Ptuh,OG_04344,377.46720966166674,-0.02351481684727896,-0.009052498164477861,0.9255424936993595,0.9691377135012281
Ptuh,OG_04345,1095.3115770008317,-0.3718217522445751,-0.10506797605592785,0.26911535003112325,0.5825240859361362
Ptuh,OG_04346,339.7741260857252,0.16601407399979815,0.06255529139687331,0.5322083551041589,0.7858656497208341
Ptuh,OG_04348,62.512963502897186,0.7969168618286786,0.20124031980909232,0.05508860751661267,0.28769949689649005
Ptuh,OG_04350,1376.5080014744124,-0.4088224454100092,-0.07859986093295179,0.3116988818005393,0.6209117767417732
Ptuh,OG_04352,29.18338600453107,0.275248703487638,0.04633090980456542,0.5287436524692648,0.7853928803164241
Ptuh,OG_04353,951.2134893006051,-0.6953199240028121,-0.411179826650666,0.014133997749249429,0.15587780374886512
Ptuh,OG_04354,363.0252825438455,0.1446477307093352,0.0687468462580551,0.5109561281935808,0.774731023986521
Ptuh,OG_04362,687.156233027483,0.3540708399021189,0.2761661351939012,0.01921096295207709,0.17425109258901378
Ptuh,OG_04363,192.55199745374043,0.33562094768431405,0.12156751240151589,0.2526034019132793,0.5699251534181963
Ptuh,OG_04355,315.5330566701508,0.4118511335956151,0.29162994070891995,0.026230384927903853,0.20176488116644883
Ptuh,OG_04356,115.50098291709853,-0.2913210698289323,-0.07653254910030673,0.38875518203667714,0.6795698176628987
Ptuh,OG_04357,474.3782925981797,-0.9118573408774795,-0.7638253761101657,2.9893769531637467e-4,0.02820643231807393
Ptuh,OG_04358,1121.8031440357145,0.16020676348024102,0.10482111381186276,0.3072054588489273,0.6165891648653015
Ptuh,OG_04359,5467.274436492748,-0.4585057957657126,-0.3371397479663145,0.013681389570903786,0.15387105657401084
Ptuh,OG_04360,358.60252461148394,0.0934960626492005,0.014652385195347624,0.8291416090665751,0.9324686192813343
Ptuh,OG_04361,30.711120676448306,0.5070626599831037,0.09596852380240727,0.23274160141417524,0.5531063791975988
Ptuh,OG_04365,205.92244096616741,-0.3602860140277373,-0.25227336506634174,0.04085276677589349,0.2512104963511133
Ptuh,OG_04364,1732.5802389653052,-0.07307042332357949,-0.04290207281652069,0.6696951834247256,0.8616744693398135
Ptuh,OG_04366,440.34359934568914,0.6691045564096231,0.5233813766159607,0.002372837335887921,0.06542251511805268
Ptuh,OG_04371,4324.966655845182,1.213911263157912,0.901065234552403,0.001253010572534509,0.04929221701777006
Ptuh,OG_04367,1676.8906931156332,0.2002421369424827,0.05614105801373043,0.5479355022815617,0.7953579533725401
Ptuh,OG_04368,225.58260453113195,-0.20517305932004493,-0.10976725084624499,0.3023533637001124,0.6120583467321465
Ptuh,OG_04369,150.9089056965344,-0.30871484014959855,-0.13727447220297848,0.20516415313755457,0.5202616308590468
Ptuh,OG_04370,1734.3297668651883,-0.1986355056961173,-0.08145344845438945,0.411388750444052,0.6993999567334255
Ptuh,OG_04372,311.50729320034105,0.10105946259227248,0.022252827897826875,0.7704389131925105,0.9099182439866828
Ptuh,OG_04374,281.5762416532399,0.38483926932400053,0.14877740239475368,0.16918853909486337,0.4761176546795483
Ptuh,OG_04375,40.66085363020855,-0.6104071686317761,-0.11897192194568695,0.14863612026026876,0.4504913848490679
Ptuh,OG_04373,946.087440152528,-0.3853095834150795,-0.2680064853895379,0.03416299562773266,0.2297008383774392
Ptuh,OG_04376,63.86336893496533,-0.2944688106389634,-0.025946640026443275,0.6189822551596627,0.8330032969235203
Ptuh,OG_04378,15.719042855779113,0.21249302459148875,0.013080563996069277,0.7635056229027557,NA
Ptuh,OG_04380,587.0319358873878,0.26711237648726216,0.08367827653516267,0.37706962488860823,0.6732036765039026
Ptuh,OG_04382,185.13711875710257,-0.44767993784640187,-0.13906310651946144,0.16930981236250367,0.4761176546795483
Ptuh,OG_04383,197.13542033811083,0.3565921680065776,0.08483837927500014,0.335579615959072,0.6437185675907927
Ptuh,OG_04384,499.58167707098943,0.05120242201366352,0.022108482955160758,0.8239826745528623,0.9306072896474744
Ptuh,OG_04385,175.82269778448105,0.14443918678148843,0.017688030551403406,0.7694197165540964,0.9095486882056686
Ptuh,OG_04386,73.73842472279514,-0.5566550511838567,-0.24051155313901737,0.05911717585439966,0.2961811554521149
Ptuh,OG_04381,297.1030282625493,-0.3049681201921901,-0.0806158489966005,0.37711371421195566,0.6732036765039026
Ptuh,OG_04387,246.83418771685936,0.0700959850265035,0.03933580089202662,0.7206864786201528,0.8868574312943814
Ptuh,OG_04388,127.03598744057298,0.36456349880624306,0.13460995328463343,0.2075626976803539,0.5236549104876902
Ptuh,OG_04390,65.70970425757471,-0.14047841469574446,-0.04051706458176262,0.6570399856661082,0.8536107940288925
Ptuh,OG_04391,273.66911718359745,-0.33102388288384077,-0.21737516697677142,0.07047929269068873,0.32143402445184144
Ptuh,OG_04393,121.14211735945574,0.042867785213238065,0.014931468331516646,0.8753889545752631,0.9504461036748525
Ptuh,OG_04394,275.75473828268423,-0.0748721199508131,-0.027577036478227842,0.7830842480751246,0.9142083358061531
Ptuh,OG_04392,569.5416632621303,-0.030247386462525373,-0.010266928404011857,0.9146462444075999,0.9648665723614086
Ptuh,OG_04395,469.9784120864693,0.36393890774800147,0.15194340980309926,0.17464945869844511,0.48215968896852923
Ptuh,OG_04396,82.4963035998142,-0.4389781433947294,-0.09847003525911227,0.24708709119323533,0.5660300057955991
Ptuh,OG_04398,175.87454811449186,0.7873941718912604,0.21647397209281233,0.04198499664431981,0.2538661030247819
Ptuh,OG_04399,709.5123548021859,-0.49015180439147615,-0.35710048074471995,0.01252998532022081,0.14690546666378765
Ptuh,OG_04400,292.50580540247927,-0.1739742311852194,-0.07443238328849644,0.47518454191430043,0.7461678893331726
Ptuh,OG_04404,43.86200781805654,0.22099996229381097,0.04613106754230817,0.5685053615246982,0.8054300183629859
Ptuh,OG_04401,5040.967574673707,0.22872545539892178,0.1329034719894922,0.22297242471143947,0.5420789666903933
Ptuh,OG_04402,387.5849836763019,0.26443650780158867,0.11986982307003781,0.2670193410257224,0.581268455265428
Ptuh,OG_04403,104.39063845939552,0.6911554264924655,0.20652851930844385,0.05540030714324964,0.28769949689649005
Ptuh,OG_04406,1251.4417836802634,0.004762627013360389,0.0028400626086021257,0.9791502731602625,0.9903458932440388
Ptuh,OG_04407,7359.278751333144,0.6137116025576587,0.2731053902148755,0.04366587633256165,0.25762029533019476
Ptuh,OG_04409,820.9302697926378,-0.1309538735674384,-0.04489016964943751,0.6441979958037276,0.8457464278051992
Ptuh,OG_04410,118.1149432480648,0.3008928316358948,0.10341406531274511,0.29702615331419463,0.6066763638186905
Ptuh,OG_04422,44.40863542427375,-0.7328967764597691,-0.14577476067846168,0.09124498178323553,0.3608868120598932
Ptuh,OG_04423,117.80389495450693,0.4751704520227648,0.08989644518612704,0.24911395013299692,0.5674762779364608
Ptuh,OG_04424,49.08481963898599,-0.1446092502057432,-0.05898278456084433,0.5612236761307967,0.8009650172928228
Ptuh,OG_04425,86.87529617121237,-0.1776269104563823,-0.027905171750391228,0.6926651112896551,0.8757052441672996
Ptuh,OG_04426,356.0993195794866,0.11605677273526137,0.043776012164913745,0.6553162076428581,0.8528651701614024
Ptuh,OG_04430,1007.3030616820519,-0.26903869941700037,-0.12385183327763606,0.25993958973192965,0.5743100708151584
Ptuh,OG_04431,346.16893574083736,0.28828554133071815,0.20095266627933642,0.07576837635537895,0.33056931799572037
Ptuh,OG_04412,319.51610931795494,0.2177961620921424,0.12927791991443183,0.2375923651418658,0.5589014860899513
Ptuh,OG_04413,150.99255639923044,0.20284928342467556,0.0764983813857635,0.4484115731662078,0.7265096847027774
Ptuh,OG_04414,122.80023453432553,-0.7473126210738108,-0.3839101179444931,0.02032848451950031,0.1779685469480378
Ptuh,OG_04415,397.9372180798332,-0.5387615504606775,-0.2799758615666917,0.04525768904694906,0.2617618330928002
Ptuh,OG_04416,737.4928263252597,-0.1983408830142387,-0.05699419372964949,0.528481292529019,0.7851405066753725
Ptuh,OG_04417,78.09841910620425,0.10038084412007364,0.0342832173480327,0.7206763605327448,0.8868574312943814
Ptuh,OG_04418,118.80145718557621,0.18580627895747776,0.04034338395182304,0.6165615315719467,0.8318780626166145
Ptuh,OG_04419,29.81139982805137,-0.3881048835324246,-0.0807166578608234,0.3426284697165322,0.6503553111146363
Ptuh,OG_04420,124.36754876811462,0.27379837068428525,0.11242405340365476,0.2881088790571456,0.5995615250548226
Ptuh,OG_04421,13279.158638770983,0.04985626860386206,0.01492672010380358,0.8694699651613432,0.9480661202041766
Ptuh,OG_04432,755.1276869167938,-0.26677417264965564,-0.14327047618540578,0.2114981541263175,0.5284031552929357
Ptuh,OG_04427,61.36631289612665,0.24046859061872167,0.05074632372747637,0.536683094686428,0.7884970311552157
Ptuh,OG_04428,57.78280894569819,0.33720598642675315,0.06468258444293787,0.421906071017769,0.7068546232475617
Ptuh,OG_04433,231.42681033293783,-0.5147460616353519,-0.27885229766755587,0.0457268190420339,0.2622115772553303
Ptuh,OG_04435,500.7348873242794,-0.7915684658996054,-0.2733902771514641,0.03238116323058971,0.2226565491126865
Ptuh,OG_04437,400.2480649988868,-0.44138208180901917,-0.16395026718267572,0.14060292360961715,0.4401032168421928
Ptuh,OG_04436,929.6400304138131,-0.3816821025700234,-0.21447217035395605,0.07861216595724514,0.3362657562285725
Ptuh,OG_04439,527.4129108925733,0.01753087191253679,0.00736542617048592,0.9499123662822719,0.9782861772126027
Ptuh,OG_04438,656.0975634208056,-0.14009520945680345,-0.07325131625896072,0.5265937306497483,0.7839255060130221
Ptuh,OG_04440,1882.0490454112446,-0.037381215608570044,-0.024200617869444486,0.819791605566983,0.9285744509233631
Ptuh,OG_04441,466.01037613673066,-0.41732719846816607,-0.1934993242074248,0.09994006127276733,0.376192819294477
Ptuh,OG_04446,25.531268078634795,1.1627215382775502,0.0733948076336728,0.11465059049643343,NA
Ptuh,OG_04443,134.85407851738893,-0.45223699222284647,-0.08328550113607325,0.28607757507345294,0.5981415877139439
Ptuh,OG_04444,10.370611783482953,-0.617539948153442,-0.04227455643834703,0.3867854060243485,NA
Ptuh,OG_04445,329.664814610469,0.09885589235925442,0.05583564922768185,0.5855230053910694,0.8143254783606722
Ptuh,OG_04449,190.49387504160813,0.4179883201242354,0.1274492855057216,0.2052940334208075,0.5203359671459361
Ptuh,OG_04450,24.100755179276447,1.469779584881776,0.15162040141435743,0.02093789794417602,NA
Ptuh,OG_04453,27.097657481710723,-0.20743005697429107,-0.029770807853005055,0.6584921860394342,NA
Ptuh,OG_04455,21.888701138457467,0.48970190681599624,0.04443302160924677,0.4240828273610494,NA
Ptuh,OG_04454,4215.344663866622,-0.6881912969911171,-0.5209777024781252,0.0031632778680931333,0.07653149759500538
Ptuh,OG_04456,54.88775349887641,0.12607006138681243,0.02786122234481919,0.732969600886024,0.8931382221649411
Ptuh,OG_04457,365.9211928092827,-0.27323116577725515,-0.10543131821109487,0.31257561019860336,0.6212010488664965
Ptuh,OG_04458,95.242693638171815,-0.09548111559215437,-0.019389987463015592,0.8054009008450472,0.92317141662408575
Ptuh,OG_04459,1180.0361705845635,-0.14768638923409563,-0.10924912961016202,0.2855967395666898,0.5981415877139439
Ptuh,OG_04460,248.0250398246834,-0.17864135717709906,-0.05065933116304424,0.5820496345795578,0.8124251783306905
Ptuh,OG_04461,2576.627837601082,0.626954829952732,0.5333492346339185,4.2192834586131004e-4,0.032572868300493135
Ptuh,OG_04462,153.55210392070853,-0.4113514454610033,-0.1317736530041692,0.20094298792249118,0.5147535002828945
Ptuh,OG_04464,2874.7095279594037,-0.4129654381627826,-0.19469149756966062,0.1023997054425791,0.37851973918426507
Ptuh,OG_04465,39.14738591223621,1.3915659079543148,1.1847578642972196,7.661946401232084e-5,0.01807368023312857
Ptuh,OG_04466,905.2293188733316,0.6633222366889298,0.3726420821553389,0.020084258703211344,0.17710854092177644
Ptuh,OG_04468,512.4247944111311,0.14112759468417405,0.08367924376232042,0.430591789469401,0.7125069127385334
Ptuh,OG_04469,334.56652730166087,-0.40597781048367787,-0.04479323463491172,0.43378095143733125,0.7134647609249449
Ptuh,OG_04471,444.43538332238194,0.21689475959494758,0.05602820897577448,0.508763167829138,0.7737136141126504
Ptuh,OG_04474,360.84969304526345,0.748404610639829,0.5019492994110609,0.007720423305252279,0.11749432743405439
Ptuh,OG_04473,727.1953528701084,-0.07678586704787817,-0.021673705181359675,0.8177071700058848,0.9283381400655044
Ptuh,OG_04472,1580.6028785398767,0.5391152617554735,0.45929076829412935,7.900111163581478e-4,0.041936913153989806
Ptuh,OG_04476,305.5322695732404,0.7680677567480692,0.37772210169838105,0.019798370774822695,0.1760427540355065
Ptuh,OG_04477,504.8882838685294,-0.27407304086936657,-0.16518246310345291,0.14418252999616626,0.4445889777514321
Ptuh,OG_04478,1207.9154588191652,-0.5839831132743201,-0.1011043910758256,0.17287379251096263,0.48034486941312865
Ptuh,OG_04479,289.87929704029,0.2926772089784278,0.1899224634801299,0.10249011785979924,0.37851973918426507
Ptuh,OG_04480,1623.1570123876534,0.19094252464441244,0.09067371951174455,0.3962529016518432,0.6858523585159805
Ptuh,OG_04482,682.4961508107202,-0.13466037550636645,-0.024013297371580398,0.741846133366578,0.8975844381498362
Ptuh,OG_04484,466.6631690661078,-0.2323395271994334,-0.05639809642553658,0.5018084101017584,0.7691568939130773
Ptuh,OG_04485,93.46722718444221,-0.4657542769088017,-0.10702003853758357,0.23305122582292168,0.5531221379788291
Ptuh,OG_04486,622.6868034937006,0.2283336143528866,0.15258587212240324,0.15355001227298856,0.4576993459665474
Ptuh,OG_04487,165.05688520416098,-1.0670267472675987,-0.8060054872597342,0.0014831450984030678,0.05215724304277552
Ptuh,OG_04488,544.7069284016167,-0.15436014096778153,-0.06117672952147297,0.5232273648223797,0.7817112565221057
Ptuh,OG_04489,29.23195678105225,0.32352307989431617,0.03721958182008994,0.5486467541890607,0.7956127453165136
Ptuh,OG_04491,793.1506982695842,-0.19932724312956296,-0.11262846907423259,0.29065234285819935,0.6014845299629409
Ptuh,OG_04492,39.991836717098,0.14711039423570446,0.031244871017731192,0.7012035557744507,0.8792694865951423
Ptuh,OG_04493,46.83774450636128,0.1976120540722572,0.038751817340954606,0.6275820051547385,0.8373312016478052
Ptuh,OG_04494,97.72526512924684,-0.627613325419672,-0.17588810767992114,0.09207831651654536,0.36228908196139503
Ptuh,OG_04495,154.07510175793172,-0.4673771904401057,-0.16310992445686406,0.1251039384097687,0.41826088384872273
Ptuh,OG_04496,47.679438121408324,-0.16373045268897712,-0.03295092802876475,0.6813396569483476,0.86954258593408
Ptuh,OG_04497,1066.1305618160088,-0.22481935857137667,-0.16318797105546054,0.10528236782108404,0.38493047961716964
Ptuh,OG_04498,90.11614027142944,0.20306574148745074,0.04593305052112322,0.5827824175960623,0.8129694319422054
Ptuh,OG_04499,225.83763354077584,0.1537578639891452,0.06895705913240145,0.4847650783732596,0.7542290305231869
Ptuh,OG_04500,1933.5334050427941,0.23618185109672207,0.13234634332385656,0.22899959267652056,0.5479471797714885
Ptuh,OG_04501,244.43329390892364,0.09243395084664784,0.040119184611038285,0.6976582305663992,0.8783152295890744
Ptuh,OG_04503,460.5022541364827,-0.20118653603537417,-0.05042590536369374,0.5605128665878476,0.8007539261247618
Ptuh,OG_04504,2773.3389989041966,-0.4146687320779294,-0.21977088366995912,0.08100978023270146,0.34181275999878846
Ptuh,OG_04505,207.6297131039696,-0.7874488815449444,-0.3591252513654616,0.021729797102025893,0.18402777512076837
Ptuh,OG_04506,402.4413352425444,-0.05006524586742195,-0.02126022207543581,0.840701357156094,0.9365388856053457
Ptuh,OG_04509,180.23531527303732,0.2218514828629352,0.06895473760618782,0.45822621908275935,0.7334754060753874
Ptuh,OG_04507,1037.1591659721437,-0.5682847329354188,-0.24286029059863598,0.05434946403373332,0.28560374292974217
Ptuh,OG_04510,520.5919613634652,-0.2710515563341202,-0.10815300646146625,0.2898746060341142,0.6007334344294227
Ptuh,OG_04511,4806.341598072376,0.37199437348941933,0.16407713415785222,0.14793331052943098,0.4499461579569942
Ptuh,OG_04512,156.40383382491308,0.16818945806876937,0.03415760716626908,0.6463416844933071,0.8466348271968478
Ptuh,OG_04513,290.37255628825085,-0.35898284566875704,-0.2901589669507575,0.009412121743413944,0.1301754688030476
Ptuh,OG_04514,986.9787131034292,-0.8939257182382824,-0.03394041698999593,0.26069747743760585,0.5748509757743201
Ptuh,OG_04524,174.99375646957904,0.3986412428205793,0.08317040060713493,0.31554250603645606,0.6237399816716911
Ptuh,OG_04525,688.9480182659045,0.023299843061053396,0.00868486759817122,0.9295200268775147,0.9706119456614443
Ptuh,OG_04526,160.14065703151186,0.03844655186314535,0.007618673737882735,0.9154843519686533,0.965158994640873
Ptuh,OG_04529,60.776974437388276,-0.20787309113291458,-0.06310369563448585,0.5034292533027298,0.7700146287908468
Ptuh,OG_04527,109.02916766219,0.9327415180110415,0.7168716828026768,0.0014472999609772713,0.051858528559573784
Ptuh,OG_04528,167.6266418818777,0.195924208793151,0.07466673963312728,0.4510076666911137,0.7281434578703453
Ptuh,OG_04515,278.8572846955063,0.22156895228158863,0.07410590798200602,0.4515813958617712,0.7283802271655542
Ptuh,OG_04516,437.9269427948604,-0.38184803280253277,-0.19029692787317445,0.10867243983706883,0.39037494039610343
Ptuh,OG_04517,66.34165255822676,-0.9913336801737271,-0.8163483062597957,4.135592171098884e-4,0.032219677721992405
Ptuh,OG_04519,115.20583636849646,0.6956430537959186,0.49480428645029284,0.006689040911466231,0.10961335284476462
Ptuh,OG_04520,473.3850269474212,0.640854399996207,0.38128431528145645,0.01787166546136034,0.17065807177067976
Ptuh,OG_04521,196.81939875674476,0.3125626483923795,0.07048173358104695,0.40962205458474465,0.6984056504472446
Ptuh,OG_04522,922.4065786004317,0.4849914665947203,0.29490873347785634,0.03169923411758999,0.22064745584145426
Ptuh,OG_04523,103.76043439294807,-0.05040470077862815,-0.01360098261217509,0.8840362273128348,0.953097469562898
Ptuh,OG_04531,543.1533542951016,0.13630517215851146,0.0689516661379258,0.48734526696396546,0.7563114047986101
Ptuh,OG_04532,955.659161312274,-0.00187143395230979,-0.0012475071043778342,0.9861863100932278,0.9934661716763612
Ptuh,OG_04533,221.16048162613282,-0.14376486022648954,-0.04253440650197269,0.6646973911172915,0.8584817704909652
Ptuh,OG_04541,359.27714041107595,-0.5057769872961331,-0.12493586618825749,0.16114119785008701,0.46528767498909857
Ptuh,OG_04537,84.9413481033068,-0.34790132678474006,-0.0755859997203182,0.35908349542097595,0.6620205838470787
Ptuh,OG_04538,308.789361307452,0.7195731595036352,0.3238035261451859,0.026890189118851826,0.20352182352699616
Ptuh,OG_04539,49.324514093760904,-0.2826477388252795,-0.0665225956040372,0.44080538768053984,0.7200075691831399
Ptuh,OG_04540,75.77772313967556,-0.3888502670879522,-0.11036164160171101,0.25314555945834016,0.5699251534181963
Ptuh,OG_04542,234.49073264120744,0.17240739618383943,0.03070569068469737,0.691424235590241,0.875037231481827
Ptuh,OG_04543,161.73551146151868,0.4398077968801301,0.27140767636952134,0.043262681452878704,0.25655495174430587
Ptuh,OG_04544,158.67770137348714,0.2544538818880066,0.09202987934028345,0.3618557740714428,0.662829860529485
Ptuh,OG_04545,354.31453688147604,-0.26609002660619646,-0.16584920408430823,0.14144154515000504,0.44110231414390116
Ptuh,OG_04546,19.411434774022897,0.9027160181108678,0.0629878059718146,0.18815713384885727,NA
Ptuh,OG_04550,85.29326058400002,0.19394090685808033,0.056224145186543104,0.5460768684121631,0.7940982009663489
Ptuh,OG_04547,962.1876371133482,0.34700660315672316,0.09302422203201258,0.31827892000934255,0.6259570034833021
Ptuh,OG_04548,13.998427451471096,-0.46805422815420916,-0.0328466094423429,0.48558347678203295,NA
Ptuh,OG_04549,24.068742242005122,1.2517659580479537,0.4640342260374337,0.010970691041279871,NA
Ptuh,OG_04551,88.4914402139275,-0.04044449957607969,-0.010776005522573904,0.9107029780291208,0.9634373681170785
Ptuh,OG_04553,304.410482074778,-0.06748574187502175,-0.02091965870528293,0.8206471500862746,0.9288198851836125
Ptuh,OG_04554,197.92202256259927,-0.2929887340639522,-0.07236784948985872,0.4131839583685115,0.7001115595321937
Ptuh,OG_04555,257.7054843925913,-0.6669567639626057,-0.34254169629032066,0.02602378267208468,0.20079666828574158
Ptuh,OG_04556,376.25656482270006,-0.35317054546524884,-0.2341300093273928,0.055993330611801055,0.2892312828558013
Ptuh,OG_04561,1770.2334737099043,0.5639176405273224,0.4435539377408338,0.0038966550102362972,0.08421623215698305
Ptuh,OG_04564,94.12498194110104,-0.14367728957059395,-0.06960245143246628,0.5106516495600684,0.774731023986521
Ptuh,OG_04565,126.03496473438688,-0.4045400085771771,-0.2144904517241091,0.0889852233610511,0.35857344723698614
Ptuh,OG_04566,21.527002267353655,-0.8783994233994389,-0.3411965672832465,0.02473167940795802,NA
Ptuh,OG_04567,175.07927067369926,0.1489966710357782,0.06143573849297693,0.5366621742340286,0.7884970311552157
Ptuh,OG_04563,389.30667608285324,-0.25783179495807645,-0.1387089689880911,0.21113723481676708,0.5279674317031761
Ptuh,OG_04569,78.27116051985887,-0.4957938756958607,-0.12363515262471082,0.17206983820865202,0.4789305362398797
Ptuh,OG_04570,7.5400894859894905,0.6462766685148013,0.027944115153361045,0.449175027754867,NA
Ptuh,OG_04568,120.92401729938597,-0.5086247997976063,-0.15328035453688157,0.13691596480735502,0.43546455922998456
Ptuh,OG_04557,1004.9162703442305,0.24861110539322948,0.14325554677214275,0.19064444023319627,0.503915022491315
Ptuh,OG_04558,1224.340756254549,0.23891707851737576,0.09396752275229112,0.3583485960513943,0.6618950112943388
Ptuh,OG_04559,57.40370703220331,0.4197296333703007,0.048077611534600995,0.43301359254567967,0.7134558455370416
Ptuh,OG_04560,25505.931817492612,0.001000055532432002,5.472279417748403e-4,0.9972616137304859,0.9989676438916749
Ptuh,OG_04574,119.76470628856103,0.3680782312729856,0.04938795613388824,0.4549002115572653,0.7310773271279896
Ptuh,OG_04571,11129.956646511424,0.551998995497198,0.3567892075256563,0.019931930497105982,0.17649838767614598
Ptuh,OG_04572,18.403619949692757,-0.4308622413447758,-0.06688784275357479,0.3644508351510495,NA
Ptuh,OG_04575,64.67938527550444,-0.5822267071652107,-0.15517636415255737,0.12001593256573172,0.40815991163323734
Ptuh,OG_04581,149.59043815927868,0.20540308970087265,0.05942856518007087,0.5172566457621378,0.7780659140189116
Ptuh,OG_04582,278.33373571596076,-0.8353189175555309,-0.4868502209906844,0.01034562504977276,0.13599852619608402
Ptuh,OG_04583,365.29241689334634,0.21711945494334597,0.10120076417148709,0.3485464238967241,0.6542564614789967
Ptuh,OG_04584,260.9136404214252,0.1924471797197887,0.07237209537196355,0.42338909188089846,0.7080386310068117
Ptuh,OG_04585,1849.6265636539283,-0.8949496879819049,-0.1652657743002308,0.04251329664323598,0.25480728848081863
Ptuh,OG_04577,405.85250221774095,-0.08884578729713756,-0.04147413522876978,0.6828583223453757,0.8706956266301696
Ptuh,OG_04578,91.90492933665577,-0.15741833239134323,-0.049642970616524736,0.5990781815201414,0.8218559070280848
Ptuh,OG_04579,463.7119683869233,-0.29567255253292873,-0.18069953210489867,0.11935604137970132,0.4070568286732625
Ptuh,OG_04580,470.9534941319286,-0.5383808995943123,-0.36263131185941094,0.01637033570113,0.1637603396982105
Ptuh,OG_04592,1170.8459181941867,-1.3917673768392644,-0.5687464219408062,0.004090295731867568,0.08597720632430542
Ptuh,OG_04593,740.7293387078839,-0.8313905375250039,-0.595051919544426,0.003905728205657779,0.08421623215698305
Ptuh,OG_04587,1264.6031307941792,0.13018002843982993,0.021651173772820616,0.759121588608841,0.9047293082541553
Ptuh,OG_04588,1983.1781471025274,-0.18577265766334622,-0.10467358447015668,0.3255405076533202,0.6347853021795626
Ptuh,OG_04589,165.36163513445263,0.4393097505591722,0.22924178302162643,0.07450036970049956,0.3289451829553897
Ptuh,OG_04590,401.95731156889644,0.1479493067277222,0.019390468919040758,0.7504311835323161,0.9010024062695369
Ptuh,OG_04591,707.7471808884168,0.6113740319871304,0.4189361136886077,0.011744426541061654,0.14201087818052677
Ptuh,OG_04594,1155.2110135302898,0.4795440806827884,0.33488579439976324,0.01902771607381493,0.17425109258901378
Ptuh,OG_04598,11.214946184910378,-0.5342464648972655,-0.023814101340628002,0.5333580555357595,NA
Ptuh,OG_04600,49.28391112566422,1.1550044284457779,0.3233016216685869,0.012400310060668456,0.14622344213912755
Ptuh,OG_04595,181.8248069912446,-0.46195063340981724,-0.15460223408382084,0.14774582837816036,0.44954812561140955
Ptuh,OG_04596,17.992909146307934,-0.8820611291031871,-0.04738533330929352,0.2512938939412025,NA
Ptuh,OG_04597,764.6505648015282,0.2690720382305231,0.1120802950729454,0.2890346632027681,0.6003931353726547
Ptuh,OG_04601,1315.7522243222088,-0.3762431080735098,-0.1029583822951603,0.2701776392841941,0.5831044909354666
Ptuh,OG_04603,145.63451861283568,0.4160306633094698,0.19470170178162097,0.11186514545194867,0.39565131827486383
Ptuh,OG_04604,27.567820133703535,0.5156272909375701,0.07585697848950743,0.2770763002352292,NA
Ptuh,OG_04602,512.3889676506258,-0.13960734830794885,-0.07321148508491757,0.47588160227287823,0.7465705831334347
Ptuh,OG_04607,15.635848530104713,1.6677941567690726,0.16143102610177518,0.012712515559956792,NA
Ptuh,OG_04605,311.7539590011654,0.25478321363868306,0.09154154722430373,0.3522369017795735,0.6578394039833161
Ptuh,OG_04608,197.63976891401776,-0.0025764863721403713,-5.364364387646694e-4,0.9922711891527102,0.9959118393811421
Ptuh,OG_04612,664.8085919357864,0.8627481705219269,0.73601711556707194,1.6787503852213706e-4,0.02193222810969212
Ptuh,OG_04613,82.79295397944618,-0.1828071676054222,-0.05893197349918271,0.5468854981167515,0.7947470237431687
Ptuh,OG_04610,110.0001433794008,0.06674767632396712,0.015847850037834413,0.8496326183867318,0.9398410059890303
Ptuh,OG_04611,2520.164947004308,0.27736684840802206,0.11581748512376022,0.25958325205776384,0.5739080907249493
Ptuh,OG_04618,858.5174182056868,0.8572922922634773,0.1821023857226338,0.04706654955589864,0.2653857314144085
Ptuh,OG_04619,148.93485347907668,-0.2545768743596633,-0.0655374971927311,0.4558864007564441,0.731653039331924
Ptuh,OG_04614,148.59800329600034,0.17553490921107484,0.05886526927855892,0.553983887838495,0.7979021668121606
Ptuh,OG_04615,77.36965664079038,-0.17008709378324227,-0.03517178127959379,0.6649382792419052,0.8585458213961166
Ptuh,OG_04616,825.5114763055011,0.07841163045779873,0.02237387303289722,0.8103481546208684,0.9239754948897123
Ptuh,OG_04617,69.7549308289698,0.18182105596797274,0.04914348357356236,0.5831227652514903,0.8131163419565937
Ptuh,OG_04620,900.983042234793,0.03134043450950702,0.007490377381224293,0.9294855162875653,0.9706119456614443
Ptuh,OG_04621,1441.1655913079849,0.03380705564172189,0.007956149477251116,0.9241553890885508,0.9686198222261106
Ptuh,OG_04622,404.8914066180419,-0.12375315250939843,-0.0619946634207116,0.5473866964533669,0.7950073244881122
Ptuh,OG_04623,111.68226869162314,-0.8133442525365043,-0.4908226150885436,0.010141769494752517,0.1344756438919317
Ptuh,OG_04626,274.0786359580631,0.31650714204508984,0.07111047551548486,0.4056683903536883,0.6951041103477644
Ptuh,OG_04624,1111.3094595280372,-1.366286200960182,-0.06743842969978224,0.06916852504011084,0.3185353116272349
Ptuh,OG_04625,622.7852499909446,-0.1545467694474823,-0.08991214331081605,0.37753318528879115,0.6732036765039026
Ptuh,OG_04628,30.8286862377156,0.3809933475460997,0.06707579857898137,0.38532395115029183,0.6774681145275939
Ptuh,OG_04629,114.92909985807985,-0.3505791190550841,-0.09802424362119398,0.2930196242315624,0.6035223499816706
Ptuh,OG_04630,192.875239767684,1.1796103435835745,0.7035308319799244,0.005393552607556028,0.09786762552001238
Ptuh,OG_04627,1128.5780752101107,-1.2350342492878783,-1.022118523949157,1.782179359303432e-4,0.022012604579892067
Ptuh,OG_04631,22.77667446818134,0.1299127606851711,0.008126807004583406,0.8530022572284474,NA
Ptuh,OG_04632,167.42665626883814,-0.2607135811164888,-0.11956694462831514,0.2701370636901879,0.5831044909354666
Ptuh,OG_04633,9891.908960892042,0.4612212600053532,0.1512603544553019,0.14859053962295196,0.4504913848490679
Ptuh,OG_04636,345.7973490338004,-0.14670284816637702,-0.0888382782232784,0.3892653442076806,0.6796370212249939
Ptuh,OG_04637,164.0249570341883,-0.33395027871031463,-0.16210870185003004,0.15821125274002765,0.46169414373481604
Ptuh,OG_04634,1059.877544736254,0.20667485915623426,0.10257787601214019,0.34477382917863153,0.6517852532023461
Ptuh,OG_04635,169.68682273703254,-0.18725166475849675,-0.07053957387094252,0.480555475061099,0.7509714465232668
Ptuh,OG_04638,315.9005111979657,-0.8109636973621331,-0.1318627984787908,0.08605653987728638,0.3525287682768528
Ptuh,OG_04639,478.5853515280242,-0.3976282402213761,-0.14263001969197467,0.17986417297394305,0.48934981807948696
Ptuh,OG_04641,64.52214037550354,0.199894974442742,0.029320437048676408,0.6703464809976146,0.8619900540023839
Ptuh,OG_04642,99.8653395777936,0.4202709677266897,0.08230085827027148,0.30356563077514914,0.6136345608102672
Ptuh,OG_04643,88.18562777189628,-0.12410714369658753,-0.019488802011710698,0.7847870373229212,0.9148128374668837
Ptuh,OG_04644,260.1892053430429,-0.9854767940506377,-0.5713348007777082,0.007943660994781216,0.11981806246479944
Ptuh,OG_04645,1777.705210964674,0.5757583827628314,0.35440276939261917,0.021670623743807734,0.1840269368324153
Ptuh,OG_04649,12.374225472015363,0.727755722657852,0.03607215186507169,0.34914555185124246,NA
Ptuh,OG_04646,1387.92784062569,-0.004565195237900213,-7.267927053243739e-4,0.9904329727029673,0.9955914777691285
Ptuh,OG_04647,4783.676568354141,0.16381149275823928,0.03574185077711317,0.6489915903438466,0.8478579021928664
Ptuh,OG_04650,95.1004806769958,0.8834996956477633,0.15055090942489244,0.059117647019704976,0.2961811554521149
Ptuh,OG_04651,1351.011964286167,-0.04832576721507885,-0.004851474110472367,0.9301039643032402,0.9708097276436057
Ptuh,OG_04653,106.6365268693263,0.08359169152251615,0.02573053996449684,0.7815114994835717,0.9140396459522172
Ptuh,OG_04652,707.8729811807416,-0.2302666782755778,-0.10874465147204049,0.30951417101627193,0.6185912780113394
Ptuh,OG_04655,764.9742945792408,-0.016814471617670208,-0.004145910546999596,0.9425700102028041,0.9750606454484837
Ptuh,OG_04656,657.2984432696309,0.5880456031373466,0.5102014107775015,2.2962787024217882e-4,0.02438834485124303
Ptuh,OG_04657,207.01844088209694,0.1470034249747955,0.045444221118345673,0.6313107647668382,0.8388501039586904
Ptuh,OG_04658,54.26864951076662,-0.6013164026273887,-0.08018865139194267,0.23029991995096522,0.5490474228589547
Ptuh,OG_04660,1873.9826769992312,0.24529173794645143,0.07177402204379427,0.43938474924283805,0.7187931594240379
Ptuh,OG_04661,588.4660265716599,0.04877683412391718,0.02609220780182973,0.821731308987203,0.9292441316806357
Ptuh,OG_04662,651.0441215891675,-0.06281523102487026,-0.01137270357341573,0.8800243204760442,0.9521465809067068
Ptuh,OG_04663,307.6929196780777,-0.4248767899113845,-0.30240168530223444,0.021586757265843564,0.18349824094248604
Ptuh,OG_04664,503.70628351332346,-0.5860530245668867,-0.2841475074679392,0.040999808771802,0.25150003610453714
Ptuh,OG_04665,503.0907952437352,0.05521928039100459,0.026715759169431075,0.8073667338571178,0.9238594034974917
Ptuh,OG_04666,16.257877145132387,1.4608831266510949,0.06877499932808483,0.07411116721545631,NA
Ptuh,OG_04672,148.7251166371609,-0.7186573221265681,-0.42087484205476744,0.016363789747245686,0.1637603396982105
Ptuh,OG_04668,629.7597468491583,0.33001130739491474,0.2594842892516318,0.020295226880202997,0.1779685469480378
Ptuh,OG_04669,8.318341572888386,0.19920290031126578,0.01161609251216387,0.7960443171445728,NA
Ptuh,OG_04670,435.4899379696045,-0.33673092894308176,-0.07927852276978431,0.35930603503215364,0.6620205838470787
Ptuh,OG_04671,3241.3605222862543,0.05514875616668737,0.01755525634562272,0.8517063801278263,0.9405987124939759
Ptuh,OG_04673,379.6773552932536,-0.08636065769220844,-0.037517451164568005,0.7121719677388165,0.8842604323580128
Ptuh,OG_04674,102.86970183866276,-0.5657543790964747,-0.29739673551303625,0.03839638188046712,0.24344499119575094
Ptuh,OG_04675,51.08129144205349,-0.09305186483885657,-0.009940997037426957,0.8560751940640189,0.9421708849133812
Ptuh,OG_04676,175.43692394826672,0.07991040924223289,0.02412910019423209,0.7818633994579494,0.9140396459522172
Ptuh,OG_04677,825.7139949916789,0.17655759290803602,0.04387946357194003,0.6086719555449875,0.8271302584443004
Ptuh,OG_04678,71.43071872967785,-0.38236741607136987,-0.13585550308680938,0.20168887332563495,0.515535342286713
Ptuh,OG_04681,115.0664464827159,0.4311963496622092,0.11166578548260081,0.23043782372790597,0.549222003675941
Ptuh,OG_04682,67.1926804234185,0.10150149230811016,0.02408585178965184,0.7766947140439622,0.9128124514468732
Ptuh,OG_04683,112.37475360213016,-0.03837340762844903,-0.005954702165279385,0.9246660457944581,0.9686198222261106
Ptuh,OG_04684,208.9392925869354,0.3101413047345019,0.06686041099448788,0.42238461188650317,0.7068565237014335
Ptuh,OG_04685,63.6686286569967,0.1723452785498436,0.05430690853258788,0.5676119568834711,0.8050087924556538
Ptuh,OG_04686,992.7813276268704,0.8637146428690536,0.7451946212175593,9.079373466426555e-5,0.01834782321003979
Ptuh,OG_04687,383.5662190197798,0.07788199555986637,0.03717931608473996,0.7537264231698011,0.9022617402816396
Ptuh,OG_04688,87.27078821801629,0.535650603028207,0.15056700770172066,0.1308215657355221,0.4277769488741061
Ptuh,OG_04689,1004.0680419161941,-0.03254933469543324,-0.013999820369123487,0.8872532719697246,0.9533790694124892
Ptuh,OG_04690,471.24860004321295,0.09843346407478445,0.03446886129818147,0.6623815301005566,0.8571052864522983
Ptuh,OG_04691,219.76234023142663,0.34515271355118726,0.16446143537024055,0.15067892155260343,0.45418340846918887
Ptuh,OG_04697,117.67744766361041,0.7403806695712274,0.1772284249767939,0.06912552310668245,0.3185100066315504
Ptuh,OG_04692,192.32632790183303,0.31610971715466035,0.12337552889932626,0.24577845038357463,0.5660296585415661
Ptuh,OG_04693,15084.193068768504,0.810408125414638,0.21545840330978583,0.042914764607560635,0.2555480667028517
Ptuh,OG_04694,605.2087669211513,-0.14667912812018116,-0.06320440234041903,0.5267943359288889,0.7839832220231595
Ptuh,OG_04695,89.60561564188599,-0.6177493924402647,-0.18735144183290484,0.07704605510686972,0.332795066107598
Ptuh,OG_04706,9.665203902399726,-0.16945960449195874,-0.006769732954385802,0.8468430652570567,NA
Ptuh,OG_04707,327.3293950504477,0.17545697081001127,0.07811889220102573,0.4583986153699161,0.7334754060753874
Ptuh,OG_04698,65.04132250043462,-0.6063548805342511,-0.08250693080591763,0.22541155030781956,0.544369134699718
Ptuh,OG_04699,328.90190144437173,-0.09606259830148839,-0.027124386959291483,0.7451234638217011,0.8989328675627057
Ptuh,OG_04700,10.049030892220035,0.4427245288376693,0.010012787206229714,0.6769984605528747,NA
Ptuh,OG_04701,120.86234542739726,0.047529086745381116,0.012609443372750103,0.8884562250367252,0.9539474349490289
Ptuh,OG_04702,552.2744939748754,0.19002967205251733,0.09906308383855394,0.35327351577215454,0.6588810463243995
Ptuh,OG_04703,616.8174266627374,0.15944115878916057,0.10518116658538583,0.30558800676264336,0.6153320962605239
Ptuh,OG_04704,14.313177228010833,0.2312530590275603,0.02856437514215829,0.6572462084386603,NA
Ptuh,OG_04705,82.62045557306107,1.009015824460654,0.519855762359015,0.01133268437684837,0.13966420691048845
Ptuh,OG_04708,1118.991856216235,-0.12037069962648783,-0.057519198728817035,0.5745792798683464,0.8085772789559122
Ptuh,OG_04709,24.17488965119286,-0.6343876172252159,-0.06314036861231762,0.2723540193334364,NA
Ptuh,OG_04710,195.63684152729877,-0.1462616848330159,-0.06625827287884628,0.5127215303707467,0.7758430570043445
Ptuh,OG_04711,1371.6881440237205,-0.08461712807416197,-0.0383319571557097,0.7001539571722935,0.8788924470520497
Ptuh,OG_04712,1098.628217611584,0.21089356356685604,0.09816295645927084,0.3639601142065818,0.6638760409292596
Ptuh,OG_04713,863.9868091775113,0.5466857946624427,0.3203928320705802,0.031826897914729195,0.2209640277438994
Ptuh,OG_04714,52.557598030450045,0.7233207967248614,0.3517363170079645,0.025980775434127273,0.20079666828574158
Ptuh,OG_04715,548.3514410909303,-0.07641159064705937,-0.02381784317566428,0.796371727124532,0.9195801492526875
Ptuh,OG_04716,22.60756941078066,0.8878862653384512,0.20178849244949343,0.039036924379927396,NA
Ptuh,OG_04718,1186.367217003675,0.6748413495076344,0.5462544766995792,0.0012216042793646183,0.04892946827018439
Ptuh,OG_04719,275.7924691540775,0.4009934415982297,0.10175106337728643,0.2574913198352588,0.5728148764315621
Ptuh,OG_04720,102.1807642931473,0.7492805825411378,0.28720597052159763,0.032552328309469275,0.22365240453399116
Ptuh,OG_04721,1030.7519644438748,0.04935399804044819,0.017413074360385795,0.8638847450003988,0.9461806769019477
Ptuh,OG_04722,71.61786518024391,-0.6278077467247293,-0.14130180972730633,0.12945747572319813,0.4257757102406656
Ptuh,OG_04724,287.23543419512623,-0.34299318358632647,-0.07713357016186298,0.3660258019428763,0.6660539463282626
Ptuh,OG_04723,817.5678407503651,-0.2330109117201076,-0.08989466872099662,0.38875600032245683,0.6795698176628987
Ptuh,OG_04726,1261.367537821732,0.37865783066124303,0.31448413193857533,0.005719106452352563,0.09977153562161606
Ptuh,OG_04727,909.4424045249436,-0.14159584201989803,-0.03513027899700157,0.6675018438650612,0.8596338577649529
Ptuh,OG_04736,69.10848857909058,0.8085656936230604,0.27728643373793194,0.029531609612887394,0.21379476593718907
Ptuh,OG_04737,1574.6999609992492,0.4166643896511929,0.06973989716096028,0.34916530823688613,0.6549743596273225
Ptuh,OG_04738,81.58493291210094,0.142148683515085,0.04552582879965933,0.6294981488453573,0.8376531254655688
Ptuh,OG_04728,706.8443597274918,0.2913251447563983,0.13405841032314939,0.2015499072055473,0.5155251297502356
Ptuh,OG_04731,1036.7963214574384,0.23271088213936567,0.07210964973593924,0.44079423033596876,0.7200075691831399
Ptuh,OG_04732,96.88509236131543,0.032356302024085494,0.010339765416459767,0.9060648441263659,0.9620283391249187
Ptuh,OG_04733,611.4495030942726,-0.31431575713208937,-0.09459560653087423,0.3102252507394952,0.6193663266441843
Ptuh,OG_04734,105.6172944144402,-0.23865361396192716,-0.08717187043854673,0.3875850819223293,0.6795698176628987
Ptuh,OG_04735,779.0429719490123,-0.06359206262062601,-0.03993403171784418,0.6860068930337055,0.8719761524611737
Ptuh,OG_04745,258.2586124093555,-0.4946827335642858,-0.2144701417252899,0.07604176887751453,0.33063433216660976
Ptuh,OG_04746,670.1879099935998,-1.4011141048308113,-1.0303975812255728,5.884967869159139e-4,0.038740424143332876
Ptuh,OG_04739,80.710121765918,0.44665100317621054,0.10406116305257249,0.24498220987230354,0.5656304856540516
Ptuh,OG_04740,574.7899465030556,-0.40033553374539776,-0.17735726612452155,0.1360593024675835,0.4342035312118448
Ptuh,OG_04741,154.6721586133903,-0.31626001512745444,-0.08973533823612868,0.3451981197825535,0.6518150868398398
Ptuh,OG_04742,938.9839864179716,-0.03685030329905889,-0.022111635118359202,0.8511011421037031,0.9405974620958676
Ptuh,OG_04743,109.34891362576796,0.08874237404179229,0.037486898843060446,0.7155069608344506,0.8849219888892484
Ptuh,OG_04744,904.529734229189,0.445022489977096,0.310662231901315,0.020167573403029812,0.17765874827648254
Ptuh,OG_04748,36.67910240375257,0.5687439008539545,0.06388996114688214,0.2933119019235043,0.6036850875265145
Ptuh,OG_04751,208.34178125803342,0.1292065511293072,0.05573519061617977,0.5948951050403772,0.8191188649797112
Ptuh,OG_04747,4682.583666910881,-0.4407000700912664,-0.1091787315892357,0.22026408506876274,0.5398275833105028
Ptuh,OG_04749,355.99525362491505,0.8095843701378024,0.6457033210590516,0.0010279402001664942,0.046931549353838004
Ptuh,OG_04750,502.64741720373115,-0.17734391660548945,-0.058198832896806385,0.5534324665935872,0.7978797568320762
Ptuh,OG_04754,188.93855259665307,-0.17368942268986692,-0.06197024647495768,0.5330890502064749,0.7863393025408973
Ptuh,OG_04755,62.62493979941311,-0.561918856614246,-0.1895649597925451,0.09074128462663739,0.3606839562784731
Ptuh,OG_04756,17.55604320169622,0.24120186536428925,0.02152285206585145,0.6990704953098817,NA
Ptuh,OG_04757,453.27569756508893,0.7460326325912582,0.4246260333987142,0.01392127094997026,0.15512962587289317
Ptuh,OG_04758,284.360052412714,-0.23853070836336315,-0.046096327536646754,0.6024506391977658,0.8230390650044123
Ptuh,OG_04759,2349.0833242418007,-0.7835788994914551,-0.19165003858465313,0.050152272074228475,0.2746047435848185
Ptuh,OG_04761,74.01600341904332,0.33180504465023863,0.07850797861382613,0.37266840965323195,0.6704873166896707
Ptuh,OG_04770,64.42914208827287,-0.3501459731447215,-0.06356856056162574,0.39839904651613567,0.6872241931779451
Ptuh,OG_04768,1105.1120049050437,-0.3221530962337213,-0.22707961978086946,0.05165683811231457,0.2776391577530224
Ptuh,OG_04769,240.4035844165716,0.17982122091509492,0.06997845248535814,0.5156811167075448,0.777274413042327
Ptuh,OG_04771,392.73208768159475,-0.10328381586995988,-0.035108058875280464,0.7108322588352208,0.8836755295020781
Ptuh,OG_04762,385.65756549605356,0.035330856476832775,0.012360208555335008,0.9204278688141915,0.96663077493243
Ptuh,OG_04763,45.728801239723055,-0.15564652563364534,-0.03383853672231169,0.6810886179531332,0.8693528549012486
Ptuh,OG_04764,55.85644484847624,0.22214320991996667,0.06755731702642563,0.47716365562855234,0.7477530473514794
Ptuh,OG_04765,37.223443591834055,-0.015842052272643466,-0.0033043482356621815,0.9668728151276604,0.9845037304486808
Ptuh,OG_04767,196.2150083979804,0.03217691785667887,0.011848063133121665,0.9078802393671785,0.9628723607725839
Ptuh,OG_04774,12.138982816643628,0.22716746067644117,0.023971055087183016,0.6930222294965577,NA
Ptuh,OG_04773,370.7544584752689,-0.28402832666920885,-0.13958483793518653,0.20752937133356938,0.5236549104876902
Ptuh,OG_04775,668.40397878515,-0.17931036523193383,-0.06102492388565721,0.5119637765158245,0.7756600053276027
Ptuh,OG_04772,746.9358176683883,0.49161646363744776,0.43052674845084743,3.345655737830021e-4,0.029290008789332515
Ptuh,OG_04776,113.33509507257352,-0.02024518136174122,-0.004678407267252417,0.953514248348751,0.9790668628265378
Ptuh,OG_04777,251.57136378122595,0.21539976380386255,0.09309120000372739,0.3663469709595472,0.6660539463282626
Ptuh,OG_04778,613.0613169642932,0.2723765667625179,0.1750495572203165,0.12570977621745602,0.4188041417828587
Ptuh,OG_04779,86.93799481118245,0.1898797739693326,0.05166063734312019,0.5702045093905824,0.8063171656451391
Ptuh,OG_04780,189.9476829582416,0.36597280426467815,0.10443104436542787,0.2782196451433262,0.59052863895044
Ptuh,OG_04783,5531.809158369532,-0.16878557781082487,-0.015220685329240076,0.7681582279644947,0.9090300546090426
Ptuh,OG_04781,45.209729908801314,-1.337062240473975,-0.12388674127292693,0.03496233751661838,0.23249817556078567
Ptuh,OG_04782,139.9327839070837,-0.6755960904074455,-0.1406161830552059,0.10997817897126624,0.39226610872384354
Ptuh,OG_04784,1540.9943938692445,-0.5738194829834673,-0.18659001722133844,0.08757434383611394,0.35577960877854964
Ptuh,OG_04785,145.24478531797953,0.3106266699945602,0.19649829694255316,0.09406343512663515,0.3645763081220382
Ptuh,OG_04786,369.5223578423065,0.30139978465973255,0.09745534895141969,0.32213064955347215,0.6304151722608698
Ptuh,OG_04787,220.09039447979526,0.13826248164026111,0.059429964209404676,0.5482837328123941,0.7953579533725401
Ptuh,OG_04788,1104.8829740591902,-0.46712103832782764,-0.36814157210731174,0.006046271195788133,0.10289114769895166
Ptuh,OG_04789,829.8323101054207,-0.1262652938433313,-0.061740080817278095,0.576495615590755,0.8098648955129438
Ptuh,OG_04790,62.03013673297731,-0.5269271865112596,-0.22504899195569528,0.07539520524804386,0.3301991144746717
Ptuh,OG_04791,130.65167543665547,-0.21701829617890928,-0.08246331644759884,0.411184610805966,0.6991949769652109
Ptuh,OG_04792,24.79687533441432,0.3263425834147519,0.05407901101988301,0.45972580642363514,NA
Ptuh,OG_04794,776.4685187802736,-0.004804886314440446,-0.0016902431237025156,0.9836627583176057,0.9924277228980763
Ptuh,OG_04795,126.65036567614702,0.0475668350887282,0.012477203543502362,0.8852195263708653,0.953097469562898
Ptuh,OG_04799,475.77388251675904,-0.6231671687869752,-0.2781804968072873,0.043041455244364944,0.25577889288673694
Ptuh,OG_04796,340.44295407741214,0.31076424360241917,0.07924409470309159,0.3800441924929573,0.6752034080622172
Ptuh,OG_04797,152.02710930446668,0.041201315807528935,0.015876263097362085,0.8758253000472155,0.950723309216535
Ptuh,OG_04800,646.428709325029,0.3573513859339768,0.1957624766348459,0.10847620988018881,0.38983494469003954
Ptuh,OG_04804,70.37783749054829,0.13498770384135175,0.03568215766611824,0.6776158290534471,0.8674297168357616
Ptuh,OG_04805,31.90384690486054,0.22574587684771338,0.04069450647086448,0.583534625810057,0.8134235131941898
Ptuh,OG_04801,1325.2075589147855,-1.0699916434627577,-0.7265216560835893,0.003730067681859439,0.08252333828193979
Ptuh,OG_04806,15.901020653792752,0.211568919063487,0.013800612380596258,0.7577636753164196,NA
Ptuh,OG_04807,90.77061735913199,0.5649036443673531,0.24269861262151352,0.06187128953883078,0.3035303239536401
Ptuh,OG_04808,418.87387770303275,0.5264155747294461,0.12627108054159866,0.16695884338583775,0.47306873531953647
Ptuh,OG_04809,99.18329091763736,0.7054296260244238,0.1731354792972368,0.07452785350991166,0.3289451829553897
Ptuh,OG_04810,171.45770173320815,0.13129834324250775,0.06909439761991376,0.5077364684965151,0.773211601562423
Ptuh,OG_04811,1866.4777710271255,-0.12243376535281031,-0.014990659741315833,0.7967070971956434,0.9195801492526875
Ptuh,OG_04812,29.532480031037306,1.0136943926518027,0.6173526852842597,0.007092156150885352,0.11194533463442083
Ptuh,OG_04813,659.8615385145847,-0.17227692117216156,-0.08568356466416292,0.4135344175391525,0.7002461163992987
Ptuh,OG_04814,348.62398710506443,-0.5030301373369128,-0.1732821114798972,0.11508302567492357,0.39980858434184385
Ptuh,OG_04815,378.9557517390023,0.66573002466466,0.29614798691140676,0.03715933021312466,0.24011264347674557
Ptuh,OG_04819,155.8728260610901,0.40863279341541076,0.08206183980073724,0.30758270357919437,0.6169089085485401
Ptuh,OG_04820,34.18897113137734,-0.91991817565544165,-0.26618129876403473,0.03028672555007328,0.2149503233710422
Ptuh,OG_04821,469.81632401832906,0.5465335228170597,0.1786251328306579,0.10041981429051061,0.3766630136727103
Ptuh,OG_04816,2210.9665493280227,-0.3221779794425008,-0.16608570529235586,0.15558294212908233,0.4591593216588378
Ptuh,OG_04817,125.00647258328911,0.5565149705954016,0.21425264562522864,0.080842963664901693,0.34155146638922645
Ptuh,OG_04818,456.23601618119955,0.18342231878464188,0.11564845530180462,0.2723859180555097,0.5849659304522296
Ptuh,OG_04826,423.9176185118663,0.3518869785876701,0.1571077025912682,0.16777119667412452,0.47411414381253425
Ptuh,OG_04822,499.05909449109083,0.19081249224407576,0.10518538394525762,0.32509790214575807,0.6340678422190578
Ptuh,OG_04823,686.5577911323498,0.24383409908182208,0.18030904164947,0.08640479747030787,0.3531037247920378
Ptuh,OG_04824,178.79810709782723,-0.14930347950792386,-0.06636703202254975,0.5110743283528605,0.774731023986521
Ptuh,OG_04835,493.25085132110155,-0.050848889451635515,-0.026122996943256094,0.7947009576724982,0.9193026198821488
Ptuh,OG_04836,140.13607810743292,-0.434153442542693,-0.20365803141011166,0.0943661687693604,0.36485566980970935
Ptuh,OG_04837,87.24833607744534,-1.129215253633524,-0.8400614546581504,0.0012670698950195877,0.04929221701777006
Ptuh,OG_04838,784.1452133583383,-0.5813776648101887,-0.1998232845738732,0.07766006986692922,0.33408779802936317
Ptuh,OG_04839,198.80365204976027,-0.13779121832162047,-0.049517581318825214,0.6248560424783367,0.8357658706451465
Ptuh,OG_04827,681.7439551514066,0.18809770456899652,0.05234474511978354,0.5537576832095568,0.7978817352508795
Ptuh,OG_04828,180.3117778587955,-0.771509673541664,-0.3731066434118092,0.019731271365892124,0.17563727090058273
Ptuh,OG_04829,361.23530994517347,0.12082104361581557,0.041730104692401036,0.667763277051697,0.8597097860404809
Ptuh,OG_04830,1239.2905811736869,0.03297059751277105,0.011521812334180037,0.8971896964999608,0.9585528462114007
Ptuh,OG_04831,66.51869759547687,0.12492261575440258,0.02723153522700123,0.7161002376198183,0.8849219888892484
Ptuh,OG_04832,157.04236347798854,0.32185140544184865,0.11097736461162525,0.27465237984766805,0.5872068477203457
Ptuh,OG_04833,71.46794434408467,0.2617218599725757,0.05334149932862406,0.5071524364800467,0.773211601562423
Ptuh,OG_04846,100.24492243198449,0.7667723921042718,0.25130528682039704,0.03788080287933356,0.24186750229421097
Ptuh,OG_04840,176.56980657248894,-0.8523637147053897,-0.37355646546264404,0.019132371407403703,0.17425109258901378
Ptuh,OG_04843,905.6354342316627,0.3566122827417573,0.07984152921395216,0.34173740568831207,0.6495152303279199
Ptuh,OG_04844,25.044627944877,-0.09081009238709302,-0.023886862997547845,0.7847221535031733,NA
Ptuh,OG_04845,107.24394398945205,0.12482638935115388,0.05915684868139439,0.5694945934510076,0.8063171656451391
Ptuh,OG_04852,82.03691251780674,0.37066929713291036,0.0763827843995705,0.3573857333827215,0.6614611463188731
Ptuh,OG_04853,437.6484016041634,-0.19316376305491587,-0.13050917238329268,0.20795922260120137,0.5238314574355531
Ptuh,OG_04847,13.069630167628013,-0.37130864625489857,-0.027042603723987865,0.5871319821776795,NA
Ptuh,OG_04848,67.08632932818348,-0.5266314356252743,-0.0928741742322034,0.22054594141015854,0.5399391827847256
Ptuh,OG_04849,388.42731492596243,-0.014288123091715604,-0.0035892467656266766,0.9647216781098704,0.9837470881530029
Ptuh,OG_04850,189.5171690814812,0.24630052413987394,0.09687334442684778,0.3467551086015928,0.6533041197884749
Ptuh,OG_04851,350.3407408244133,0.11883087740979335,0.05709522654324334,0.5426129242062987,0.7925471194289454
Ptuh,OG_04855,689.3983070113471,0.04080523339871209,0.011549838902964203,0.8955971782818254,0.9579231286983442
Ptuh,OG_04856,14.075563845563842,0.8570514458320232,0.046701227843467946,0.25671530817028126,NA
Ptuh,OG_04857,661.9519373778451,-0.36663664538332336,-0.09667346266811544,0.2921020244819338,0.6024513955350653
Ptuh,OG_04858,41.836997379496886,-0.47903062273778196,-0.0787183556912477,0.3013218907442289,0.6108439952733329
Ptuh,OG_04859,226.11074936728642,0.39940622511068874,0.17875610905343992,0.12894649966909083,0.4245884742884526
Ptuh,OG_04860,51.370489926644815,-0.22240862925527138,-0.043725395483544746,0.5843867197515077,0.8138218011620387
Ptuh,OG_04861,177.06158393122035,-0.2682697584429577,-0.10766373335885142,0.30035733842143375,0.6093250162147194
Ptuh,OG_04862,197.04841392876511,0.4416748032077452,0.12541875364281715,0.1909150162141223,0.503915022491315
Ptuh,OG_04863,54.565661381573555,0.08679832405466319,0.02016274341598744,0.8138553444236895,0.9256977745574566
Ptuh,OG_04864,53.57497746351726,-0.035735658696822145,-0.007041502722722475,0.9291692525130848,0.9706119456614443
Ptuh,OG_04865,216.64322448277284,0.13249868768762857,0.06410981776822228,0.5401421279295551,0.7909365086309373
Ptuh,OG_04868,896.62319352892,-0.08965905067603483,-0.0259815168881351,0.7790816889976353,0.9136206376692536
Ptuh,OG_04869,88.03616520858797,0.21906633284516297,0.04126249565332541,0.6013093789515931,0.8226348077679397
Ptuh,OG_04870,590.0790187712147,0.31585748892206506,0.12043486816620656,0.24382906869843934,0.564823675736607
Ptuh,OG_04871,94.34104975036841,0.4806366218138314,0.22591251025681827,0.07528004580838861,0.3301991144746717
Ptuh,OG_04872,283.23464051981773,-0.2836012943517272,-0.09626821479403015,0.3366135909697286,0.644511463880118
Ptuh,OG_04873,646.9414123516908,0.23043198791643513,0.12079197790932546,0.2436935704383302,0.564823675736607
Ptuh,OG_04874,412.45968323598714,-0.0536548918515513,-0.010987621271876297,0.8864250175180188,0.9532127705157675
Ptuh,OG_04875,148.00521997302758,-0.028853192395464987,-0.0049355435527066675,0.9411154639528706,0.9743688799040588
Ptuh,OG_04876,339.59952186906185,-0.4271890059588077,-0.33962792801419617,0.005794572229917841,0.10062884944061821
Ptuh,OG_04877,192.2841435487316,0.07389006554377696,0.03545989128933355,0.7331857812840964,0.8931382221649411
Ptuh,OG_04878,380.29442357655563,-0.22112528623811759,-0.07921611570181387,0.42369139618514634,0.7084046734404927
Ptuh,OG_04886,323.99603457198896,0.09297244271518097,0.037426503900853385,0.7174073250385976,0.8857550166077015
Ptuh,OG_04880,6454.529091530004,-0.18497846707776386,-0.054971419274933764,0.551000859814675,0.797155344149237
Ptuh,OG_04881,1185.0601453992033,0.0919209060166914,0.02652434674836328,0.7491540515614186,0.9007243672461513
Ptuh,OG_04882,92.96342006485764,-0.15326638140363097,-0.04816926101037266,0.599749717429757,0.8223921524969314
Ptuh,OG_04883,58.47842303087638,0.34608661921447237,0.10637728273224613,0.2800886097262891,0.5925541788230311
Ptuh,OG_04884,320.5352642550576,-0.0306649218441315,-0.021684638971745298,0.8378531574992144,0.9353821083798298
Ptuh,OG_04885,454.2256474397785,0.2771291288934938,0.0719135511585723,0.3965213840847078,0.6859359530754406
Ptuh,OG_04898,260.67959944265135,-0.09174602867850436,-0.029467198329461035,0.7591154279214933,0.9047293082541553
Ptuh,OG_04899,224.80561759336103,-0.37425381548400544,-0.14279210033182954,0.18204791121901165,0.4914020540597097
Ptuh,OG_04900,257.3870797283502,0.26022120148743827,0.09394727452840212,0.3576425896319847,0.6614831086626586
Ptuh,OG_04905,18.090638985125313,0.6460715411388579,0.06799693168622141,0.26058218430907504,NA
Ptuh,OG_04901,255.39497022344628,0.1823755652486165,0.06807818198507314,0.494581356829443,0.7637724826687815
Ptuh,OG_04902,25.91910631964808,0.5703497638144873,0.14867422684774825,0.12612730944973624,NA
Ptuh,OG_04903,203.73215638100038,0.031681123614292483,0.012203990667788456,0.8870681404532104,0.9533783271001484
Ptuh,OG_04906,1343.4757648376592,-0.012264300359361893,-0.0048196968564878625,0.963029766321615,0.9830968849343508
Ptuh,OG_04887,313.37653689561847,-0.3131508723863047,-0.1872169990269037,0.1198787225573035,0.40802008495255365
Ptuh,OG_04889,112.50948685956192,0.08251741003943043,0.01648713981724302,0.8366426604743653,0.935072377219434
Ptuh,OG_04892,190.68914811730724,-0.16536424403798541,-0.08049868386411188,0.43350896155433255,0.7134647609249449
Ptuh,OG_04893,401.62733379498826,-0.7667568820637931,-0.623173049084614,7.865212074649227e-4,0.041936913153989806
Ptuh,OG_04894,165.88903860722243,0.003575275776118554,0.002234999726795675,0.9875102962763151,0.994471831834463
Ptuh,OG_04895,569.0219098396101,0.27792729034626207,0.17467770257205917,0.12862437100559906,0.42418569265225137
Ptuh,OG_04896,146.36389676731176,0.01082325602892288,0.005084949488280787,0.975218367251371,0.988960398220521
Ptuh,OG_04897,84.67153620708358,0.5181639687170126,0.144534502619659,0.148975648395718,0.4508557399060717
Ptuh,OG_04910,515.3231369108859,-0.7181945507181305,-0.12721795383648077,0.11517106185162812,0.39980858434184385
Ptuh,OG_04907,202.86714079908526,0.3326570982743426,0.041591891892040093,0.5192646594408923,0.7792181459572465
Ptuh,OG_04911,1129.0326025392967,-0.38318583340013734,-0.053208352419414545,0.41146987562884996,0.6993999567334255
Ptuh,OG_04912,598.1035786116571,-0.09362447813024347,-0.05998878990776423,0.5722208386255934,0.8073800056719471
Ptuh,OG_04913,494.7561351460368,1.1734193114050233,1.0403417594252802,8.34621176313377e-6,0.0041691782525018805
Ptuh,OG_04915,620.1792087378554,0.32516687074367095,0.11159478711580798,0.27469559189016335,0.5872068477203457
Ptuh,OG_04916,939.6081550106582,-0.01822465405616977,-0.00919353960012482,0.9457837345485003,0.9767025935690307
Ptuh,OG_04914,1240.6855840363035,0.050385720941239213,0.017917687644070437,0.8364628228313011,0.9350062250208515
Ptuh,OG_04917,273.63207224933285,-0.5021311665683852,-0.2354961292804621,0.06805099195184283,0.3165951998291927
Ptuh,OG_04920,157.92080148344985,-0.20945121265708128,-0.07054517074655811,0.47138914254722464,0.7431168980232864
Ptuh,OG_04918,588.3631615516551,0.21080822072133013,0.1271118184888048,0.24448679555700722,0.5654045723524898
Ptuh,OG_04919,37.088684632132086,-1.3761107068203786,-1.0404602540102983,9.375377527785671e-4,0.04556658685319306
Ptuh,OG_04921,87.92168382840937,-0.28323590549128697,-0.0996664987657605,0.3229701301302367,0.6315133191494289
Ptuh,OG_04922,904.4001154939356,0.24648419684436998,0.05041947686579205,0.506105753887957,0.7724389040288516
Ptuh,OG_04923,70.55344647961644,-0.015156230858297731,-0.006180632447998376,0.9623091250766395,0.9830861571779596
Ptuh,OG_04924,1403.925148447423,0.5412488872900534,0.4486718975786547,0.001370350722615404,0.05103955410723689
Ptuh,OG_04925,46.66977626048179,-0.9804012469438909,-0.36385771872783623,0.018870741812506857,0.17402800546175068
Ptuh,OG_04926,340.3056128299356,-0.06325890031292249,-0.02945804149869934,0.7671444539445786,0.9085864913278735
Ptuh,OG_04927,469.6604719578488,-0.08837601949040728,-0.03804124276685174,0.7000749776329451,0.8788924470520497
Ptuh,OG_04928,65.16539279341356,-0.6501082871130899,-0.19515690805557404,0.06745373865720551,0.3163267500173714
Ptuh,OG_04929,51.543002040371206,-0.029798657461055828,-0.00818182271655808,0.917893399618701,0.9658492189099863
Ptuh,OG_04930,654.297511992614,0.2323992081234444,0.04259815166026497,0.5613923437266699,0.8009650172928228
Ptuh,OG_04931,247.81809995934296,-0.34062537333892695,-0.21973706738985035,0.07269024228503765,0.326260854907262
Ptuh,OG_04932,1339.4241854499949,-0.8441992493500241,-0.33802121593155504,0.01970852094849209,0.17561884563965882
Ptuh,OG_04933,126.81741460328027,-0.06542749877360554,-0.02582500803657749,0.8135982989157071,0.9256977745574566
Ptuh,OG_04934,567.5365465756638,-0.07723509181867261,-0.02708631888694768,0.7758582457473819,0.9124204712486869
Ptuh,OG_04935,882.6024487654021,-0.03473537018982313,-0.012846598548548487,0.8929865316512338,0.9567551888445971
Ptuh,OG_04936,22.45257683240904,0.0995408921746933,0.016907176363908358,0.8228229730654955,NA
Ptuh,OG_04937,269.87766000905555,0.2516795025776388,0.12469309012688164,0.2545953508728509,0.5712083803466974
Ptuh,OG_04938,71.03713331663913,0.1162157307724816,0.027244377344330186,0.745607203656238,0.898945172239058
Ptuh,OG_04939,462.5737820847235,0.17831448044578022,0.07459962759463368,0.46748926920857126,0.7399662393511999
Ptuh,OG_04940,310.02515920821094,-0.007792576431392895,-0.003809285164927044,0.9666135369216332,0.9845037304486808
Ptuh,OG_04942,306.2806131819632,1.1938194452892672,0.6409655286410157,0.006884299239194723,0.1100969286991367
Ptuh,OG_04943,602.6794127593867,0.6438688958890497,0.47695296236612156,0.006059896291422625,0.10289114769895166
Ptuh,OG_04944,106.63575284226012,0.9754305551607826,0.26452961673942205,0.02581947295678572,0.2005674116289246
Ptuh,OG_04945,213.18555377371834,-0.6979344384438371,-0.5026561264142251,0.005609308798306278,0.09938010661690845
Ptuh,OG_04955,228.17679499074387,0.1459778106300687,0.04077810851595036,0.6478817012720903,0.8475474392582623
Ptuh,OG_04946,1177.0764329682538,-0.4644000289001295,-0.2618845030494875,0.05311190951726856,0.28271125219730975
Ptuh,OG_04948,60.650692868323745,-0.21055719352105726,-0.05833225318526114,0.5172336762507423,0.7780659140189116
Ptuh,OG_04949,402.1175167667488,0.01447519609211258,0.006435186684020917,0.9529568948850309,0.9790116079559257
Ptuh,OG_04950,440.2158159859799,0.533075699326595,0.3273647694024669,0.027592183515351934,0.20652802438358633
Ptuh,OG_04951,13.725748057353458,-0.30788381211911076,-0.016486570209802993,0.7049897712649398,NA
Ptuh,OG_04952,46.24084209487533,0.2318287076186542,0.04613636243702868,0.5743120514204324,0.8085772789559122
Ptuh,OG_04953,265.1493857838651,0.0645239325413976,0.023190194526954807,0.810984171965074,0.9239754948897123
Ptuh,OG_04954,1733.830557310894,0.023118734465146576,0.012776175771629227,0.9006236682466131,0.9587704462584848
Ptuh,OG_04956,114.12010501708461,0.5787881622708445,0.3295695420819441,0.030207660442444582,0.21466397696840114
Ptuh,OG_04957,37.18177731120503,-0.14562708111216374,-0.021942093183316958,0.7500205919252665,0.9010008299093738
Ptuh,OG_04958,22.7573639153667,0.023278834065903222,0.002039364958777157,0.9717256214125078,NA
Ptuh,OG_04959,538.8310690338137,-0.15786993894008283,-0.06617020827981006,0.5058216562636957,0.7723732956387919
Ptuh,OG_04961,100.42656370477214,-0.40795927300800816,-0.023730577867669654,0.5924359155527315,0.8183445011636179
Ptuh,OG_04960,221.1222243110014,0.07410478890963346,0.025009316861465215,0.768972874867782,0.9095486882056686
Ptuh,OG_04962,13.44415023838691,0.08072270309346467,0.0025765373500147835,0.9307569454734079,NA
Ptuh,OG_04963,122.61507043132173,0.29460852890376876,0.1434875571857925,0.20160844982342588,0.5155251297502356
Ptuh,OG_04964,354.8686313397677,-0.22654613813853267,-0.03978580497237482,0.576062070877302,0.8098529481998892
Ptuh,OG_04965,752.930669365383,-0.07087730894136904,-0.026430148954606655,0.7452422866723685,0.898945172239058
Ptuh,OG_04972,226.171742314792,-0.6410059476955118,-0.32607062799158404,0.03042206783991959,0.21546638873777912
Ptuh,OG_04973,67.88460584670041,0.06950607244979828,0.01871622845599642,0.8288916259809527,0.9324552860198291
Ptuh,OG_04974,83.82658730051574,-0.005468149033517241,-0.002272725492820975,0.9839456890771024,0.9924773478611182
Ptuh,OG_04975,22.022424125064695,-1.3110241551489747,-0.9143109961805106,0.0021516442654041994,NA
Ptuh,OG_04976,53.293414567068595,0.07578783860873968,0.013665264950011356,0.8588292953520605,0.9439785627918326
Ptuh,OG_04977,233.16719253996374,0.7894174107952323,0.6047758904247204,0.002188546100715205,0.06474444536584625
Ptuh,OG_04979,60.723253582777744,-0.28911233320606633,-0.033633385519194925,0.5857159705401538,0.8143254783606722
Ptuh,OG_04980,170.62387279081844,-0.18249002706357415,-0.10519522553387514,0.34454294793019,0.6516968497646983
Ptuh,OG_04966,1279.6186062176275,-0.2479180450956711,-0.11400785879264703,0.288201854130215,0.5995615250548226
Ptuh,OG_04967,118.61697614490197,0.5376019650311584,0.13162076754373747,0.15378532161770278,0.4576993459665474
Ptuh,OG_04968,3622.462379411056,0.04485441214287109,0.017197857732125288,0.8608340525700678,0.9447502674228769
Ptuh,OG_04969,196.46394967121816,-0.4755218317877957,-0.19908213718829515,0.09215077920826817,0.36228908196139503
Ptuh,OG_04970,425.15002201379747,-0.22571108598950904,-0.1393278156765902,0.21375092037645277,0.5304420852825357
Ptuh,OG_04982,829.5828340182345,-0.09675545228588907,-0.035205058996962295,0.7103209234339067,0.883169148140664
Ptuh,OG_04983,1596.4560119787452,-0.3601556478198394,-0.08410636745948218,0.32414561025048844,0.6329373470331451
Ptuh,OG_04984,300.85389934058185,0.3577693311329609,0.1394626574676563,0.19600644006737697,0.5096407498628798
Ptuh,OG_04985,781.4198373403126,-0.16108668280088453,-0.05544741236681249,0.5593592299653272,0.8002125263649936
Ptuh,OG_04986,167.1196936022226,0.22816824561389487,0.05659652417426869,0.516569511696092,0.7780610665702755
Ptuh,OG_04987,62.67423687868677,-0.538032301319784,-0.14030151217080045,0.15104482820913867,0.45418340846918887
Ptuh,OG_04988,36.680537966240955,-0.6500402711019596,-0.15588607162509044,0.09796505932133703,0.3713925373914259
Ptuh,OG_04989,124.1946420404291,-0.2394438941118842,-0.0791317718561928,0.4138096060665499,0.700299935867624
Ptuh,OG_04990,218.79610306256996,-0.7689203602667536,-0.35977643432202777,0.024773695154117092,0.19651113652576552
Ptuh,OG_04991,90.56444516579013,0.17412000968611444,0.04353365250012344,0.6200567543425848,0.8332840572681167
Ptuh,OG_04992,26.563918444359935,0.22559210825181503,0.036520748678608654,0.616726365407464,NA
Ptuh,OG_05001,36.59319859075715,-0.24356728533066438,-0.0305599319564003,0.6298229854379989,0.8378370950264856
Ptuh,OG_05005,1156.8709359039397,-0.05027971934160784,-0.017322157898657764,0.8503670127508012,0.9400308086800055
Ptuh,OG_05002,218.42107210424197,-0.12494878378251573,-0.024556859133642348,0.7456629525732366,0.898945172239058
Ptuh,OG_05003,267.12584459939484,-0.4487963166860162,-0.15179815797990914,0.17041970417109545,0.4771217604138038
Ptuh,OG_05004,836.0842694114823,0.05271958008917293,0.04082825885731827,0.6791757341910469,0.8678227189823344
Ptuh,OG_05006,125.53097491141979,0.36306009045917237,0.09740152732633431,0.29525996834102364,0.6059322501575575
Ptuh,OG_05007,432.32030215093994,-0.7115416181585961,-0.3476379834183017,0.026256411871242613,0.20178230733990252
Ptuh,OG_04995,709.3644383173518,-0.54209189238557,-0.385640218668912,0.011497394531531932,0.14028142868070284
Ptuh,OG_04996,59.66586409807964,-0.07644517926886786,-0.026670943059434855,0.7800290026551202,0.9136206376692536
Ptuh,OG_04997,615.6696572295402,-0.38327500962900457,-0.06494542567602174,0.3640695173669381,0.6638760409292596
Ptuh,OG_04998,79.90267249682421,-0.43774581084753106,-0.1285357503262338,0.20032589240284665,0.5139874469984822
Ptuh,OG_04999,25316.459344780662,1.2703494337444994,0.15471938837190957,0.024649942530908478,0.19628298676292
Ptuh,OG_05000,870.0734133336495,0.05307772251619137,0.021084136113957323,0.8327136921257345,0.934065856034683
Ptuh,OG_05008,1004.7721137521454,-0.16462977849160337,-0.0911942002556112,0.4031985968642277,0.6930922975459728
Ptuh,OG_05009,304.734394978656,0.28059540815435086,0.11432382440758808,0.2858523789843226,0.5981415877139439
Ptuh,OG_05010,34.465653876215676,0.3577295532577434,0.03712208726579093,0.5270924663411702,0.7841747064066604
Ptuh,OG_05011,75.79169656755353,-0.6353086035755203,-0.09523994428541836,0.17937831059218134,0.4887008705642618
Ptuh,OG_05013,204.55660040055201,0.6797739019839819,0.3951452982124685,0.018556256539942948,0.1725955427570597
Ptuh,OG_05015,100.63498724198334,0.563238957247058,0.20914579548465556,0.0748295599914784,0.32976264839005426
Ptuh,OG_05014,492.4583135086672,0.4443917963174571,0.26700685006562574,0.044461234493961756,0.2595557972629593
Ptuh,OG_05016,821.4530853773127,-0.0048982032880874465,0.0014139935679082553,0.9858475664352523,0.9934661716763612
Ptuh,OG_05017,151.94082111799554,-0.04919534092500548,-0.015121297335834989,0.8644037462401749,0.9462124908742355
Ptuh,OG_05018,127.27645705014682,0.33140862439505153,0.15484345544140407,0.17458024827304514,0.4821253555559998
Ptuh,OG_05020,610.0647308582855,-0.4407490662639724,-0.2607496340496377,0.05313320283877842,0.28271125219730975
Ptuh,OG_05021,225.669150907823,-0.14845187412788877,-0.07736813270191899,0.4741744074438405,0.74513677729027
Ptuh,OG_05022,366.5902790683226,-0.17049650504634425,-0.06661164568733803,0.507748568057619,0.773211601562423
Ptuh,OG_05023,280.0516923806759,-0.21789746257301465,-0.09586483937604359,0.3553016889293663,0.6601100018703567
Ptuh,OG_05024,94.98662998033612,0.21364562726623781,0.07168902192329392,0.4694164954524083,0.7412206915920141
Ptuh,OG_05025,10609.285322390342,0.32563658143190694,0.06877158948959725,0.37661538426836877,0.6727424996228413
Ptuh,OG_05026,2261.200533500383,-0.4986297396015016,-0.16762697292722492,0.12283587276147098,0.4153138396513229
Ptuh,OG_05027,27.17201761330958,-0.20950701053712006,-0.029120386045671597,0.6753872887544288,NA
Ptuh,OG_05032,161.9823744268679,0.15131037755282317,0.0688555988504051,0.49525188001594767,0.7641131840653029
Ptuh,OG_05034,62.95002370202293,-0.6881982892517319,-0.0883619517898021,0.16795871853984898,0.4744861735996
Ptuh,OG_05033,44.74533192899185,-0.4003507951403726,-0.03438242525638957,0.5019253517140774,0.7691568939130773
Ptuh,OG_05035,361.3524763256737,-0.19469813585346007,-0.058526789961378604,0.5383368469616048,0.7896873757885291
Ptuh,OG_05037,72.87177979016319,0.2516295339528133,0.03950344910885027,0.5868429650054632,0.8145587543031044
Ptuh,OG_05036,835.4191108395813,0.14101371903653973,0.044248322741895336,0.6277520139208697,0.8373312016478052
Ptuh,OG_05030,28.197596286086693,0.015364727594171264,0.002320557978625241,0.9752213704002063,NA
Ptuh,OG_05031,49.936502347715255,0.8842416055424763,0.11403147634025149,0.10227735582799245,0.37851973918426507
Ptuh,OG_05038,69.03757454548752,-0.6919145572048541,-0.13501295447336273,0.11336728756319954,0.3976500287983735
Ptuh,OG_05039,364.57481865720445,0.1983494754312882,0.07206840828764649,0.5001992079847123,0.7675626444174515
Ptuh,OG_05040,1590.8130009908034,-0.08796964949138111,-0.037698948369389564,0.7171299769771602,0.8855413355373047
Ptuh,OG_05041,300.58548923586113,0.0637458408594882,0.029420591768557196,0.7864004140835537,0.9159520752980056
Ptuh,OG_05042,66.02536516548474,0.6441359876470882,0.2356410259182701,0.058466323770817404,0.2948495371920878
Ptuh,OG_05043,1055.1409823120687,-0.17210290140170245,-0.09760902731785347,0.33178974787812454,0.6410827164917028
Ptuh,OG_05044,228.59484693506616,-0.09416227387458392,-0.042856469968967206,0.6504857531879078,0.8493119643406692
Ptuh,OG_05045,132.5581161365512,0.025709679490886206,0.007776373519613647,0.9306638594425435,0.9708192601521308
Ptuh,OG_05046,138.18815947630796,0.22594678422226566,0.059004749167485,0.4935870707661013,0.7627918844305246
Ptuh,OG_05047,361.76887235726633,-0.7661607719850478,-0.6195717020803454,0.001012467955429755,0.0467275971603776
Ptuh,OG_05048,717.325233961054,0.2661441970580327,0.09326610499133618,0.3445735816584427,0.6516968497646983
Ptuh,OG_05049,264.6486671808792,-0.10156997154956918,-0.028751968100934094,0.7308099894457238,0.8929206012280025
Ptuh,OG_05050,423.0400832138339,0.03657596421432795,0.019618759521499413,0.845052056202205,0.9386765286159745
Ptuh,OG_05052,47.81256949597508,0.14467882846666053,0.023194956341916026,0.7466778422056348,0.8992750299262872
Ptuh,OG_05053,72.10816086384897,1.0460490189490945,0.460889735156356,0.012835970899131742,0.14850553797742064
Ptuh,OG_05054,1090.5817523581309,-0.629430144865452,-0.3794986836174808,0.01850260117707747,0.17228518552164682
Ptuh,OG_05055,770.7657175132796,-0.05770151073242599,-0.0360452807827636,0.7164692074686823,0.8851617917874913
Ptuh,OG_05056,310.36807515883464,-0.05810761212402578,-0.02667926358030477,0.78705923467867,0.9159611673060117
Ptuh,OG_05058,84.75707098899372,0.34048134059204344,0.11884259964403236,0.25361053925820803,0.5702040506700299
Ptuh,OG_05059,454.32866069304697,-0.35559633041848737,-0.23160053854785634,0.05965250892504062,0.2974569029896917
Ptuh,OG_05060,498.7671744651664,0.5612442638254395,0.18445046405085658,0.088770525488214,0.35828547565665864
Ptuh,OG_05061,325.53507374352967,0.16907912358846364,0.08687218191333881,0.41701994239947504,0.7023062184511165
Ptuh,OG_05062,72.27500101760462,-0.16101768848260872,-0.02928594173017806,0.6956182520774596,0.8774800687259683
Ptuh,OG_05063,318.72478290211995,0.8429832317538654,0.6036324401037545,0.004003793200069942,0.08528994248598269
Ptuh,OG_05067,123.0077430802485,-0.04635970688568954,-0.009406097954207835,0.9038544005080938,0.9606422489505299
Ptuh,OG_05066,319.44689184710904,0.5470173107657077,0.16477541604804996,0.11335943131847367,0.3976500287983735
Ptuh,OG_05064,476.14538046659266,0.1591853554981573,0.062245725394032336,0.49437596115996624,0.7635941546326726
Ptuh,OG_05065,272.7634559985412,-0.19876162056990526,-0.07735732068173479,0.4310903060708733,0.7129150689686184
Ptuh,OG_05083,255.68950432081357,0.6675270907679486,0.08709826477953223,0.18592901590255778,0.4956804243774072
Ptuh,OG_05085,393.0562930487408,-0.15527179637133415,-0.09807106577971361,0.34919033639562974,0.6549743596273225
Ptuh,OG_05086,833.5766933692408,0.2871827422588453,0.16643967687394154,0.14833817058746818,0.4504913848490679
Ptuh,OG_05087,492.2263974736564,-0.18480081543838928,-0.058431355503392526,0.5399421681058016,0.7908225063046684
Ptuh,OG_05089,141.81747589278567,-0.41910463004260545,-0.14878844627761348,0.16230237182894838,0.46667902124612204
Ptuh,OG_05090,116.58510141543174,0.5954815690257937,0.08476245750118679,0.22574584465398706,0.5444207900755114
Ptuh,OG_05069,876.7654756567971,0.23872744161883597,0.12247772342384015,0.26434096086342335,0.5782250778893312
Ptuh,OG_05070,32.63216397577657,-0.5244547976369398,-0.18244948652723456,0.1083063430802781,0.3896859450453912
Ptuh,OG_05071,310.24409287042334,1.18169081142107,0.46549874319366746,0.009306879572450964,0.1296530567113552
Ptuh,OG_05072,254.50619492394168,-0.6248894572992233,-0.43960171770907513,0.008558305336899623,0.12444713856327329
Ptuh,OG_05073,70.24958249158898,-1.072412077302083,-0.5179292436909314,0.009280094243777027,0.1296530567113552
Ptuh,OG_05074,667.7609775689127,-0.21497563468719164,-0.08713031489556049,0.3830979760896044,0.67628016012931
Ptuh,OG_05075,262.63520984530663,-0.07585141932287168,-0.016657539163118105,0.8222419705426063,0.9296337124015195
Ptuh,OG_05076,589.3417600131183,0.5252050264025208,0.4360896451259286,0.0016125456356947618,0.053491162259062176
Ptuh,OG_05077,56.22991738898961,0.17851063965763075,0.049487031813786136,0.5880144579562603,0.8147998184081527
Ptuh,OG_05078,107.03344562726556,0.28961664171298884,0.08075217841711357,0.390277134680576,0.6801217787210038
Ptuh,OG_05079,328.75162892350073,0.30827852858455307,0.18491526617639492,0.1187601329410293,0.4061407090035421
Ptuh,OG_05080,124.34816241154454,-0.6588258718879013,-0.39927933178648467,0.017273073882744835,0.16789379060693035
Ptuh,OG_05091,398.52869623466535,0.23333183977026556,0.11974225252673036,0.28178851233509344,0.5940508899320566
Ptuh,OG_05092,95.18546594117616,0.3515913618621685,0.07308050628178067,0.3720398401838706,0.6700662402632936
Ptuh,OG_05100,387.66918661692426,0.6235503058973628,0.08752530673517346,0.19874335767684018,0.5117430543940955
Ptuh,OG_05104,6.018630111808813,1.4008281896402544,0.02171478233437779,0.2739706803367828,NA
Ptuh,OG_05101,268.9458336534645,0.013113737076046,0.005409133999436333,0.9709299493857805,0.9861425099691563
Ptuh,OG_05102,5.364159025590762,-2.1083578101428873,-0.08177651896823436,0.02078670829622908,NA
Ptuh,OG_05103,85.88021604332319,0.47991215717730606,0.09139775155394808,0.24250889265103567,0.56362635718586
Ptuh,OG_05093,396.0920689123818,0.32328256805948224,0.090226031422202,0.33095854312791023,0.6403508654003677
Ptuh,OG_05094,752.8631907202068,0.18486618938260596,0.0654182232977902,0.4984726722054272,0.7662801645366557
Ptuh,OG_05096,140.3322542326787,-0.07925719670383834,-0.027068470611561653,0.7749581907733174,0.9120688821037474
Ptuh,OG_05099,556.53724344148,0.06375535953712708,0.02613427385260482,0.7929017715957236,0.9181616579755988
Ptuh,OG_05112,53.69779788077723,0.4274823292616029,0.13056567042946243,0.19576733028167786,0.5096088222271623
Ptuh,OG_05114,253.00187373870415,0.2722009181780297,0.12031562543914333,0.267938227614411,0.5819962185324692
Ptuh,OG_05113,648.8074108757182,-0.3508666052518162,-0.11960711137776331,0.24119416554772466,0.5619631429250345
Ptuh,OG_05106,184.8057363260883,0.058642246417115095,0.010546028774374452,0.8868336259508176,0.9532900191866257
Ptuh,OG_05107,65.38334446433507,0.08396152584279677,0.01495980353300881,0.844521086264546,0.9383226102135519
Ptuh,OG_05108,675.0761773322024,0.21201155484979917,0.04409123969481922,0.5668077231417408,0.8048165013076339
Ptuh,OG_05109,68.04116462226112,0.38021712618829584,0.16959200618963988,0.14734863692007133,0.4492942997218118
Ptuh,OG_05110,790.2173185033921,0.034844171125788824,0.009870027140335353,0.9130978137650371,0.9643946854015741
Ptuh,OG_05116,322.37173335466395,0.4362244410264278,0.2704165298427497,0.04503987897460689,0.26133010977922155
Ptuh,OG_05117,47.75949562676684,0.7694726640474562,0.5068692218267399,0.009360093040659776,0.1300915058940799
Ptuh,OG_05119,68.04544117350414,-0.15488149902913334,-0.01546697195927044,0.7902597260823836,0.9165378312886443
Ptuh,OG_05120,21.034845835217528,-0.005632355089610909,-2.847725456985095e-4,0.9913331702724326,NA
Ptuh,OG_05118,22.311074853143044,0.1399897611602565,0.014584670221237175,0.8209880412699465,NA
Ptuh,OG_05125,35.05153941936849,-0.6061741285342258,-0.08226318559000928,0.2269404604255147,0.5460402569737438
Ptuh,OG_05126,33.69367218623847,-0.07155365860916442,-0.015252980907597597,0.8565429929104763,0.9424414480170723
Ptuh,OG_05127,45.822091868343634,-0.10419558499803618,-0.020200716017400713,0.7963532410624723,0.9195801492526875
Ptuh,OG_05128,1192.6825383115595,-0.2308736719898911,-0.17949601685763197,0.05787141679825884,0.29410177824704614
Ptuh,OG_05129,54.167043848384196,0.24918718649260624,0.047357930272866555,0.5498118670749794,0.7962145933152669
Ptuh,OG_05121,6197.744002201401,0.30399191078099413,0.24469375350293646,0.023071380734005647,0.1891445540413192
Ptuh,OG_05124,247.9202308582729,0.6577510736430905,0.319909722826747,0.029689761797993795,0.21379476593718907
Ptuh,OG_05139,135.95631367434842,-0.6114795379301516,-0.10977457055093312,0.1660090357054867,0.47133023444031863
Ptuh,OG_05142,102.39220430457469,-0.7651603321699838,-0.4229294226547913,0.01638178174034759,0.1637603396982105
Ptuh,OG_05143,34.42020302870703,0.40738175887427125,0.07699490815310937,0.34365197292482114,0.6512592176026738
Ptuh,OG_05130,276.86683673149565,0.20565335903855478,0.08133705512550995,0.41363682493615334,0.7002798878305052
Ptuh,OG_05131,40.709318743003855,-0.13719323927982602,-0.030981059508052695,0.7133224757504489,0.884684245633796
Ptuh,OG_05133,2896.7171091143327,-0.16719997111499196,-0.08089169783992017,0.46164831069988715,0.7353812520096495
Ptuh,OG_05134,448.8702637265671,0.9768023122485184,0.7573383193785506,0.0011660866099332478,0.04878033247070513
Ptuh,OG_05135,556.7355942578628,0.5098027652972307,0.16034454541985693,0.121695624512637,0.4123859710140915
Ptuh,OG_05136,830.3777314111397,0.6674023884412158,0.13362260790953237,0.10210214819288131,0.37851973918426507
Ptuh,OG_05138,4979.002744291265,0.5228695218284195,0.184292063295285,0.1020765989351487,0.37851973918426507
Ptuh,OG_05140,1603.3820003199703,-0.47409941617409107,-0.31657560425061343,0.024631111046286458,0.19628298676292
Ptuh,OG_05141,650.7890021794394,0.31181530541826613,0.2233527088328767,0.05686660522923771,0.29161305048712965
Ptuh,OG_05147,588.9633985265269,-0.6092022205793759,-0.4430954321740955,0.006750463820038467,0.10961335284476462
Ptuh,OG_05149,132.6032754376029,-0.6219875413592707,-0.12249856397614195,0.14773326878978482,0.44954812561140955
Ptuh,OG_05144,421.9745256952053,-0.22897585927417802,-0.14339265438030413,0.18588734192502002,0.4956804243774072
Ptuh,OG_05145,345.61976156283316,-0.634702124310126,-0.19883469959386715,0.0719384478420486,0.3246021780418048
Ptuh,OG_05146,1884.0746584213293,-0.020344021965840113,-0.014313665944890579,0.8539442523129577,0.9413699920206045
Ptuh,OG_05150,320.2364714870269,-0.2975831400621774,-0.04407844633486462,0.5150456061257986,0.777274413042327
Ptuh,OG_05158,250.1636930768699,-0.10936497048609907,-0.04315148969311958,0.661332394393697,0.8568363506356215
Ptuh,OG_05151,62.74682708251865,-0.19566152730442932,-0.039269599080166716,0.6237934708105988,0.8350950378952298
Ptuh,OG_05152,313.2421285002255,0.770805285252313,0.3651217259058121,0.02294188333023938,0.1891445540413192
Ptuh,OG_05153,45.76636617136986,0.7587774248007353,0.12542615214020034,0.10208017978033473,0.37851973918426507
Ptuh,OG_05155,322.12999838582806,0.18058943620911433,0.09474085548486905,0.37312089164718815,0.6707225881184671
Ptuh,OG_05156,33.53312970938816,2.221350841702716,0.10387544516010547,0.006113290866424517,0.1030213046356608
Ptuh,OG_05159,502.61710429354554,0.5891471188727359,0.38948066325184566,0.01378442860530956,0.15442924500829655
Ptuh,OG_05160,354.8268907747054,-0.08061098688397343,-0.03658576116352586,0.711263159262808,0.8840237029238179
Ptuh,OG_05161,996.3123216933055,0.09608964201190612,0.06333183703810448,0.5180375797565553,0.778752899148994
Ptuh,OG_05165,43.60717868670098,-0.21330081479316645,-0.05626439071579426,0.5259426573833619,0.7834628294913026
Ptuh,OG_05167,329.86925908802795,-0.2611794502987414,-0.13367849800793505,0.22784443909677726,0.5468781732079798
Ptuh,OG_05168,113.89148901973611,-1.1731687359417096,-0.8364457892304087,0.0015875421810479656,0.053286198424740416
Ptuh,OG_05169,2847.2367209138497,-0.22359834703020778,-0.08262539152164677,0.4082069411257325,0.697343259714287
Ptuh,OG_05170,205.4176668635943,0.44720592206051396,0.25481187601017585,0.05613365578116341,0.28960328365348703
Ptuh,OG_05171,575.4762237817272,0.4943389395926474,0.341213461484173,0.017634784652670887,0.16964955446731897
Ptuh,OG_05172,17.415601229900847,0.3533330562710254,0.08263430393198644,0.3511234936802454,NA
Ptuh,OG_05173,201.6143900926245,0.04471618294797729,0.00823531850230717,0.9109460323277982,0.9634373681170785
Ptuh,OG_05174,203.34703739766317,0.13435234194427403,0.06312507177721174,0.5399249629379422,0.7908225063046684
Ptuh,OG_05175,493.6885190569349,-0.41407911404294917,-0.30404184553847713,0.01922671617474163,0.17425109258901378
Ptuh,OG_05178,71.81741667383793,0.9396759987582226,0.13732374013340817,0.054102122369211615,0.28529995096056177
Ptuh,OG_05177,1290.3646147765037,-0.8040050273749969,-0.6364867280036622,0.0012091743612533156,0.04892946827018439
Ptuh,OG_05181,550.9493991383582,0.08364556154624857,0.046779628947918706,0.7011857732402791,0.8792694865951423
Ptuh,OG_05182,296.8137066953531,0.012265176278157453,0.005123677783737359,0.9640296276581997,0.9836828320311369
Ptuh,OG_05184,288.51477004622365,-0.25067850086164756,-0.12795677478507156,0.23305084769808637,0.5531221379788291
Ptuh,OG_05183,282.8740043823721,0.7512023220329982,0.35354980051289364,0.024177317064199032,0.19442592472460055
Ptuh,OG_05186,321.2450492176567,-0.13341978050822897,-0.07346852587254575,0.4848488315621853,0.7542290305231869
Ptuh,OG_05187,127.6895127572627,0.03238359164239162,0.012414780635597276,0.9056902169189913,0.9618711008099142
Ptuh,OG_05188,149.5998350753103,-0.09776707517650045,-0.033492192730734574,0.725480242039126,0.8900286355672143
Ptuh,OG_05190,375.8047434111129,0.3179778137349216,0.19011992352658658,0.10822839136659008,0.3896038573484879
Ptuh,OG_05191,607.6036633628073,0.1973200675166607,0.08250524688138156,0.41513597174522454,0.7013425478524353
Ptuh,OG_05185,877.2253492711365,0.8036113985860667,0.6004175393496812,0.002346822750688087,0.06508422108665243
Ptuh,OG_05192,1236.2084809648543,0.4329251234808402,0.1757324989877627,0.12927005086773505,0.4253240108364223
Ptuh,OG_05193,569.65782473869206,-0.1763269899515756,-0.047551865748369046,0.5877106236922119,0.8147998184081527
Ptuh,OG_05197,408.4711479924795,0.4392469852948259,0.17317984653855553,0.12283588927693587,0.4153138396513229
Ptuh,OG_05194,422.1384593142795,-0.6657585208116724,-0.38901437817456713,0.018981655207886562,0.17425109258901378
Ptuh,OG_05196,256.18421332559546,0.6194924597635042,0.3012376964905912,0.036648866196620375,0.23885047716170393
Ptuh,OG_05198,416.71726567016566,-0.03205689414911303,-0.007386144818382675,0.9280940799931625,0.9704321024199909
Ptuh,OG_05201,19.41032216809788,0.8852519287068431,0.20166312233543454,0.04632683455953619,NA
Ptuh,OG_05199,352.98016638222424,0.33198359870463723,0.17189590543723413,0.13779845221839182,0.43612304124788975
Ptuh,OG_05200,120.11415648670466,0.13272943132606996,0.020009469310951378,0.773210209467317,0.9120688821037474
Ptuh,OG_05202,164.55703076728275,-0.0049326628180670655,-0.0026966396864033675,0.9855627982518208,0.9934661716763612
Ptuh,OG_05205,25.722093451396383,0.9966995582078327,0.7109348260980466,0.0038742830591504554,NA
Ptuh,OG_05204,526.8363041389092,-0.494936464789758,-0.3639851551782189,0.010570051827332066,0.13745923448346692
Ptuh,OG_05206,156.00288857401372,-0.2952475286008714,-0.1144732340782923,0.2716547031167181,0.5840232250296633
Ptuh,OG_05203,663.3198358033476,0.4541576691223361,0.277272104681655,0.035911292594811725,0.23567132667321575
Ptuh,OG_05207,575.4918517121116,-0.4937995273148694,-0.1547981444412295,0.1403406011238175,0.4397610064184414
Ptuh,OG_05208,541.0973873073307,0.4053714964655257,0.20451875531731206,0.09427939820421613,0.36485566980970935
Ptuh,OG_05210,512.4179637024969,0.9286802723447477,0.7821213804381376,1.937577993874686e-4,0.022235016654032207
Ptuh,OG_05211,11.213054952616792,-0.9472952208102003,-0.046735126721499314,0.25458443872465325,NA
Ptuh,OG_05212,89.68861556501818,-0.4176833979376898,-0.09963955116058194,0.2705940468078665,0.5831044909354666
Ptuh,OG_05214,607.9043156961101,0.38844655248832316,0.27315066558978096,0.032022311764914914,0.2212640126181102
Ptuh,OG_05215,394.19260228161653,0.4793265513462815,0.11425461490225933,0.19076972311960352,0.503915022491315
Ptuh,OG_05216,650.1855900855228,-0.5799735581427514,-0.4855418916185601,7.169184911447849e-4,0.0410776762901117
Ptuh,OG_05217,70.05227249812579,-0.014344712936065845,-0.0030406512877198637,0.9693943581818525,0.9855257859068948
Ptuh,OG_05218,1586.6060271272347,0.43856792649530196,0.24298824696158242,0.06065311355673028,0.30033016928498746
Ptuh,OG_05229,172.7166067161003,-0.5798783592993257,-0.1670266729375571,0.09833651323771361,0.3723021268010094
Ptuh,OG_05230,112.75136497426057,0.07038335734242156,0.021751388285723452,0.8108178289465245,0.9239754948897123
Ptuh,OG_05231,238.47609260349861,-0.1990612235709457,-0.037044899812798994,0.6090647384574293,0.8272837106494704
Ptuh,OG_05232,116.31573268175755,-0.022491622037542985,-0.004065223477971919,0.9578044457783483,0.9808136864790458
Ptuh,OG_05233,87.39970152759886,0.3620080583820744,0.09517566859007207,0.28391854733416405,0.5957464545675889
Ptuh,OG_05234,600.6836506631556,0.15498227405831855,0.041577449949758004,0.6372616513848337,0.8426698759825612
Ptuh,OG_05219,338.0528133010203,-0.18441881158862067,-0.04621483929047136,0.5976635636756253,0.8212029986186948
Ptuh,OG_05220,285.2809247834078,-0.31433414108114843,-0.16166203513437483,0.1580579282267563,0.46169414373481604
Ptuh,OG_05221,254.8079923423075,-0.3222082833692022,-0.11463046467940062,0.26137081139037815,0.5753138751495831
Ptuh,OG_05222,1045.207660534262,0.01838311669904205,0.006339890164382669,0.9308995049953472,0.9708192601521308
Ptuh,OG_05223,1166.8103115050612,-0.19488876437813613,-0.10250288023791258,0.34391629378543676,0.6513902583394464
Ptuh,OG_05224,734.1500175726875,-0.33506230171351464,-0.13091883587636133,0.22291067826599822,0.5420789666903933
Ptuh,OG_05226,3169.0264732280893,-0.4658003335953551,-0.10034411720399457,0.23378630747319826,0.5539378691580356
Ptuh,OG_05238,141.6766896310171,-0.1310673049043632,-0.037533171118553824,0.6794738505945452,0.8679440341830442
Ptuh,OG_05240,259.2073269812938,0.2176165765722676,0.058675285905047975,0.5155704476067311,0.777274413042327
Ptuh,OG_05239,115.5550227580083,0.40844931575604543,0.16147425563359163,0.14799380659164516,0.44996899590986417
Ptuh,OG_05235,927.9961725498986,-0.618812606786086,-0.16528724789393268,0.0898285207543538,0.3601548336900305
Ptuh,OG_05236,129.23555769923982,-0.26539968445560164,-0.0912229773635005,0.36054988929460763,0.6620205838470787
Ptuh,OG_05241,5035.7584523755795,0.11564908218689678,0.025847849666906994,0.7476622251180478,0.8999500518359266
Ptuh,OG_05251,85.1869303007974,0.28711718720190826,0.08108258433049739,0.4145077889012276,0.7008248206472306
Ptuh,OG_05243,20.467854195350387,-0.4174778219007862,-0.01905626842558481,0.6323743877201464,NA
Ptuh,OG_05244,208.6457883416617,-0.17360276742919376,-0.06046054046902747,0.5297184505799993,0.785691458137158
Ptuh,OG_05246,129.99779421551455,-0.4798753915294423,-0.24753027579827785,0.061382486653547313,0.30179115787700134
Ptuh,OG_05247,44.0501545324699,-0.5243453600463026,-0.07480319916018317,0.2827853015530352,0.5949767099185335
Ptuh,OG_05248,568.0469159860396,-0.024321654036419803,-0.01579530816414739,0.8700534164739746,0.9482444218508551
Ptuh,OG_05252,1400.3094788663382,0.3743898508391547,0.0852794581874455,0.28793651177808355,0.5994500755134801
Ptuh,OG_05253,495.9600347849814,0.1622683533798213,0.056449932887706646,0.559167826947068,0.8002125263649936
Ptuh,OG_05254,139.24404324281,0.15255446257815367,0.04652190819171783,0.6290360120481235,0.8376531254655688
Ptuh,OG_05255,522.4913723792214,0.8092773475359047,0.7109515376867215,3.572102641721769e-5,0.010833677011964736
Ptuh,OG_05256,349.68445178367585,-0.4002163826219882,-0.10335620950996662,0.26035605727490135,0.5745482698375358
Ptuh,OG_05257,116.72087022004143,0.8507278821963112,0.37812708482551416,0.017885737620808407,0.17065807177067976
Ptuh,OG_05258,109.98315820670089,0.5287502812185253,0.1459546755466357,0.14348699978275203,0.44386563443757415
Ptuh,OG_05259,1163.863622055015,0.854946386312155,0.6931183788484084,6.553828501933379e-4,0.039471710381856914
Ptuh,OG_05260,17.823173505656047,-0.5692717682201746,-0.06248599610986753,0.31172443005758743,NA
Ptuh,OG_05261,204.66327710470767,-0.5726019082387829,-0.4732947835447912,0.0011003131269789062,0.04855147065878859
Ptuh,OG_05262,338.0100974254477,-0.15295680357846395,-0.05651950687128353,0.5664737351559999,0.804699725484234
Ptuh,OG_05263,15.312629506292113,-0.719667185054405,-0.06370956859625033,0.24786723263277788,NA
Ptuh,OG_05265,131.98628249957605,-0.5327085496497586,-0.2011732535644185,0.08438159937328334,0.3488838236411423
Ptuh,OG_05266,243.98358635354592,-0.4499339748658182,-0.16518518133115517,0.13422074070836337,0.432035981027392
Ptuh,OG_05267,953.1559818445105,0.021517112365146064,0.010076712090224302,0.9313946212065418,0.9709198930280869
Ptuh,OG_05277,111.5802567771856,0.05926647615643795,0.011193181864879286,0.8854875803423685,0.953097469562898
Ptuh,OG_05278,82.75311434978472,0.2015897161807445,0.05613345784697691,0.5342973019812994,0.786737137078312
Ptuh,OG_05279,436.62639072670703,0.5046722295176181,0.390659688585099,0.006008521457381328,0.10269001357243461
Ptuh,OG_05280,45.38368523047388,-0.37976451163208713,-0.08970785119937669,0.30230193828059476,0.6120583467321465
Ptuh,OG_05281,200.1381344173443,0.5014831033662723,0.23917457729512298,0.06597928383298045,0.31238312533211793
Ptuh,OG_05283,177.65944964707612,0.04277188515378994,0.015016557586845437,0.8764236587550425,0.9510007664614164
Ptuh,OG_05268,974.0849137653835,0.0795180308716289,0.029742765485163452,0.7261668223461042,0.8906136128485148
Ptuh,OG_05269,98.56442680594478,0.1488237953065682,0.0413050549810571,0.6462346580820142,0.8466348271968478
Ptuh,OG_05272,372.65636014928464,0.16487300095269897,0.11761287397050171,0.23753128329934575,0.5589014860899513
Ptuh,OG_05273,28.792572733786646,-0.1958674227582419,-0.04334172582516851,0.5989128952637626,NA
Ptuh,OG_05274,2092.0782900842264,-0.2653276091914517,-0.14133299971020277,0.2118384361878066,0.5285249095673451
Ptuh,OG_05275,34.845491772622765,-0.4074462519054982,-0.09861067936270644,0.2709548133789344,0.5831874880093634
Ptuh,OG_05276,1252.5735784349297,0.04873956807682104,0.020914687987738965,0.8353945661519673,0.9345502115350424
Ptuh,OG_05288,236.93658797186805,0.17115400185214233,0.06341437009271753,0.5248878884300515,0.7827010807591811
Ptuh,OG_05284,526.0034045530947,0.4175331704269712,0.2185899573144961,0.08583574185062512,0.351793976735284
Ptuh,OG_05285,208.61484279318262,-0.010949492269845304,-0.0030105154473137313,0.9742494784541664,0.988142815305572
Ptuh,OG_05286,578.4280309884559,-0.6764443885582115,-0.3740271573391603,0.02459346766177166,0.19628298676292
Ptuh,OG_05287,2670.493459304143,-0.528073447121731,-0.39322051188186463,0.008213576895934107,0.12151514808409832
Ptuh,OG_05289,99.95916791828942,-0.03936988725453213,-0.010450980332775398,0.9066063962410288,0.9622424093086885
Ptuh,OG_05290,642.2762632813285,0.030784547186019705,0.010102046561475427,0.9019935544743591,0.959521936405926
Ptuh,OG_05291,176.04961912988136,-0.09308194725660425,-0.03532877560893179,0.7193843205633016,0.8866490058379618
Ptuh,OG_05292,407.6646506502811,0.7474796913622902,0.6604976985414175,3.4826131130655395e-5,0.010833677011964736
Ptuh,OG_05293,29.440127414180104,0.6154298374425099,0.15160471889162722,0.1170910015118468,0.40384066502819554
Ptuh,OG_05294,2200.593743141241,-0.42919981425370746,-0.09462800329909324,0.2545380513417968,0.5712083803466974
Ptuh,OG_05295,55.79812052928484,-0.29323324773933046,-0.044533150415629726,0.5332579921993816,0.7863393025408973
Ptuh,OG_05296,142.38185919177317,-0.3532847095304079,-0.0919188529133277,0.30503972694821824,0.6147122357010606
Ptuh,OG_05297,127.33022490278859,0.09578933331725188,0.039655315276389116,0.6919957730402022,0.8751522413922714
Ptuh,OG_05299,147.3004313895045,-0.11986087511043887,-0.024299952731278735,0.7513480828752565,0.9010349759838927
Ptuh,OG_05300,62.225970205828375,0.46113458766129994,0.08484031925476013,0.27504442332988627,0.5877277894784118
Ptuh,OG_05302,727.6707891707995,-0.2694270144082114,-0.17885278335764176,0.11435648193800957,0.3988881802723391
Ptuh,OG_05304,223.65588882093442,-0.23650260626714315,-0.045250890331161836,0.5796870074228913,0.8115380080965511
Ptuh,OG_05306,386.6569297192467,-0.34253918165546143,-0.12488655973450616,0.2347375830271806,0.5547986515632668
Ptuh,OG_05307,1877.0764442929685,0.06688685685436782,0.025660503238482353,0.7966130846345338,0.9195801492526875
Ptuh,OG_05308,359.595858850717,0.07280940619806603,0.035646027043184016,0.712541348135327,0.8843760783930426
Ptuh,OG_05309,621.1078605580428,-0.2282660412591018,-0.1065376410271649,0.3088593099474819,0.6178380328953046
Ptuh,OG_05313,399.9218901905027,-0.258635225315069,-0.047259697949316636,0.5190522053799402,0.7791747088715666
Ptuh,OG_05318,591.3100881899697,-0.05096482035993639,-0.030445379802685076,0.7588355721462197,0.9047293082541553
Ptuh,OG_05319,77.33785277163909,-0.08887766983642012,-0.019342826781741946,0.810581846961354,0.9239754948897123
Ptuh,OG_05314,583.820482731848,-0.27833205941682354,-0.16499020093893238,0.15125184634371952,0.45418340846918887
Ptuh,OG_05316,209.30524794430045,-0.006533810374989514,-5.30402050583872e-4,0.9877411138899406,0.9945337371535896
Ptuh,OG_05317,280.71063301583575,-0.07773830327331879,-0.024523455898486982,0.7905840337010503,0.9165378312886443
Ptuh,OG_05320,194.74859735817472,0.5569865428039389,0.19110062544105286,0.0905454482729599,0.3606839562784731
Ptuh,OG_05322,248.1473872038007,-0.040524030404458435,-0.02014395922720583,0.841615817702678,0.9371887652676556
Ptuh,OG_05326,621.898227671798,-0.858985248854668,-0.6141791937611794,0.004068028615064405,0.0858541000418555
Ptuh,OG_05323,368.7154403328884,-0.25129027459607883,-0.08025935568697888,0.4087309936217746,0.6976771050926854
Ptuh,OG_05324,93.41900360988272,-0.28641038615371156,-0.07033333694250546,0.4260778876565725,0.7098790311908207
Ptuh,OG_05325,440.47840328896393,0.19015556148903434,0.054754630885886245,0.5577886079471068,0.799802312392357
Ptuh,OG_05327,429.1846646453958,-0.6051957490303153,-0.27010418505037914,0.045475505116447885,0.26210565653089307
Ptuh,OG_05328,2485.025274806229,-0.5626734720665275,-0.17873438705994235,0.09338144119524862,0.3638720557811761
Ptuh,OG_05329,33.689817000956836,0.6099054222293857,0.18171797206470344,0.08764613066000068,0.35577960877854964
Ptuh,OG_05331,202.95230761043925,-0.27921407657866026,-0.06509419567327634,0.452928778880634,0.7294274967294412
Ptuh,OG_05330,2317.1991647325935,0.0386150535414575,0.02504482128607779,0.7893852280036979,0.9161624163291109
Ptuh,OG_05332,1771.1890318588028,0.5202707190077411,0.33099394267272697,0.022741786927369084,0.18896600253152473
Ptuh,OG_05333,363.81717170508864,-0.4346385788365396,-0.1266437042201008,0.1937014540911033,0.508002701711442
Ptuh,OG_05334,86.13813435376021,-0.9298377914791828,-0.5715513940639406,0.006842136137531218,0.10988838070951755
Ptuh,OG_05335,18.66168247692852,0.6087242253943355,0.025758130390030182,0.4680959219714577,NA
Ptuh,OG_05336,453.45509986796696,0.5155115079430371,0.21613264112783634,0.07490637049275763,0.3299299264649885
Ptuh,OG_05337,794.014013246815,-0.1292251400665192,-0.05869409183905581,0.5748211296581303,0.8085772789559122
Ptuh,OG_05341,854.8488271109882,-0.72058329706406,-0.1299843553184639,0.09585742690983985,0.3680009126618139
Ptuh,OG_05338,212.71407818289154,-0.06680412205376714,-0.026083296794853217,0.7866371858934114,0.9159520752980056
Ptuh,OG_05340,629.8223382363052,-0.2614017556684526,-0.11263328980420094,0.2839788495489554,0.5957464545675889
Ptuh,OG_05343,598.8082965953405,-0.24954217459522668,-0.12312397319248965,0.25997851765063307,0.5743100708151584
Ptuh,OG_05344,1990.4113913346512,-0.13419487691697846,-0.04205144421415677,0.6486037249767911,0.8478579021928664
Ptuh,OG_05347,286.4805767229229,-0.5442983898332407,-0.06433283349622598,0.26819879542106023,0.5819962185324692
Ptuh,OG_05348,166.19680640594004,0.385463968798928,0.08028871483219174,0.3277499494667753,0.6374834106440348
Ptuh,OG_05354,51.752342841384205,-0.03958184028402903,-0.005874552624489225,0.9318105434394158,0.9710314314501803
Ptuh,OG_05355,9.590637159895637,0.2972134986259817,0.01197696362659182,0.7517645383165997,NA
Ptuh,OG_05356,201.69278018813756,0.04254343646406287,0.01665259123647575,0.8681928439878841,0.9475252064188551
Ptuh,OG_05357,69.83632844455137,0.84942289020313555,0.6417711741241904,0.0025199802431432245,0.06687397570241332
Ptuh,OG_05350,85.04742962239311,0.6716985460854639,0.20386554962658093,0.06340655974634457,0.3069831843591551
Ptuh,OG_05351,26.83410678303114,1.429358088300725,0.10846102157858034,0.038611959728890345,NA
Ptuh,OG_05352,614.3484499854601,-0.07953908066000802,-0.03169040187140134,0.744184502699937,0.8983105610416297
Ptuh,OG_05353,2622.4616307762494,0.43312340662883475,0.15239197683019076,0.1574424983323377,0.4610350675304179
Ptuh,OG_05358,66.27057803376853,-0.29168618996904133,-0.06767125052353148,0.42832790158373885,0.7109774316358699
Ptuh,OG_05359,720.7614955081852,-0.26054409460098704,-0.12327813311239101,0.25712457745646944,0.5728148764315621
Ptuh,OG_05360,228.12891960819377,-0.4181675173073437,-0.26570801055962157,0.04265085510487343,0.25488463163306485
Ptuh,OG_05361,83.21542459616784,-0.08251748342190157,-0.019471570778447776,0.8113771131585884,0.9239928181497563
Ptuh,OG_05362,35.62285389483677,-0.12498323247221839,-0.02093664305628514,0.7806442942685002,0.9136206376692536
Ptuh,OG_05363,340.8218561831863,1.6572555699356601,1.4716752541673956,5.828433921127872e-6,0.003093441303638618
Ptuh,OG_05364,184.43297349370775,-1.7859980986256998,-1.3921164784091289,2.023309618434527e-4,0.0226078227365079
Ptuh,OG_05365,465.2966026423863,-0.27203207881497293,-0.1041774506214007,0.3185421170932602,0.6260263037157986
Ptuh,OG_05366,1223.6646658984441,-0.18401954355002603,-0.08785331555753147,0.4655390261559058,0.7383932405894569
Ptuh,OG_05367,1416.1593257306838,0.6247306228171902,0.3838689479457361,0.01742684760037583,0.16874434415324008
Ptuh,OG_05369,52.162772760601015,1.7373724968635318,1.156994754074298,0.0020936111517616002,0.0634962353598554
Ptuh,OG_05370,57.09178117797957,1.9214277851764812,1.3739566320961576,6.783399686550932e-4,0.04016196948332796
Ptuh,OG_05371,45.917973302380936,2.6890992582997617,2.074245637119472,6.966220103235583e-5,0.017926406398992897
Ptuh,OG_05372,280.3736324633882,0.07434489814708167,0.03764415301134316,0.7159668964913197,0.8849219888892484
Ptuh,OG_05374,2890.7663119433946,0.10008545439193309,0.039195219934209255,0.6887661200522637,0.8733412429842285
Ptuh,OG_05375,6062.999306583153,0.51907317095052,0.27263189641821034,0.04742919473418095,0.2660295387600163
Ptuh,OG_05376,487.5744014751902,0.36826925231386065,0.14344435022954272,0.1783233466284685,0.48754728253990803
Ptuh,OG_05377,124.42992363355668,0.8213553668817258,0.28121730954308116,0.030008519344116528,0.21380269451609588
Ptuh,OG_05378,172.9443990014717,-0.18887800278643463,-0.06228763108702296,0.521820192162651,0.7808352070679397
Ptuh,OG_05384,72.46061819884325,-1.1312979576736253,-0.8133479549890854,0.002306117238317568,0.06506161989299929
Ptuh,OG_05380,168.74835778342958,0.006392516227427276,9.981289446686398e-4,0.9804542002010378,0.9910745230457342
Ptuh,OG_05381,30.28503585554884,-0.7316896771600044,-0.09906332837437513,0.15927197736378423,0.4631317407445721
Ptuh,OG_05382,590.9463798912682,-0.11541207748505153,-0.035349811788650584,0.7038610813016102,0.8802278561256186
Ptuh,OG_05383,209.50586316423377,-0.3691567212107937,-0.19330212064260172,0.1091554570173459,0.3907875805190984
Ptuh,OG_05385,1256.4605243411827,-0.47052079287106874,-0.24848673887099826,0.05945685363151854,0.2968298653961525
Ptuh,OG_05386,48.92534170116422,-1.1407087630401231,-0.6728145235299787,0.004992915884484441,0.09407902150341518
Ptuh,OG_05387,20370.56088474612,0.6686922254778013,0.3919683962899861,0.018052421845418234,0.17119330799179172
Ptuh,OG_05388,113.58218825291605,-0.151022359389618,-0.07596810021380236,0.4719602530426504,0.7438542072825143
Ptuh,OG_05389,711.3736216829712,0.7963314616189404,0.6041935670021596,0.002301270586766315,0.06506161989299929
Ptuh,OG_05390,418.3829365336027,0.05474961907680294,0.02501901219698788,0.8052684899854063,0.92317141662408575
Ptuh,OG_05392,110.65870505839891,0.5150330673794609,0.22472655899079044,0.07322922949581194,0.32678014549576195
Ptuh,OG_05393,181.30840501521652,0.014895878278932908,0.002878581364150012,0.9602858653908128,0.9820127421311201
Ptuh,OG_05394,269.72099332848387,-0.7224410244880753,-0.41330540985329545,0.01636866919450289,0.1637603396982105
Ptuh,OG_05395,1972.467481622981,0.9214102025999593,0.2604194511765665,0.022142646994955245,0.18543920935025637
Ptuh,OG_05396,613.6236643006578,-0.22353852650007264,-0.14544654685749556,0.17372644857784036,0.48148988293832257
Ptuh,OG_05397,621.213176350241,-2.430037902175707e-4,9.988867948956752e-4,0.9994375694298145,0.9995924497550672
Ptuh,OG_05398,14.334894017216797,-0.38657791844359285,-0.022853847572932386,0.6098316353855117,NA
Ptuh,OG_05399,52.556434524491955,0.6742489012277693,0.3366373758291142,0.030298579495423635,0.2149503233710422
Ptuh,OG_05410,32.6246212505258,0.12649254794462272,0.01242631757831892,0.8268116681403638,0.9320701826427676
Ptuh,OG_05400,836.9589946700818,0.6926347231883679,0.554041867640253,0.0015290894025381798,0.052385044860224904
Ptuh,OG_05401,21879.201996625226,0.4905508057070725,0.26712490071962475,0.04954442318645602,0.2726948792081143
Ptuh,OG_05402,449.2530373376825,0.5517084612720504,0.24670953001757565,0.0582656844958465,0.2943151639150432
Ptuh,OG_05403,498.91148325925576,0.32471829245083256,0.16851535426527794,0.15295177135855556,0.45684919276622643
Ptuh,OG_05404,206.24018092660023,-0.17750206995858622,-0.08440889450227078,0.41907314389922695,0.7043443624868608
Ptuh,OG_05405,72.84729809475856,-0.5745011658860323,-0.1695545598321743,0.1089544821544868,0.39077322478818843
Ptuh,OG_05406,162.1598354996694,0.10176916231556868,0.03893065387970131,0.6889440634422217,0.8733412429842285
Ptuh,OG_05407,33.57589289230277,-0.024038911352884846,-0.0034598914886877887,0.962842145761405,0.9830968849343508
Ptuh,OG_05408,2238.478491184048,0.48916705204892486,0.2958517047479777,0.040240721079378816,0.24907011910064497
Ptuh,OG_05409,2245.9732946443887,0.34921709154285485,0.2868226277874672,0.009842464891879652,0.13229034704883383
Ptuh,OG_05414,369.84503907937125,-0.23650691874384747,-0.0349833625068504,0.6213135321251735,0.8337389519891977
Ptuh,OG_05415,195.3074963217482,0.2988385298220767,0.15811245142840394,0.1664421053439498,0.47240185781444577
Ptuh,OG_05416,58.80415305716191,-0.40560540905541204,-0.10001348479477018,0.2681241901699838,0.5819962185324692
Ptuh,OG_05417,253.37613092981994,-1.1798231181079486,-0.20119249476960357,0.02019444093731216,0.17771108024834703
Ptuh,OG_05411,189.94085590495206,-0.2926319553975878,-0.07819637779334795,0.3637264290813384,0.6638760409292596
Ptuh,OG_05413,3630.2064486034224,-0.1962049283069534,-0.09795744816960049,0.35588701035170894,0.6601100018703567
Ptuh,OG_05436,207.9572759277315,0.14180120666379736,0.031985256134100755,0.718248901992517,0.8864074517832371
Ptuh,OG_05437,115.71159928592202,-0.3479382450024202,-0.10056220388110866,0.29103676285396735,0.6017424302509461
Ptuh,OG_05438,1165.1584793767267,-0.2962856502076666,-0.12225810667018339,0.24760564356374673,0.5664771079164413
Ptuh,OG_05418,27.319435603084486,0.7762245781650492,0.11794173234761714,0.11381164806141245,NA
Ptuh,OG_05419,43.425180157252626,-0.73267802011973,-0.1245768295224411,0.11203175467556664,0.3957277652668795
Ptuh,OG_05421,646.2802841087757,0.46131954537321906,0.3317068199846695,0.016430029371511463,0.1637603396982105
Ptuh,OG_05422,180.81932525667375,0.1385976907656992,0.062080070964988465,0.558986161799985,0.8002125263649936
Ptuh,OG_05423,773.1458413627829,0.1649447930025951,0.043007892879167925,0.6170587198287016,0.8322844105440493
Ptuh,OG_05424,24.265932023094926,-0.3616696290861556,-0.03224916468614248,0.5580534163317482,NA
Ptuh,OG_05425,234.03309515361246,-0.38920226413415093,-0.052415279912535515,0.41208379391611594,0.6994091435733784
Ptuh,OG_05426,291.7864173542869,-0.26711184341449534,-0.1549980885540103,0.1674018864869547,0.4736711673928516
Ptuh,OG_05427,353.8737200717137,-0.5688207027476088,-0.41791884197768925,0.007745645633718523,0.1176673036163465
Ptuh,OG_05428,253.75849145524268,0.19541190904520894,0.10283315863223082,0.3497153760343849,0.6551842124898629
Ptuh,OG_05429,694.2361745221988,0.24191217103109597,0.1468556401440417,0.18499661977939708,0.4944534126240168
Ptuh,OG_05430,18704.828394471355,0.5681899543061414,0.3567580993910052,0.021340212941782156,0.18194888383696192
Ptuh,OG_05431,250.19495862281124,0.1692722248410482,0.09360332081997773,0.38096316450575757,0.6756249042989156
Ptuh,OG_05432,177.18926585586644,0.6681143228769577,0.23500842386723717,0.053111014896702134,0.28271125219730975
Ptuh,OG_05433,240.03220800774142,-0.21856688146566702,-0.10024930821272185,0.3452705698626631,0.6518150868398398
Ptuh,OG_05434,213.18250556419954,0.5937429294147172,0.4772177545439688,0.002248350862559629,0.06506161989299929
Ptuh,OG_05435,430.9693742594667,0.7797681046841514,0.5565298880102642,0.004291972820182828,0.08887446356634063
Ptuh,OG_05441,106.0813731774033,-0.1561191835994771,-0.04243919126230555,0.6220380425912149,0.8339381944758065
Ptuh,OG_05442,72.37450646776976,-1.097758540290009,-0.14328463765960162,0.037792530488450264,0.24148545440776498
Ptuh,OG_05439,1466.1786697860157,0.33883109287889557,0.14060758037354384,0.21001069632424546,0.5265458615841431
Ptuh,OG_05443,228.6100486651095,0.4464232814945787,0.10519973186245583,0.2301803125228961,0.5490076028371103
Ptuh,OG_05457,248.55819731301483,-1.7872925057326872,-0.09327422187165285,0.017249948014927005,0.16789379060693035
Ptuh,OG_05458,192.9074233773416,-0.2945216029039513,-0.09124496303348066,0.3443502265815286,0.6516888694205109
Ptuh,OG_05444,223.83570148993536,0.1350380744800627,0.0398492718852402,0.6775935614077182,0.8674297168357616
Ptuh,OG_05445,568.5776343332382,0.13253356945422604,0.028977286570453304,0.7185097544581814,0.8864717179803686
Ptuh,OG_05446,82.64646528667703,1.1365766258768601,0.10554040240093028,0.07178417188062941,0.3245959465443583
Ptuh,OG_05447,33.81563446470251,0.3417267923977533,0.04831697512196064,0.4758808635264177,0.7465705831334347
Ptuh,OG_05450,308.5073082449803,-0.2468205509803854,-0.10835177057206155,0.3081665425839301,0.6176235797416987
Ptuh,OG_05452,224.3065798151146,0.4304326827164266,0.2352166309602251,0.0678462299055523,0.31655355131052076
Ptuh,OG_05453,638.9832778053546,-0.17488925488852236,-0.05908021243625277,0.552301982470827,0.7975879105847167
Ptuh,OG_05454,1110.1911577874594,-0.39802555950045265,-0.2667169135662829,0.0381155447692208,0.24250728573099817
Ptuh,OG_05455,1666.1311611671956,-0.17749193424520193,-0.06385249164580986,0.5260604161280509,0.7834628294913026
Ptuh,OG_05463,58.94842887166738,-0.5911764118139269,-0.15059968361367967,0.11414786716028226,0.3988803381831094
Ptuh,OG_05464,129.8246630798831,-0.6448218807660672,-0.44156907841772136,0.009992156870444203,0.13320784323989351
Ptuh,OG_05465,210.8183794738125,-0.34182485741089746,-0.14271325023031373,0.1993119192527819,0.5127406295954632
Ptuh,OG_05460,504.6139042630596,-0.3953248279502495,-0.18701078684321684,0.11880046174809215,0.4061407090035421
Ptuh,OG_05461,60.70041045440659,-0.2994390334761435,-0.08142551698213357,0.3687848468040076,0.6680066762395542
Ptuh,OG_05462,782.166498750563,0.06362912418906491,0.021726711618282497,0.8204150769340506,0.9287146450600625
Ptuh,OG_05473,253.75923710019538,-0.07649202450740682,-0.023925725782050353,0.7958128838118004,0.9195801492526875
Ptuh,OG_05474,161.9960390749101,0.5571301862640289,0.1374078513320588,0.13482748019654914,0.43291833696614856
Ptuh,OG_05466,17.980229382066376,-0.39445489312239856,-0.04383750468534577,0.4712168457922164,NA
Ptuh,OG_05467,336.8201827077824,-0.47286738868793127,-0.11283419003428143,0.2050823831857738,0.5202616308590468
Ptuh,OG_05468,71.23224269560245,-0.10533657180770442,-0.024633238667022692,0.7824200174471327,0.9141869548928248
Ptuh,OG_05469,148.98400716799574,-0.7479860763585389,-0.562851963404855,0.0035013644478804505,0.08000035810881738
Ptuh,OG_05470,7875.898278722521,0.5158693616796022,0.2190210687274374,0.07609790120979884,0.33063433216660976
Ptuh,OG_05471,1146.967878626033,-0.1667539052545897,-0.061477102772397804,0.5406112227591453,0.7909893734005861
Ptuh,OG_05477,84.1172342380194,0.15241786115740572,0.03496869426128191,0.6743583089922456,0.8654451805897159
Ptuh,OG_05475,383.15363896179167,0.3968124759026415,0.18136951718298794,0.1270231228768985,0.420866312708007
Ptuh,OG_05476,446.8684328822522,0.5949950139073318,0.140665820006327,0.1255296155900119,0.4188041417828587
Ptuh,OG_05479,339.9266468391243,-0.10040912602188994,-0.04535240192570381,0.655212024343288,0.8528602867448194
Ptuh,OG_05480,1750.2697125476889,-0.2878452707010187,-0.13988222480505075,0.24343386023675812,0.5646654851490166
Ptuh,OG_05481,48.08252651965162,1.0587592401750818,0.8215048051742334,0.0010072374142870253,0.0467275971603776
Ptuh,OG_05483,147.14519300391143,0.3322325400095467,0.16102278886540816,0.16102375887296577,0.46528767498909857
Ptuh,OG_05484,1005.0490928869226,-0.29533871348087665,-0.17002601872803513,0.1416650960864869,0.44142204817404446
Ptuh,OG_05485,107.02977988741102,-0.04730781239439079,-0.011766591053253195,0.8850571427040379,0.953097469562898
Ptuh,OG_05486,1328.3834979190542,-0.46202145764682556,-0.20120189273529784,0.09470741055445933,0.3652385696768704
Ptuh,OG_05489,52.59564511175473,-0.2809024579955551,-0.039469285450423865,0.554868847524536,0.7984996192473072
Ptuh,OG_05487,366.648508060462,0.3983563862545861,0.23721823403960798,0.0641300157978379,0.30820152470585144
Ptuh,OG_05488,210.13099480025463,0.06647497474277704,0.029016311617845528,0.8210583162806567,0.9290376045110375
Ptuh,OG_05494,62.56058541448002,-0.2871080866123918,-0.07056392876560734,0.4255061093934633,0.7096225217928692
Ptuh,OG_05495,194.12339903425064,0.22403487511766318,0.09486779296032359,0.36055848922669,0.6620205838470787
Ptuh,OG_05492,749.136583079096,-0.04650507594316669,-0.02455135010636001,0.806721642842455,0.9234496901861547
Ptuh,OG_05493,27.27045831711004,0.46962941839511774,0.0463003846039365,0.43794721058969127,NA
Ptuh,OG_05500,881.8902926965311,-0.22505959166675268,-0.1411978909835954,0.17561697862103529,0.48388688593440354
Ptuh,OG_05496,261.19695327943674,0.11788251139909303,0.04305335709770556,0.6367507783301214,0.8423878500668938
Ptuh,OG_05497,3565.6440357937954,0.6314880470186767,0.18957549616509042,0.08274543653894352,0.3447861860101611
Ptuh,OG_05498,359.64467046401046,-0.11556910028305083,-0.03726783027459696,0.6982002899772008,0.8784080771177335
Ptuh,OG_05499,395.5406700886369,0.0251208004801562,0.012723468525848679,0.8914274870050234,0.955845740012443
Ptuh,OG_05501,153.68270198646658,-0.4095871427892783,-0.08372639462239059,0.30587958065360826,0.6153320962605239
Ptuh,OG_05502,8154.408747730612,-0.1444942686946793,-0.06011380293946873,0.5507012349554095,0.7969589105728251
Ptuh,OG_05503,128.52327723994176,0.01568055840683603,0.0036576891504129577,0.966724972535099,0.9845037304486808
Ptuh,OG_05505,880.4649843549332,-0.3092516540227435,-0.13434481106471644,0.22556221720192526,0.544369134699718
Ptuh,OG_05507,157.63032953241773,0.051739413830894865,0.009557478198280612,0.900435714126312,0.9587704462584848
Ptuh,OG_05508,2120.0438256783464,-0.33740121724525185,-0.12532301482991903,0.22592308810952688,0.5444207900755114
Ptuh,OG_05506,460.62288594570634,-0.8540852477976946,-0.04549974433410367,0.2301070765628104,0.5490076028371103
Ptuh,OG_05510,31.30181797156105,-0.9611946791726549,-0.3398530367220712,0.020692765478590593,0.17894395564581603
Ptuh,OG_05509,220.01814559203982,0.22418170131665363,0.09574317501253717,0.3652049414939765,0.6652338831331721
Ptuh,OG_05511,176.49693903903736,0.6081188436239013,0.35280960062704503,0.02482216761087077,0.19651113652576552
Ptuh,OG_05513,437.9711041060224,0.6075977681443464,0.5252689179096711,2.6313015752205273e-4,0.02584846330952673
Ptuh,OG_05514,1090.7558779690603,0.414528536255752,0.2549430360592496,0.05325488636694852,0.28296672449075105
Ptuh,OG_05515,41.20381662221692,-0.942691187591617,-0.29853317421988684,0.02475516154875327,0.19651113652576552
Ptuh,OG_05516,203.61792179322427,0.010432013470299678,0.003153572605709886,0.9630793602780413,0.9830968849343508
Ptuh,OG_05517,65.99361422595115,0.2994951086753016,0.10077431214204896,0.3151014700817489,0.6236808651423768
Ptuh,OG_05518,371.9569223827945,-0.18371669213339348,-0.09005694982958533,0.389372386169785,0.6796370212249939
Ptuh,OG_05520,143.9963840212437,-0.4716231319554539,-0.33177537359418585,0.018597453982729432,0.17260063302878506
Ptuh,OG_05522,1209.8961909106913,0.47618232289260365,0.16077781076648204,0.13137923719585365,0.42861025058286173
Ptuh,OG_05525,55.27072375130379,0.5380218229729385,0.18025501481409817,0.10352441829157433,0.3813936259250127
Ptuh,OG_05523,395.65402285222336,-0.6649040676385045,-0.343598337393981,0.02567876296475588,0.20042652122859092
Ptuh,OG_05524,435.76291380796874,0.44373797490772215,0.19181994666787663,0.09854056403970558,0.3729084090130035
Ptuh,OG_05526,205.91933144014334,-0.37360256872588365,-0.1949689317533516,0.10734777201457477,0.38774873668556736
Ptuh,OG_05527,59.16360200104144,0.8592145508545742,0.23537817957606041,0.038425835923174834,0.24344499119575094
Ptuh,OG_05528,763.1498937843336,0.22137807871510348,0.0916274873242406,0.3734310405822082,0.6707225881184671
Ptuh,OG_05529,164.1464658291657,-0.319809636043572,-0.22119362892927763,0.059393719473892985,0.2966890975131172
Ptuh,OG_05530,284.7502983034368,0.6052643786928532,0.22771829338792457,0.05513623130360811,0.28769949689649005
Ptuh,OG_05531,2148.2911957291194,1.0619242913027294,0.40322908782309164,0.009720993980372104,0.13196319896828135
Ptuh,OG_05533,91.7343657522575,0.30668277286151296,0.033824932168040556,0.5704608491752232,0.8063171656451391
Ptuh,OG_05534,25.799414775370426,-0.05970717859521162,-0.01130618233303949,0.8782548156814962,NA
Ptuh,OG_05536,184.2559463021157,0.35081610910680405,0.13020296761800584,0.2166707951327003,0.5351856871049712
Ptuh,OG_05537,124.0444999045182,0.07935582232238715,0.015373059632142666,0.84332347897269,0.9376791636158248
Ptuh,OG_05535,306.23032201721776,0.1981792366826042,0.06602394382406072,0.4959717679119133,0.7641132534666124
Ptuh,OG_05538,195.54996007879072,-0.4991939941617502,-0.1505751105387972,0.13571129154880707,0.4335817486201917
Ptuh,OG_05539,35.88135909081823,1.276625479592806,0.1353869547727228,0.02859430256547387,0.21140584003711568
Ptuh,OG_05565,642.3496811246471,0.3510841897225041,0.04056313342427247,0.48271077100462556,0.7522312296716064
Ptuh,OG_05570,38.598616362720584,0.5530532069395391,0.10537355206876735,0.19577570384804152,0.5096088222271623
Ptuh,OG_05567,1242.5324691458939,-0.28919640679656844,-0.1371715773886691,0.20724856875923506,0.5234719294721469
Ptuh,OG_05568,135.46498370602754,0.0956715783905729,0.03333621386974463,0.729064268261015,0.8924506017941882
Ptuh,OG_05540,233.214402168433,0.09111750275808551,0.031192759246598527,0.7464395233315888,0.899115522288206
Ptuh,OG_05541,78.67856708403066,-0.29223198865038225,-0.0638107771876913,0.4222502062412302,0.7068565237014335
Ptuh,OG_05542,75.15184571806533,0.010078054905548764,0.0018364362126021697,0.9817977975732631,0.9917243840837576
Ptuh,OG_05543,303.1347253462824,0.38998777542403734,0.11266452799512693,0.24204326670974366,0.5631318961367516
Ptuh,OG_05544,2244.519302073268,-0.4933844664130913,-0.12966478816421337,0.16926225171427967,0.4761176546795483
Ptuh,OG_05545,41.61399366999453,-0.7399620707295762,-0.09849489337246876,0.14529332777808748,0.44611376472224956
Ptuh,OG_05546,687.5275101451664,0.42467702856890055,0.19329091534009302,0.11131095672836636,0.39484237449343657
Ptuh,OG_05547,295.7256907281308,0.0676005010875589,0.020938208307194905,0.8137918447937296,0.9256977745574566
Ptuh,OG_05548,63.71510187159609,0.7003185243544626,0.11855711012935596,0.12802260847859734,0.4230873155364101
Ptuh,OG_05549,28.5692731709569,-0.42188258752466706,-0.09852925884423833,0.26764091987531746,NA
Ptuh,OG_05550,105.27578624737362,-0.18515598556451754,-0.059646215353543995,0.5319053453639333,0.785691458137158
Ptuh,OG_05551,154.60636086491024,-0.6967998592904843,-0.27066324169700595,0.038701805119276,0.24434684067892354
Ptuh,OG_05553,1168.4333453964505,0.5081467227881014,0.3011394721704972,0.03474149223349021,0.23175550042953566
Ptuh,OG_05554,76.73664132528236,0.4153496977454189,0.12945476758652744,0.20311969794692203,0.5170540992102104
Ptuh,OG_05556,69.21005728820838,0.4904501324640407,0.07627672298265548,0.2956799672609942,0.6060996498131722
Ptuh,OG_05557,337.6461591247071,-0.09080195770869616,-0.018306350865428714,0.8151268755632852,0.9263020744730046
Ptuh,OG_05558,695.0282291207293,0.573996981821424,0.4734480102818634,0.0012522852580895234,0.04929221701777006
Ptuh,OG_05559,629.467531920242,-0.18154660227529992,-0.114291375288392,0.2825511062436473,0.5948025786037275
Ptuh,OG_05560,1308.254051981194,0.1979989801162478,0.12323797342775884,0.242239524264025,0.5634341386058889
Ptuh,OG_05561,73.24200673903916,-0.07512890712105331,-0.022233089706124535,0.810784736967844,0.9239754948897123
Ptuh,OG_05562,207.25378400651536,0.33131396384464806,0.09492709956306043,0.30503329630383375,0.6147122357010606
Ptuh,OG_05564,118.74243336745131,-0.0015702276480036128,-3.944633303920174e-4,0.9967542338737527,0.9987536228974523
Ptuh,OG_05571,4433.147431660044,0.2514503784410267,0.10899051320634719,0.30144433921720915,0.6109463791485776
Ptuh,OG_05572,1577.5939638565815,-0.3096418505305865,-0.1683017316073571,0.16409945291489234,0.46899677125020434
Ptuh,OG_05575,82.72596794063789,0.6261460192879542,0.13028729301313763,0.13337368815609804,0.43130592529382505
Ptuh,OG_05573,29.42695878406156,-0.6733769980391688,-0.06760496577898777,0.23934191073409886,0.5603150749916327
Ptuh,OG_05574,299.65490104470786,0.1984856999535047,0.14651952257555392,0.14130776445657323,0.4410090171867769
Ptuh,OG_05576,10.620393509471935,0.16307871556495138,0.0037489196679976375,0.8797853517347023,NA
Ptuh,OG_05578,590.4506833334757,0.197878617889748,0.05371817033632981,0.5518731089872475,0.7974317579580918
Ptuh,OG_05579,163.76063786643334,0.02937450586703023,0.01057392326526734,0.9011117539659573,0.958927445448485
Ptuh,OG_05580,26.03897245518744,-0.13240108458842687,-0.02485518858515409,0.7545787936103736,NA
Ptuh,OG_05581,76.58458817011213,-0.12336785733051925,-0.030773038662318165,0.7196085002327153,0.8867559080841643
Ptuh,OG_05582,146.76802930311052,-0.2306776924335037,-0.028116220228168544,0.6351024413003237,0.8412556436628216
Ptuh,OG_05583,102.43035431024921,0.2140999858418062,0.0407238795949835,0.6014766275825645,0.8226348077679397
Ptuh,OG_05584,33.27492023858016,-1.1522623969799362,-0.6805139749464215,0.005212546142663934,0.09643778179412228
Ptuh,OG_05585,582.6611192780656,0.286654366858848,0.1480649137998688,0.19292270537746534,0.5065861515353851
Ptuh,OG_05587,1094.1706206553017,-0.3912370251641869,-0.2892907057814596,0.020733081765591868,0.1790980380680515
Ptuh,OG_05588,340.7045331854438,0.5682909415916069,0.35650632986117115,0.022099887066436518,0.18543920935025637
Ptuh,OG_05589,201.32690103388325,0.21092935544470987,0.05052706138334747,0.5535990406985998,0.7978817352508795
Ptuh,OG_05590,98.38253388281524,-0.5306891447691577,-0.25356294086709463,0.05632249498556606,0.29040110954306436
Ptuh,OG_05591,680.9110655612419,-0.28282933065806376,-0.2110435647411557,0.0541192222407218,0.28529995096056177
Ptuh,OG_05592,1775.675068561646,0.1528667914439203,0.09877427658106835,0.358104005119671,0.6617675637388531
Ptuh,OG_05593,559.0979044914433,-0.5062053971043748,-0.23609943066587213,0.06386486856486621,0.3077982201207967
Ptuh,OG_05594,2550.6682533990984,-0.2618262570703768,-0.16168792551348252,0.14877440505556036,0.4505787337861589
Ptuh,OG_05595,683.2882061473242,0.3274863446645336,0.1116218033376761,0.269202967757927,0.5825240859361362
Ptuh,OG_05598,176.5078805185346,-0.27970840206759556,-0.08195869532027923,0.3852571262831745,0.6774681145275939
Ptuh,OG_05599,403.1165067944731,-0.6892595768986894,-0.4139029787967547,0.015893440026051128,0.16163723676793554
Ptuh,OG_05600,275.7084419428172,0.12255858994610196,0.039682018697664016,0.6683711971431892,0.8602316165716828
Ptuh,OG_05601,629.2714363330168,0.2331490882459638,0.09368389914541851,0.3635202299649297,0.6638760409292596
Ptuh,OG_05602,253.73641517229873,0.15679184967797102,0.06337647322581387,0.520782945701216,0.7799803835793168
Ptuh,OG_05603,392.8253129338499,-0.49787304593067644,-0.36732142235584814,0.011175122914963235,0.13894457363670248
Ptuh,OG_05605,179.68843544501138,0.3759937733998168,0.18496829881392043,0.11873403247048257,0.4061407090035421
Ptuh,OG_05606,473.13447412841884,-0.026450520721335424,-0.01499463165787004,0.8692780257238979,0.9480555740511465
Ptuh,OG_05623,41.62429733770917,-0.15897677433350438,-0.016898182667113428,0.7742961129677612,0.9120688821037474
Ptuh,OG_05624,31.392170034752578,0.04476767987249039,0.006681473150485133,0.922267605210574,0.96757109694202
Ptuh,OG_05625,1187.3789970231344,-0.06441430185040012,-0.040558159766387394,0.6792766854775762,0.8678227189823344
Ptuh,OG_05629,228.57904290837914,-0.5405772450926157,-0.23641458094422424,0.06620881765263993,0.3130541645357563
Ptuh,OG_05627,745.5505292150376,-0.31867007558944843,-0.10087483872036947,0.30209228229735324,0.6120583467321465
Ptuh,OG_05628,544.929568460405,0.3413144069149063,0.21439670265359365,0.0756271346352004,0.33056931799572037
Ptuh,OG_05630,452.5226847087628,-0.9620777464282535,-0.5838920864404789,0.006348730409346778,0.10509438330637981
Ptuh,OG_05631,411.76633368049016,1.3400132308284907,0.9822305200954552,0.001672554776935211,0.05526589558651289
Ptuh,OG_05632,131.57888685766466,-0.14493373665044731,-0.041560968605486276,0.6336789453511318,0.8406813941449479
Ptuh,OG_05607,47.27809055532363,0.9807979084164948,0.17630236039874214,0.03874282566975112,0.24434684067892354
Ptuh,OG_05609,6.0933473413226915,0.6695742760270935,0.02402178058349494,0.4525883146807076,NA
Ptuh,OG_05610,280.90331553182796,-0.39210964177857954,-0.09885344320891319,0.2696398155657486,0.5829382163402081
Ptuh,OG_05612,52.74224700522673,-0.12586852111080504,-0.03135865727803051,0.7158823846397461,0.8849219888892484
Ptuh,OG_05613,758.1321117115755,-0.08441738036460884,-0.050218952624439886,0.6339314355046265,0.840753670202294
Ptuh,OG_05614,342.01907124065065,-0.33365175347059806,-0.15913056483098859,0.16532443083828358,0.4704876228816033
Ptuh,OG_05615,102.89895649211236,0.38601848537655403,0.09413093202429246,0.296072799574686,0.606219294496769
Ptuh,OG_05616,413.0462335998803,0.09921845809466799,0.0436226775307829,0.6771507981174376,0.8674297168357616
Ptuh,OG_05617,496.50288016753507,0.3813431001795002,0.09818861287943695,0.273798448728764,0.5870111198890549
Ptuh,OG_05618,479.1804134555592,-0.29948610354108507,-0.07782990011372916,0.3892944779166017,0.6796370212249939
Ptuh,OG_05619,375.2120477769367,0.045139972861971106,0.01949088210656472,0.8468297850617684,0.9389621953105426
Ptuh,OG_05620,45.9730779139949,0.48611163601067287,0.08904684457683246,0.26439566385354135,0.5782250778893312
Ptuh,OG_05621,278.7518850605977,0.09823329187672823,0.05572896237638697,0.5860920646107635,0.8145023975021614
Ptuh,OG_05622,543.8671763703173,-0.6810614431096859,-0.3620463759189979,0.023027460855283725,0.1891445540413192
Ptuh,OG_05637,34.06211207271656,0.7516756243676559,0.06147510039850307,0.25185300317334897,0.5699251534181963
Ptuh,OG_05633,963.1533956721705,0.14889989097093176,0.08156769332446058,0.42722687886401456,0.7101687265404986
Ptuh,OG_05636,503.8377598434764,-0.23147731835431232,-0.14672564502881133,0.1841298999700544,0.493698264476338
Ptuh,OG_05640,63.54547788181773,0.4500533856913119,0.10242879379733935,0.24682233430999873,0.5660300057955991
Ptuh,OG_05641,604.8328814687069,0.014546485844947965,0.008078662565006757,0.9375707240672353,0.9729701106332052
Ptuh,OG_05638,206.36505139276994,0.021977607250775827,0.010966547930935325,0.91756149329173875,0.9658492189099863
Ptuh,OG_05639,6662.002278324081,0.49661591599651544,0.1954611133552517,0.09593124540363446,0.3680009126618139
Ptuh,OG_05651,156.01435884899863,-0.25035945435579465,-0.14374019891124318,0.20031656302814455,0.5139874469984822
Ptuh,OG_05652,70.1978155095468,0.1214672936047541,0.023689502469240783,0.7636189744487087,0.9065875238299014
Ptuh,OG_05653,423.7141899134273,-0.28278014578090604,-0.12420548977067315,0.24831003121296602,0.566688263938951
Ptuh,OG_05654,414.0488403924733,0.03314493619282379,0.015775312965550292,0.880051638428726,0.9521465809067068
Ptuh,OG_05655,190.45106757307266,0.5913793845892505,0.13836406817496777,0.12410332038351585,0.4167202043087452
Ptuh,OG_05656,7.233595708899865,0.5743173614263262,0.016395657401253167,0.5691780005064209,NA
Ptuh,OG_05657,1341.5565540275113,0.15574226356280138,0.06147037416287688,0.559017044943151,0.8002125263649936
Ptuh,OG_05658,444.7864128628136,0.14146651505922567,0.06901659838278525,0.5047396528596446,0.7714631267250004
Ptuh,OG_05659,41.345607118594714,-0.1335667003010842,-0.03743681482229837,0.6810663328533331,0.8693528549012486
Ptuh,OG_05643,6458.259410789768,0.13241995099288126,0.062110972956448976,0.5466330519438394,0.7947282789089342
Ptuh,OG_05644,1703.2385670256667,-0.3687934617856862,-0.07297556145163372,0.3540035317031776,0.6593178985656212
Ptuh,OG_05645,2885.401963741947,-0.27753185332974245,-0.1012873804135753,0.31659280055764116,0.6246886299871058
Ptuh,OG_05646,95.87194340329658,0.3456521269476832,0.09494326907526855,0.3153542962483104,0.6236808651423768
Ptuh,OG_05647,1658.2722043602193,-0.1069851504104317,-0.04728255674771424,0.6364453189040766,0.8423878500668938
Ptuh,OG_05648,2691.186495802585,0.21784655736575864,0.1483531788251209,0.16041928770147557,0.46467806620930846
Ptuh,OG_05649,554.8892598130224,-0.5716159622096167,-0.3880621281686404,0.01327644609519811,0.15132886074786125
Ptuh,OG_05650,146.36114176727486,-0.5050798612984844,-0.1457183251524832,0.14158662940626598,0.44139267875110527
Ptuh,OG_05660,144.58445979590442,0.531819900699623,0.2510280949709766,0.057053813146655974,0.2922201334387229
Ptuh,OG_05661,357.77726334549044,-0.14289073885347098,-0.07234957529654065,0.4736248725567894,0.7448189662504177
Ptuh,OG_05663,421.4492527810734,-0.5669250696865141,-0.2444416085823987,0.05784702676003649,0.29410177824704614
Ptuh,OG_05662,145.0584630121349,-0.40849239988407726,-0.14988006571248413,0.16830965556940522,0.4751614345396905
Ptuh,OG_05664,59.58622647558797,0.12059121247727918,0.01887442175043725,0.7917454594059928,0.9176337438618386
Ptuh,OG_05665,15.173731793624825,-0.019713337576414882,-0.0022961804642893766,0.9703606390091236,NA
Ptuh,OG_05666,228.7375905225912,-0.44571011664157034,-0.1537672822892445,0.15499677356669705,0.4587774838370134
Ptuh,OG_05667,287.16976756680674,-0.016204268415858026,-0.007360920245544795,0.9396713592154385,0.9737265628380115
Ptuh,OG_05668,135.61844912409055,0.1781022373612178,0.07808790767670358,0.44940203130207423,0.7269184856794695
Ptuh,OG_05669,271.396056039721,0.23906755703300345,0.0515922316639315,0.5290066604522179,0.7856461281147664
Ptuh,OG_05670,1419.6601902605894,0.03293620489986123,0.023374389923547564,0.8386368585163899,0.9357623041174938
Ptuh,OG_05671,170.61112336911785,-0.2803872024860656,-0.0821141150989844,0.3937686856062008,0.6831223040179484
Ptuh,OG_05672,7889.979188255346,-0.029997947352557647,-0.01918268633540331,0.8414218972623205,0.9370957051215247
Ptuh,OG_05675,27.359695273813585,0.11360504519101056,0.017640842725688406,0.8034415383252335,NA
Ptuh,OG_05674,63.77899531610678,-0.46799691929106135,-0.08248322277470946,0.27851652017177253,0.5909950747872794
Ptuh,OG_05673,53.84387787053734,0.4936090308291459,0.0878494502052519,0.26159155926368755,0.5755014303801127
Ptuh,OG_05677,132.27957120653085,0.043287038042705166,0.012404484078172025,0.891510664017185,0.955845740012443
Ptuh,OG_05678,188.4958030014124,0.3701825200615842,0.1053254350560939,0.27416368952947795,0.5872068477203457
Ptuh,OG_05679,1260.3998502062495,0.4663066616602008,0.25708238260102195,0.05724142656143141,0.2928709643159156
Ptuh,OG_05680,499.33214737838995,0.2630389933640545,0.06914477483179306,0.43854293830810126,0.7182905314699547
Ptuh,OG_05682,120.75720728726593,-0.8989280694690034,-0.412044703679574,0.018386799368601887,0.17204911497737324
Ptuh,OG_05681,260.12793981034065,-0.02572505255790405,-0.007036477698293419,0.9308921559298866,0.9708192601521308
Ptuh,OG_05683,254.3344264575823,-0.6104867761958833,-0.48342799675851755,0.002295972131456835,0.06506161989299929
Ptuh,OG_05684,515.7139869323128,-0.03785089739656512,-0.018286791399397317,0.8482459228632586,0.9390306839987996
Ptuh,OG_05685,53.003508589970366,0.18806409664729767,0.029122584552110087,0.6867158449104023,0.8723363999951369
Ptuh,OG_05686,32.53198572515712,0.46194666844800797,0.08602652086536945,0.28905445501205623,0.6003931353726547
Ptuh,OG_05704,140.25604235777274,0.32462206879314226,0.05581920689613259,0.4533688897064596,0.7298594523956882
Ptuh,OG_05701,349.29042415224893,-0.17669719730263714,-0.09087549304086408,0.39016698927442467,0.6800693909931064
Ptuh,OG_05702,39.64036734801327,-0.3994833673856552,-0.08344976336115488,0.31816135758653824,0.6259570034833021
Ptuh,OG_05703,103.18343997153266,0.052577679073626545,0.01445970756695637,0.8765872128520262,0.9510007664614164
Ptuh,OG_05705,1528.1471803558063,0.17038713425943994,0.04767055793441991,0.6011036657075182,0.8226348077679397
Ptuh,OG_05706,211.16512326440707,-0.028874359839667376,-0.015220037376982196,0.8735649948465748,0.9497019113859592
Ptuh,OG_05707,85.64559206672678,0.2706780210823188,0.09221952004858257,0.35409734701741485,0.6593178985656212
Ptuh,OG_05692,45.72170775923683,-0.47521460159590184,-0.11088548812636162,0.21665930518282905,0.5351856871049712
Ptuh,OG_05687,135.26777815004317,-0.08388086976397546,-0.03508800429209857,0.723057398308513,0.8889826880607923
Ptuh,OG_05688,576.8299291556787,-0.5732655074351171,-0.2677970017618078,0.04642291856369963,0.2636078095260899
Ptuh,OG_05689,334.3840417069957,0.3865985722596185,0.2180171961625687,0.07889613702985228,0.3365458153750469
Ptuh,OG_05690,3987.298735427911,0.1236880164499222,0.05014600254296353,0.612694609423096,0.8298249797800528
Ptuh,OG_05691,86.90168123459581,0.42493192279527375,0.059447847901554315,0.3740946756118461,0.6712538189952313
Ptuh,OG_05693,526.1613795096462,-0.2011583161043349,-0.11253389971072059,0.29631641182157775,0.606219294496769
Ptuh,OG_05695,349.5864877550257,-0.2916027336385646,-0.14589710660603905,0.19634833311448396,0.5101997626103353
Ptuh,OG_05697,367.17377869138767,0.49820622494788397,0.3898000773837309,0.005393022632258815,0.09786762552001238
Ptuh,OG_05698,132.80132360326604,0.2733723340080779,0.06242424064673834,0.43921440825821767,0.7187914347521265
Ptuh,OG_05699,1263.322930323197,0.1384110889807505,0.10313300700925358,0.2658758555656443,0.5796766084256808
Ptuh,OG_05711,698.3465733326104,-0.8644875658246698,-0.34350414316359434,0.01985263113568319,0.17616357743387842
Ptuh,OG_05712,655.7531099687549,-0.2550859144001205,-0.13407469610204814,0.24687865660717387,0.5660300057955991
Ptuh,OG_05713,374.8625023143049,0.13141861078603875,0.06596096978028299,0.5139275703315813,0.7770405162497466
Ptuh,OG_05716,8.808608831125381,1.3933388915387541,0.16875115090412032,0.023836789371260506,NA
Ptuh,OG_05708,7184.0700285019675,0.8789485504915188,0.6732796187288956,0.0015826668116119401,0.053286198424740416
Ptuh,OG_05709,2936.8066720639376,0.4924868974834885,0.22494404718043176,0.07681400121678097,0.3326387038923529
Ptuh,OG_05714,1107.9223650848874,0.3089524086206061,0.23189035662586804,0.042942427129647825,0.2555480667028517
Ptuh,OG_05715,175.60386030524546,-0.2894790694104716,-0.11644023802306831,0.2703604661312078,0.5831044909354666
Ptuh,OG_05718,1606.6185081632923,-0.897550330100152,-0.39525675672731997,0.014055639804432517,0.15571706083416337
Ptuh,OG_05720,281.0841496539229,-0.18493823442547638,-0.0799345008668921,0.4326101086135763,0.7133446684167942
Ptuh,OG_05721,241.10762947311719,0.022832368431504907,0.00872926413921972,0.9294382059042519,0.9706119456614443
Ptuh,OG_05722,67.52094568401068,0.01755985435270703,0.006821156058987357,0.9491792737006467,0.9780760890025675
Ptuh,OG_05723,347.1090197953239,-0.9640499476461869,-0.768864242186398,6.298398733887503e-4,0.039471710381856914
Ptuh,OG_05724,6450.958929527267,-0.4460840987742371,-0.2339792975270172,0.06986734850171838,0.32023708415055757
Ptuh,OG_05725,1070.1492989011615,-0.3761149224261598,-0.1836727915277016,0.11934196326723981,0.4070568286732625
Ptuh,OG_05726,107.42363123014992,-0.31260622375396113,-0.08192265866941173,0.3614550984645456,0.6627145767242629
Ptuh,OG_05727,46.111533076654084,0.2606627316013673,0.04211090940442129,0.5776393825078765,0.8099923441639509
Ptuh,OG_05728,795.8021644942189,-0.0926605426497758,-0.03929316351354749,0.6986246548172206,0.8786756413966702
Ptuh,OG_05729,358.3333739569286,0.20032661795924914,0.013600240575660493,0.7727031860632563,0.911613706036284
Ptuh,OG_05730,68.25004789848822,0.15206990479933838,0.049021532105142186,0.6044011580371573,0.8239089312192803
Ptuh,OG_05731,1009.1169830255469,0.13093787105459812,0.05888483000464195,0.6044456713961512,0.8239089312192803
Ptuh,OG_05732,624.7501025858418,-0.03197066530790416,-0.005216044580667763,0.9125066294713491,0.9639266447904834
Ptuh,OG_05733,4249.712446223456,0.49195294476559837,0.451962878054935,2.8268357637169104e-5,0.009602195722193601
Ptuh,OG_05734,482.9558090128361,0.6090989277969666,0.19939173862635068,0.07240523363998272,0.32598820492477004
Ptuh,OG_05735,690.6107644721393,0.15306352914997662,0.09463263743717047,0.37075994673190577,0.6689709518508595
Ptuh,OG_05736,4971.9105448961955,0.5310954101502628,0.3598255296408772,0.01670196489988814,0.16527029669223525
Ptuh,OG_05737,602.5113704688996,-0.135189903644001,-0.02374900172312663,0.7421339521350896,0.8975844381498362
Ptuh,OG_05739,202.71037759752713,0.11365557375975503,0.040872768217766905,0.6763604268993348,0.8668356089992683
Ptuh,OG_05740,181.54032264006935,0.1331986778731601,0.0760827019602721,0.4661091012786078,0.7388391455714304
Ptuh,OG_05741,181.53683929350615,0.26771689396668175,0.08163728142184433,0.39799135113860495,0.6872241931779451
Ptuh,OG_05744,186.38996115314177,0.17401536696751388,0.052575456984238086,0.567437692322945,0.8050087924556538
Ptuh,OG_05742,628.5314178974025,0.48930244434570247,0.12968955848503788,0.17115736270261445,0.4776432218437732
Ptuh,OG_05743,2581.809671619991,-0.5593562703280976,-0.06343919408110076,0.2629247369105487,0.5767907170871556
Ptuh,OG_05745,96.20561608158958,-0.3054118734795549,-0.15571853397718832,0.1720604776121806,0.4789305362398797
Ptuh,OG_05746,1592.763027096771,0.5053699155352874,0.33981397862647295,0.021062727198477214,0.18067139330249343
Ptuh,OG_05747,210.46591600405054,0.8104271243563161,0.6099116786266046,0.002702948943913016,0.0703751450222675
Ptuh,OG_05748,12.098215350030642,0.09818844906482618,0.005626247253071996,0.8992226289606825,NA
Ptuh,OG_05750,305.8639884260723,-0.20795944082904752,-0.05532344199803517,0.5317732284838701,0.785691458137158
Ptuh,OG_05749,387.1504998046404,-1.142182295715395,-0.21728415047607208,0.015929764903761193,0.1618128750750479
Ptuh,OG_05753,158.45626336600324,0.16282906302315606,0.06120610066074611,0.5517432015244749,0.7974317579580918
Ptuh,OG_05752,144.19692185414684,-0.007817348099495771,-0.0017433791027040779,0.9765723352884901,0.9892146749755419
Ptuh,OG_05754,162.5672988522886,0.27060019096628246,0.09844511446124748,0.3302973436034311,0.6400924331082467
Ptuh,OG_05756,215.86546485286993,-0.20960021906720533,-0.03675381662110921,0.6067006567237346,0.8257897061865611
Ptuh,OG_05755,519.008609301426,-0.6443622123681685,-0.18292229937535212,0.08621568266196811,0.3526703165536768
Ptuh,OG_05757,85.09558251161106,-0.012405894316761054,-0.0016257766897120312,0.9789731298080229,0.9902846716295093
Ptuh,OG_05758,37.398260160884114,-0.5909708870979882,-0.1360512276493773,0.13872451569375624,0.43720494676709776
Ptuh,OG_05759,604.6401372458823,-0.22309583578005132,-0.07669477273834632,0.43699533509652866,0.7164023910501393
Ptuh,OG_05760,571.3190509364824,-0.4538419316511078,-0.3223753852842032,0.020531697544655787,0.17861037795280588
Ptuh,OG_05761,471.54860199192564,-0.09008840972972584,-0.039309064164033895,0.7019064444928906,0.8792694865951423
Ptuh,OG_05779,570.5284953995517,0.38867135909579703,0.14776092117746872,0.17736364967075358,0.48639430636220327
Ptuh,OG_05780,113.65847359056298,0.15251446311664624,0.045903594100135656,0.625235807073635,0.8359032039229721
Ptuh,OG_05762,225.18584967910334,-0.7450852194238843,-0.42011117813546706,0.014953190749342581,0.1583216625260982
Ptuh,OG_05764,237.55596082429736,0.23245973169474912,0.05323250226521352,0.5221812459890285,0.7808352070679397
Ptuh,OG_05765,362.13180790565343,0.7064955195319489,0.5244537233597759,0.0037007134758598563,0.08252333828193979
Ptuh,OG_05766,5404.4971735161,0.714814228240292,0.5290089586770697,0.0036978996507710496,0.08252333828193979
Ptuh,OG_05767,89.06971443750267,-0.24380804910647255,-0.03374786979865644,0.5984825278332384,0.8215778545270952
Ptuh,OG_05768,424.65040911463615,-0.3404336575992429,-0.20362598586039124,0.09016605586304437,0.3606839562784731
Ptuh,OG_05769,138.42107070096668,0.11994865420766128,0.0304345710407488,0.7284950929215,0.8921806070218313
Ptuh,OG_05770,503.1136286452394,-0.12031133123050348,-0.040015535956551454,0.6845568826613903,0.8715472562720329
Ptuh,OG_05771,68.54125438225795,-0.5675773834735512,-0.24801781944816473,0.06462417007876582,0.310049973055864
Ptuh,OG_05772,255.24403974442552,-0.14733583058161331,-0.07627174959376967,0.46375021094994767,0.7374844178627258
Ptuh,OG_05773,141.7748468100754,-0.4721556763524765,-0.24305474095778426,0.06519683920795478,0.31099039808215073
Ptuh,OG_05774,964.0384511243802,-0.8503758224261038,-0.6661730189648997,0.0012240742298642614,0.04892946827018439
Ptuh,OG_05775,40.70549775057477,-0.021267851202830732,-0.0019749794325467623,0.9692604100584545,0.9855257859068948
Ptuh,OG_05776,71.7505333788701,-0.13278643481127686,-0.024642456363552168,0.7387226701538305,0.8959860839867438
Ptuh,OG_05777,15574.690532550589,0.24601228691820226,0.03662325639770076,0.5791131084174606,0.811255116575565
Ptuh,OG_05778,273.75218610213113,0.1448496992535377,0.04272257036684606,0.5771858915335175,0.8099923441639509
Ptuh,OG_05784,433.54303431115954,0.262543419418115,0.1473090645929732,0.17844003759515323,0.4875523807136555
Ptuh,OG_05781,666.6716513894695,-0.21449024291482838,-0.13800350954814947,0.19853442031254467,0.5115152601013742
Ptuh,OG_05782,272.3482514291149,-0.48727733651001076,-0.35949204556982134,0.010859389816398217,0.1388824372302013
Ptuh,OG_05783,546.5891429172613,-0.034731874972907896,-0.009779681871542668,0.8975628142320405,0.9585528462114007
Ptuh,OG_05785,934.2008449049637,-0.6933870988849578,-0.16831292211490742,0.08513084631739642,0.35045665165807
Ptuh,OG_05786,537.2020683126602,0.27219953827997906,0.12756544781358278,0.24950387263084384,0.5678403166109666
Ptuh,OG_05787,65.00816406485355,0.290073122416378,0.08652266062100201,0.36326630961883183,0.6638760409292596
Ptuh,OG_05789,327.42514630423625,-0.5320223651512528,-0.11571648140067002,0.17581028969686985,0.4841053761692019
Ptuh,OG_05790,288.915039428889,0.22243363986417944,0.08781104570717975,0.3993741181886023,0.6887662493212044
Ptuh,OG_05793,133.97648999897623,0.3404532796736295,0.1503106352684856,0.1807589186083913,0.490023470006092
Ptuh,OG_05794,7230.297332754039,0.5075999170111716,0.19440487165475034,0.09427938502366906,0.36485566980970935
Ptuh,OG_05795,303.0280119974082,-0.3918572051938071,-0.11385030016696936,0.2377100114157498,0.5590174376764865
Ptuh,OG_05796,120.38020143553192,0.16094051558494246,0.06820583096021465,0.5046162470522161,0.7714133519293284
Ptuh,OG_05816,800.9880986575206,0.2880694167664461,0.1461831062813577,0.1859677145626966,0.4956804243774072
Ptuh,OG_05819,114.3687526549165,-0.11449091128751741,-0.012645447036555457,0.8297043869533763,0.9327309576394058
Ptuh,OG_05817,455.7311475981878,0.28811053245131024,0.16097119185515713,0.1632599679108216,0.4677475193990206
Ptuh,OG_05818,916.6045260791251,-0.15809705384417327,-0.02531054765450393,0.7264538000894587,0.8908369199075356
Ptuh,OG_05820,13.10445769131985,1.1220624121547988,0.055676773056726005,0.15891726875862297,NA
Ptuh,OG_05821,119.37211582079523,-0.07719189842733036,-0.030057181526295326,0.7631822517021686,0.9063537721867783
Ptuh,OG_05797,3206.543297331476,0.10275857327670607,0.04324274483973182,0.6669143121386527,0.8590768070928865
Ptuh,OG_05798,4200.646859995485,0.5296662512334132,0.2826284059772929,0.042575574856514635,0.25480728848081863
Ptuh,OG_05799,1656.895127562345,-0.10135689737805553,-0.06705186948359677,0.5020853284365921,0.7692059550935487
Ptuh,OG_05800,196.31459749776033,-0.18626634518803623,-0.08705612618107222,0.3981600231487217,0.6872241931779451
Ptuh,OG_05801,286.64759034415425,-0.3747225426784278,-0.23788637368837215,0.06108616831380326,0.30132906161436057
Ptuh,OG_05802,3264.6562179386706,0.2709130230999509,0.1789004851488347,0.13444217737442166,0.432035981027392
Ptuh,OG_05803,6859.736649366356,0.6613291600251947,0.29956267376956647,0.034470788195921157,0.2306744943733353
Ptuh,OG_05804,101.68644842394536,-1.165124550307035,-0.5517687779377699,0.006773445865048178,0.10961335284476462
Ptuh,OG_05805,209.99030097045804,0.548646371100034,0.11133188921555394,0.17023032060414048,0.4771217604138038
Ptuh,OG_05806,2576.815622034747,0.48344367577511177,0.3619605578094681,0.010150599120905348,0.1344756438919317
Ptuh,OG_05807,416.1113563756948,-0.3887750477777411,-0.05211799276319183,0.41835606413864795,0.7035009300327522
Ptuh,OG_05808,59.17806333953216,0.10150238510431325,0.020923415976265278,0.7962910368723117,0.9195801492526875
Ptuh,OG_05809,4933.163329577612,-0.8146871740320015,-0.06025689701226744,0.18504156209598746,0.4944534126240168
Ptuh,OG_05810,286.60063402917683,-0.04519131517592367,-0.024658532736275766,0.7986203376835073,0.9197640547414762
Ptuh,OG_05812,390.0829147011008,0.5509654738596188,0.11656593874373068,0.17158163343891203,0.4785127195938394
Ptuh,OG_05814,107.70270638633058,-0.13901782784433112,-0.03378447034621325,0.6900653696229103,0.8739798834955637
Ptuh,OG_05815,332.4336093727269,-0.16267436708689464,-0.08574231864832682,0.4246635984070421,0.7090529448825407
Ptuh,OG_05827,484.52027345751526,0.02240953536694836,0.013507639332203466,0.9084676972632454,0.9631475168105924
Ptuh,OG_05828,1130.244991720878,0.2763750208461343,0.21293661439770387,0.04553437629483909,0.26210565653089307
Ptuh,OG_05823,7901.955739300965,0.510102087030212,0.3466909839513617,0.018485481486752,0.17228518552164682
Ptuh,OG_05824,252.37576391571915,-0.6758874086544888,-0.5347060078138633,0.0018661760153783557,0.05935418248162171
Ptuh,OG_05825,350.9374950827596,-0.02357578410013065,-0.008685330171446817,0.9247057111148234,0.9686198222261106
Ptuh,OG_05826,1203.434999983903,0.6229108554901693,0.4242496912789701,0.01027658840013478,0.13572128879307083
Ptuh,OG_05830,15.51539083374542,0.4713338591841913,0.08256686291082084,0.2853392668610916,NA
Ptuh,OG_05842,1439.5808192776983,-0.27685805088870913,-0.21261059775582075,0.04646101441899271,0.2636078095260899
Ptuh,OG_05843,40.39592710405839,0.3454264453569144,0.09008926690423498,0.33620762371002366,0.6441898104531226
Ptuh,OG_05844,164.7779613661986,-0.24060766221837873,-0.05841778324430239,0.49512136422428016,0.7641016783918411
Ptuh,OG_05832,161.6704406377267,0.3383054488739322,0.12399605404287253,0.2364501058656115,0.5576046373259574
Ptuh,OG_05833,212.55900909128314,-0.5800705440881212,-0.4524545434347253,0.003642924807474832,0.08205760600815987
Ptuh,OG_05834,429.0492982125518,-0.08775392655713121,-0.034035049826541285,0.7250429477832985,0.8899242169009192
Ptuh,OG_05835,88.90064854346791,0.14699728406707083,0.06137905130167166,0.5488822183261852,0.7956215051751292
Ptuh,OG_05836,281.36727299479224,0.4079138872084862,0.32854231055142824,0.007608242698641116,0.11683399095273121
Ptuh,OG_05837,443.41322492636925,0.04426090324237431,0.01955897772242074,0.8421757692373975,0.9373463143899939
Ptuh,OG_05838,94.19241974698072,0.2749610058421732,0.11210762095473767,0.2863129292194573,0.5981415877139439
Ptuh,OG_05839,13.444750026043389,0.5530539866852064,0.041022566971618095,0.40291903361972775,NA
Ptuh,OG_05841,77.2844862067355,-0.7620923682516627,-0.1354866899971727,0.09748023974874026,0.37021565113877564
Ptuh,OG_05845,75.35628463052232,0.05298616222175955,0.007828966884671731,0.9003322577192795,0.9587704462584848
Ptuh,OG_05846,249.34041065727658,0.8297128962287023,0.34821262239120565,0.02055559689278008,0.17861037795280588
Ptuh,OG_05848,214.54343860805514,-0.026133618325034785,-0.014246270023163912,0.896232416286905,0.9582983730934773
Ptuh,OG_05849,109.48764116878927,0.16173215414314523,0.05227514683623236,0.582304599216211,0.8126426715766745
Ptuh,OG_05853,21.436532570058432,-0.8199375842148285,-0.11307116682117135,0.12055448544354085,NA
Ptuh,OG_05850,283.9555768216366,-0.48993515692623296,-0.14692048963652884,0.15284907393196517,0.45684919276622643
Ptuh,OG_05851,1519.6668514242513,-0.28807787641194543,-0.13062544178484434,0.2331932329632345,0.5531499816546892
Ptuh,OG_05852,7715.11588839152,0.6072977727365225,0.3046726532897167,0.03569801257333888,0.23463430555169795
Ptuh,OG_05854,1156.6940870756953,-0.9331846297187618,-0.18791296845403008,0.03310810724326658,0.2254130412589277
Ptuh,OG_05856,435.5139254797444,0.14905787742260865,0.08589602341739619,0.39115571067019145,0.6812334485256903
Ptuh,OG_05860,113.28512298101886,-0.21521518627754946,-0.085300718680293,0.4071130492968416,0.6966562965277431
Ptuh,OG_05861,167.18010106287468,-0.5827501852756791,-0.32605458625484524,0.03135562962248539,0.21951525701083757
Ptuh,OG_05858,134.68162026211635,-0.39953103131610757,-0.12003694148492193,0.21415345216509346,0.5311305828814175
Ptuh,OG_05863,119.44066294416582,0.1654020678749937,0.04069743436414603,0.645100812245341,0.8459783177369915
Ptuh,OG_05864,369.92746576667986,0.5196017450368681,0.10297899507617081,0.21561632838529876,0.5332014736889799
Ptuh,OG_05865,60.90384459390802,0.08114190101158278,0.010689115276480695,0.8705492112534283,0.9482444218508551
Ptuh,OG_05867,540.4684825055872,-0.521829229434705,-0.18868221177935451,0.09547774919617202,0.3672088071439732
Ptuh,OG_05868,27.193792728863517,0.59822256978587,0.08581724587192191,0.23260778311178854,NA
Ptuh,OG_05869,118.52271332850235,0.31227064799442633,0.0602714995682029,0.4412825722097673,0.7205098256499411
Ptuh,OG_05870,26.9433299483727,-0.6480607440343832,-0.07022459501992455,0.23812805587434352,NA
Ptuh,OG_05871,150.55711502654685,0.10439027036373352,0.027020906598827225,0.7579305345100441,0.9047293082541553
Ptuh,OG_05872,383.30569469343885,0.6303464991035206,0.22372120675986312,0.06302816401220517,0.3055601768865072
Ptuh,OG_05873,59.33575095773849,-0.39127709959666,-0.0785767274066554,0.32729617791302246,0.6369978743238955
Ptuh,OG_05874,16923.71352289332,0.1057803555474386,0.035947842366673616,0.705804561671435,0.8810255188365457
Ptuh,OG_05876,515.7545029615601,-0.25468215267614547,-0.09278747962865871,0.3541189496567638,0.6593178985656212
Ptuh,OG_05875,6157.215293210711,-0.005177118523398195,0.003739239290272267,0.9846845875630621,0.9931024799536208
Ptuh,OG_05900,132.5604587357605,0.7723931311276178,0.26060510953625615,0.03549746010497312,0.23385913980716194
Ptuh,OG_05879,667.2319445679614,0.28684541258451973,0.0625362806100886,0.4336901469517512,0.7134647609249449
Ptuh,OG_05880,325.74670795359987,-0.20100772387817425,-0.12413373376484907,0.24455145952080723,0.5654045723524898
Ptuh,OG_05881,722.20098725582,-0.8253531326285662,-0.14478241900887048,0.07912022740140849,0.3368158786731492
Ptuh,OG_05882,482.6908933174908,0.3976174627451695,0.1986743835973324,0.10019654520144305,0.37632422019047074
Ptuh,OG_05883,70.63405295581698,-0.6902772179881169,-0.10526300456560495,0.14494090217718636,0.4457943286087166
Ptuh,OG_05884,286.08269346810937,0.7616808516453827,0.27947975167047945,0.032972452458254566,0.2254130412589277
Ptuh,OG_05885,35.09111154132303,1.1594551783975007,0.5537108401559138,0.00972785710717665,0.13196319896828135
Ptuh,OG_05887,6.764180294338273,1.3526455964594652,0.08182506728297217,0.08032331526381238,NA
Ptuh,OG_05888,1808.7006324569952,0.2098425720875857,0.06862675555289822,0.4735739045109443,0.7448189662504177
Ptuh,OG_05889,340.9051290112697,-0.2220377476580541,-0.13306725712219888,0.22559305230090543,0.544369134699718
Ptuh,OG_05890,518.5447400523909,0.3477000116810814,0.20682454908933984,0.08793523074540645,0.356782598896317
Ptuh,OG_05891,864.1823142122591,-0.11078596804808101,-0.07246821694038705,0.44288436778725565,0.7215206861142122
Ptuh,OG_05892,2377.3075940889007,0.23121583297570522,0.06288122908147925,0.49045326320134613,0.7598332731893577
Ptuh,OG_05894,241.4262133319559,-0.41094898542971914,-0.28042415927127673,0.03162714633509011,0.22032627291024218
Ptuh,OG_05895,19.874437906610574,-2.476451543655195,-0.07895807889768611,0.006553217646816996,NA
Ptuh,OG_05896,492.23868109758155,-0.40164651362018416,-0.10913624688897462,0.2408043244073958,0.5614800447192765
Ptuh,OG_05897,115.61204131044894,0.09765712474745764,0.032841721968760104,0.7306845182284336,0.8929206012280025
Ptuh,OG_05898,126.80493271759823,0.32590916218035154,0.16440363957210272,0.15368452682522907,0.4576993459665474
Ptuh,OG_05899,210.9318864112303,0.37876099872301344,0.1254147491198831,0.22098165814866907,0.5404885486746825
Ptuh,OG_05901,613.9540016252603,0.4528609208120923,0.36945706731618716,0.004648087778613045,0.09187819664233866
Ptuh,OG_05902,369.80850313523945,-0.23788569669638585,-0.11638460222006411,0.2862539038691035,0.5981415877139439
Ptuh,OG_05903,849.27935302197,0.5026350214477082,0.17356772923700708,0.10529834010253004,0.38493047961716964
Ptuh,OG_05904,715.7097020603986,-0.14145870777026662,-0.05722795449826102,0.5761591597245703,0.8098529481998892
Ptuh,OG_05906,232.53152458061638,0.12131276790053533,0.015372543085288203,0.7941822588506773,0.9192034540220733
Ptuh,OG_05907,2118.7982678927965,-0.10021654810101369,-0.037166098438425575,0.6954628851644429,0.8774800687259683
Ptuh,OG_05908,68.15306298060136,-0.9126881147711841,-0.2907469755564307,0.022358114030862415,0.18669135137668008
Ptuh,OG_05909,28.65355747817768,-0.3901379010967759,-0.06453481296757914,0.3792281889624748,NA
Ptuh,OG_05910,449.05220227248907,0.1204732592785881,0.06333266438712887,0.5458865340126345,0.7940982009663489
Ptuh,OG_05912,215.77765589126525,0.2344893844775129,0.07716828638024545,0.416377464082141,0.7023062184511165
Ptuh,OG_05913,1552.1027865856588,0.4153650564932367,0.2916592136280707,0.025967453109009397,0.20079666828574158
Ptuh,OG_05915,285.98087994916904,0.21352227330678458,0.0877649016150427,0.3968743367267043,0.6860180139767742
Ptuh,OG_05918,154.54738263194128,0.5294571618388344,0.39479008291660683,0.007778340043688556,0.11795297080536289
Ptuh,OG_05916,2358.5302509187063,-0.052329537987231035,-0.006638482449105105,0.9064513298525051,0.9622424093086885
Ptuh,OG_05917,294.82222407726937,0.1777101342186422,0.05607384824293617,0.5515094278510289,0.7974317579580918
Ptuh,OG_05919,316.4220851006958,0.2682974707945387,0.15381783897499163,0.18003296214661016,0.48934981807948696
Ptuh,OG_05946,194.96105225076306,-0.34951556262421707,-0.1461726843819371,0.18255108728152228,0.4924472151190239
Ptuh,OG_05921,292.50150150039747,-0.33023987608687494,-0.1937754427991638,0.1075112546130783,0.3881741386795327
Ptuh,OG_05922,980.2064161042906,-0.8728810874812276,-0.2314086849180795,0.030464814685722808,0.21558933859263174
Ptuh,OG_05924,44.12022298994054,0.26702925562336033,0.035791713386319375,0.5939388204741015,0.8188505545253665
Ptuh,OG_05925,468.1895229669609,-0.7595126270378786,-0.2496671258655843,0.03312711675590459,0.2254130412589277
Ptuh,OG_05926,88.9874927136478,0.16083812410623657,0.036292704161904846,0.6633356074992709,0.8577676107935495
Ptuh,OG_05927,9.282529122478957,-0.39249774117042135,-0.050747265364688585,0.44948161186818664,NA
Ptuh,OG_05928,67.20534691316239,0.521466070061735,0.21375523815016062,0.0839989384846933,0.347960480786349
Ptuh,OG_05929,577.8730979503536,0.7939148469807904,0.6076719391647304,0.002447802091833837,0.06545805534468761
Ptuh,OG_05930,592.2826083605488,0.4732852525993653,0.25077274647794606,0.06129401053707894,0.30174419564108657
Ptuh,OG_05931,266.09749350704186,0.5499317701260337,0.22452311601425587,0.07219480357433888,0.32524046257468747
Ptuh,OG_05932,24.480726402167637,1.3064053113339849,0.1228358620542921,0.03366859456044274,NA
Ptuh,OG_05933,8.020994215425292,0.49507475422197506,0.018772458020810505,0.5767386756730564,NA
Ptuh,OG_05934,185.80299744245585,-0.15933175556679388,-0.05780890579302745,0.5588521621793083,0.8002125263649936
Ptuh,OG_05935,30.903424281313757,0.4604076837753039,0.07834880028021124,0.3012324716520774,0.6108085361197328
Ptuh,OG_05936,915.2499860704205,-0.1053598043377515,-0.051206142563745255,0.6116756685213042,0.8292227903157073
Ptuh,OG_05937,367.8074579593819,-0.4568594942109796,-0.08904079437735661,0.2616612628465702,0.5755056835257898
Ptuh,OG_05938,44.16281584908717,0.08315514632866539,0.017674596133012296,0.8193781023584624,0.9285744509233631
Ptuh,OG_05940,740.2995299052459,-0.28674927093620645,-0.10525331170485773,0.3001012027984222,0.6092420306393023
Ptuh,OG_05942,1073.8800221586882,-0.39383099460807464,-0.15097285231417099,0.16768922452921392,0.4740402445745954
Ptuh,OG_05943,163.06697215455935,0.8995537837441602,0.6533069469953148,0.0029623186050074415,0.07420651797558464
Ptuh,OG_05944,121.34665992096278,0.17476280266288285,0.04539830775169933,0.6141486522677306,0.8304286971879469
Ptuh,OG_05950,281.6005073981532,-0.4759323107598295,-0.1190114754872678,0.18735911176106312,0.49860657382480356
Ptuh,OG_05948,229.02497626620098,-0.18321548510103883,-0.08403235610734208,0.42535198485100456,0.7095048232871206
Ptuh,OG_05949,3460.5030020645854,0.2973771696985579,0.039885893621152795,0.5241599915535675,0.7825539114403824
Ptuh,OG_05951,1718.2473497549788,-1.2156456314480248,-0.9083839410888255,9.390193946430505e-4,0.04556658685319306
Ptuh,OG_05952,421.0195657252183,-0.6452849478742729,-0.1572102396111645,0.09381754322991588,0.3641249792661517
Ptuh,OG_05954,188.34425398159135,0.3491814156319865,0.07191883192869389,0.3661583213070676,0.6660539463282626
Ptuh,OG_05955,700.782177103147,-0.2811431120135292,-0.1977482120358657,0.07615647123385406,0.33063433216660976
Ptuh,OG_05956,23.558712362648105,-0.5323665888149124,-0.02651084836838357,0.48250247315055333,NA
Ptuh,OG_05957,426.36445912218227,0.7855100382899879,0.39611703715220914,0.01794692258178174,0.17104968189056177
Ptuh,OG_05958,1493.7734500303427,-0.3611030595317415,-0.20413953908794583,0.0949431086668237,0.3658601441225206
Ptuh,OG_05959,23.667192947909555,1.0417221448232692,0.10654864316434211,0.08442714625353628,NA
Ptuh,OG_05963,55.0006170551711,0.4190967751190413,0.0670008523282262,0.3513535824055404,0.6569674165576163
Ptuh,OG_05961,428.12324160236284,-0.07434870836001378,-0.026088538602846344,0.7904926248982683,0.9165378312886443
Ptuh,OG_05962,9.685663211648498,-0.402177809110409,-0.009858360373311947,0.694350809944689,NA
Ptuh,OG_05965,215.53530747309216,-0.22225925045749662,-0.11132042856382111,0.3040373131089225,0.6138575518119281
Ptuh,OG_05966,220.98460465232617,-0.2680565776806886,-0.09315591013836406,0.3393787188505841,0.647010708823382
Ptuh,OG_05973,93.31645201328881,0.16280412923733315,0.04171195349884447,0.6413443202541631,0.8453043562933964
Ptuh,OG_05967,23.728765414563725,0.160336484736349,0.030059629879344227,0.6987180044915385,NA
Ptuh,OG_05968,2343.7758531572777,0.23919143387269298,0.16536747707592578,0.13158582400757948,0.4287900297284593
Ptuh,OG_05969,29.959720582891794,0.33040128790130346,0.05315664191633589,0.47635788738158014,0.747042979727618
Ptuh,OG_05970,150.93933914314874,-0.2128144043754683,-0.10386759437000559,0.34950419059847715,0.6551842124898629
Ptuh,OG_05971,2406.257676794023,-0.5875678875223458,-0.3157745705300235,0.029251702943894405,0.21322357201678224
Ptuh,OG_05972,411.17452105593514,0.3768924408868131,0.25502432116428925,0.0426079074002311,0.25480728848081863
Ptuh,OG_05976,148.47687687186212,0.04338851179653892,0.023839619778563352,0.8093907713433115,0.9239632798445624
Ptuh,OG_05974,1235.196484801741,-0.11451113749240034,-0.05085305183493403,0.603056915338657,0.8232281939817225
Ptuh,OG_05975,148.3716782711154,-0.6109364937326945,-0.2442575203266173,0.04897380463181751,0.2704067288253539
Ptuh,OG_05977,105.9683371921222,-0.17009892770289814,-0.05251749605216744,0.5778821247069627,0.8100840191396855
Ptuh,OG_05978,91.37444295351018,0.46185769570302476,0.13500659599307885,0.18442436940222418,0.49371912581742383
Ptuh,OG_05979,350.39133806511353,0.21173777617581413,0.0994493459691248,0.3441602027859401,0.651640678273847
Ptuh,OG_05980,92.75984481592802,-0.11027712588158248,-0.037731248170980586,0.6905321223751684,0.8743102405263053
Ptuh,OG_05981,47.970326369257904,0.13455315228216316,0.04797005262794871,0.6398206824735104,0.8440822177357543
Ptuh,OG_05982,2418.444172013906,0.8389252760614395,0.6662279473981285,0.0011091598337028953,0.04855147065878859
Ptuh,OG_05983,194.7891450785991,0.12908428940080316,0.021161569935635848,0.7506907097744446,0.9010349759838927
Ptuh,OG_05985,45.60293097178169,0.9717463927759751,0.43397235490279723,0.014979703352798196,0.1583216625260982
Ptuh,OG_05986,375.39414763864863,-0.01541815721238464,-0.008020171254045718,0.9405498923233035,0.9743232347148248
Ptuh,OG_05992,48.178464208406865,-0.23496021762845543,-0.035846966043898025,0.6195071857470527,0.8330032969235203
Ptuh,OG_05993,115.88839367103232,-0.4248450427959509,-0.12041930268783607,0.21077059415821778,0.5275904138211008
Ptuh,OG_05987,147.8825346692401,0.04964985586931897,0.02496653958001499,0.828125960041666,0.9324552860198291
Ptuh,OG_05988,91.4652911929514,0.11827943758674185,0.034414365399766486,0.7085954021216707,0.8816691801930004
Ptuh,OG_05989,367.7864164911513,-0.10627528924726781,-0.0315480841125701,0.7674426451706584,0.9085864913278735
Ptuh,OG_05990,71.12828761688596,0.6585319189479888,0.32101979599436803,0.03088069787446052,0.21744517939462582
Ptuh,OG_05994,29.900956376184666,-1.9636338487939635,-0.12237034153823778,0.003922965946258696,0.08421623215698305
Ptuh,OG_05995,607.7333414376487,0.04139630877968293,0.026480936209499924,0.8080987237191946,0.9238594034974917
Ptuh,OG_05996,562.5767016539869,-0.1236639432859178,-0.07246157556378248,0.47915095318978906,0.7496223092276508
Ptuh,OG_05997,220.11126403889946,-0.278175154112651,-0.1281026780981083,0.24602160500199247,0.5660296585415661
Ptuh,OG_05998,3034.7328518699396,-0.4692144240533433,-0.11112843886745728,0.20421601449282062,0.5189115484958207
Ptuh,OG_05999,529.4373435854881,-0.12742144446010759,-0.07727376198053454,0.45988741921634,0.7347379413507745
Ptuh,OG_06000,28.497523661406323,0.1615743939649821,0.03472498533801295,0.6742485976536489,NA
Ptuh,OG_06001,6799.938805265543,-0.14971108155979307,-0.08891029901315758,0.38563718823252807,0.6775044216614021
Ptuh,OG_06007,136.36151302433194,0.3129895093657951,0.04051578725321423,0.5282255359249306,0.7850352206990743
Ptuh,OG_06008,38.41739320469487,0.032994468224191664,0.006879827417968067,0.936229248245555,0.9723964881072098
Ptuh,OG_06009,51.97166032657244,0.3746751891001279,0.12458658645382806,0.22586951428503957,0.5444207900755114
Ptuh,OG_06002,2168.515511049139,0.46463270182757127,0.1541747066629909,0.13726712656820067,0.43576539768865796
Ptuh,OG_06003,24.29637875997209,0.15370209976118818,0.01997001888923615,0.7627382204660008,NA
Ptuh,OG_06004,1091.7017139102313,-0.5668591040422093,-0.21665685323573994,0.07089738733040606,0.3221330405544962
Ptuh,OG_06005,1611.5423675661716,-0.43398281395247784,-0.15225879433004968,0.1539249170244368,0.45783901764326357
Ptuh,OG_06006,333.37568162652263,-0.04101706581436742,-0.016587605595215684,0.8495816215144821,0.9398410059890303
Ptuh,OG_06023,46.80912056747744,-0.39747459111897815,-0.07168770346595592,0.3483544000867919,0.6541633881524974
Ptuh,OG_06024,968.9365559198329,0.3029257298839618,0.11645732037529158,0.2709154599946244,0.5831874880093634
Ptuh,OG_06012,978.0782045254941,0.5380072500829969,0.38410712636359273,0.01094738250071508,0.13894457363670248
Ptuh,OG_06013,212.05411016714274,0.3990144689671981,0.17646133464264985,0.13244221123180158,0.42976662505940355
Ptuh,OG_06014,543.1997536608721,0.07918596160403472,0.029097882941497143,0.7652896840557641,0.9073270551758024
Ptuh,OG_06015,144.09710789671584,-0.31226063645160534,-0.13173044482717686,0.23187168262488414,0.5520197165266375
Ptuh,OG_06016,219.39731765622776,0.6737671089382058,0.10956270681815969,0.1464137988325149,0.44789120305681435
Ptuh,OG_06017,80.12016574126503,-0.33480619162588127,-0.11311018819653541,0.2586706878250775,0.5728420313714679
Ptuh,OG_06018,154.26775029764383,-0.06715112409811926,-0.02991188721652206,0.7636387844977961,0.9065875238299014
Ptuh,OG_06020,292.17691466376766,0.04680043091352779,0.023093076790044083,0.8106415020339506,0.9239754948897123
Ptuh,OG_06021,391.17564072633184,-0.27008104315851045,-0.08325417879604846,0.3846509923946996,0.6772350612944131
Ptuh,OG_06032,423.48431110025007,-0.024072672715615532,-0.011277621916508426,0.9092413160208858,0.9634373681170785
Ptuh,OG_06026,410.2174521578682,-0.10204583438335253,-0.047741067105824535,0.6386445037888633,0.8436127107503009
Ptuh,OG_06027,442.76369274841346,0.2108978699720122,0.11103727442529493,0.2964706464961236,0.606219294496769
Ptuh,OG_06028,1081.78309981596,-0.09700327872542165,-0.041445308634232306,0.6614954209570342,0.8568363506356215
Ptuh,OG_06029,224.42472094167664,-0.07614962205659408,-0.025837741229294196,0.7801266232752923,0.9136206376692536
Ptuh,OG_06033,54.41360904445517,0.08985602415519871,0.026072460780634393,0.7762079452396211,0.9127053269142706
Ptuh,OG_06034,1143.8181959575882,0.3282972874771516,0.11595639888311453,0.255756750128692,0.5726120187127336
Ptuh,OG_06036,170.41818503903923,0.023999448146947967,0.009486652446047178,0.924212226346939,0.9686198222261106
Ptuh,OG_06037,2240.152982224198,0.3222828041607004,0.2532539151929036,0.022001519281002267,0.1851703684185047
Ptuh,OG_06038,90.64649624516368,-0.0012792455454724665,-1.9885827655248114e-4,0.9961450231296228,0.9986145126215036
Ptuh,OG_06039,97.226357018785,-0.9639053384798573,-0.7142815458883695,0.0021215972412327398,0.06366291085706158
Ptuh,OG_06041,108.95791672686289,0.1374294897324867,0.022266246021806834,0.7481973862510178,0.900211420238544
Ptuh,OG_06042,80.27154928853118,-0.05134226442009092,-0.016787659555226053,0.858573587935571,0.9438838828439554
Ptuh,OG_06043,823.5496280401943,0.13983880540153412,0.0812577150406176,0.4169837627085715,0.7023062184511165
Ptuh,OG_06044,249.42098505500863,-0.003415877313070179,-0.0017191298349919107,0.9859499890771743,0.9934661716763612
Ptuh,OG_06045,992.2357849641293,0.23536352390765666,0.1098535695963003,0.3154622242908034,0.6237264746629808
Ptuh,OG_06046,2402.605889247823,-0.2192497511055117,-0.01837136617915569,0.7154124954547216,0.8849219888892484
Ptuh,OG_06047,2956.7433326293626,0.17859527021631882,0.040721135558427886,0.6225980848163564,0.8343226978476406
Ptuh,OG_06049,23.2316084443147,-0.614518399700735,-0.08246482010567156,0.2346044493929568,NA
Ptuh,OG_06050,17.009251911681776,-0.7991421124103968,-0.07454859399920814,0.17889383758175886,NA
Ptuh,OG_06051,10.891748903707427,-0.9653157036912489,-0.10150073660511241,0.11042777195821613,NA
Ptuh,OG_06048,957.3583051168031,0.14310049709973444,0.08700696941964241,0.3935820416399434,0.6831223040179484
Ptuh,OG_06057,215.61877806179996,0.010370580177309829,0.002491790612009404,0.9775996198759079,0.9892146749755419
Ptuh,OG_06054,17.74890546468865,-0.4229136780738743,-0.04385429696472899,0.45271311540838544,NA
Ptuh,OG_06056,396.5629782765202,0.8324465697346856,0.23026200519302048,0.04056740628537944,0.2507266478715009
Ptuh,OG_06060,878.2177160323865,0.17064672444019843,0.04456424353904979,0.6305637891048579,0.8383822916985209
Ptuh,OG_06063,130.74440593145775,-0.11186998010743687,-0.021823600116818026,0.7781972382269376,0.9132740391132055
Ptuh,OG_06064,526.6658128540777,-0.7582150265498507,-0.6187898210987376,7.497691739245541e-4,0.0410776762901117
Ptuh,OG_06065,419.7348643723956,-0.12592722942372817,-0.05082066292327864,0.6066385774698795,0.8257897061865611
Ptuh,OG_06066,53.50344267003,-1.366576635377088,-0.9915262931855571,0.001427890656354851,0.051379862092226246
Ptuh,OG_06067,225.02114723821148,-0.13307781741479305,-0.050736210673798424,0.6182152743472189,0.8324068354807249
Ptuh,OG_06068,74.71965934533745,0.5243822973888935,0.11909621874103424,0.17235513933061863,0.479567445345876
Ptuh,OG_06069,1091.168060918894,-1.0869080531682012,-0.8869788426845144,3.7618609385513664e-4,0.031015265136095344
Ptuh,OG_06070,245.41913591636867,0.32596870590699106,0.20435800604846094,0.09373238129366905,0.3641249792661517
Ptuh,OG_06071,259.39001547547815,0.34576166318183654,0.12032573501643112,0.24816277499421643,0.5666572426057773
Ptuh,OG_06072,322.3203479756797,0.43224932285959716,0.19271493800262526,0.10617170601878094,0.3864266794474248
Ptuh,OG_06073,376.10385388966927,0.19224818233960236,0.14182326619549454,0.20393985990584865,0.5186689515784155
Ptuh,OG_06074,139.22483600220409,-0.8891298815642239,-0.7091330987829016,0.001102767650389028,0.04855147065878859
Ptuh,OG_06075,70.54787378855109,0.31996561533033,0.07924754408312526,0.3699028944639588,0.6689129854744331
Ptuh,OG_06076,78.24935231513334,0.6906489447062304,0.4052685339764195,0.017279695359215395,0.16789379060693035
Ptuh,OG_06077,665.8406096916866,-0.08540655942735582,-0.03157749476757099,0.7531116283577677,0.9020344073362713
Ptuh,OG_06078,120.04402847822283,-0.01375378906837531,-0.004687435841748242,0.9580833649363059,0.9808371229703569
Ptuh,OG_06083,239.60732964519536,0.14910327140852156,0.09112623397887797,0.3742745013628323,0.6712538189952313
Ptuh,OG_06080,379.26581444221495,-0.46879199277627065,-0.2637306249533076,0.05035626142097449,0.27515224564396495
Ptuh,OG_06081,254.2939924938722,-0.47699414457993816,-0.2655292449167817,0.05021916707338945,0.2746047435848185
Ptuh,OG_06082,302.4813714527106,-0.6956866840473853,-0.616596802394566,6.665030764621712e-5,0.017687325391614866
Ptuh,OG_06085,85.53175785908965,-0.6688297414386241,-0.3688179775952248,0.02211684663022255,0.18543920935025637
Ptuh,OG_06088,14.988359311805274,0.44048011750075755,0.03502385535357343,0.5077252442065261,NA
Ptuh,OG_06086,1351.7661350164328,0.26476236324071856,0.17118032458716417,0.11957951828565938,0.4075958851858232
Ptuh,OG_06087,1516.9259455807828,0.04596717517149452,0.028944203146813743,0.7597861996773033,0.9049234793351556
Ptuh,OG_06089,433.9651476124623,-0.09809289833573438,-0.03353930591327796,0.7305615612767973,0.8929206012280025
Ptuh,OG_06090,594.1226754197396,0.1755315727194102,0.11713240412111109,0.25876378148150625,0.5728420313714679
Ptuh,OG_06092,113.0817292312028,0.26836771866461556,0.059283053348509696,0.47579633058183957,0.7465705831334347
Ptuh,OG_06093,660.7243418317918,-0.32891228476610607,-0.15762992990079475,0.17570245870191084,0.4839653841377317
Ptuh,OG_06094,90.04879743153045,-0.06501128887783553,-0.013860316929585278,0.8633867858224651,0.9459270526647366
Ptuh,OG_06096,21.04401593520461,-1.4754233967461343,-0.018812914709543962,0.3137049672653002,NA
Ptuh,OG_06099,67.83387706409088,0.2698033784271345,0.08363658694178625,0.38253080940084044,0.67628016012931
Ptuh,OG_06098,487.89757054113124,0.08174093418078313,0.03179040249101491,0.7438318522360424,0.8981402088992566
Ptuh,OG_06100,610.1259947630034,-0.1883422259936067,-0.1104751707036517,0.29927989979654374,0.6087806908419559
Ptuh,OG_06101,3722.8856463634643,-0.5737775782228954,-0.19097345053826026,0.08531684354977305,0.35051312792678896
Ptuh,OG_06102,562.470249356931,0.09972324993214535,0.049402802933822626,0.6356040331248605,0.8417887475508913
Ptuh,OG_06103,23522.648367545906,0.6464264208325429,0.40405643766058574,0.015775055695582053,0.16163723676793554
Ptuh,OG_06104,365.7374185205575,-0.0842562537802713,-0.042496977006981164,0.6840713265118851,0.8713577804368671
Ptuh,OG_06105,821.9206681830049,0.08159233508742794,0.013940137533638217,0.8466123394790033,0.9389621953105426
Ptuh,OG_06106,2351.227916781326,-0.005665902827242225,-0.014862786486190056,0.9885510989698222,0.9947595606649756
Ptuh,OG_06107,188.55060083848164,0.2856033532180796,0.09595161490003869,0.3369213184011576,0.644835662804289
Ptuh,OG_06108,44.47742033686632,0.2786935285131426,0.05835889034792182,0.486873438930692,0.755993644797849
Ptuh,OG_06109,1746.0089651907874,-0.8516799145799802,-0.23433813648620877,0.033058332358262575,0.2254130412589277
Ptuh,OG_06110,564.7641009598939,-0.4709067713922841,-0.12132983538464508,0.19251628410318583,0.5063775371584833
Ptuh,OG_06112,1023.2160447573071,-0.08531120646852462,-0.0573723035531244,0.5329220475578356,0.7863393025408973
Ptuh,OG_06113,145.56838205423932,0.09443283251103149,0.04309783036202619,0.71836511040614,0.8864220455636358
Ptuh,OG_06114,386.1827777675022,-0.0463431976092014,-0.01878306308190391,0.8655110271293559,0.9465447060376678
Ptuh,OG_06115,984.294279965155,0.1803074796956239,0.12089313216113858,0.24491400466846946,0.5656304856540516
Ptuh,OG_06116,57.11805493355491,-0.34518061213179024,-0.10502889088345699,0.2815994739267104,0.5939748466432253
Ptuh,OG_06117,161.90533618641126,0.49739800501434056,0.07764467118238273,0.2862228036682783,0.5981415877139439
Ptuh,OG_06118,1109.034679068755,-1.1328269618205908,-0.706908753883671,0.003971335819555813,0.08494857375231225
Ptuh,OG_06119,9020.206253649962,-0.2572679492942434,-0.08683057970753445,0.3636536291754574,0.6638760409292596
Ptuh,OG_06120,105.65501269648426,0.10707881701986058,0.018885755135607283,0.8017929298906439,0.9219804415208325
Ptuh,OG_06121,136.73720906206037,-0.08919061394960776,-0.026990475029912198,0.7589568830560336,0.9047293082541553
Ptuh,OG_06122,77.47809570450619,-0.022048568855751637,-0.0013438153318735518,0.9546569813365768,0.9796914906960978
Ptuh,OG_06123,43.26290176663329,-0.31775063892175404,-0.07365737742383673,0.39833734936897275,0.6872241931779451
Ptuh,OG_06126,123.5612502542993,0.035859638613272106,0.009632917405954872,0.9104070337636779,0.9634373681170785
Ptuh,OG_06127,11.616510582612644,-1.0246474018512362,-0.06959894860970818,0.1482414773298591,NA
Ptuh,OG_06128,644.1339794734364,0.15145290106136505,0.09344288433193929,0.3671093833799313,0.6671288002701427
Ptuh,OG_06129,311.6010680091158,-0.2856828721657769,-0.1276870178596515,0.23982652634666618,0.5607397747070179
Ptuh,OG_06124,723.4373674188627,-0.6084959769298589,-0.17839936925903926,0.08760285605715822,0.35577960877854964
Ptuh,OG_06125,589.2535410211066,-0.20282518171895803,-0.03899635622330828,0.6149279836905037,0.8308373859892944
Ptuh,OG_06130,1378.2333739221738,0.15595228269052186,0.04396242785156424,0.6232987653318631,0.8348664219555492
Ptuh,OG_06131,145.0235444012619,0.28939716419560396,0.10134474300123271,0.3203623882635065,0.6282950118091679
Ptuh,OG_06132,3109.178190920463,1.3312698037449728,0.08191622710025302,0.06661563932820345,0.31427778287505764
Ptuh,OG_06133,358.5267120523571,-0.23663203886013875,-0.055014416530513456,0.5163026031578098,0.7777970030186485
Ptuh,OG_06140,183.975580270894,0.28362443487080496,0.102200296030753,0.31475656757733805,0.6236184138184417
Ptuh,OG_06141,207.07452802996391,-0.8258708628938594,-0.4222603537114142,0.014127061145806917,0.15587780374886512
Ptuh,OG_06144,15.001588585425774,-0.7202570630640631,-0.05677514252165173,0.29241930197622834,NA
Ptuh,OG_06145,77.97239855791462,0.07379525910744865,0.02364493520074078,0.8087577491286333,0.9238594034974917
Ptuh,OG_06146,194.52958286856304,0.09035361558407565,0.03854206885447193,0.7018817681574194,0.8792694865951423
Ptuh,OG_06147,266.45950455633596,0.44739737896975745,0.16862866163918236,0.13253624137791054,0.42990747203255014
Ptuh,OG_06148,219.51952368049976,0.34052032366421525,0.13984919830157755,0.2071489093853478,0.5234719294721469
Ptuh,OG_06149,206.0452968955759,0.5433385295256993,0.16752476517439466,0.11902770279355425,0.4065902060027605
Ptuh,OG_06150,287.969180463203,0.042186572797261984,0.012739644051526448,0.9010401486443262,0.958927445448485
Ptuh,OG_06151,324.9408792256495,0.2820144146657893,0.07589392570721823,0.4054212031488068,0.6949277963789152
Ptuh,OG_06134,71.19051557876894,0.21370808897477742,0.03557043314423268,0.6263928204440142,0.8365038262636529
Ptuh,OG_06135,24.921903679999645,-0.31294288805912807,-0.04257954051024151,0.5313850351142901,NA
Ptuh,OG_06136,85.36431154211482,-0.1495764973326989,-0.0493437652667788,0.6056914647419852,0.8250544713422221
Ptuh,OG_06137,83.24277984894205,0.14218252100789963,0.04437118597696769,0.6333666687418213,0.8405297313573287
Ptuh,OG_06138,269.21632316567,0.04529841856421856,0.017235570587010602,0.8306193325775237,0.9331418669464653
Ptuh,OG_06139,212.51702065290925,0.5671837023939107,0.2913348736823095,0.04137306049949668,0.252966783892741
Ptuh,OG_06158,184.77162496142714,-0.11137834064106288,-0.008703151846813218,0.8428187537695866,0.9375985188130042
Ptuh,OG_06159,58.342678599933464,-0.6023143400288011,-0.1267632782180731,0.144705432448765,0.4457943286087166
Ptuh,OG_06160,87.35203747599127,0.49033121469395985,0.14172717145551833,0.16063669424360602,0.464937562207465
Ptuh,OG_06161,57.720542399480095,-0.7355686141778072,-0.18161893852099983,0.06769349193571145,0.31654908233373436
Ptuh,OG_06152,8005.19294663589,-0.569351616014029,-0.44300171309552955,0.0038982264203434682,0.08421623215698305
Ptuh,OG_06154,546.0562585226785,0.36480203558624175,0.03270407077596471,0.5842800961337407,0.8138218011620387
Ptuh,OG_06155,148.04845974129367,0.5309599079483476,0.21611570503450173,0.07673186377642555,0.3324525444843907
Ptuh,OG_06156,37.33280458991357,0.433681062338151,0.06575631512584425,0.36618620747451336,0.6660539463282626
Ptuh,OG_06157,648.3366413752019,0.10517652523115929,0.01457005275011132,0.8049000491559118,0.92317141662408575
Ptuh,OG_06162,6.2448286973219345,-0.7082382464930288,-0.023330168599919404,0.4696488115557941,NA
Ptuh,OG_06163,482.40722324251993,0.07117517777727206,0.026815878486030658,0.7902824885634158,0.9165378312886443
Ptuh,OG_06164,291.22327684819743,-0.07180165522889388,-0.025273466755335025,0.7845895742187838,0.9148128374668837
Ptuh,OG_06167,33.55362449428306,0.48728817476496267,0.1337294820279016,0.17341314596239918,0.48116301496564706
Ptuh,OG_06166,62.69326369226936,0.09299548629009838,0.018484473962863165,0.8136953860130546,0.9256977745574566
Ptuh,OG_06168,47.58345362544946,0.03426370616905809,0.013283058849755147,0.8956558692728277,0.9579231286983442
Ptuh,OG_06169,16.11445060468435,0.3910251987027683,0.02467864619809578,0.5777302212774458,NA
Ptuh,OG_06170,112.10327960908049,0.17571018278457012,0.052746360877211275,0.5636942244639516,0.8033044729229529
Ptuh,OG_06172,6.072686205307201,-1.2307945354578194,-0.042197501740788526,0.21081714551829142,NA
Ptuh,OG_06171,156.38763399699457,-0.45506629519736463,-0.21420510197713807,0.08526941421098383,0.3504878342108783
Ptuh,OG_06173,824.6325878906173,0.36790791169977505,0.1255338240879965,0.2275789808376097,0.5466004893495581
Ptuh,OG_06174,28442.461990517266,0.6348990445929105,0.5312679521125847,7.136019568268791e-4,0.0410776762901117
Ptuh,OG_06175,159.68760111592948,0.5690380378271428,0.16241951817394465,0.11145612393745244,0.39502729736095415
Ptuh,OG_06176,99.41050780808479,0.20503679240431172,0.07370936423407339,0.4569502477231003,0.7323766771264446
Ptuh,OG_06177,197.05757928855,0.189996917855574,0.06522908273377996,0.5019627303422367,0.7691568939130773
Ptuh,OG_06178,239.67137956298086,0.08813274143506011,0.04100694384352092,0.6914347356650175,0.875037231481827
Ptuh,OG_06179,117.50125735053133,0.6124140221848794,0.2929107001455712,0.04008467219558551,0.24846644984300154
Ptuh,OG_06180,660.1846793806302,0.012862271922381516,0.00446666979969142,0.9539436048379033,0.9791960706253445
Ptuh,OG_06181,4172.519873542436,0.26200326705652344,0.11289951813888283,0.2865225946036594,0.5981415877139439
Ptuh,OG_06182,178.12023716412443,-0.3108566034683083,-0.05851396955382557,0.44914933723815265,0.7267950329384101
Ptuh,OG_06183,232.66573351325212,-0.2871357836318495,-0.18478337516892346,0.11813537903008413,0.4057808117838351
Ptuh,OG_06185,99.17814251310551,-0.24593401777760115,-0.15092744357703625,0.17408948658921358,0.4815914551423459
Ptuh,OG_06186,156.20433588371606,0.03141550836711938,0.012271375511602572,0.8949485444749284,0.9577421858966721
Ptuh,OG_06187,4089.671424521699,0.41965361778796934,0.08111075580101329,0.2895897216961445,0.6006829302988909
Ptuh,OG_06188,100.33345735954754,-0.4061297130455091,-0.09153773139967054,0.29162970811414485,0.6021199808668412
Ptuh,OG_06189,404.83354622091827,-0.5314742408586669,-0.1866038505472669,0.0944254261754088,0.36485566980970935
Ptuh,OG_06198,2136.827557645364,0.46888179489969717,0.15927894921369595,0.1408157948206699,0.44028266922574694
Ptuh,OG_06200,186.8833489857241,-0.5606799785330704,-0.29256828014525016,0.036987111224199364,0.23999706350361694
Ptuh,OG_06199,1682.8375240888051,-0.40411580819013154,-0.08031785518897766,0.30592700311021337,0.6153320962605239
Ptuh,OG_06190,393.0100483876163,-0.18872837726608072,-0.08214199287656804,0.4228763063615429,0.7074597308160406
Ptuh,OG_06191,50.425564064387,-0.04167921203411137,-0.010659750196643402,0.9066008700889234,0.9622424093086885
Ptuh,OG_06192,220.4759243486836,-0.17239303490646066,-0.03348342872213104,0.6622515331309848,0.8571052864522983
Ptuh,OG_06193,549.0107365920597,0.21071203888850076,0.1328074737911956,0.21840426053837214,0.5368209040463212
Ptuh,OG_06194,31.331896501297887,0.14310468776068636,0.026419610234712888,0.7359050084429973,0.8948022322205365
Ptuh,OG_06195,87.85904594083574,0.4651249109890434,0.13076895887928355,0.1741048286214191,0.4815914551423459
Ptuh,OG_06197,2584.257440988574,-0.6037371586794194,-0.24627768723714538,0.05071450999748319,0.2757155050567396
Ptuh,OG_06201,1111.714044037006,-0.162055043003381,-0.09536776578778071,0.4210907572679565,0.7062813965474001
Ptuh,OG_06202,213.1005577152787,-0.05609507318406137,-0.015804102552826094,0.8557454366103173,0.9421708849133812
Ptuh,OG_06203,175.29560089550867,0.05953519314522497,0.020954430359178097,0.8292717613596259,0.9324914986051301
Ptuh,OG_06204,237.00492053020636,0.2935276339945777,0.18171597537945894,0.11324758170623639,0.3976500287983735
Ptuh,OG_06205,89.51483585329967,0.3588072722268214,0.10883091291810672,0.25807053379596606,0.5728148764315621
Ptuh,OG_06206,26.956401046989175,0.14946774473772848,0.03745413358635035,0.6716671814271751,NA
Ptuh,OG_06207,490.2617264150651,0.263483610015315,0.08469513117933637,0.3818062985323392,0.6760077516368708
Ptuh,OG_06208,82.7360217486164,0.49156407705956684,0.1081501988707659,0.22249920629100736,0.5419248545675577
Ptuh,OG_06212,46.215876819552484,0.3947615835791214,0.11599300092156985,0.24298189238097578,0.5641260242738386
Ptuh,OG_06211,109.50486251773742,-0.7072552967394072,-0.42307300949892407,0.015297300539074748,0.15949957626384226
Ptuh,OG_06209,1209.6900193341103,0.04886089905353978,0.015343230805936563,0.8538341075950692,0.9413699920206045
Ptuh,OG_06210,1692.732722682553,0.46049990090520904,0.289172201785239,0.034673452424735414,0.23163147674120083
Ptuh,OG_06214,14.275493803361506,-1.7217009766703264,-0.06909457171938752,0.0440211045963915,NA
Ptuh,OG_06215,243.24246741645098,-0.24098480904851674,-0.08256375899304016,0.41039589776862273,0.698900096087102
Ptuh,OG_06216,97.54725135986301,1.2192928415002495,0.8835624136171463,0.0017377119839200239,0.05690613885480592
Ptuh,OG_06217,1210.5377351635987,-0.381821016540011,-0.14115914607182478,0.1717657823635446,0.4788690163595603
Ptuh,OG_06218,1739.8379699877482,0.7453307051520771,0.40268760717314195,0.017504546780068343,0.16930365746735807
Ptuh,OG_06219,201.0222172108342,0.41752954596121056,0.1026733947942823,0.24374088142778758,0.564823675736607
Ptuh,OG_06221,55.4556181880052,0.15217246855684613,0.07625445803854577,0.46967895027688733,0.7413594137084252
Ptuh,OG_06222,54.73347441783739,-1.209386436772273,-0.5989861768957371,0.007319301532165346,0.11404680479109747
Ptuh,OG_06223,186.16798550584429,0.38852691995648153,0.13894352241821545,0.1939447817396233,0.5083268785595312
Ptuh,OG_06225,306.51029450722024,0.29615666902053644,0.14950902276921846,0.19076818690632166,0.503915022491315
Ptuh,OG_06226,201.45332360671242,0.24700522260515773,0.0879825145873918,0.3818595191077653,0.6760077516368708
Ptuh,OG_06227,90.99530223598896,-0.3821641183999995,-0.10274946659733021,0.2632064345452761,0.5768652596315093
Ptuh,OG_06228,207.07981230907052,0.1312399566366291,0.053562033207265866,0.5884191569324237,0.814881846162776
Ptuh,OG_06230,332.8787641416113,-0.47619418212061193,-0.21398083854629654,0.08515638428182194,0.35045665165807
Ptuh,OG_06231,1561.0970140185564,0.14947086403565615,0.05834241432812919,0.5425219531816698,0.7925471194289454
Ptuh,OG_06236,95.49652173475772,0.06132784054572576,0.007598407511250162,0.9098382045656149,0.9634373681170785
Ptuh,OG_06237,903.3265351987791,0.5915019076001092,0.3442121885959832,0.025764755327136336,0.2005674116289246
Ptuh,OG_06238,72.19672446595243,0.21788299356998134,0.06426594584379287,0.48003283038893474,0.7504489682737175
Ptuh,OG_06240,850.2299330274344,0.12997626707797794,0.05216661723793579,0.6013227915523527,0.8226348077679397
Ptuh,OG_06232,1074.1575995518385,-0.04710000136593195,-0.028326512616477194,0.8004146118039996,0.9208943074704736
Ptuh,OG_06233,1113.1548623653343,0.4223716801497832,0.315605972284843,0.015142792481297665,0.15875628858170343
Ptuh,OG_06235,9.647970686037585,-0.37832311833633425,-0.01853860712124739,0.6209407277668237,NA
Ptuh,OG_06241,705.2436178868845,-0.16765960544104797,-0.07594032584667364,0.4593709174097035,0.7344974424649641
Ptuh,OG_06242,295.79729710374534,-0.5178606027190151,-0.10592300516533229,0.20214017429859207,0.5157975841777777
Ptuh,OG_06247,87.73482406383782,-0.45079019201521703,-0.0704598921011451,0.32497684678910316,0.6339773450340143
Ptuh,OG_06249,20.37301964366717,-0.5526046215344169,-0.07901654782518683,0.27775189286924556,NA
Ptuh,OG_06250,32.31914891427074,-0.6614012654917735,-0.0633493862519982,0.24999155910969548,0.5681005329181634
Ptuh,OG_06252,24.03484074065303,-0.08618886188901506,-0.014751406420837021,0.8429769022478397,NA
Ptuh,OG_06244,85.89573336002705,-0.3683642917202976,-0.10875399026600134,0.25855051890823,0.572817898922173
Ptuh,OG_06245,146.98967348848825,0.4503131324943799,0.300680637294255,0.0311634123798033,0.218891396136716
Ptuh,OG_06246,389.81252786709655,-0.1911005873425221,-0.058937664217546724,0.5277456101207043,0.7845965898363132
Ptuh,OG_06253,92.1073777861065,0.1347900717037233,0.043385291999726856,0.6480729601807245,0.8475521987621194
Ptuh,OG_06254,47.73842188483173,1.249300172988899,0.8355946915273527,0.003090028075031,0.07540378854357256
Ptuh,OG_06255,102.42058432209812,-0.15410479898002258,-0.033744506833857164,0.667647220777982,0.8596907049047191
Ptuh,OG_06258,64.75540907720972,0.057041711368519876,0.009646325975098588,0.8987279511934965,0.9585528462114007
Ptuh,OG_06259,2557.5868616190014,0.5567384487698815,0.12875570406654308,0.13436216783709348,0.432035981027392
Ptuh,OG_06261,50.91585923878137,0.07962472095024156,0.012071935290055949,0.8540172419367331,0.9413699920206045
Ptuh,OG_06262,98.52963788671447,-0.19550394446554142,-0.05598434551876755,0.5470719613798545,0.7947470237431687
Ptuh,OG_06263,479.51319453928863,-0.06523997887679038,-0.0363106522399322,0.707301940257318,0.8811640505224052
Ptuh,OG_06264,159.09197630843863,0.8460840786505758,0.3131103764358652,0.025838524296048458,0.2005674116289246
Ptuh,OG_06266,135.6861510696884,0.18843852032247743,0.038598266420882724,0.6347780607175356,0.841219614796085
Ptuh,OG_06267,78.4457783411364,-0.8709113416622406,-0.36969013025614267,0.02093879014754097,0.17978989477544785
Ptuh,OG_06268,1030.3319358900856,-0.05536409240639756,-0.025605145579956686,0.7791030670618102,0.9136206376692536
Ptuh,OG_06269,238.6919716725428,-0.9996558204276195,-0.6642110542720502,0.003819336911033425,0.08379446023730575
Ptuh,OG_06270,1495.7569950861694,-0.31892683407519046,-0.2130578597711667,0.06882798959256346,0.3182190475389541
Ptuh,OG_06271,3619.555155651416,0.47383482512475145,0.08314712468745063,0.25576040826394236,0.5726120187127336
Ptuh,OG_06273,803.3011058770808,-0.34160903141716314,-0.08317485898939228,0.34486225806046544,0.6517856683072619
Ptuh,OG_06275,502.7410624449955,-0.10858636138871018,-0.015032540847122838,0.8198835648873501,0.9285744509233631
Ptuh,OG_06276,946.564220658577,0.07948873428379853,0.027431659404981757,0.7891003028252654,0.9161624163291109
Ptuh,OG_06277,84.04753111856618,0.36114501588785963,0.05430840707370119,0.4268901778970986,0.7101687265404986
Ptuh,OG_06279,4630.396994208051,0.18060028249644594,0.027826031519307234,0.6870907658069648,0.8724244592154223
Ptuh,OG_06280,150.90874522658694,0.13399443632920324,0.02122804319064337,0.7649296378506942,0.9073270551758024
Ptuh,OG_06281,661.8241152351702,-0.7298392647035662,-0.2734923671459188,0.035160769475357206,0.23261014369108976
Ptuh,OG_06283,325.3460151045166,-0.14678086718354968,-0.040142881454939904,0.6592934062778216,0.8547663520780552
Ptuh,OG_06282,390.1785270959503,0.45083172882889483,0.155543417338064,0.1485238752133596,0.4504913848490679
Ptuh,OG_06285,57.348402605097014,-0.27011788539035525,-0.04535452075389533,0.5321088750722821,0.7858554029763165
Ptuh,OG_06284,519.5916614023489,-0.37226335316002745,-0.15407552872097735,0.17719786133661453,0.4863491397771592
Ptuh,OG_06286,705.9830317084304,0.1701006772839768,0.08736720135851665,0.41703948378945627,0.7023062184511165
Ptuh,OG_06288,18.745789519579283,0.6869304515908381,0.08674324141352964,0.19061164117523727,NA
Ptuh,OG_06289,76.87024857745763,-0.23170349264544285,-0.04578707883703952,0.5643717810361187,0.8036880048377235
Ptuh,OG_06287,429.84950518276844,0.13294049775623892,0.07183808228578109,0.49237113963748136,0.7617058559934672
Ptuh,OG_06290,481.00756399089994,0.2490031530847806,0.19121781571174112,0.06204994853872255,0.30408396196151555
Ptuh,OG_06291,332.07217596660706,-0.30279114572486393,-0.10417843550542309,0.29943728768843225,0.6089131817648867
Ptuh,OG_06292,675.5614755490102,0.3068496573104532,0.1708264440890734,0.13997846392047422,0.43911973240216734
Ptuh,OG_06293,805.1714112332786,0.11205352023780257,0.07688514991127433,0.4661681749848945,0.7388391455714304
Ptuh,OG_06294,316.7814195461831,0.16283333928002508,0.07309236638899719,0.48521324400572957,0.7543666479277212
Ptuh,OG_06295,434.05887474868547,0.09079280546523577,0.05044968798419231,0.6289863882930653,0.8376531254655688
Ptuh,OG_06297,278.5411116884102,0.11085847367450129,0.03321109041814726,0.7215330687320423,0.8874940352943949
Ptuh,OG_06298,5423.721522720828,0.2311815517472103,0.01886378499011004,0.6967695865547032,0.8776279040377544
Ptuh,OG_06299,113.43906451824259,0.3506053906645861,0.11380028452344221,0.2520949784897107,0.5699251534181963
Ptuh,OG_06301,1529.7280660033841,-0.5664450404535744,-0.3099678302755889,0.03745048956624605,0.24056698744066674
Ptuh,OG_06302,292.7053090223759,-0.21570939635960537,-0.12495570260079161,0.2538417045430566,0.5705727249813755
Ptuh,OG_06303,106.23719753624741,-0.5796947742882341,-0.38563140572398485,0.015029519664914856,0.1583216625260982
Ptuh,OG_06304,115.89145359180944,-0.47536063281585383,-0.12889992701665764,0.17410250781724115,0.4815914551423459
Ptuh,OG_06305,1356.6529141774104,-0.5151925697512993,-0.07940119856472584,0.25259583430441757,0.5699251534181963
Ptuh,OG_06307,499.5119537334789,-0.080085127565035,-0.010376138164009813,0.8654766005561676,0.9465447060376678
Ptuh,OG_06311,148.01207591000627,-0.035754803032233926,-0.01082161675401669,0.9044334038480801,0.961017075259997
Ptuh,OG_06310,1070.3170455373743,0.2073989909914621,0.07748703230059864,0.44786512543607526,0.7262307896129752
Ptuh,OG_06308,186.24254234194282,0.016330163799316753,0.007738611495937789,0.9356676105785817,0.9723964881072098
Ptuh,OG_06309,261.6775772859087,-0.06224228125143891,-0.029364163091237686,0.7701115510941727,0.9098201574696321
Ptuh,OG_06312,88.39803692375841,-0.3193145427601513,-0.09057861570254463,0.33076260418442593,0.6401176013523576
Ptuh,OG_06313,1545.7531395511337,0.029549283768650438,0.018262718054535686,0.8793870159801154,0.9521377452892101
Ptuh,OG_06314,1305.9761249400678,-0.25462833588853145,-0.076560006711008,0.4125422024457033,0.6996821216634536
Ptuh,OG_06318,144.38857147600015,-0.0936964473163184,-0.03221468531376289,0.7327694708181105,0.8931382221649411
Ptuh,OG_06323,183.65230057272092,-1.1190922830449876,-1.0021795107818454,1.0670439229392315e-5,0.00503407610755553
Ptuh,OG_06324,157.86036877645535,0.5920333414455827,0.33173123292157874,0.02710103556417874,0.20420762556433528
Ptuh,OG_06325,149.5138339991593,0.09216795708611857,0.03286766066417817,0.7368226774031903,0.8951499537207285
Ptuh,OG_06319,1456.952325155419,0.06701495518320925,0.023914317874282418,0.8020322544561799,0.9219920588249232
Ptuh,OG_06320,527.9248975411207,0.37467385949721327,0.15676582154443797,0.16385714739901047,0.4686678665248895
Ptuh,OG_06322,384.4892330926231,-0.20886585819062592,-0.09242731127641686,0.3619343193807224,0.6628307613071155
Ptuh,OG_06327,525.814894575982,-0.06600793533616396,-0.03145149831173763,0.7503411794246381,0.9010024062695369
Ptuh,OG_06328,264.4899779109105,-0.41792366095156425,-0.29281048547777044,0.026585659186507148,0.20270280444504818
Ptuh,OG_06335,60.0126869013776,-0.029668268224780713,-0.006125820366839351,0.9384416940978736,0.9729701106332052
Ptuh,OG_06336,155.64115798716637,-0.44417307505698445,-0.14257478031279985,0.16212599842547123,0.46667902124612204
Ptuh,OG_06339,8.572964676882858,0.9904986374570444,0.04272460087760327,0.26870483905279935,NA
Ptuh,OG_06338,245.95192320071934,0.014476467995165975,0.0058899541252853335,0.950405079643206,0.9782861772126027
Ptuh,OG_06340,106.06716085668515,0.410020611944636,0.07656934842237671,0.31701572275135104,0.6248114236451793
Ptuh,OG_06329,1122.4943702627756,0.14680307050695862,0.0607793614275485,0.5553139830865659,0.7985935175432654
Ptuh,OG_06330,749.6664692488583,-0.8236167599128597,-0.5358144412565412,0.00685831862647719,0.10988838070951755
Ptuh,OG_06331,173.72483193212892,0.15286183828683275,0.053930108568594363,0.5907644241955043,0.8171968545802611
Ptuh,OG_06342,171.94167706044453,-0.07653340203833192,-0.020450128812401904,0.8110853322096733,0.9239754948897123
Ptuh,OG_06341,1099.6326509368669,-0.1828270909660808,-0.06047124116506581,0.530606121427969,0.785691458137158
Ptuh,OG_06343,98.66829328849727,0.16622533631951272,0.048787595495172816,0.5990240755876308,0.8218559070280848
Ptuh,OG_06344,42.1862274698804,0.31985947537995385,0.020663575713755666,0.6316275595165639,0.8391397427119306
Ptuh,OG_06345,25.514980085131185,-0.03237971705623054,-0.004167720740425357,0.9498483397257742,NA
Ptuh,OG_06346,177.34365523846623,-0.8704785355946617,-0.6369861805260841,0.0029368759319832235,0.07378683554556667
Ptuh,OG_06347,440.5714221451136,-0.027359314652423194,-0.009039889125570357,0.9165332095233312,0.9655341917502056
Ptuh,OG_06349,155.1237942905355,0.3468096983461492,0.07848638687438651,0.3473267719842499,0.6534159076288505
Ptuh,OG_06351,79.16474523305412,0.18948360159307942,0.024256323991302096,0.704272044777529,0.8802278561256186
Ptuh,OG_06353,343.4802528656265,-0.08831832951494115,-0.04052714374396549,0.6870026667813949,0.8724244592154223
Ptuh,OG_06354,45.78108445459727,0.04145378680494685,0.011255048923086253,0.8987086691029824,0.9585528462114007
Ptuh,OG_06355,40.23012685365542,-0.12831947017267184,-0.03179434815668577,0.7121813275681541,0.8842604323580128
Ptuh,OG_06356,150.00373275607393,-0.2818088475798754,-0.0796853486719758,0.38096213679816576,0.6756249042989156
Ptuh,OG_06357,76.91623380054025,-0.4067190723009108,-0.15350534289822282,0.1604375989314287,0.46467806620930846
Ptuh,OG_06358,61.101259919918704,0.5513058238995142,0.16151200354692696,0.119184963805457,0.4068001256575325
Ptuh,OG_06360,105.69159543527425,1.2089573560976021,0.2431451201414467,0.0137441660592502,0.15418158279412508
Ptuh,OG_06359,37.1187480803423,-0.2673880008746424,-0.06795020739742053,0.450005013354272,0.7273396599551728
Ptuh,OG_06361,129.21283709921514,0.25027110827897475,0.08106204131134716,0.4025480497392001,0.692552276820358
Ptuh,OG_06362,129.002990484581,0.16331172838490354,0.07258733346863802,0.4649567404328124,0.7379467060941134
Ptuh,OG_06364,184.66188467247022,0.35605594144164265,0.1805012231925604,0.1297658162710384,0.42631244887205216
Ptuh,OG_06365,198.218596925464,-0.31010475581861624,-0.1684139026941887,0.1459659592319614,0.44739287199122335
Ptuh,OG_06366,5760.033552085966,-0.41674006713627476,-0.0881369517384564,0.26848552038890783,0.5819962185324692
Ptuh,OG_06368,41.27074707282061,0.260817690931812,0.10056160345242417,0.3335360392036309,0.6425562715329477
Ptuh,OG_06367,192.63081898917102,-0.49202643846629074,-0.25694167536748624,0.05816713509628047,0.2943151639150432
Ptuh,OG_06369,117.4136329705931,-0.30464067276426354,-0.04994700691594394,0.49592748948285886,0.7641132534666124
Ptuh,OG_06370,13.01770473935973,-1.4933609024475658,-0.1337546885476196,0.024039079754456103,NA
Ptuh,OG_06371,779.6251346379994,0.7759877945881718,0.4720079980962899,0.011031275073335066,0.13894457363670248
Ptuh,OG_06376,121.89085456297559,-0.08590673869613316,-0.01623851215881433,0.8288935021914807,0.9324552860198291
Ptuh,OG_06372,3695.770850686564,-0.2844911454394911,-0.17527118243951767,0.13017007407717515,0.4269618652233957
Ptuh,OG_06373,127.67970860316014,0.06955070905635954,0.013439636765961355,0.8631589432321299,0.94592150547519
Ptuh,OG_06374,265.0550731449534,-0.15846672253846295,-0.06304052131783329,0.526433676501347,0.7838812521215919
Ptuh,OG_06375,1007.7782573075266,0.5386687978782234,0.45583859665289456,0.0015679354014740228,0.05304743995743985
Ptuh,OG_06380,517.571856048929,0.3744148631670247,0.19372158203474818,0.10902276524510464,0.39077322478818843
Ptuh,OG_06377,616.090714990148,0.13421056443348678,0.06092516179299857,0.5569807030701802,0.79937132507554
Ptuh,OG_06378,92.45670909274666,-0.3175788821358585,-0.05072240956494356,0.4642343639262133,0.7378611539770666
Ptuh,OG_06379,681.9395324536436,0.19112431639319202,0.09246660221291289,0.3856721884671971,0.6775044216614021
Ptuh,OG_06383,246.08183094904345,-1.130982042372798,-0.6323702002230969,0.005389292786807054,0.09786762552001238
Ptuh,OG_06382,91.29868039273964,-0.10009123199725262,-0.015893058366186277,0.8254752215066326,0.9314291231775609
Ptuh,OG_06385,199.15231606451866,0.2160506032433221,0.09272866184374179,0.3810931808280506,0.6756249042989156
Ptuh,OG_06386,242.75186350329633,-0.27433365296994416,-0.14772581531753945,0.19095602241839987,0.503915022491315
Ptuh,OG_06384,1031.1634331765063,-0.268941029701561,-0.05407761768493478,0.4883838519511129,0.7573855226877516
Ptuh,OG_06392,200.95381249422178,-0.43802673376467827,-0.0899584035477339,0.2806268249881498,0.5932029984362874
Ptuh,OG_06389,1521.3720219956,-0.38157622808267877,-0.31625964214880586,0.005335401227601327,0.09786762552001238
Ptuh,OG_06393,326.01268718713544,0.09934611433688054,0.023474104122843096,0.741999185844437,0.8975844381498362
Ptuh,OG_06394,477.6998547338111,0.8028059345257541,0.6267071693452531,0.0016100333717690503,0.053491162259062176
Ptuh,OG_06395,48.36113782063255,-0.01534484018651761,-0.003126563754201785,0.982522978070322,0.9920452255312857
Ptuh,OG_06397,322.17162422337776,0.041331302919643625,0.014102758060314045,0.8825647946840628,0.9530947122311343
Ptuh,OG_06399,51.81919187631171,-0.8587163955944326,-0.14918951178428644,0.07093603224645642,0.3221330405544962
Ptuh,OG_06398,216.6240549794882,-0.035190844609921064,-0.016514543797526166,0.8703135095360297,0.9482444218508551
Ptuh,OG_06396,205.3638574424313,-0.38276979450443493,-0.06388078819154146,0.37480023495669645,0.6714656361223034
Ptuh,OG_06402,49.562125967823555,0.14889358413077716,0.033035038993871044,0.6917245566341856,0.875037231481827
Ptuh,OG_06403,137.523668181831,0.6955681066312672,0.13615085442967387,0.10702227649036002,0.3872318585241318
Ptuh,OG_06407,40.33629587070207,-0.05299071849538873,-0.005442373396663224,0.9235650586051761,0.9683805997870301
Ptuh,OG_06404,158.58925289433037,0.263307046706657,0.10898412232079023,0.30610831006452965,0.6154052483588981
Ptuh,OG_06406,186.73945624634177,0.6203765192274999,0.43017972956154743,0.0104877633992429,0.13722971769856812
Ptuh,OG_06408,113.63050807795902,0.23661430761893645,0.10768254929939113,0.31897583140788666,0.626588656098953
Ptuh,OG_06446,152.68355871706936,-0.31948126374529645,-0.07208809409441021,0.37722582775011115,0.6732036765039026
Ptuh,OG_06443,2330.7899876529705,0.24806737139420848,0.04949714887225544,0.5158299126456076,0.777360713076575
Ptuh,OG_06444,476.5469859223794,-0.17816669453308978,-0.05978428413745817,0.5310979390720516,0.785691458137158
Ptuh,OG_06445,469.7525547027946,-0.7211923215080387,-0.5756246750917772,0.0011408152791688457,0.04878033247070513
Ptuh,OG_06447,780.0514536179401,0.32492006780620236,0.1901705205417755,0.11128340941220276,0.39484237449343657
Ptuh,OG_06409,309.85568242908903,-0.06209893852426866,-0.02110299775881728,0.8585853706508305,0.9438838828439554
Ptuh,OG_06410,969.5796543051529,-0.35505416403491774,-0.09737851514346772,0.2842696950921188,0.5961728550908314
Ptuh,OG_06412,56.205618003064224,-0.3499098854272672,-0.10680444793770574,0.2817380225421615,0.5940508899320566
Ptuh,OG_06413,81.74727802427367,-0.07831379513109443,-0.027695110003669313,0.7739969289260612,0.9120688821037474
Ptuh,OG_06414,270.6792752903583,0.4087994299924278,0.188044668915303,0.11533733555158866,0.4000999401568999
Ptuh,OG_06415,65.29469917220801,0.04310597736201505,0.007230804351424806,0.9245269035944517,0.9686198222261106
Ptuh,OG_06416,6145.274080610726,0.9472325814320056,0.265980448711926,0.02420381411608911,0.19445486232150308
Ptuh,OG_06417,3726.986977526564,0.17121253287423122,0.04739206662066776,0.5933299375082403,0.8187451786350303
Ptuh,OG_06418,490.48314370101156,-0.17476617208223288,-0.10187269685315795,0.33570959323623256,0.6438224629092337
Ptuh,OG_06419,732.2275137661035,0.351751722746149,0.15824218885330057,0.16652948219310088,0.4724141622021248
Ptuh,OG_06420,1611.666737376221,0.131556099738272,0.0622575329521455,0.5451143200382769,0.7940982009663489
Ptuh,OG_06421,64.29743664483958,-0.39620952528727543,-0.047097449334127885,0.4484904317673553,0.7265096847027774
Ptuh,OG_06422,85.16720740869073,-0.789334356722369,-0.4192536910413841,0.018001852505578994,0.1711889490228184
Ptuh,OG_06423,737.2504063030783,-0.5518867860781658,-0.26534304682220444,0.04766195293327369,0.2669823907053827
Ptuh,OG_06424,162.8024565010951,0.7348330495109523,0.38180758507370954,0.021224169087059982,0.18141626286679868
Ptuh,OG_06426,18.878609601653157,-0.44911784236321917,-0.08506813424569158,0.28703054290052515,NA
Ptuh,OG_06427,650.2648004309879,-0.1584739176815563,-0.07250477627686555,0.48839415005159303,0.7573855226877516
Ptuh,OG_06428,73.68992619922955,-1.7067263799478198,-1.320910377971241,6.436859513199143e-4,0.039471710381856914
Ptuh,OG_06429,617.0366601091885,-0.31338662950093904,-0.18401225653629932,0.11797528751484178,0.4057700046885526
Ptuh,OG_06430,1619.7736522738112,0.2219310118230376,0.0960168738356262,0.3584071094637001,0.6618950112943388
Ptuh,OG_06431,332.9212291956781,-0.49306791977531367,-0.30948736003892446,0.02912823573459306,0.21312115572712537
Ptuh,OG_06432,69.03644924603621,-0.49703370433549915,-0.12528012049068782,0.17763780411298155,0.48677000081556615
Ptuh,OG_06433,269.44778896976777,-0.6185759457452414,-0.3221638274327744,0.03002791227200704,0.21380269451609588
Ptuh,OG_06435,70.79636013445013,-0.6336639006194381,-0.09315085573810936,0.19706474739853594,0.5103608483418196
Ptuh,OG_06436,81.80395621528453,-0.879039833627704,-0.39810740945393946,0.01698743304569665,0.16677142361162536
Ptuh,OG_06437,10.17575628635237,-0.08087711616515066,-0.0069055219339938115,0.9090146803862388,NA
Ptuh,OG_06438,427.2513080528252,0.13754850786542894,0.059998435823567245,0.537770697841397,0.7892863541105474
Ptuh,OG_06440,942.9138459507025,-0.2237718805046342,-0.15614856135615587,0.13872852230070332,0.43720494676709776
Ptuh,OG_06441,157.17621556176496,0.304493335055694,0.09541194192091418,0.31815077550140514,0.6259570034833021
Ptuh,OG_06442,392.97292227243696,0.450645571390618,0.14993874175962932,0.15733199765019087,0.4610350675304179
Ptuh,OG_06448,168.87484822346485,0.4829863731858945,0.13973229532799314,0.15751008923533696,0.46107400130523324
Ptuh,OG_06449,298.8829265567514,-0.7156507783154976,-0.42868510440181323,0.013293844808985456,0.15132886074786125
Ptuh,OG_06450,168.00858174980908,0.28094838056095217,0.08901205782470298,0.35588115243484586,0.6601100018703567
Ptuh,OG_06451,1057.957140263481,-0.019856539883976735,-0.007259011295357003,0.940591365778631,0.9743232347148248
Ptuh,OG_06452,9292.850485355371,0.5194512146962599,0.281474565141905,0.0435022972813595,0.2572573179062012
Ptuh,OG_06453,73.73084662364163,0.10267739867618264,0.010788544744365702,0.8455580596945272,0.9387474235750982
Ptuh,OG_06454,236.7316373355483,-0.5059754404393318,-0.3022401840755796,0.03413031144835916,0.22966291982525036
Ptuh,OG_06455,174.24967699435118,0.5531501976303195,0.20338303378106107,0.08157143067024605,0.34210683019772625
Ptuh,OG_06456,67.68734625188229,0.030967326692390044,0.011652635863437632,0.9182467091089866,0.9659049986069013
Ptuh,OG_06457,82.97153718711346,-0.49448004250073013,-0.10222820125355465,0.23881898801153897,0.5599256891755905
Ptuh,OG_06458,459.038478642196,-0.46545529482037795,-0.2269410534523096,0.07016703247615796,0.32037465662493725
Ptuh,OG_06459,260.1113384892824,0.14112655604221136,0.07466022894370085,0.47318256279438886,0.7445643354643262
Ptuh,OG_06460,102.2912531994927,-1.058468005753712,-0.7537518897832689,0.0020708852786391527,0.06323524428700665
Ptuh,OG_06461,33.70954901895206,-0.7794881814922026,-0.12232455052681125,0.11167472287262879,0.3954503922185413
Ptuh,OG_06462,21.326467903039983,-0.8574145256345018,-0.09764231812153339,0.11779399167407145,NA
Ptuh,OG_06469,105.44426537105562,0.18421802850941182,0.025559239703476757,0.7061068866228839,0.8810255188365457
Ptuh,OG_06464,113.03280078302687,0.13012299975285735,0.025430651334944612,0.7446476326806066,0.8986141390825225
Ptuh,OG_06465,10.033379390545068,-0.09589206776632003,-0.004742903060966056,0.9109154547887381,NA
Ptuh,OG_06466,93.86427659238886,-0.6042898740933168,-0.10656823279813961,0.1844760699739385,0.49371912581742383
Ptuh,OG_06468,1135.49889028441,0.16456209676000194,0.13043074137683217,0.14673554939909075,0.4485522985950607
Ptuh,OG_06472,156.23154472475235,0.49707620918928097,0.15470235593537046,0.1396948262780375,0.4388784553285588
Ptuh,OG_06470,199.56195468001965,-0.08303040434707117,-0.043627234343768216,0.6570953556955805,0.8536107940288925
Ptuh,OG_06473,141.81092581553418,0.8108110516402388,0.40232681423912753,0.01862633796124222,0.17267998031317572
Ptuh,OG_06474,48.30669028896878,-0.48670093192394687,-0.13516969709444812,0.16260774726712518,0.46682386402718967
Ptuh,OG_06475,356.829187009583,-0.34503704523987055,-0.13829861092595408,0.1966642954902279,0.5101997626103353
Ptuh,OG_06476,315.55055915222493,0.12094604684633432,0.06689400936218397,0.5248730258054661,0.7827010807591811
Ptuh,OG_06480,4792.649085144697,0.005210207073041114,8.39544947553068e-4,0.9914233486234025,0.9957619250750958
Ptuh,OG_06481,26.91652775743336,-0.7077622572201122,-0.15412281802931427,0.09015115497025127,NA
Ptuh,OG_06482,25.90577759011042,0.37458778270584736,0.023197131590438666,0.5859319564346686,NA
Ptuh,OG_06483,16.66978920490951,0.9503384374923295,0.05293736404231072,0.18889750643401831,NA
Ptuh,OG_06478,291.5098839940862,0.051871550521838415,0.017948871913472237,0.8513651686751262,0.9405987124939759
Ptuh,OG_06479,135.36940138562267,0.3309759109368542,0.08327025446520823,0.35849425348318287,0.6618950112943388
Ptuh,OG_06484,259.04028276911475,0.11599541014922501,0.06048678132697616,0.6009648664489672,0.8226348077679397
Ptuh,OG_06485,217.37763208112804,-0.3700658358855172,-0.08676060813907724,0.3223186204781474,0.6305297685096586
Ptuh,OG_06486,624.6235286455435,-1.0825934481924466,-0.8712704479335901,3.5783949374815883e-4,0.03012176927495674
Ptuh,OG_06487,45.30044073601343,0.1383133615168899,0.04359286862872048,0.6389696932364446,0.8436127107503009
Ptuh,OG_06488,547.6535663515443,-0.5629632662283786,-0.4072584326519197,0.00923678117291574,0.1296530567113552
Ptuh,OG_06489,317.83069173160317,0.43923906342441804,0.18766974835511058,0.11356658321749136,0.39785784846655803
Ptuh,OG_06490,211.9053500043003,4.508755182690297e-4,1.7512605572793646e-4,0.9985227828537079,0.9993442957006807
Ptuh,OG_06491,7750.146410589886,0.38521740413917605,0.25672249433626554,0.04315576821641529,0.25609977896142466
Ptuh,OG_06492,816.6127887181514,0.5938881604802133,0.3736691476258475,0.01893568971345474,0.17402800546175068
Ptuh,OG_06497,288.5534207907138,-0.8492601662131722,-0.2654045826709468,0.02592063759312487,0.20079666828574158
Ptuh,OG_06498,261.76953529654827,-0.23019573560218304,-0.09048348364468922,0.37572705281733776,0.6721453828786249
Ptuh,OG_06493,174.47139666502548,-0.21699301457492695,-0.08458073600489316,0.4092961490575382,0.6984056504472446
Ptuh,OG_06494,29.18398626142424,0.08405929543734489,0.013259668903527455,0.8526107352406802,0.9405987124939759
Ptuh,OG_06495,81.40904899153472,-0.037082787653590805,-0.017382257174236967,0.8775250581197598,0.951426609124721
Ptuh,OG_06496,1783.3567301040935,-0.4126748197569547,-0.2361462584782712,0.06485562459964109,0.3104588298197024
Ptuh,OG_06501,129.13730140501832,0.11602612315641285,0.05105616231315986,0.6365378049951754,0.8423878500668938
Ptuh,OG_06502,60.096889978278504,0.293550845695357,0.059577947364734304,0.4584113195092789,0.7334754060753874
Ptuh,OG_06503,41.59730397576727,-0.1906026466041361,-0.046777860442909,0.5897623964291014,0.8162096268702623
Ptuh,OG_06506,16.6307900834877,-1.4730185223716707,-0.1114095929901366,0.04116854308309372,NA
Ptuh,OG_06499,280.7780244630748,-0.6087766959756017,-0.2753010567833896,0.04397499587805224,0.2587911746336934
Ptuh,OG_06500,1867.156957558439,-0.9956999243634753,-0.8012568542012031,6.241287145206247e-4,0.039471710381856914
Ptuh,OG_06507,115.22894705421324,-0.8554956768857815,-0.19822851040350398,0.04206556959108282,0.2538661030247819
Ptuh,OG_06505,106.77986743276179,-0.19328466381222426,-0.08757512589805883,0.38876002993480474,0.6795698176628987
Ptuh,OG_06508,128.5061046963878,-1.1853374577276143,-0.46807098126874,0.009875042763179406,0.13247845678502293
Ptuh,OG_06509,1028.1050336877115,-0.06341901963007483,-0.025629642578207303,0.7935874577817091,0.9187654657780878
Ptuh,OG_06515,121.44898404792363,-0.0816376109486973,-0.016680513520804817,0.8331567540975875,0.934065856034683
Ptuh,OG_06513,250.88769913106321,-0.17962661295104823,-0.08447402505089038,0.41118360168255846,0.6991949769652109
Ptuh,OG_06516,78.70681513551493,-1.515446813905981,-0.23424125331531326,0.006701678088290476,0.10961335284476462
Ptuh,OG_06510,11.247767683564147,-0.618226080171509,-0.040584862060119235,0.3917098050232418,NA
Ptuh,OG_06511,728.9255159578157,-0.17260617512595122,-0.059809081014608634,0.5291404707759778,0.785691458137158
Ptuh,OG_06512,688.7882223079035,-0.7926924415678906,-0.6737005574362104,2.3346679149553352e-4,0.02438834485124303
Ptuh,OG_06517,65.08740610601367,-0.05683192414312239,-0.014815847254287105,0.8678749798278961,0.9474394248134437
Ptuh,OG_06519,144.6391421565983,-0.3010753009629769,-0.0815048681363334,0.3706504452035123,0.6689709518508595
Ptuh,OG_06520,466.05213343437396,0.20897313243778143,0.08763121843032992,0.4199300541153976,0.704752177776276
Ptuh,OG_06521,163.11263102778443,0.7797163575225509,0.44490388458129915,0.01517892216104934,0.15893884955811466
Ptuh,OG_06522,385.7665610159623,-0.2517477775291524,-0.04587219871777457,0.5490751613219658,0.7956215051751292
Ptuh,OG_06523,631.4791213065382,-0.3619365147486802,-0.14894698645014723,0.17541778481522757,0.4837804908387802
Ptuh,OG_06524,109.11562127464553,-0.17144797304475493,-0.035744347328846834,0.6409258228436775,0.8451337666358326
Ptuh,OG_06525,151.90776159230904,0.34845034862560187,0.10088506959469094,0.2962809401292285,0.606219294496769
Ptuh,OG_06526,210.52424229624032,0.8255954027767033,0.27816713932247267,0.029621859329834053,0.21379476593718907
Ptuh,OG_06527,174.68083901340802,0.2649400599135098,0.07904390983581275,0.4044162116405493,0.6937984786366757
Ptuh,OG_06528,200.93997572347513,1.0763843402276978,0.782387923315519,0.0020692416054269207,0.06323524428700665
Ptuh,OG_06529,181.0931374159458,-0.13996130984788563,-0.06285456519670125,0.5353580533305289,0.7876404346643886
Ptuh,OG_06530,571.5887119223448,-0.26672412182697025,-0.1773105399066779,0.12113752819419392,0.4113154295981986
Ptuh,OG_06532,4513.406511500232,0.6412080046632007,0.21053983859092423,0.058059681593319236,0.2943151639150432
Ptuh,OG_06546,2455.3825251239077,0.7190264320384964,0.5642676630151334,0.0018151858489226542,0.058168144260570494
Ptuh,OG_06547,302.74498887083575,0.21185682275466994,0.11281974426122943,0.29761330899182764,0.6071307492812396
Ptuh,OG_06548,57.22624380318959,0.28277302788480835,0.07351971608279369,0.4138135984672323,0.700299935867624
Ptuh,OG_06550,2049.3672661937408,-0.11154003196827088,-0.04969355912294127,0.6214726012104593,0.8337389519891977
Ptuh,OG_06554,525.0126855313215,1.3545746220689927,0.9496216723406904,0.0020287284475834846,0.06242015209014112
Ptuh,OG_06552,146.62108887128014,-0.35984161087279165,-0.10007594297062868,0.2868605438664952,0.5983836252798519
Ptuh,OG_06533,164.38666478977711,0.17101804070754148,0.04643783173461794,0.6044422754281251,0.8239089312192803
Ptuh,OG_06536,107.4632273735999,0.3190791626466809,0.08220508724302732,0.3575345800857598,0.6614779202806693
Ptuh,OG_06537,152.52336002634652,-0.623092124477666,-0.19732899902887013,0.07752608059027735,0.33368042390909036
Ptuh,OG_06539,789.3471319231672,-0.0841581474499144,-0.017935454342568585,0.826673947180478,0.9320701826427676
Ptuh,OG_06540,262.75423398129936,0.13640487655009007,0.0630986824575494,0.5153082302484233,0.777274413042327
Ptuh,OG_06541,356.7421574348266,0.08261446066079105,0.01946815667013003,0.8214775854637156,0.9291406041233182
Ptuh,OG_06542,1164.3901037703633,0.44242555030056124,0.2435753032385131,0.06303742718050924,0.3055601768865072
Ptuh,OG_06543,230.41248223768764,-0.1761832152874947,-0.062165086338360806,0.5118526085928445,0.7756338958191356
Ptuh,OG_06544,794.7568098059546,0.21842716842689935,0.12333985669506795,0.26231809072450435,0.576416635390885
Ptuh,OG_06545,321.8300403047597,0.040997288130776396,0.01530781271896424,0.8944905704068784,0.9574525259714688
Ptuh,OG_06555,606.7368653182724,0.08194854518778943,0.055703434911879186,0.5701618025591284,0.8063171656451391
Ptuh,OG_06568,142.1613409265403,-0.2654469114804151,-0.05368683447743553,0.505767688130903,0.7723732956387919
Ptuh,OG_06570,6.978743626084763,-1.2377425789101666,-0.048976725882876486,0.14336586146930966,NA
Ptuh,OG_06560,41.36647154525907,0.2648629779133433,0.038484808139853464,0.5859840807689491,0.8145023975021614
Ptuh,OG_06556,179.86226024857498,-0.25025006209734874,-0.052616707697955456,0.5250511823590773,0.7827010807591811
Ptuh,OG_06557,69.40324806366668,0.22076319992365664,0.052789013323600996,0.5510247138667006,0.797155344149237
Ptuh,OG_06558,798.1943557904406,-0.2715909253312377,-0.14929758853552624,0.18867635951873207,0.5005434692386981
Ptuh,OG_06559,400.88834451182413,0.03099022344877468,0.021447213699831203,0.8742554795959654,0.9499907271566139
Ptuh,OG_06562,432.6828150744412,-0.19371986961884954,-0.06858027487680704,0.4920319849611256,0.7614358561835206
Ptuh,OG_06564,557.428188505892,0.2572406581682366,0.18238612770611667,0.08960085835175358,0.35941922018095956
Ptuh,OG_06566,688.9260622939598,0.09494666019041524,0.05755618257905478,0.5679752879216052,0.805216384813067
Ptuh,OG_06571,814.2827387426627,-0.5043493510823,-0.09421567420035794,0.2223817258652961,0.5418839644327387
Ptuh,OG_06573,856.0707465814575,-0.09829362500404759,-0.053218949308850676,0.5721659616711786,0.8073800056719471
Ptuh,OG_06575,184.751960378997,-0.16401570109924873,-0.058046176049307965,0.5558737662858741,0.7987275843146604
Ptuh,OG_06576,794.8430647180902,-0.6468105031362645,-0.20076652603892756,0.0684855470611675,0.3172827417585567
Ptuh,OG_06574,5930.503068211981,-0.05769811113382711,-0.034618285074489885,0.7271851452398768,0.8913476116306341
Ptuh,OG_06578,41.09558301070626,-0.10853387004211244,-0.02654665372943163,0.7575542244447367,0.9045487168144973
Ptuh,OG_06577,126.71036092716506,0.5394360368732489,0.13458378655976674,0.15537477699574737,0.4591593216588378
Ptuh,OG_06579,21.38544935687843,-0.11890255815336172,-0.008004406003837804,0.8651460257528103,NA
Ptuh,OG_06581,55.132769168396194,-0.18016157837921223,-0.03330942676282481,0.6668717924465242,0.8590768070928865
Ptuh,OG_06580,339.8199672409518,0.0837914602562704,0.04028152688001877,0.6986598141244152,0.8786756413966702
Ptuh,OG_06582,435.58772987086235,0.4281954332187401,0.3391863445490262,0.007544217432937184,0.11634114760803187
Ptuh,OG_06583,599.2396250665287,0.19594762060808488,0.09252021839433822,0.37604417833847736,0.672192624395569
Ptuh,OG_06585,299.253535546127,-0.41291401018660084,-0.08700605096330634,0.2898881656602386,0.6007334344294227
Ptuh,OG_06588,248.61321146884563,-0.2291934239859576,-0.12409887277279695,0.25789350123168975,0.5728148764315621
Ptuh,OG_06590,82.83782192632314,0.8656693914593565,0.5383512166063602,0.009015078332905707,0.12866562218997524
Ptuh,OG_06593,17.26442788275036,-1.327562565902336,-0.10528726821826721,0.04678612295218723,NA
Ptuh,OG_06592,832.0197338606583,-0.4186756739658883,-0.07633741425253163,0.3104217752023996,0.6193848014611789
Ptuh,OG_06594,157.38947205572555,0.7591911717716207,0.3805728662527034,0.020002539310419842,0.17657127216640883
Ptuh,OG_06591,98.35919436550373,-0.3976879701519914,-0.17288874412742983,0.13065386395188,0.42753415177967263
Ptuh,OG_06595,31.613866582541878,-1.0115203392403427,-0.38032984925072233,0.017057534553384646,0.1669110374916765
Ptuh,OG_06596,5.373333163516898,0.648734059382437,0.017659215929350654,0.5255204989857769,NA
Ptuh,OG_06599,1294.861654322354,-0.6027967549654232,-0.19777240785622002,0.07590793335982744,0.33056931799572037
Ptuh,OG_06600,16.28494968555096,0.5897827803949525,0.06204512612860449,0.30659430051751174,NA
Ptuh,OG_06601,156.8995513500014,0.3969570034560383,0.07741316960700467,0.31399319858251123,0.6227067357222525
Ptuh,OG_06602,143.03571078111733,-0.5815065561558745,-0.3716967167024265,0.01888391764271662,0.17402800546175068
Ptuh,OG_06603,87.27668842565254,0.6039714322855507,0.20715544380144985,0.06833976057717918,0.3169531659319528
Ptuh,OG_06605,109.91395537677244,0.5380630901490387,0.11867576326978599,0.1698364530054845,0.47693490705111585
Ptuh,OG_06606,1002.0070349237466,0.17293176837190985,0.05021539597457486,0.5596067529586808,0.8002125263649936
Ptuh,OG_06604,246.66546166041553,-0.5756227440865206,-0.01868002866997076,0.5159428725366452,0.7773929867958109
Ptuh,OG_06607,89.36739422869404,0.6437952706894587,0.2250598018343631,0.058582213160475995,0.29494270456203037
Ptuh,OG_06608,1848.090183053153,-0.42267252071609435,-0.10744430063589652,0.23810965986459123,0.5590601531292275
Ptuh,OG_06609,1380.5347011981778,0.186935607412674,0.03851137945639382,0.632334231103107,0.8398158102170136
Ptuh,OG_06610,369.126587452517,-0.2471687534397602,-0.08650378403091898,0.396065505610434,0.6857060700598993
Ptuh,OG_06611,3372.0769550517725,-0.18657728629341847,-0.08505840181939303,0.40955894518374786,0.6984056504472446
Ptuh,OG_06613,393.681300686586,-0.20527919350490245,-0.10350582639876793,0.3372905961267927,0.6449609867842205
Ptuh,OG_06612,1557.206685924451,-0.3007867329520451,-0.1622213678093746,0.15681110377413487,0.46057493535819793
Ptuh,OG_06615,218.97418927014812,-1.0355233863528026,-0.032020263616554745,0.22388095728455665,0.5432242280710788
Ptuh,OG_06616,37.887798075392936,0.18045806850415688,0.01848828587555666,0.7512056477982223,0.9010349759838927
Ptuh,OG_06618,163.18081386916512,0.3669140377065615,0.11274122692941187,0.25770284013275513,0.5728148764315621
Ptuh,OG_06619,229.60601797582044,0.5468800443419729,0.26499049075486575,0.050384095852139134,0.27515224564396495
Ptuh,OG_06620,682.155189567498,0.4870769398328976,0.28539146541530513,0.042067488396798074,0.2538661030247819
Ptuh,OG_06621,48.6567744157354,0.271016068964104,0.1011150566897187,0.3230485488897768,0.6315212424429062
Ptuh,OG_06622,1281.4167718453382,-0.9814118206750502,-0.6731453703423244,0.0032627687809161365,0.07755976354789396
Ptuh,OG_06623,34.53160063047924,0.5962462633881944,0.12813552917147772,0.15118725450492657,0.45418340846918887
Ptuh,OG_06624,967.6770755245559,-0.2850860565700912,-0.1296852124435295,0.23393331025201336,0.554049535096946
Ptuh,OG_06625,440.0523777203975,0.07382367251064358,0.027188561803521964,0.7828682539216096,0.9142083358061531
Ptuh,OG_06626,1945.9166722885466,0.1006042153981878,0.018956321074357112,0.7970020320036255,0.9195801492526875
Ptuh,OG_06627,638.1449383084538,-0.4528131033281506,-0.11833888655183086,0.21450258212629297,0.5315609493281576
Ptuh,OG_06634,693.5859701968873,-0.05553918034132097,-0.03177635083366656,0.7666337872725129,0.9082685776433281
Ptuh,OG_06638,61.62219290260331,0.3476320146706594,0.058681041747501356,0.4356923960392803,0.7151830703376102
Ptuh,OG_06635,630.3804250702115,-0.45450570707481486,-0.11168459705918243,0.22360590911951775,0.5429972491401043
Ptuh,OG_06636,39.60180992681793,0.3068977072817741,0.0697070162300059,0.422331665249103,0.7068565237014335
Ptuh,OG_06639,210.28155292498218,-0.6014859218047676,-0.26837934516382406,0.047018560991686206,0.26530340195441815
Ptuh,OG_06640,12.056543998554291,0.32648555638506793,0.028832370844445194,0.5971323031709366,NA
Ptuh,OG_06641,550.1159822046479,-0.11564885525489989,-0.034012546165880696,0.7036587973963485,0.8802278561256186
Ptuh,OG_06642,112.50657748605248,0.7362696351972234,0.4611717001488066,0.010890155895178883,0.13894457363670248
Ptuh,OG_06643,94.47309486186568,-0.37399030230804364,-0.11393944879655798,0.2466643525316352,0.5660300057955991
Ptuh,OG_06644,379.39887775339986,-0.37981779520395353,-0.10914635467582139,0.2498830559570154,0.5681005329181634
Ptuh,OG_06645,409.26136931411526,0.5351968584721247,0.33051448104380615,0.024328884651473325,0.19472279779482704
Ptuh,OG_06646,89.06646022549667,0.46599617840648594,0.1085758648987219,0.22086995779581667,0.5403709828873741
Ptuh,OG_06647,1190.751505278006,0.12845806461373357,0.09564631488082222,0.3082946964568764,0.6176235797416987
Ptuh,OG_06648,1147.0748919566886,0.3229592410225347,0.22426647247850667,0.05732830064879703,0.2929193315942144
Ptuh,OG_06649,114.58369744445804,0.22808327763883565,0.07015064448985647,0.44601345669758774,0.7240577851798728
Ptuh,OG_06650,84.53938461055557,0.4595005328884155,0.10806740030180123,0.21439152693141775,0.5315609493281576
Ptuh,OG_06651,12.618307100329348,0.5650137005880426,0.046897742297601124,0.3807196352974754,NA
Ptuh,OG_06652,29.123007344405487,-1.014423802913306,-0.19604613380154,0.03411934343307982,0.22966291982525036
Ptuh,OG_06653,112.88536643924272,-0.6681847076517045,-0.12689020556840136,0.12793921515039278,0.4230873155364101
Ptuh,OG_06654,634.1782228395477,-0.20899707605878004,-0.12006526026521991,0.25848170118767616,0.5728148764315621
Ptuh,OG_06656,177.92571107927694,0.12839647622206604,0.04952397560029975,0.6176025963553968,0.8323504956194289
Ptuh,OG_06661,65.03842750446273,0.5547635431629849,0.09805321517101408,0.20999118739325878,0.5265458615841431
Ptuh,OG_06662,281.3103605096108,0.5017004796174946,0.18636729697553056,0.1063700193572974,0.3864295792457692
Ptuh,OG_06657,208.20939456991937,-0.3356000790535462,-0.13890591479713618,0.1983682049121365,0.5115152601013742
Ptuh,OG_06658,448.83311043241935,-0.055552462330257416,-0.02570122579840518,0.7980286173232322,0.9196443232879479
Ptuh,OG_06659,388.3207718982757,0.06757796417287111,0.028258234862380265,0.7775923251630421,0.9132713569253074
Ptuh,OG_06660,33.01114939253679,-0.6851914419277294,-0.10326215480263409,0.15337801555495742,0.45765499230242385
Ptuh,OG_06663,962.8409550884264,-0.8732971455319977,-0.6539364934760068,0.002458916586782307,0.06545805534468761
Ptuh,OG_06664,313.8832016576642,0.4502447109079699,0.22880406612543472,0.07438754679147372,0.32886644260358644
Ptuh,OG_06665,11.294603964510348,-1.0313284662494973,-0.0532981487101875,0.20437825119724007,NA
Ptuh,OG_06667,123.22753750357174,0.08228917562767277,0.03098150084579052,0.7404700205475282,0.8969541115372833
Ptuh,OG_06668,44.221911647881676,0.6565824343361395,0.17639265788749423,0.08505574641087066,0.35045665165807
Ptuh,OG_06670,935.6709720529828,0.47175949432551645,0.33790644349561083,0.01104822327158614,0.13894457363670248
Ptuh,OG_06669,3271.3682235164943,0.3585194896670043,0.12778530159229484,0.21816203691100394,0.5368209040463212
Ptuh,OG_06677,69.25194385510963,-0.22887745352876776,-0.06548274599457192,0.47635865935292643,0.747042979727618
Ptuh,OG_06678,1154.2793412954632,1.2324441056132553,0.29955497500918454,0.009434749637021855,0.13021199784632137
Ptuh,OG_06672,64.36977210119774,0.4513133460233554,0.1227970208946029,0.20033700564971288,0.5139874469984822
Ptuh,OG_06673,215.70632923608153,-0.03693086984988965,-0.019917214636280503,0.840164369965377,0.9363091640086589
Ptuh,OG_06675,279.3866480255128,-0.1905036903855771,-0.0898913030674664,0.38951876852355694,0.6796370212249939
Ptuh,OG_06676,651.1666296433682,-0.39609837191724384,-0.1668566471696556,0.1331357744531612,0.4308647090915567
Ptuh,OG_06679,522.8175255099765,-0.5393783897035221,-0.40900303957384637,0.006080212720682225,0.10289114769895166
Ptuh,OG_06680,255.4443571460373,0.022408433880381926,0.0030410476493254175,0.9534418830675991,0.9790668628265378
Ptuh,OG_06683,1485.1005983537123,-0.31146683817082266,-0.2287379031166946,0.04372718456453607,0.25762029533019476
Ptuh,OG_06685,40.89309174206676,0.8876150785887215,0.08165133078476149,0.15083404269888961,0.45418340846918887
Ptuh,OG_06686,153.48958498119498,0.12493996622825987,0.05191394282288193,0.6028417746634335,0.8231761296738828
Ptuh,OG_06689,3009.3305673904483,0.0804762496978438,0.014055996902605306,0.8439382578481811,0.9380528384354391
Ptuh,OG_06691,586.4744988323625,-0.2640059018030097,-0.06708793374474897,0.44226756934779565,0.7210090610292725
Ptuh,OG_06690,276.74905573209816,-0.17707960462898628,-0.06494490911720371,0.5108089445726984,0.774731023986521
Ptuh,OG_06692,290.32526918349566,-0.23827826135416502,-0.09673506327250345,0.33721171990827276,0.6449553886173541
Ptuh,OG_06693,134.84001672331277,0.14903419773479076,0.061534172088993234,0.5420493369508286,0.7924054001353824
Ptuh,OG_06694,53.6659795382767,-1.2899029736017151,-0.8225473456004967,0.002879639803892953,0.07298399112857791
Ptuh,OG_06696,144.85391514673512,0.044484411174787415,0.009257530708055418,0.9049475732420886,0.9613228411273226
Ptuh,OG_06697,356.2771810786576,0.313865005990243,0.07481289133595173,0.39505532687863315,0.6845996960496827
Ptuh,OG_06698,88.75994940974068,0.48516607034105,0.2081291831855418,0.08870085193249581,0.35828547565665864
Ptuh,OG_06700,1842.377194162663,0.03050041378126992,0.013121680368794951,0.8765156479485088,0.9510007664614164
Ptuh,OG_06701,1653.5572548554132,0.3117967630853468,0.21285321589887773,0.07341268917264299,0.3270831880661513
Ptuh,OG_06704,281.493214067688,-0.21350517493616464,-0.09368101042862888,0.3615487741467604,0.6627145767242629
Ptuh,OG_06702,86.97006328001719,-0.8018484594226135,-0.14411189875335764,0.08679019815944056,0.3539972923967191
Ptuh,OG_06705,96.33070787270272,-0.2698932667895093,-0.047729163231210014,0.5362821889426521,0.7884970311552157
Ptuh,OG_06706,281.06030694945014,-0.008979474683905841,-0.003180071732387415,0.9755253233921043,0.9891535577606866
Ptuh,OG_06707,501.13915420409296,0.4076256412007046,0.18783733827245105,0.11862899099054572,0.4061407090035421
Ptuh,OG_06708,412.2319748318569,-0.2622657056010312,-0.09290854726730571,0.35428414130733643,0.6593178985656212
Ptuh,OG_06713,76.17305127302187,-0.797033784071093,-0.029838129302841857,0.39213147959569583,0.6819538244371594
Ptuh,OG_06719,814.3898007809563,-0.877173967801318,-0.44979370109098116,0.013956551362092602,0.15512962587289317
Ptuh,OG_06720,129.57817362882204,0.10818807478375075,0.029664229086448935,0.7445332655914104,0.8986038219730326
Ptuh,OG_06721,43.06634038343327,-0.262444313865069,-0.030318799928534815,0.6130197940302899,0.8299464184231283
Ptuh,OG_06722,183.94881603973394,-0.38882934183862417,-0.1488096509591375,0.17809473567513476,0.4874523805024588
Ptuh,OG_06723,149.97375875763484,0.04177453010980403,0.01765807300118885,0.8560267263729299,0.9421708849133812
Ptuh,OG_06733,75.46983538371062,0.4024292384826267,0.0919785919415536,0.29342778125044905,0.603777251848513
Ptuh,OG_06724,73.76533140009694,0.005670534597877314,1.643627267411575e-4,0.9858318093489207,0.9934661716763612
Ptuh,OG_06725,487.3111530955639,-0.4673938092327811,-0.33279613260946755,0.020892412288771905,0.17957324408527428
Ptuh,OG_06726,412.16743970907584,-0.20794954707625124,-0.11294491249236817,0.3123229806392908,0.6212010488664965
Ptuh,OG_06727,6.71825866405333,0.43289989845471144,0.03163498601687357,0.5402072906615683,NA
Ptuh,OG_06728,21.238944100547638,1.192403061115467,0.1053857898001391,0.06702227495102227,NA
Ptuh,OG_06729,96.43905225400874,0.09607553125382862,0.03449038733448314,0.7327515078722509,0.8931382221649411
Ptuh,OG_06730,58.18352015619417,0.0520357821395418,0.014759941154876055,0.8789051810088054,0.951876392950743
Ptuh,OG_06731,749.4281211380058,0.2090263553468113,0.09264103272793178,0.369561600295686,0.6684381490332195
Ptuh,OG_06714,346.0100364708933,0.08210064046440661,0.024995756503689907,0.7839308235210871,0.9148128374668837
Ptuh,OG_06715,116.63721026335043,-0.30379508424161233,-0.11292392094894815,0.2781588227731598,0.59052863895044
Ptuh,OG_06716,765.6423873855256,0.049968275548498815,0.017184765884005176,0.8598007251703353,0.9444351000060132
Ptuh,OG_06717,359.1951491512097,-0.26553265974145923,-0.052275497876122755,0.509763947006439,0.7745420357807622
Ptuh,OG_06718,2704.3034645823304,0.37592916585658676,0.1322196641275156,0.22128947849885802,0.5406185993706278
Ptuh,OG_06734,262.39630347851175,-0.3054758836447776,-0.10782531055281858,0.2884023263682188,0.5998316325052446
Ptuh,OG_06735,165.96971844116354,-0.08346377627835584,-0.020589975261356138,0.8125898813409439,0.9250017791350261
Ptuh,OG_06736,72.48517387031902,-0.6402618767774876,-0.151793559264961,0.10808444910906624,0.38925069628252357
Ptuh,OG_06737,140.54004997475687,-0.5848125815850916,-0.24652899706544767,0.05162692566327692,0.2776391577530224
Ptuh,OG_06738,1417.9179076744792,-0.5922119015481252,-0.3847867674353117,0.015614157952204603,0.16090868067773942
Ptuh,OG_06739,14.897702937437865,0.5051758912927043,0.04712420601469552,0.40286099533248376,NA
Ptuh,OG_06740,86.86058587379964,1.1055619182760341,0.7265089050321074,0.0034440551349359293,0.07904571947534031
Ptuh,OG_06744,102.65554716611587,-0.24540288179934924,-0.09445569148473616,0.36298712625188806,0.6638563296922149
Ptuh,OG_06741,268.8417442075449,0.2300806769208036,0.09220213407098522,0.36764509434997916,0.6677710514406199
Ptuh,OG_06743,641.517681728784,-0.9385864093940961,-0.2255356771769041,0.026371075592429228,0.20200857463196714
Ptuh,OG_06748,205.45009358322062,0.7785811881229099,0.5816333701639932,0.0032795827666805737,0.07757720572326304
Ptuh,OG_06747,94.4098348051223,-0.7489844086052264,-0.4834824831001631,0.009236462315352065,0.1296530567113552
Ptuh,OG_06745,282.74890110704484,0.252260238317976,0.08985415430304358,0.3929522164887859,0.6827014914759761
Ptuh,OG_06746,200.92466906156818,0.29736765115404606,0.1525426471705739,0.17905864962017123,0.4881431950479917
Ptuh,OG_06750,123.9621810616198,-0.41893265501182586,-0.09714912580312489,0.2724376183394451,0.5849659304522296
Ptuh,OG_06751,136.28581657975053,-0.05272492938690176,-0.016611241698203112,0.864427284997918,0.9462124908742355
Ptuh,OG_06752,247.28107703520197,0.12673500017277897,0.05035901743823662,0.6115175871162718,0.8292227903157073
Ptuh,OG_06753,636.6322649742322,0.27408135980418713,0.1484010962253168,0.20040184138153255,0.5139874469984822
Ptuh,OG_06754,493.70514399987525,0.04422275327885472,0.014042128083077301,0.8817982571215772,0.9528906030310639
Ptuh,OG_06757,10.89772389258172,-0.5849267972906885,-0.04082675610172843,0.4050863712147879,NA
Ptuh,OG_06755,1324.998915127002,0.2827596615532032,0.16635768257609926,0.14539945260014753,0.44611376472224956
Ptuh,OG_06756,246.28660710721547,0.08860487673492014,0.046076242414763616,0.6499563200566252,0.8487512025097433
Ptuh,OG_06758,424.5568577183891,0.4936725559745726,0.33577762780405024,0.02075276371396169,0.1790980380680515
Ptuh,OG_06759,585.5837751031364,-0.23551547835615236,-0.11042923188416325,0.3038000074891541,0.6136702339671495
Ptuh,OG_06760,136.38486386516806,1.4691621348705688,1.2281525370479756,9.332560313028799e-5,0.01834782321003979
Ptuh,OG_06761,419.70888161918333,0.42590375064239455,0.1369952798563818,0.1860755138423097,0.49577644031187973
Ptuh,OG_06762,251.25547278985695,0.08152218064647056,0.04430124712614848,0.6463368590813872,0.8466348271968478
Ptuh,OG_06763,1382.825977174878,0.04775620428747407,0.014965705550751558,0.8697693524000452,0.9482444218508551
Ptuh,OG_06764,272.34144823298533,0.2099556610494958,0.09657139737779229,0.3554440233064433,0.6601100018703567
Ptuh,OG_06765,639.8715652408933,0.40309002683256173,0.14955834925914616,0.1674471083977085,0.4736711673928516
Ptuh,OG_06766,176.74641723754203,-0.0724203630445515,-0.017119936867771374,0.845698712936974,0.9387808457857232
Ptuh,OG_06767,76.63134023457114,-0.03272274783684051,-0.005053926277538373,0.947126227564939,0.9771590237494183
Ptuh,OG_06768,1043.28357821179,0.24036556343693932,0.07610358919147356,0.4179656952874869,0.7033163149624042
Ptuh,OG_06769,298.3921821263811,0.04668714374824761,0.014595222461019316,0.8526529544016281,0.9405987124939759
Ptuh,OG_06770,196.30166906621528,-0.14715789810449992,-0.04671269676476776,0.6143138336946163,0.8304286971879469
Ptuh,OG_06771,215.6046265414034,-0.013514116512282728,-0.005059204104357407,0.9574420202154649,0.9808136864790458
Ptuh,OG_06772,318.7909897667076,-0.8354172478168513,-0.42898561014681386,0.014486959699322066,0.15743773299582042
Ptuh,OG_06774,69.91347908964828,-0.030092321131456993,-0.0054407299867707684,0.9253460231653854,0.969051477213029
Ptuh,OG_06773,981.9752801093948,0.26381343743297436,0.17666381322655084,0.10661297923361326,0.38648719954594024
Ptuh,OG_06775,278.8842667872858,-0.005161856801867365,-0.0010646619846368488,0.9862128859198923,0.9934661716763612
Ptuh,OG_06776,1454.8177197097764,-0.301894462771881,-0.07492164315052088,0.38574350903590193,0.6775044216614021
Ptuh,OG_06777,215.12843660257457,0.29726270433591595,0.081739889470812635,0.38885281780555564,0.6795921236478244
Ptuh,OG_06778,186.59863332308845,-0.10864911887075443,-0.013221807065198495,0.8356305077190642,0.9345679272422355
Ptuh,OG_06779,756.024112850558,0.28861108911336764,0.16378029716655107,0.1557046920929012,0.4591593216588378
Ptuh,OG_06780,160.72306929525433,0.16117175871589798,0.03163650669441775,0.6750093281494625,0.8657573198376733
Ptuh,OG_06781,1206.7798234165641,0.2266656534093815,0.12451201581450637,0.26323043818559805,0.5768652596315093
Ptuh,OG_06782,4226.582707347673,0.5521805997650493,0.08200472910689237,0.2448931364719185,0.5656304856540516
Ptuh,OG_06783,47.867690357033496,-0.4388140073573891,-0.07036247627770008,0.3379759812719118,0.6456899961667211
Ptuh,OG_06784,41.26377836964941,0.05505499880621636,0.010144389014242552,0.8964426142078048,0.958402452455329
Ptuh,OG_06785,93.14518194022675,-0.09229677083205226,-0.023064424583756914,0.7841676033800827,0.9148128374668837
Ptuh,OG_06788,142.53129986302739,0.8306764059866405,0.4268130225753629,0.01586066081508452,0.16163723676793554
Ptuh,OG_06789,191.33853335689608,0.5194610971031385,0.15746412812614677,0.1229679916227491,0.41553688215693807
Ptuh,OG_06786,354.70387322012033,0.23619749851316094,0.13671271981857774,0.21794693601064943,0.5367765024949057
Ptuh,OG_06787,179.8087755419062,0.2882603729935703,0.09570942053295615,0.3398384095610233,0.647645371183171
Ptuh,OG_06790,1508.2116834198687,0.5850754724363575,0.23589692527330716,0.05514749094733703,0.28769949689649005
Ptuh,OG_06792,255.10766099460008,0.26573655947706437,0.11239798218904884,0.28909650618685645,0.6003931353726547
Ptuh,OG_06793,110.05502749955625,-0.09945608976915332,-0.027416637038492984,0.755786073947738,0.9036345015722126
Ptuh,OG_06794,263.538627562411,-0.10867411709665482,-0.05804427720139028,0.5635662578622448,0.8032569086549485
Ptuh,OG_06795,149.90671365478707,-0.731236228769526,-0.16404877249200786,0.07113395232672833,0.3226867110889834
Ptuh,OG_06796,14.188735491551032,-0.3424147910248681,-0.018601151553484584,0.6546310521070536,NA
Ptuh,OG_06797,923.7826341776602,0.06262024941656393,0.03806984100032555,0.7080926789934098,0.8815255712054666
Ptuh,OG_06798,671.4693837043752,0.289586590634855,0.2008352409688172,0.08121676056742698,0.3419398764197273
Ptuh,OG_06799,148.17511361818282,-1.4781461356038983,-0.06817969458219822,0.0799756634173666,0.3390668419454146
Ptuh,OG_06800,1087.2664985153156,-0.3025226041684314,-0.11218240744783398,0.27895283415076516,0.5915005972545623
Ptuh,OG_06801,228.2675152325884,0.4085389479879341,0.15673036526220374,0.15722952607077081,0.4610350675304179
Ptuh,OG_06803,143.55294237879414,0.18464754331732394,0.08460788383273916,0.41682110008409035,0.7023062184511165
Ptuh,OG_06804,1212.232108719426,0.5657485762326652,0.41028830796532073,0.007868956072380142,0.1189024465598793
Ptuh,OG_06806,20.09423448794163,0.33237338122511423,0.040293818987456764,0.5311506974207061,NA
Ptuh,OG_06805,110.31637349663782,0.27964508354231754,0.0856277584659751,0.37919981892134413,0.6742388740117367
Ptuh,OG_06807,175.0322705958186,-0.3585344156539912,-0.18950625138872362,0.11545432150937403,0.40034222060335
Ptuh,OG_06808,101.89349184622802,-0.6881397071012104,-0.39103467654422364,0.020363397058905906,0.17807980219744196
Ptuh,OG_06811,175.08711597169682,0.08927617291868789,0.02901537936480626,0.7490096178216128,0.9006782320222508
Ptuh,OG_06812,64.5671221930369,-0.74436425513577,-0.15373181445407935,0.08735108158411911,0.355601814387507
Ptuh,OG_06813,169.3712089729691,-0.6672359042740387,-0.2942745258211944,0.03654030446938248,0.23832585680030416
Ptuh,OG_06814,214.96667379077297,-0.36930291965334083,-0.20510354283253726,0.10080301862837168,0.37688506390384224
Ptuh,OG_06809,13647.563682954338,0.3435707559095993,0.127905020803751,0.2205107668391494,0.5399391827847256
Ptuh,OG_06810,174.71046295873316,0.3252235560504193,0.21593533661740386,0.06951858811171578,0.3194544644181225
Ptuh,OG_06815,205.2823763799313,0.3919951888002271,0.1594134434671275,0.15474395895674273,0.4587774838370134
Ptuh,OG_06816,1351.5379764130494,0.12648911278967526,0.038365616103996705,0.6790870653018408,0.8678227189823344
Ptuh,OG_06817,66.99177997009221,0.689843781378008,0.22883518143888437,0.05537005769250196,0.28769949689649005
Ptuh,OG_06819,872.7730180791344,-0.3968458579564774,-0.30420992656716733,0.013607094090899705,0.15325125068954945
Ptuh,OG_06820,320.8719395660834,0.05988459335521022,0.0234211033845318,0.80664029010111,0.9234496901861547
Ptuh,OG_06821,253.5758718793433,0.042894863557237324,0.024776549452431264,0.8295663930629921,0.9326992996016058
Ptuh,OG_06822,296.95097636969143,0.12835919178289742,0.04085896483719458,0.6576042385939325,0.8537494563735933
Ptuh,OG_06823,136.35518159313708,0.0189285909002751,0.0037868453978758226,0.9650909747802381,0.9837470881530029
Ptuh,OG_06824,87.58208634006357,-0.7215920740503255,-0.14673732092329386,0.09128413475090093,0.3608868120598932
Ptuh,OG_06825,130.33395667547512,-0.39805415277955974,-0.11220593108258499,0.23943890082254388,0.5603150749916327
Ptuh,OG_06826,377.19444019638377,0.6550812034044581,0.5350887393052745,0.001165489445569717,0.04878033247070513
Ptuh,OG_06827,1282.9620668015393,0.3786361017280328,0.30765285377952717,0.008647706440398169,0.12474431044248355
Ptuh,OG_06828,245.36131660446304,-0.09684761866888139,-0.033157470280485796,0.729292722387661,0.8924506017941882
Ptuh,OG_06829,331.2487756843299,0.29905610102171215,0.1953791217992808,0.09516623518885342,0.36634255177866876
Ptuh,OG_06830,62.64997955998587,-0.4868553092428971,-0.19984190972771798,0.09598704916932617,0.3680009126618139
Ptuh,OG_06837,194.26141697112647,0.40931396802888087,0.22959160055362463,0.0725552083931466,0.32599938078021207
Ptuh,OG_06832,218.6583407812385,-0.16462245407805126,-0.051817952028899515,0.5765448739558177,0.8098648955129438
Ptuh,OG_06833,32.37316520048168,-0.36233734594731926,-0.06523488237919975,0.4038089038744278,0.6934256630665956
Ptuh,OG_06834,29.19734503732146,-0.10129726743739947,-0.011353719782777568,0.8518581440846692,0.9405987124939759
Ptuh,OG_06836,162.27323476907017,0.7789943615561621,0.045341221034873654,0.30649106132705256,0.6157374243646393
Ptuh,OG_06848,487.4086454284009,0.3458128872863585,0.1533486171577942,0.17185608367447794,0.4789102108945749
Ptuh,OG_06838,41.85173031753935,1.097759467514231,0.19005694977170592,0.02819637075825063,0.20965686617100063
Ptuh,OG_06841,42.201832886888106,-0.6612974398945656,-0.13693738665362865,0.11421187756681608,0.3988803381831094
Ptuh,OG_06842,34000.46111979555,0.9826911859405378,0.2927995297242213,0.018284662140748302,0.17176255630446305
Ptuh,OG_06843,59.36656713520198,-0.6604598216671425,-0.25426081962901265,0.051373151702872086,0.27665678362225
Ptuh,OG_06844,3595.795255750371,-0.430467798102811,-0.30124632790779415,0.02364556446294123,0.19132969949843487
Ptuh,OG_06845,27.412473847629997,1.2796443367649433,0.8929661378598265,0.002394074345713909,NA
Ptuh,OG_06846,819.9756905874261,-0.1953065035144684,-0.1112655638652832,0.3000519212885591,0.6092420306393023
Ptuh,OG_06854,111.16449229684221,0.4478001477011305,0.285387126437734,0.03752291263516863,0.2408500182145518
Ptuh,OG_06849,90.01351278762952,0.7803125487430634,0.29374706546608265,0.032671798654454534,0.22411059303200961
Ptuh,OG_06850,35.45311133007289,1.1117460361744547,0.13426320001394637,0.047356578219872325,0.2657977939478888
Ptuh,OG_06851,107.19050425819144,0.5765155803141794,0.14677677624922048,0.13216841231856202,0.42920617874157885
Ptuh,OG_06852,317.8978853168791,0.04502660735603459,0.01752953279649171,0.8434534927611047,0.9376791636158248
Ptuh,OG_06853,89.86191687859366,-0.7213901743350722,-0.325259488856097,0.02684716077051932,0.20352182352699616
Ptuh,OG_06860,148.88580263800324,-0.4759512429836526,-0.17277395270426008,0.11293032294330123,0.3972677309173629
Ptuh,OG_06855,131.90550795243618,0.8487561760949978,0.4490010377848113,0.01425116750523059,0.15621208354410435
Ptuh,OG_06856,37.72786599269318,-0.257913802833547,-0.037078171461360235,0.5883092303013042,0.8148624993832451
Ptuh,OG_06857,1718.3992012869624,0.2886362341786891,0.09915842918799168,0.312835260864921,0.621571603945931
Ptuh,OG_06858,253.63840941693087,0.2631112532110743,0.06469579687514443,0.4510907217544467,0.7281434578703453
Ptuh,OG_06859,35.77743962560965,-0.6678994107385317,-0.10534099873186112,0.15400826041246307,0.45792652220680546
Ptuh,OG_06866,89.29307819719227,0.49452276539327755,0.2260420156514419,0.07375461145404344,0.3279271707047588
Ptuh,OG_06867,10.806775420626622,0.11125425310172303,0.009376248169697706,0.867980836838459,NA
Ptuh,OG_06861,7219.90715441033,0.5240162369299479,0.19943368217125496,0.08666952691281445,0.3537827154625623
Ptuh,OG_06862,87.29577750885642,0.18126051601869758,0.06430347280657313,0.5152970137336534,0.777274413042327
Ptuh,OG_06863,315.94210039901355,-0.47923952574029155,-0.1451105341562204,0.1502882034007128,0.4535349762895712
Ptuh,OG_06864,1496.2324192252258,-0.4014014913092973,-0.29629164965203986,0.024561949945843303,0.19621832449680274
Ptuh,OG_06879,196.87510238240912,-0.035719835538695587,-0.017099648745801506,0.8797248455107113,0.9521465809067068
Ptuh,OG_06880,2598.2588769440345,1.1965650552275326,0.5857093444272831,0.006126443575248316,0.1030213046356608
Ptuh,OG_06881,110.20447532834554,-0.5714037184419433,-0.24293701226441541,0.06051500764125444,0.2999961733155474
Ptuh,OG_06868,241.40728961454266,0.31362677968186353,0.11256290065479443,0.27464865373089825,0.5872068477203457
Ptuh,OG_06869,328.6112186315856,-0.34873512052906636,-0.10748780730324814,0.25693648792503265,0.5728148764315621
Ptuh,OG_06870,162.93705623817092,0.08298970066962293,0.017022855043547995,0.8329358576815219,0.934065856034683
Ptuh,OG_06871,3313.8206163227733,0.2960894193910647,0.1983037711842508,0.09584866524255917,0.3680009126618139
Ptuh,OG_06872,1689.015229927394,0.29468827416038584,0.12782497256328101,0.23866433877926463,0.5597176373691012
Ptuh,OG_06873,275.4076802289511,0.1423322721802651,0.07455292703841723,0.4727316646733381,0.744439361453592
Ptuh,OG_06874,278.5984623569386,0.5911054893125546,0.15021651099477898,0.1179062353150673,0.40569681940662544
Ptuh,OG_06875,191.44471613278535,-0.06271032902286733,-0.020622067044230703,0.852807209031833,0.9406466838678175
Ptuh,OG_06876,92.75322392843805,-0.05168350364613903,-0.007161269278842032,0.9146416452800631,0.9648665723614086
Ptuh,OG_06877,94.97035896464679,-0.6980927772627067,-0.1160655427238843,0.13176744513461464,0.42888299285614184
Ptuh,OG_06878,10.74800636081431,1.3203263180892297,0.21400703538479135,0.01768592551149196,NA
Ptuh,OG_06884,164.84418527129134,-0.2923680183205401,-0.10869962497099443,0.29239659816438296,0.6028239649458461
Ptuh,OG_06882,980.7503940828025,-0.3984492964503123,-0.1909417973849066,0.11130779699145646,0.39484237449343657
Ptuh,OG_06883,62.498486981055265,1.1211260750441252,0.79111492597344,0.002896326543844884,0.07298399112857791
Ptuh,OG_06885,154.21519949814927,0.22267423814210832,0.05172306600060268,0.5404245201336924,0.7909832859316297
Ptuh,OG_06886,29.452172296128175,0.0814998363726352,0.0207368387590044,0.8182752639264717,0.9284865768657934
Ptuh,OG_06887,43.49462165643567,0.08747886441358561,0.018160601940214478,0.8240893568239529,0.9306072896474744
Ptuh,OG_06888,95.13349460535038,0.6124944163930043,0.07983088272452173,0.22800504626672174,0.547109028792597
Ptuh,OG_06906,7.482600230879092,-1.6749352223462113,-0.04512819473897865,0.11530507080995282,NA
Ptuh,OG_06890,55.60789017720412,-0.519113673226002,-0.06589118143295006,0.31826503252892036,0.6259570034833021
Ptuh,OG_06891,1177.7638933207904,0.29652230391347406,0.03723867439896481,0.5342691477879431,0.786737137078312
Ptuh,OG_06892,533.5015781812633,0.11511293736437757,0.06614791019838945,0.5268714375984658,0.7839832220231595
Ptuh,OG_06893,44.45671616115989,-0.11648896448549118,-0.023903909169749944,0.7653301573509506,0.9073270551758024
Ptuh,OG_06894,93.31648420207227,0.044822329347348984,0.01320514237022353,0.885736157529698,0.953097469562898
Ptuh,OG_06895,775.9529180936539,-0.09707588489048682,-0.03460218371185462,0.7040920966579115,0.8802278561256186
Ptuh,OG_06896,551.015141485992,-0.40875968821091124,-0.23167462002428607,0.07212742516454282,0.32510939198370364
Ptuh,OG_06897,30.062792851349542,-0.25128510133678267,-0.03982222011964109,0.5801268087592791,0.8116186884059283
Ptuh,OG_06899,438.08997468998245,-0.07265224348385374,-0.023284883555143774,0.8094800635092443,0.9239632798445624
Ptuh,OG_06900,547.1735607530343,-0.3085006023306514,-0.14233775385503045,0.19731873901866923,0.5103962021768319
Ptuh,OG_06901,168.1312663821939,0.6347623232889318,0.37869632935698455,0.01997354876860103,0.17650938891735746
Ptuh,OG_06902,308.2314567045713,0.47109021038434906,0.3555975837186044,0.010009916139931775,0.13323543551771258
Ptuh,OG_06905,175.62078196677743,0.5763246394623948,0.30042730001790946,0.036950076397331735,0.23999706350361694
Ptuh,OG_06903,3064.4777739575416,0.2416908275284875,0.10761617766694202,0.3007662647060407,0.6100088655084064
Ptuh,OG_06904,2291.90420475819,0.2148002755188283,0.0860453349756892,0.40114884155840014,0.6907098884483481
Ptuh,OG_06909,107.35394086267101,-0.3039365076753346,-0.04038576393011421,0.5386814937576496,0.7896873757885291
Ptuh,OG_06917,264.93995378754073,0.2392203222683151,0.1485997593436563,0.1740365471285937,0.4815914551423459
Ptuh,OG_06918,25.301873435240292,-0.9891780433718251,-0.47943726038844614,0.01195305865301021,NA
Ptuh,OG_06919,44.78080924300708,-0.4372755478609677,-0.07470207846121771,0.32339785066262355,0.6317677818787668
Ptuh,OG_06910,257.0482628495076,0.31844851495174104,0.07789217723708132,0.37109308765677457,0.6690705945607919
Ptuh,OG_06911,204.8592208568766,-0.6971444501657146,-0.1294563983875198,0.11788552655991975,0.40569681940662544
Ptuh,OG_06912,123.04963212841842,0.2493230708015856,0.07733044970461915,0.41706668154133075,0.7023062184511165
Ptuh,OG_06914,263.2106974140009,-0.266078806868852,-0.18077128919774005,0.11165167184735063,0.3954503922185413
Ptuh,OG_06915,92.27745089811921,-0.1989740619354664,-0.08540184943444154,0.41193321718867104,0.6994091435733784
Ptuh,OG_06916,178.01633002372728,-0.11719399558101867,-0.054620968563077806,0.5934950814839142,0.8188349588443649
Ptuh,OG_06925,600.4948943230654,-0.7828003531120904,-0.3344037701121844,0.02138400141628392,0.1821393581013872
Ptuh,OG_06920,847.9342244123801,0.0309469350505137,0.01577315320188664,0.87823506222725,0.951557316499801
Ptuh,OG_06921,50.95560377787071,1.122344119455763,0.6744899381930413,0.0060464816565344946,0.10289114769895166
Ptuh,OG_06922,244.9951173641721,0.21088816830001006,0.031203742108851067,0.6512401091578032,0.8499048727475126
Ptuh,OG_06923,235.8464031400215,0.4566873798325741,0.1431869988749927,0.16464841969586996,0.4695638962444849
Ptuh,OG_06924,36.163984579311034,1.2388357518699187,0.12365525560039728,0.039604901590888565,0.2474796352537349
Ptuh,OG_06926,322.7315102278837,-0.16860919888641526,-0.06319774830194531,0.5235434673859714,0.7817709029438489
Ptuh,OG_06927,190.7810895164897,-0.422435542855705,-0.19798988723192404,0.10152321724273303,0.3784614402218125
Ptuh,OG_06928,97.75334167091013,0.13635662073067278,0.05180875505956588,0.6033961779704426,0.8234244146260654
Ptuh,OG_06929,295.72372655747824,0.4390671318843399,0.21728820124355908,0.08514593183138691,0.35045665165807
Ptuh,OG_06930,101.96984865516679,-0.580717179187673,-0.33470486044389286,0.025805584725582063,0.2005674116289246
Ptuh,OG_06931,728.3346473613859,-0.3520108040252799,-0.10630579549110836,0.2625004858695223,0.5766047920341395
Ptuh,OG_06932,319.4158440290105,-0.24206476871089183,-0.12024378710374388,0.2704684736041343,0.5831044909354666
Ptuh,OG_06933,400.4831743241551,-0.5249071322472199,-0.37534189031793763,0.011955332897329387,0.14380267275371267
Ptuh,OG_06936,385.85964500634014,-0.24126447331411383,-0.14779591417828597,0.19169871814003608,0.5050901378979791
Ptuh,OG_06938,16.851719668665673,-1.1573971757089587,-0.19674036163124747,0.028800109214112617,NA
Ptuh,OG_06934,135.91438841271824,0.7645431340268255,0.44042180581575385,0.015239061265120228,0.1593342753987267
Ptuh,OG_06935,428.0271798090609,-0.5749599733359918,-0.37273276327079286,0.016717756106762845,0.16527029669223525
Ptuh,OG_06939,467.88808277269953,-0.19994322153633853,-0.09498414653415375,0.37012690655721414,0.6689709518508595
Ptuh,OG_06944,14.444326612192734,-0.969400393141861,-0.12909170022751182,0.0790174128116303,NA
Ptuh,OG_06940,528.1896037333113,0.03316071925020042,0.014411459886649405,0.8929247070568532,0.9567551888445971
Ptuh,OG_06945,46.09650492988126,0.41652180334090183,0.060150692720368576,0.3728731382710018,0.6707135543735114
Ptuh,OG_06941,27.408396336814395,0.03307167216679459,0.002713642515579334,0.9582321301836532,NA
Ptuh,OG_06942,105.53611151611662,-0.16234107835840567,-0.027488833893972785,0.7134147096208473,0.884684245633796
Ptuh,OG_06943,545.9969348804717,0.2524029040085944,0.06162356665211378,0.48040705876713136,0.7508957745353358
Ptuh,OG_06948,73.68202124279192,0.23020311362983564,0.05422771590847417,0.5300585253895038,0.785691458137158
Ptuh,OG_06949,173.29113731867048,-1.055216669994221,-0.843578274315995,6.399889402518722e-4,0.039471710381856914
Ptuh,OG_06950,122.15872512206218,-0.49180449572718443,-0.19298936534773373,0.10215484904110415,0.37851973918426507
Ptuh,OG_06951,194.7880482012026,0.06622136596572464,0.024276414030957753,0.8034777112562931,0.9223962110487715
Ptuh,OG_06952,180.68548629491053,-0.2728725092434149,-0.07438529341382615,0.4186766359813593,0.7039006123052274
Ptuh,OG_06953,718.4480220907664,0.28201117644333734,0.08249031997618687,0.33537144349777287,0.6434645951611132
Ptuh,OG_06954,66.3290868300927,-0.4930108622768864,-0.14339885478107892,0.1574288128653884,0.4610350675304179
Ptuh,OG_06955,396.2801168368933,-0.25361575086458554,-0.0942891488571686,0.35396534142135466,0.6593178985656212
Ptuh,OG_06956,356.44811657691486,0.11688646336445316,0.05030380507989913,0.6349135637674046,0.8412556436628216
Ptuh,OG_06967,136.60686257056003,0.1217808200052816,0.027230691645942728,0.7414667110602826,0.8975844381498362
Ptuh,OG_06957,566.1343832182816,-0.30264783094558556,-0.05216848143278275,0.4813588115281307,0.7516916196206116
Ptuh,OG_06958,77.92845344609442,0.3388663917291633,0.12547828144002893,0.23468430855043135,0.5547986515632668
Ptuh,OG_06959,231.2854781772013,0.7354069998071296,0.43547659263324273,0.013161461763180502,0.15055791765419418
Ptuh,OG_06960,22.548842485051118,0.41339401179256247,0.05723162972518556,0.3995110316086606,NA
Ptuh,OG_06961,585.4597371258102,-0.8579006457997769,-0.4878357040377343,0.01157761299431194,0.14055512049019528
Ptuh,OG_06962,186.20105723084083,-0.7852663316285281,-0.3853801912745425,0.020272545206474684,0.1779685469480378
Ptuh,OG_06963,740.4694624965076,-0.6100612159214707,-0.4537989359937762,0.006312267889201497,0.1048997630432468
Ptuh,OG_06964,58.00500336437033,-0.0656642500231,-0.020614284393015592,0.821474557177863,0.9291406041233182
Ptuh,OG_06965,200.87626494107997,9.027726261415743e-5,3.016857029400141e-4,0.9997501860504123,0.9997501860504123
Ptuh,OG_06966,94.02294684947054,0.21596799499371272,0.06578961105922451,0.4883811763844535,0.7573855226877516
Ptuh,OG_06968,109.3391719069077,0.062079712820876765,0.018118536166334274,0.8302317931025679,0.9329386868727896
Ptuh,OG_06969,152.2398093058145,0.04473984781205047,0.02264068059402417,0.8270379107392174,0.9320880613960647
Ptuh,OG_06971,621.9393832320967,-0.3919966279057091,-0.16622578897717802,0.13875027455691574,0.43720494676709776
Ptuh,OG_06988,270.3813465210552,0.3718831923447547,0.10927020549436861,0.2431348620869347,0.5641260242738386
Ptuh,OG_06989,279.688195500603,-0.055443803933599024,-0.02520356175721021,0.8111200108384902,0.9239754948897123
Ptuh,OG_06990,956.3769134213146,-0.02327752544053853,-0.009148629927622312,0.924200235127026,0.9686198222261106
Ptuh,OG_06991,77.02618105439508,0.4138548068899635,0.0652659016003504,0.3694421319003272,0.6683788009017863
Ptuh,OG_06972,935.8433751070072,-0.26669812478179966,-0.14334694790518798,0.19847443321295957,0.5115152601013742
Ptuh,OG_06973,91.21049511627932,0.4435860257569333,0.07017615545918214,0.33625689583423174,0.6441898104531226
Ptuh,OG_06974,560.7101203098098,0.8254685709526601,0.314490009440452,0.02210365781527,0.18543920935025637
Ptuh,OG_06975,141.84965666464808,-0.1284995384963255,-0.046480080248150576,0.625759423151,0.8360523948077866
Ptuh,OG_06976,265.40759162145974,-0.8996665113287678,-0.6969088308708378,0.00127119589341635,0.04929221701777006
Ptuh,OG_06977,128.33229387643814,1.1078765082499216,0.7605444089670135,0.0027142262598236987,0.0703751450222675
Ptuh,OG_06978,6308.054587361441,0.6940448741974876,0.4313874874087801,0.012190016048384543,0.1451859975916992
Ptuh,OG_06979,190.0743752062767,0.572552200355281,0.275015955181417,0.0436687109306352,0.25762029533019476
Ptuh,OG_06980,836.2728594949115,-0.35027473916098134,-0.17298511209638984,0.1409609584676722,0.44044139315688663
Ptuh,OG_06981,330.41754597781556,0.335027635497506,0.15273260550658255,0.1790331773920937,0.4881431950479917
Ptuh,OG_06982,102.96976280314763,0.4468952157062014,0.11516686940461485,0.21312051028889506,0.5298772102773945
Ptuh,OG_06983,320.599415618762,-0.10756974747260037,-0.03733978025549755,0.6972673593232042,0.8779944269532399
Ptuh,OG_06984,739.518293092842,-0.37315771305795786,-0.14725064039987848,0.1711500330931549,0.4776432218437732
Ptuh,OG_06985,444.33628277985696,-0.46710117802141665,-0.1288216967354161,0.18545473471919455,0.49518378803297197
Ptuh,OG_06986,152.0863462119492,-0.5337966383735905,-0.1770914481167046,0.10053267163786277,0.37688506390384224
Ptuh,OG_06987,56.3634415694768,-0.4153268303573237,-0.11066844362027096,0.2405186543170687,0.5612620924409826
Ptuh,OG_06992,80.28559947398422,-0.7503143748416227,-0.22281816146170239,0.05005441254024893,0.2745152586861153
Ptuh,OG_06993,368.2440348354482,0.4658644845615537,0.10460752517901992,0.2288013572279415,0.54792568931945
Ptuh,OG_06994,554.1089939370399,0.30791497886379027,0.14882257349158912,0.18382843481024874,0.49308993542109414
Ptuh,OG_06995,360.1063255525661,0.1765390542704419,0.08708084116857698,0.4102965196040017,0.698900096087102
Ptuh,OG_06996,511.62926927588705,-0.28116779905061856,-0.19198261181752635,0.09999824441947094,0.376239595945976
Ptuh,OG_06997,108.56209011466136,-0.2567649074765768,-0.09554978341411166,0.34440805592591883,0.6516888694205109
Ptuh,OG_06998,2307.2828351139656,-0.759088822864277,-0.11557250282943218,0.11424249261013943,0.3988803381831094
Ptuh,OG_06999,12.423993436585253,-1.5530359026936043,-0.08740566479307005,0.0573923274228279,NA
Ptuh,OG_07000,1568.4850868790527,0.1282854015644876,0.012656386194170694,0.7619764998324394,0.9056305798718177
Ptuh,OG_07001,363.9528372126334,0.0163028178505662,0.00787942448110202,0.9357320286894475,0.9723964881072098
Ptuh,OG_07003,95.77687840609653,0.48069984512737735,0.11516959260318568,0.20697517440275662,0.523416670943481
Ptuh,OG_07004,482.04412796116304,0.30619568172383593,0.09930210557227127,0.3148200824351931,0.6236184138184417
Ptuh,OG_07005,42.75509539522053,0.7023852209434727,0.14415107231322405,0.09469353060490834,0.3652385696768704
Ptuh,OG_07006,440.4311820212287,0.41180504685892744,0.09797470015241538,0.27958051222938196,0.59206925432716
Ptuh,OG_07007,363.8902425346508,0.2874107574465404,0.13997101042882096,0.20303162295367824,0.5170495034988399
Ptuh,OG_07008,226.98517288619647,0.0550546545242466,0.024869815663671843,0.8058869862585867,0.9233125050334481
Ptuh,OG_07009,729.4281704855264,0.23271450984367437,0.11744850914376147,0.28018506079864475,0.5926105943467227
Ptuh,OG_07010,224.49622257121658,0.9314163346387833,0.6008323418659283,0.005600753263843214,0.09938010661690845
Ptuh,OG_07012,66.3585141201964,0.9502682647121207,0.6338318035147351,0.005055516608205741,0.09435482865249045
Ptuh,OG_07013,1293.0102130313924,-0.4304130154861782,-0.17108865072725912,0.1312421001446736,0.42834831659428163
Ptuh,OG_07014,389.0007971391424,0.1376347655702985,0.06654986380181996,0.5317640001472352,0.785691458137158
Ptuh,OG_07019,108.57797292342799,0.16866657229861554,0.03705170377070744,0.6535663237668149,0.8515012613420976
Ptuh,OG_07020,14.630740688651986,-0.022289600123897836,-7.806183908658222e-4,0.9789760827513622,NA
Ptuh,OG_07021,183.39592481419152,-0.20588186308097986,-0.055995043622993915,0.5344557397837503,0.786737137078312
Ptuh,OG_07022,58.63874942786228,0.7160615305115579,0.19477157809184872,0.06099574335974904,0.3011487515180168
Ptuh,OG_07015,189.6156684761783,0.37141409161567734,0.21381923270898612,0.08415486847103548,0.3484364422506257
Ptuh,OG_07016,186.76941657243555,-0.37592383149214337,-0.1127871014805327,0.2378110047454163,0.5590174376764865
Ptuh,OG_07017,90.06395714103058,-0.227677887720124,-0.08747153888824734,0.3846136469163508,0.6772350612944131
Ptuh,OG_07018,918.8513787718003,-0.03386603325241614,-0.013667562840338444,0.8828624591301432,0.9530947122311343
Ptuh,OG_07023,54.13851533069326,0.3450628326366354,0.05709452940368908,0.4444229303505938,0.7225265584059174
Ptuh,OG_07025,127.48246689312785,-0.2167694979344246,-0.11763661742491828,0.27666637044414016,0.5893226321711925
Ptuh,OG_07024,1544.3495640450683,-0.0635449857286095,-0.040389838646391826,0.7043274001853013,0.8802278561256186
Ptuh,OG_07026,33.648307951880234,0.1737886063707631,0.030799678000794795,0.6944406124797435,0.8766448165865888
Ptuh,OG_07027,154.3671515646128,0.08650775704291841,0.026132743939338975,0.7723081382915172,0.9113380260842815
Ptuh,OG_07028,371.2494573916716,0.5421284480919035,0.3790419775109712,0.012342059052680201,0.14617679982616497
Ptuh,OG_07029,1290.9767114178137,0.2489772054680909,0.10496265019689198,0.30705187756571095,0.6164266062146613
Ptuh,OG_07030,108.07493481207042,0.07121318545969611,0.021218429197138292,0.8202945771021117,0.9287146450600625
Ptuh,OG_07032,234.38907371776526,-0.3650514324382157,-0.17129958771656545,0.14289288662944516,0.4431349946915887
Ptuh,OG_07033,32.90143472547469,-1.607089597338758,-1.0593645679992107,0.0022899156538104754,0.06506161989299929
Ptuh,OG_07035,51.732771051692744,0.20524038791699936,0.0237711954802389,0.7069325734427431,0.8811640505224052
Ptuh,OG_07036,274.107662414544,-0.5149835193096173,-0.23413321793968156,0.06788083100994563,0.31655355131052076
Ptuh,OG_07037,1506.6819983261921,-0.18024420713465342,-0.0377141560230603,0.6376585669432246,0.84287878472643
Ptuh,OG_07038,1242.7273696055693,-0.47283054285673415,-0.2736931999313933,0.04672970896195184,0.2645322817696111
Ptuh,OG_07040,219.4213483827909,-0.10574731285240714,-0.032869112445960295,0.7329969882007739,0.8931382221649411
Ptuh,OG_07039,2657.6614721714595,-0.8326420421194803,-0.4801491753682849,0.011375802530361759,0.13966420691048845
Ptuh,OG_07041,195.88366014542711,-0.7330701640361003,-0.3065348130534553,0.027304859800879804,0.20483469030836687
Ptuh,OG_07042,360.4324481388194,-0.018566758575372974,-0.00789250215142588,0.9353011762195337,0.9723964881072098
Ptuh,OG_07047,308.65785881868567,0.12286274914885416,0.06044100574023912,0.5599439635095835,0.8002430390648575
Ptuh,OG_07048,296.2728820930896,0.12363224992416821,0.049497115502995445,0.6220666003969905,0.8339381944758065
Ptuh,OG_07049,173.1116074699765,-0.7433504273897676,-0.18394885148916135,0.062141028854776105,0.30408396196151555
Ptuh,OG_07043,1002.1646727292571,-0.2124042336752277,-0.1399379285919464,0.2084003827347161,0.5242410938384723
Ptuh,OG_07044,2778.5676994997193,-0.23175665300955905,-0.08918949358297219,0.3788652552945153,0.6737850781070207
Ptuh,OG_07045,669.7564875473524,0.0727383100388562,0.038076815932964865,0.7060267165780446,0.8810255188365457
Ptuh,OG_07046,1773.3961083227168,-0.42471553717872734,-0.2612056341063708,0.04954877515521907,0.2726948792081143
Ptuh,OG_07052,73.47624782525384,-0.4219007457789362,-0.051919727462527876,0.4104416796600575,0.698900096087102
Ptuh,OG_07050,7208.833159035494,0.7552468755223946,0.1156589933294233,0.09667215207767797,0.3687519766293662
Ptuh,OG_07051,595.5867765798474,-0.0455662339038208,-0.01208749587227736,0.8863399355851387,0.9532127705157675
Ptuh,OG_07053,428.7556281709976,0.09863730620883679,0.06564274910658537,0.5367942586550629,0.7885239308941003
Ptuh,OG_07054,1925.3430076162663,0.6447378454095769,0.505271909754002,0.0023840240405351883,0.06545805534468761
Ptuh,OG_07055,128.36886021629803,0.27960999574412976,0.049115903592490365,0.5183543513999005,0.7789533095183073
Ptuh,OG_07056,45.72001721213365,-1.2145696356944558,-0.3276655505064812,0.011586032070553072,0.14055512049019528
Ptuh,OG_07057,12.23442897155585,-0.5836784537112993,-0.054518149413022896,0.3426610856823063,NA
Ptuh,OG_07058,150.9403516995197,-0.099838216964638,-0.03872640080508293,0.6981175907891546,0.8784080771177335
Ptuh,OG_07059,56.962245690807755,0.22587047228594148,0.0557080187283235,0.5170106297282087,0.7780659140189116
Ptuh,OG_07060,107.6176462284182,0.11590023434661241,0.060748997429427055,0.5652398608570754,0.8041090003270556
Ptuh,OG_07061,133.4999039956819,-0.5845317049715176,-0.2777692756548358,0.044530838369048205,0.2595557972629593
Ptuh,OG_07062,1435.5975226937799,-0.550281701379633,-0.14746745976499834,0.12316087489153109,0.41569242829049363
Ptuh,OG_07063,299.819813920651,0.39535154904395037,0.11692369758669652,0.22760001534856777,0.5466004893495581
Ptuh,OG_07064,103.79234759721263,0.3326968128016515,0.132475358455476,0.2244966111003785,0.5434986180714155
Ptuh,OG_07065,369.2835989490352,0.2542708634602746,0.12309326130723819,0.2579205097375645,0.5728148764315621
Ptuh,OG_07066,227.24507331345026,-0.7251286021622425,-0.1843161458997663,0.06777152178817039,0.31655355131052076
Ptuh,OG_07067,62.95965063297805,-0.18741266097139953,-0.07488819695203425,0.4678577123941037,0.7401355614103444
Ptuh,OG_07068,48.067492855138276,0.07001876705951889,0.019057359374516695,0.8333492275242824,0.934065856034683
Ptuh,OG_07069,674.468457961203,0.5013752105916808,0.3179398582669486,0.028109900852794804,0.20921058548810997
Ptuh,OG_07070,1815.320302584523,0.643278657355854,0.4508058277295294,0.008111194626620001,0.12097479755517211
Ptuh,OG_07079,429.27584502593163,-0.5069976735954062,-0.35011648672615053,0.01997474361158508,0.17650938891735746
Ptuh,OG_07071,286.5471944904277,-0.135374878767659,-0.03242551548685901,0.7029646702047119,0.8798195990240846
Ptuh,OG_07072,459.31633801559553,-0.503974245223294,-0.27754847153540263,0.04435131434994039,0.25941549088957355
Ptuh,OG_07073,103.36993618368983,0.4276048714748163,0.20116935515963705,0.09971894806984545,0.37586032268492126
Ptuh,OG_07074,90.55283337471137,0.20470119135478307,0.06192463767635992,0.5063708310677064,0.7725657738819552
Ptuh,OG_07075,104.93488389553679,-0.46427410661963137,-0.26700711656029474,0.05092712245462148,0.27599300983691566
Ptuh,OG_07076,1175.4761813985444,-0.38532856245204333,-0.2260175737247931,0.06980309731886042,0.32023708415055757
Ptuh,OG_07077,6433.441407350539,0.8218417870141711,0.6675965705580379,7.337727176668014e-4,0.0410776762901117
Ptuh,OG_07078,1102.9028328950171,-0.3505020521031636,-0.1502941102621514,0.18432194765979437,0.49371912581742383
Ptuh,OG_07080,168.26521792618684,-0.5607058889656845,-0.26161070146686816,0.050830403509166885,0.2759535680348754
Ptuh,OG_07081,562.8726166085836,-0.285534999486262,-0.2142239376132742,0.04443914470558153,0.2595557972629593
Ptuh,OG_07082,357.37426164802406,0.5781142359162328,0.3343049537988483,0.025651185260765864,0.20039546019726193
Ptuh,OG_07085,117.26130358869773,0.29153806592382997,0.10501611778138084,0.3131025445362892,0.6216663100776638
Ptuh,OG_07094,123.74222598882413,-0.07757034562734273,-0.02846290493262328,0.7766161268853845,0.9128124514468732
Ptuh,OG_07095,1928.5844980548893,-0.5638305363597713,-0.15952641597577796,0.11022745974593849,0.39230996989208283
Ptuh,OG_07096,666.8159674412026,-0.16719347360913106,-0.07360732586251359,0.4687684671429154,0.7406105717167698
Ptuh,OG_07097,14.640143703212837,-0.0203221573549637,-0.0028833422884817694,0.9666851440689279,NA
Ptuh,OG_07098,224.84112213853072,0.037873648029546333,0.012448563091910753,0.8960215428174297,0.9581935450957831
Ptuh,OG_07099,259.98326879149556,-0.0961801882303168,-0.04485660547453807,0.656383518499011,0.8536001284982544
Ptuh,OG_07086,149.57354950435519,0.19335540929562178,0.02939555751109025,0.6786335568557795,0.8677070480629165
Ptuh,OG_07087,176.05072977208704,0.38266875996705724,0.06475683215174738,0.37990126979124705,0.6752033451375618
Ptuh,OG_07088,96.76751707029597,0.027141894658654887,0.005326996405472208,0.9489737109662982,0.9779987275775969
Ptuh,OG_07089,220.223578511785,0.20296769487478017,0.0897402472430695,0.3897219588141293,0.6798518640611311
Ptuh,OG_07090,156.26318540025235,-0.05364597362678101,-0.021341467900354988,0.8312479679545763,0.9335665175570049
Ptuh,OG_07091,724.7961523795361,0.4778337334614908,0.12397345982874466,0.17315778978058358,0.4806982513294265
Ptuh,OG_07092,425.8540788691377,-0.5527621121953626,-0.22047140389365,0.069317949112102345,0.3188775860563235
Ptuh,OG_07093,123.6257903817005,0.06031523593503636,0.017000736892297648,0.8460832508155373,0.9389621953105426
Ptuh,OG_07101,104.32444828806076,-0.5111374945563244,-0.13295064835638018,0.1648245985442257,0.4695638962444849
Ptuh,OG_07100,467.6404784938779,-0.3871903095681808,-0.21495230550127517,0.08861636727324422,0.35828547565665864
Ptuh,OG_07102,455.62706629916323,0.05999551548104557,0.021934358985782595,0.8347651658002735,0.934215312068519
Ptuh,OG_07105,59.88928065454222,-0.1717584111980658,-0.015357898159774203,0.7702914763215104,0.9099061367258682
Ptuh,OG_07103,223.9967318738685,0.7967156039132315,0.06271330328166005,0.21545771398333183,0.5332014736889799
Ptuh,OG_07104,323.12247220467185,0.3355641694451968,0.14378238422695994,0.2037717749509641,0.5184032093719554
Ptuh,OG_07113,88.63711383132477,-0.33815738274593865,-0.07701566359988458,0.3686532639915811,0.6680066762395542
Ptuh,OG_07107,233.3516599997744,0.8107826478605155,0.6275765117957768,0.001774243518919533,0.05767676094521291
Ptuh,OG_07108,1386.238685078208,-0.5771902131361647,-0.3943187000831071,0.01206111221456426,0.14446116350645938
Ptuh,OG_07109,268.54074934519434,-0.3227449106168818,-0.12965863645196393,0.2295566923477184,0.548583307263858
Ptuh,OG_07110,78.17999969824135,0.0770966444897278,0.019976270882098388,0.8229007836051005,0.9298833605288775
Ptuh,OG_07111,290.27973859390175,0.7442571226658103,0.5890889393851125,0.001948277151103471,0.061050810210961905
Ptuh,OG_07112,2302.197343474232,-0.4568550916705255,-0.1522558699226533,0.1431363972694538,0.4434565069727113
Ptuh,OG_07114,692.7280818205461,-0.19859851211705376,-0.11538827922919456,0.2621050996620311,0.576332601328319
Ptuh,OG_07115,200.7433656787031,0.12014263655728417,0.06725271961888676,0.5177824167829326,0.7785071323159815
Ptuh,OG_07116,47.04975657144984,-0.07165530821979718,-0.017936993719143254,0.8314370669198808,0.9335665175570049
Ptuh,OG_07117,2654.6409816710316,0.4940918393481288,0.38922429946924947,0.005029660358284326,0.09407902150341518
Ptuh,OG_07118,2975.879825024911,-0.4286204174754532,-0.029198620470515413,0.5044427578703555,0.7712869823253617
Ptuh,OG_07120,1073.5501445300806,-0.32934219740441345,-0.05368277508754288,0.45274746076949796,0.7292737930300791
Ptuh,OG_07121,2900.0849820016624,0.3518596063285856,0.10674332169931502,0.2701164354713705,0.5831044909354666
Ptuh,OG_07129,107.84683524429747,-0.820507274153447,-0.15052561312798768,0.06289070691655238,0.3054852785432116
Ptuh,OG_07130,316.2230829223628,-0.11443291257557704,-0.051922674780996485,0.6040354118107524,0.8238921582464007
Ptuh,OG_07132,1077.621144049473,0.3918715955012634,0.10008399456720389,0.2579878452754915,0.5728148764315621
Ptuh,OG_07122,688.2411679428345,0.35369550224839286,0.1591172379951079,0.1607867258610753,0.4649991203193626
Ptuh,OG_07123,73.54069965391922,0.721197122128457,0.19237381630301875,0.06674809638615788,0.31455318230369184
Ptuh,OG_07124,81.86742357411477,0.44578799694676796,0.11872800796165696,0.2117691087639259,0.5285249095673451
Ptuh,OG_07125,287.4068666938278,0.1809514842518184,0.05881085736286097,0.5313416379970559,0.785691458137158
Ptuh,OG_07126,101.2509741579507,0.23319461934810842,0.07951207223890645,0.4213945059127513,0.706346754040226
Ptuh,OG_07127,193.1863357746681,-0.31647078992523764,-0.17031941384806298,0.1428963635959967,0.4431349946915887
Ptuh,OG_07128,16866.976141739346,0.4588948893960216,0.2702260184758708,0.04673669454349196,0.2645322817696111
Ptuh,OG_07139,207.37471500779685,0.6621715098504725,0.4547579075958885,0.008828229957376825,0.1266373797264257
Ptuh,OG_07142,75.99261714226886,-0.08385150989358801,-0.028438689218716215,0.7530946671422838,0.9020344073362713
Ptuh,OG_07144,34.140504181613984,-0.87085061067088,-0.06371306130569394,0.2270447679298538,0.5460402569737438
Ptuh,OG_07145,366.39595032626977,0.0014725772091077473,6.502023490447203e-4,0.9936177294733967,0.9965515245881758
Ptuh,OG_07146,28.50435046525483,-0.028881950117190455,-0.006100702134463095,0.9393158481715926,NA
Ptuh,OG_07134,1426.5631704278478,0.6892152004063918,0.1610703706097569,0.08156780634382617,0.34210683019772625
Ptuh,OG_07135,1027.8045947472647,0.3270597970552211,0.18389514904203919,0.13717357377624123,0.43576539768865796
Ptuh,OG_07136,73.02122902806299,-0.6912118695062637,-0.2775963326531355,0.04060815305619931,0.2507391560972128
Ptuh,OG_07147,65.7450682556578,0.24458913718686218,0.052476049695288414,0.5145925589706211,0.7771916222304696
Ptuh,OG_07148,284.6491583346549,0.5027700963641969,0.3562594931157171,0.014534995603947623,0.15743773299582042
Ptuh,OG_07150,380.5841518278522,0.20350878114604154,0.02669190504079374,0.6760282483666029,0.8666809770798292
Ptuh,OG_07149,88.75770257856435,-0.6447467651612606,-0.22957430996376013,0.055411510426780754,0.28769949689649005
Ptuh,OG_07151,48.86406451937388,-0.2201037498022788,-0.03757432623798088,0.6177635368250844,0.8323504956194289
Ptuh,OG_07152,13.914516928156031,0.1492442132131556,0.008929103329705501,0.8471962825165629,NA
Ptuh,OG_07153,103.56729734821302,-0.6949074671645544,-0.1681920355864765,0.07890517173948638,0.3365458153750469
Ptuh,OG_07154,39.137011219570766,0.07595208968655995,0.018422719936246022,0.82663803957472,0.9320701826427676
Ptuh,OG_07155,205.68051844260202,0.3890507304223403,0.10642386806329722,0.25036384008593315,0.5685640924490823
Ptuh,OG_07157,94.97169959105125,-0.41660848134442513,-0.11923558910433635,0.2193317838397021,0.5380027464953062
Ptuh,OG_07163,130.7278523117249,0.21308054132706447,0.08476899425018142,0.39586182764003075,0.6856330084273181
Ptuh,OG_07158,87.0728998407249,-0.1488293192304504,-0.02739538097646606,0.719092042446106,0.8866490058379618
Ptuh,OG_07159,1500.6508274627422,0.27452414559718086,0.10807585693101422,0.2982558255564176,0.6076747770213767
Ptuh,OG_07160,92.8583457860212,-0.2598122749917282,-0.04907915205697654,0.5272223503772214,0.7842305481526299
Ptuh,OG_07161,181.19743612565213,0.9800811826243955,0.25767827405907623,0.02478893098372546,0.19651113652576552
Ptuh,OG_07162,816.147795904532,1.1317895390362405,0.836040526652897,0.001836736085432379,0.05863745427628483
Ptuh,OG_07167,824.1080558698278,0.11695398086152148,0.05494132358218551,0.5628840413678924,0.8025539421249399
Ptuh,OG_07169,3.62225132848286,-0.5338492335088417,-0.007507553036343985,0.717827421273038,NA
Ptuh,OG_07168,166.56159153557542,0.875497522774178,0.3048671181411545,0.0211383698119149,0.18102768214858891
Ptuh,OG_07170,242.02345131482195,0.10361820348823475,0.030061522812173256,0.7377133598849988,0.8958475407040483
Ptuh,OG_07171,794.6247229231409,0.2589168768866493,0.08782796172028187,0.3726086885075212,0.6704873166896707
Ptuh,OG_07172,270.4116249588274,-0.18248794168581012,-0.09897232244781964,0.34841980742036577,0.6541633881524974
Ptuh,OG_07173,180.30701741465197,0.023619361879889163,1.8690314028491458e-4,0.9517550872061274,0.9786056666127175
Ptuh,OG_07174,78.59725535511124,0.19542157948846942,0.05656554910991689,0.5394605949432738,0.7905300968963155
Ptuh,OG_07164,1066.253850271711,0.18520926327263526,0.14085446767165308,0.16082223461822515,0.4649991203193626
Ptuh,OG_07165,82.83842836717943,-0.1738107097726007,-0.02268972966013015,0.7328874221016577,0.8931382221649411
Ptuh,OG_07166,337.20062582148387,-0.06852580955694333,-0.03169186110970621,0.7390935608015945,0.8959860839867438
Ptuh,OG_07175,30.856558004789868,-0.33054245452342684,-0.039504470711017675,0.5317344918234264,0.785691458137158
Ptuh,OG_07176,61.44437291221086,0.096361074385911,0.04297193299328231,0.6762294910194779,0.866798617016967
Ptuh,OG_07177,1392.484785178701,-0.17552710786396003,-0.06888959300342737,0.4956788231143797,0.7641132534666124
Ptuh,OG_07178,15.506227385941878,-0.055644684972558825,-0.0030972030811541843,0.9357493141100568,NA
Ptuh,OG_07184,38.22672845617947,0.27165535752258635,0.04063142018791347,0.5698712605649526,0.8063171656451391
Ptuh,OG_07183,777.3361337833113,0.12068171053152515,0.020879558029276876,0.7792450867099334,0.9136206376692536
Ptuh,OG_07179,235.41268155698228,0.18734860508868814,0.05103054841563615,0.5856958650783373,0.8143254783606722
Ptuh,OG_07181,98.59704868508439,0.9373960404109494,0.1750351017550774,0.04653226217446054,0.26378636207311007
Ptuh,OG_07182,346.3744382556737,-0.2060244406649576,-0.11236792755801987,0.29492044280450563,0.6056745829010549
Ptuh,OG_07191,629.3903668242418,-0.31938635885599964,-0.12572192792774298,0.24160862854647958,0.5625830747509472
Ptuh,OG_07185,247.4872886058847,-0.365290505393337,-0.07764904934560783,0.3464161266712628,0.6530001659694481
Ptuh,OG_07186,182.93145678843393,0.15284483498914192,0.05124775830056108,0.5918539141381813,0.8181708349115149
Ptuh,OG_07188,22.51479285849235,0.6693098551281582,0.09238857392259056,0.20496070367425254,NA
Ptuh,OG_07189,233.08273577997366,0.0670590843416523,0.04094940325220979,0.69988304409944,0.8788121854934859
Ptuh,OG_07190,97.17851320600913,0.22694143643096898,0.07469035768843932,0.440715815614856,0.7200075691831399
Ptuh,OG_07192,104.37219671573757,-0.007389486279517527,-0.003006158110525347,0.9795096678358871,0.9903868416280557
Ptuh,OG_07193,12.586460728054682,-1.119984991944224,-0.07794820969374992,0.12749063752184558,NA
Ptuh,OG_07194,243.23023453249138,0.500477504587863,0.2491759703479115,0.0584699270644696,0.2948495371920878
Ptuh,OG_07198,110.10550539701362,-0.34483570245942624,-0.09052348912414653,0.33303524085530395,0.6418928890347677
Ptuh,OG_07199,81.16077512173774,0.4604643084531353,0.23877318831890418,0.06908304463453431,0.3184870874247912
Ptuh,OG_07195,505.3733627106504,-0.315839038287107,-0.20228496588539815,0.09121790281310528,0.3608868120598932
Ptuh,OG_07196,317.92902817121364,0.031146750207571978,0.012734053780714688,0.9004059770190292,0.9587704462584848
Ptuh,OG_07197,101.75557213848914,-0.5980626309460089,-0.3699089696704511,0.019305138391210036,0.17470022956171147
Ptuh,OG_07205,17.057178799900843,0.01881476031704583,0.0016298220925922127,0.977289517784832,NA
Ptuh,OG_07200,45868.028982224416,0.02142450248778066,0.008315211623316169,0.9354117116560283,0.9723964881072098
Ptuh,OG_07202,69.21323568809416,-0.06583677916661639,-0.01878378230463454,0.8334216899640594,0.934065856034683
Ptuh,OG_07203,283.7977410436933,1.029605746795461,0.5416288956325349,0.008705348807966177,0.12529800352076062
Ptuh,OG_07208,14.302331204879255,0.14908397708544022,0.01015385012176072,0.8308561770392635,NA
Ptuh,OG_07207,544.4237961253982,-0.24104400728739997,-0.09802685540380193,0.35047783950459593,0.656286177083358
Ptuh,OG_07209,50.41651944666798,0.13132108323693673,0.04876463679169804,0.6275613879713288,0.8373312016478052
Ptuh,OG_07210,26.605665102834752,-1.4947846012153163,-1.1095027904478452,0.0015495037137753626,NA
Ptuh,OG_07206,1195.649124859423,0.07469757515822982,0.04834133671358807,0.6259766589578702,0.8362110724980706
Ptuh,OG_07211,591.7336247671894,0.13491997993707078,0.07785879028569288,0.4731999197481122,0.7445643354643262
Ptuh,OG_07212,16.67542046030603,0.40632302758032457,0.033267182962923206,0.5445219114277047,NA
Ptuh,OG_07213,324.56915463177654,0.22957662386806155,0.13437285789192413,0.21774585618720083,0.5365717209398012
Ptuh,OG_07214,615.4583674931353,-0.24553116463355715,-0.09997525957924949,0.3350555082412613,0.6431490452045188
Ptuh,OG_07215,46.394829494281645,0.42203451665534186,0.1256651010087866,0.20704816566090264,0.5234453774314931
Ptuh,OG_07216,61.483659172221344,0.33867911346545243,0.07433386095966756,0.3709273916279803,0.6690559493850485
Ptuh,OG_07217,275.8094880455209,0.01100631233122156,0.004501697428494445,0.9578294750318802,0.9808136864790458
Ptuh,OG_07218,1015.2442615234974,0.14201289071623988,0.046066294874144625,0.6293207091533708,0.8376531254655688
Ptuh,OG_07219,84.05681018798593,-0.5987913744277307,-0.0703455034968887,0.2530619400583881,0.5699251534181963
Ptuh,OG_07220,57.40839372580127,0.21426534155907526,0.020769336939603818,0.7193010339402974,0.8866490058379618
Ptuh,OG_07221,151.12163257776135,0.41450396590863686,0.20382056816941063,0.10073894954882981,0.37688506390384224
Ptuh,OG_07222,3220.158405970835,0.30424654641079335,0.10283258486326502,0.29068446902589606,0.6014845299629409
Ptuh,OG_07224,123.46156166277444,0.42307944167412087,0.1815556240903176,0.12424100607266739,0.41675808350033666
Ptuh,OG_07223,648.4880305005819,-0.08623662571725965,-0.043888342369467745,0.6645540443404467,0.8584817704909652
Ptuh,OG_07225,88.10431537619696,-0.7166601967895283,-0.34223849520419153,0.0269541179164709,0.2036707830715277
Ptuh,OG_07226,4395.997066151442,0.15913211890835072,0.05514282316714134,0.5808764739417553,0.8117168038034206
Ptuh,OG_07227,139.90450053924613,0.19595228405675452,0.0463137218450557,0.5880717593554042,0.8147998184081527
Ptuh,OG_07228,1864.0107092321985,0.5284511906128633,0.47774389912633436,1.793485640422997e-5,0.0071955092029624985
Ptuh,OG_07235,61.456477886097886,-0.23255981417125898,-0.08473156453502405,0.40038921549903417,0.6901829575260353
Ptuh,OG_07230,98.06211484128552,-0.32084427209301747,-0.18123931907120314,0.12559217617613735,0.4188041417828587
Ptuh,OG_07231,92.44954778506049,0.044858262628705216,0.010265495882184578,0.91102238176874,0.9634373681170785
Ptuh,OG_07232,95.09890377252934,0.21736802355707704,0.07097225046798847,0.45862894912064917,0.7335989896275292
Ptuh,OG_07233,1015.5121307447034,-0.300900090536667,-0.0869894220829907,0.35181922410222943,0.6573808689698271
Ptuh,OG_07234,303.4821554933227,0.1133311911280799,0.06464471205985058,0.531873116453236,0.785691458137158
Ptuh,OG_07238,563.001174176991,0.6353182896181744,0.4566423284012007,0.006988401155036069,0.11134240639505873
Ptuh,OG_07239,91.09464214646914,0.3351173085994332,0.07776802156544509,0.365483483593445,0.6655984865270287
Ptuh,OG_07240,794.6761112689506,0.37543302026135883,0.22310657637000955,0.07884023584334987,0.3365458153750469
Ptuh,OG_07241,123.43793494144465,0.21199830077752602,0.07297376685893246,0.45517769659546675,0.7310923275846151
Ptuh,OG_07242,72.09960375768033,0.38913543446033255,0.14159237964894644,0.18417759089272714,0.493698264476338
Ptuh,OG_07244,75.58760826155657,-1.1662625403910143,-0.956731333520982,3.275110430283849e-4,0.02908019587452629
Ptuh,OG_07243,197.07486370753628,0.03281121449640774,0.019986215364329724,0.8693040796532994,0.9480555740511465
Ptuh,OG_07245,482.3327581614461,-0.8003441964917256,-0.5516977009525309,0.0045296241012034244,0.09072067893259311
Ptuh,OG_07246,1328.8008314850872,-0.3889875876605471,-0.25923542094938545,0.04004214481175891,0.24838414444226198
Ptuh,OG_07247,94.32933463334292,0.2156242386559565,0.062310434445198154,0.5008044262808439,0.7679362925202106
Ptuh,OG_07248,164.9444092884667,-0.2325729226819442,-0.09422232863312663,0.34973504889502455,0.6551842124898629
Ptuh,OG_07249,865.2983668182306,-0.3374774023676712,-0.10361607825628515,0.27822716491294286,0.59052863895044
Ptuh,OG_07252,109.97991254819645,-0.1085949268872516,-0.019238735310539008,0.7955593695094108,0.9195801492526875
Ptuh,OG_07253,33.87405604163108,0.009841841105155362,0.002762981259274455,0.9812157717859847,0.9914902824853143
Ptuh,OG_07254,113.23301322342796,-0.29387061017409893,-0.047410014101778516,0.5100238202457561,0.774731023986521
Ptuh,OG_07250,1171.9435491591728,-1.0398496155479868,-0.17917132890818283,0.02561926826539755,0.20038169060853056
Ptuh,OG_07251,30852.620678522682,0.4176325913026019,0.18736489708071138,0.1148614743795109,0.3995918231998388
Ptuh,OG_07256,11.547683715147818,0.4135600283627265,0.029553961328575486,0.5461684519054726,NA
Ptuh,OG_07255,82.7935683341397,-0.7232724965423359,-0.10495616850164913,0.14264848093256843,0.4429144058791119
Ptuh,OG_07257,100.73542328074608,-0.06436939498494136,-0.026344394962638053,0.7891975162245671,0.9161624163291109
Ptuh,OG_07258,121.59667422203631,-0.15283764905109404,-0.038386454675882815,0.6586427756827515,0.854183636392475
Ptuh,OG_07259,149.60781180899892,-0.14675969702406677,-0.06333107406128491,0.5340922023468859,0.7867321738646583
Ptuh,OG_07260,96.17138453199534,0.685156007237549,0.19088132443545894,0.06679364219052566,0.3145932387587044
Ptuh,OG_07261,226.74930046848536,-0.047516822776810824,-0.01724514985668371,0.857572044942505,0.9432070723548442
Ptuh,OG_07262,66.3909942757266,-0.4693490510605237,-0.025816703517831385,0.5455821133167267,0.7940982009663489
Ptuh,OG_07264,1326.6822643801881,0.18477810285063653,0.04874981025157871,0.5820530834860952,0.8124251783306905
Ptuh,OG_07267,404.91758412537547,-0.2711100290250082,-0.15394365671771232,0.1762460164309997,0.48483355086882074
Ptuh,OG_07268,25.496908964489226,0.04214319729696271,0.0032968527535594044,0.9521408565793645,NA
Ptuh,OG_07266,512.1218110809536,0.6060742247367331,0.17633240940713155,0.08913318883531549,0.35857344723698614
Ptuh,OG_07271,83.29845354515592,-0.5437080158219165,-0.087654329598146,0.24259121774002074,0.5636346432416569
Ptuh,OG_07269,36.43015711318035,0.3928630970032916,0.09510080873325684,0.2886664083348457,0.6002338735503208
Ptuh,OG_07270,234.72014812070606,-0.08853662013122347,-0.03181726276947912,0.714628603970526,0.8849219888892484
Ptuh,OG_07273,34.56162720993879,0.5886140276842817,0.1900855148042059,0.08825335605962471,0.35790233985593745
Ptuh,OG_07272,1154.7982211939118,0.15562436571484473,0.09283026467004185,0.38492909285435933,0.6772350612944131
Ptuh,OG_07275,198.4072421365722,0.10240518908181528,0.023952020377532045,0.777726917674184,0.9132713569253074
Ptuh,OG_07276,42.623866872274434,-0.1286585247896363,-0.03735172465787203,0.6819759909614449,0.8699624628578323
Ptuh,OG_07277,403.52002120661007,0.3919236538601387,0.23772358019376702,0.06291730477768219,0.3054852785432116
Ptuh,OG_07280,1359.8105197029683,0.26112680237827857,0.10487332190162624,0.31801705437842653,0.6259570034833021
Ptuh,OG_07281,311.36600505186055,0.6255061671675252,0.20847939780347732,0.06546028677412817,0.3112479032955747
Ptuh,OG_07282,939.5327859696345,0.5894543959269801,0.36443831799470433,0.019175110763833388,0.17425109258901378
Ptuh,OG_07283,862.9809269769291,0.1671168654894153,0.050382800080980575,0.5805464695781541,0.8116186884059283
Ptuh,OG_07284,837.0896282796659,0.10058767804706083,0.048240795161272866,0.6366386154825747,0.8423878500668938
Ptuh,OG_07285,1201.5920081365537,-0.1730418381706723,-0.12482941380963555,0.2350836538556413,0.5554619890211759
Ptuh,OG_07286,861.7003697470028,-0.28583261364507745,-0.06309662268254551,0.430831368483973,0.7126256293661666
Ptuh,OG_07287,469.8710414545602,-0.5723329063651791,-0.12107554487020789,0.15189167315105706,0.4554604831916584
Ptuh,OG_07288,1306.7916386447337,0.45367701691643786,0.32192644385900854,0.01913099303280194,0.17425109258901378
Ptuh,OG_07291,68.06755262244172,0.4059499556577675,0.09612940382659257,0.281359156378076,0.5938105124009904
Ptuh,OG_07289,1113.050620106719,0.024341876402612,0.004351818839517542,0.9519130385678224,0.9786495791183956
Ptuh,OG_07290,15.510924821999637,-0.7879964062459474,-0.08494413532572231,0.1621917652833498,NA
Ptuh,OG_07299,46.96367798393418,-0.25927675736302713,-0.07226313113913249,0.4328477919995005,0.7134251227368121
Ptuh,OG_07303,14.4469331188451,-0.44386946861786697,-0.028119288468452294,0.5103369200761085,NA
Ptuh,OG_07304,25.893217311436587,-0.45287739069605837,-0.07055749160978089,0.3317754427340962,NA
Ptuh,OG_07292,109.69676368423093,-0.6353988954380042,-0.25043266293847727,0.05531264096148245,0.28769949689649005
Ptuh,OG_07293,374.01455140556766,-0.2936116932793331,-0.19856088315705822,0.08517928980478763,0.35045665165807
Ptuh,OG_07295,114.20978768227764,-0.15262738572413143,-0.04582905292839563,0.6289812754011281,0.8376531254655688
Ptuh,OG_07297,658.096302430095,-0.11001781561234399,-0.06060526750082886,0.5681310845466754,0.8053028158855563
Ptuh,OG_07301,329.2210549780529,0.163650141719701,0.03539725629371695,0.6661364966193557,0.8590768070928865
Ptuh,OG_07302,542.0446350518293,-0.23302374529427392,-0.06305828764694403,0.4753119123706085,0.7462282787670932
Ptuh,OG_07305,1208.5272423479425,-0.29791731591643794,-0.1805962050708155,0.12103143822669608,0.41111958936844123
Ptuh,OG_07307,232.5868550388891,-0.003711177084869717,-6.297524736837145e-4,0.9853251241011535,0.9934661716763612
Ptuh,OG_07309,149.53132428558683,0.06676623337805843,0.027154279859943634,0.8009866211691402,0.9213027748839684
Ptuh,OG_07313,21.10512292989402,-0.33699952714726994,-0.04778749837400106,0.48930376393220615,NA
Ptuh,OG_07311,312.6078439284735,-0.6648501138279033,-0.479841490572794,0.004711089790098089,0.09282267864852198
Ptuh,OG_07312,1036.9239311050114,-0.0436617876899633,-0.023436248245060694,0.8145110717631692,0.926195503670706
Ptuh,OG_07314,35.10133658583876,-0.5872200350743177,-0.12190071552817999,0.16238025741329817,0.46667902124612204
Ptuh,OG_07315,199.55901831206336,0.06397224152725384,0.02673519332117677,0.7944452978787057,0.9193026198821488
Ptuh,OG_07316,436.10415107531253,-0.28356316835417,-0.13342935897522284,0.22864654892113287,0.5478742927308862
Ptuh,OG_07317,114.11690799548451,0.7578581207890179,0.5838694422391386,0.0020775592505976044,0.06323524428700665
Ptuh,OG_07318,320.09807804551446,0.060448689054560766,0.032969625733365975,0.7318585254089346,0.8931382221649411
Ptuh,OG_07319,291.5489478339735,-0.03259736651743025,-0.008329129987667817,0.9201366260475466,0.9664564289914368
Ptuh,OG_07320,361.95597195209723,0.2194597780472124,0.10974545317510732,0.3097549565619417,0.618926844970355
Ptuh,OG_07321,820.5389296244481,0.05008088905199794,0.02031676227647249,0.8406609571127487,0.9365388856053457
Ptuh,OG_07322,8.991726565160684,0.30833325468462286,0.006290821725856161,0.8067925694432105,NA
Ptuh,OG_07323,434.26320924784824,-0.2751833374675319,-0.1853810173256522,0.09247834163789913,0.3630052711587334
Ptuh,OG_07324,314.817496824598,0.011124743142779097,0.004220435142132911,0.957725300359654,0.9808136864790458
Ptuh,OG_07325,798.7745847167993,0.21431465349446796,0.15717771352968152,0.12642563978618196,0.41986958665008106
Ptuh,OG_07326,85.34534681548448,-0.39983507984287636,-0.08437761286123441,0.3082768392782522,0.6176235797416987
Ptuh,OG_07327,18.980356476484005,0.5552055526206595,0.055312136712434685,0.3412354575204533,NA
Ptuh,OG_07328,649.3258806639595,-0.09167655909023596,-0.05200166346292648,0.6111771039365135,0.8292227903157073
Ptuh,OG_07329,269.1431302462571,0.23626416465276356,0.0790977743005304,0.43004528471516723,0.7122965784671738
Ptuh,OG_07330,71.52270393631414,-0.3895943465730111,-0.07663807183886093,0.3543484325310286,0.6593178985656212
Ptuh,OG_07331,25.371479165156046,-0.39220169526336357,-0.02965933881847605,0.5457863509579366,NA
Ptuh,OG_07333,428.39272320967603,0.7184384006032446,0.5019200138157905,0.006616615313703464,0.1086814260038101
Ptuh,OG_07334,648.7707050775659,-0.22237995616639725,-0.08558620986471357,0.3929633643823094,0.6827014914759761
Ptuh,OG_07336,87.55287156221554,-0.22896791812441564,-0.044671488817261795,0.5722586262528792,0.8073800056719471
Ptuh,OG_07337,94.90270785521953,0.8233431012649809,0.26851851025199214,0.03325224465038718,0.22608331590959804
Ptuh,OG_07339,187.10583902996083,-1.2976863657888091,-1.1762357520305413,1.4570538487927774e-6,0.0019907849088395212
Ptuh,OG_07340,277.72095079762374,-2.0071935977721784,-1.8395286267263982,4.987417905608787e-8,1.0588288213607454e-4
Ptuh,OG_07341,82.75640148111114,0.8106529498312274,0.31766890037478585,0.024939011532327228,0.19682349993728887
Ptuh,OG_07342,517.1935378997745,0.3224878113356838,0.11814544156038988,0.25172514023653353,0.5699251534181963
Ptuh,OG_07343,3992.66735296343,0.7544214645544606,0.14845323921602785,0.07697342676604946,0.332795066107598
Ptuh,OG_07344,865.5557999451898,-1.0565616953619845,-0.5121797954483814,0.009572563897011742,0.13090211370921692
Ptuh,OG_07345,1242.678515760995,-0.19655625128028772,-0.11134760721853094,0.2964554321757805,0.606219294496769
Ptuh,OG_07348,26.479649377946327,0.1584668167714776,0.03737145470714732,0.6652335448526707,NA
Ptuh,OG_07346,9321.849108201897,0.28001712297883163,0.09416663272064035,0.3362804321406845,0.6441898104531226
Ptuh,OG_07347,2642.1597045790095,0.7871104992092215,0.5598237142201928,0.004630126308856024,0.09187819664233866
Ptuh,OG_07349,437.16034512707756,-0.38342784175232997,-0.13617606811634772,0.19354182205835097,0.5077408566325352
Ptuh,OG_07354,592.5891311479123,0.20494797422661779,0.08036949611897182,0.44281959819556865,0.7215206861142122
Ptuh,OG_07350,234.05501131102633,0.03313055013001738,0.010934476488503557,0.9020093756863528,0.959521936405926
Ptuh,OG_07351,233.49589103539964,-0.88847353405508,-0.10740123959850928,0.09762467696502652,0.37026742152166375
Ptuh,OG_07352,1963.1619668536728,0.4643225932434435,0.04754764466714243,0.3937526343288635,0.6831223040179484
Ptuh,OG_07353,431.6284104465715,-0.08571573465181437,-0.048777773749168266,0.6294550350972743,0.8376531254655688
Ptuh,OG_07358,395.9598899305301,0.1970773392481173,0.1157149056552919,0.2814516382965127,0.5938105124009904
Ptuh,OG_07355,1085.854975092505,-0.5781019434457793,-0.3589548624993824,0.02290146351415784,0.1891445540413192
Ptuh,OG_07356,392.9299857376059,-0.7549305302445515,-0.17848606898920924,0.05918249013471773,0.2963311947075607
Ptuh,OG_07357,75.33643119677309,-0.36012911021737154,-0.11670101767201536,0.24767518852028678,0.5664771079164413
Ptuh,OG_07366,971.7677517803176,-0.2719999920785456,-0.12011796665639912,0.2756705250429447,0.5877468342579335
Ptuh,OG_07361,1131.7082262633685,-0.2760649891524057,-0.13437497569798798,0.22564523718123025,0.544369134699718
Ptuh,OG_07362,70.5104147152157,0.26816410245332084,0.04569156390329155,0.5356320754426283,0.7879070820472542
Ptuh,OG_07363,443.4797170840474,-0.36781526348842664,-0.28243617191485904,0.019818284604091407,0.1760427540355065
Ptuh,OG_07364,14573.851506104045,0.5395836555084438,0.24525595522992918,0.05923649099573715,0.2964268011407188
Ptuh,OG_07365,294.10379646961985,-0.26937605999008923,-0.12492298791153093,0.24896901254474482,0.5674301810332724
Ptuh,OG_07367,292.3656701382197,0.05446894984135311,0.022958407695503873,0.8179616818372619,0.9283465943295907
Ptuh,OG_07368,82.67855032817796,-0.7260592092986391,-0.38164745309758935,0.019642800624279342,0.17561884563965882
Ptuh,OG_07369,49.98895420326979,-0.29557753204784976,-0.04647202779216407,0.5146592788562676,0.7771916222304696
Ptuh,OG_07370,354.7918750647946,0.17344415333043683,0.06327162442796785,0.5248804467880104,0.7827010807591811
Ptuh,OG_07377,39.06847983289473,0.8282547469167854,0.18849347718377735,0.053625177443949235,0.28407634976605656
Ptuh,OG_07378,576.5275858588657,0.9213880878459697,0.2675221139295826,0.02032365302899016,0.1779685469480378
Ptuh,OG_07372,848.1680858459507,-0.03496963782271128,-0.012020495903408987,0.8939942915729475,0.9573517684788739
Ptuh,OG_07373,35.39331382354869,0.7049008360300069,0.10579391426011094,0.15498336863488452,0.4587774838370134
Ptuh,OG_07374,704.9758347826713,1.297477015857582,0.9978459259026001,5.338152054590913e-4,0.03758874982094232
Ptuh,OG_07375,598.9071264136378,-0.06578500006262641,-0.025260459960554604,0.7929577955243807,0.9181616579755988
Ptuh,OG_07376,279.8021623922431,0.030095317085570606,0.010170266295826888,0.9107039819469281,0.9634373681170785
Ptuh,OG_07408,139.25997844297532,0.39888307526033884,0.07914242023271485,0.3197985963038145,0.6274791311950076
Ptuh,OG_07409,319.05317769149525,0.5473649535530496,0.30505289929223317,0.03271946747169576,0.22425643080681226
Ptuh,OG_07410,35.398738512916566,-0.4617435699444091,-0.040960765125359296,0.4557751923780508,0.7316527284828748
Ptuh,OG_07411,289.5467865594189,0.12493488907095412,0.04245231530112574,0.6585457676526246,0.854183636392475
Ptuh,OG_07412,159.48152294703263,0.36475785096163693,0.1081574443923411,0.2633968215651483,0.5770809620049637
Ptuh,OG_07413,1493.833036505024,0.4511182529652511,0.10910993158882752,0.20784919181418757,0.5238314574355531
Ptuh,OG_07414,116.88792616090115,-0.3134742574008588,-0.03487950409590743,0.5918427492052898,0.8181708349115149
Ptuh,OG_07415,583.2036336609958,-0.2361631908977885,-0.11316981015676188,0.28375025367635165,0.5957001617353717
Ptuh,OG_07416,1143.3223489263157,-0.25427354628751525,-0.13704398643862692,0.1998179026367159,0.5135755536292347
Ptuh,OG_07417,636.0279801308224,-0.062457481957354816,-0.030018633464846175,0.7631876318298209,0.9063537721867783
Ptuh,OG_07418,206.7784247310725,-0.5795729751355436,-0.34179437224499504,0.023666273781112017,0.19132969949843487
Ptuh,OG_07379,36.24671107030917,0.22358327158332184,0.07814015625054883,0.4467232860672583,0.7247944488504313
Ptuh,OG_07380,18.13467580139592,-0.24532570480041963,-0.04084010107807517,0.5862674264259657,NA
Ptuh,OG_07381,897.4437882745915,-0.6963409139139378,-0.5313741812068681,0.003121580029541297,0.07595546593370972
Ptuh,OG_07382,74.09292419078432,-0.7784099847419099,-0.30960071082801416,0.029066904825177816,0.21312115572712537
Ptuh,OG_07383,54.7434413741031,-0.10450873713475832,-0.03627545677123367,0.7037524238804055,0.8802278561256186
Ptuh,OG_07384,199.43223386018565,0.11891796254575614,0.05698259765679538,0.5700451140964446,0.8063171656451391
Ptuh,OG_07385,134.2142348278848,0.04793309498582564,0.013244397542274782,0.8820858490846908,0.9528906030310639
Ptuh,OG_07386,91.47858535908348,-0.06621797849791194,-0.0155249998317409,0.8546865630818126,0.941741052769009
Ptuh,OG_07387,403.08317871066646,0.01834146321781834,0.006909222911806135,0.9357341766365525,0.9723964881072098
Ptuh,OG_07388,85.263139480528,0.33210567052844553,0.08521069537004737,0.335866216299593,0.643832033592809
Ptuh,OG_07389,160.63865989362856,0.40462308194128116,0.09245048120423448,0.3022902606675583,0.6120583467321465
Ptuh,OG_07390,73.05801626586128,-0.013893785741172874,-0.0036316920490387203,0.9650693439175948,0.9837470881530029
Ptuh,OG_07391,253.45209710931724,0.18188736171105624,0.0831738194293965,0.4267982611693131,0.7101687265404986
Ptuh,OG_07392,240.24235784561364,-0.1285104947784375,-0.06661399066503786,0.5188381789604761,0.7791704379617769
Ptuh,OG_07393,314.13751459457455,0.10244374008967913,0.0390856268101108,0.6897051791265705,0.8737843325589791
Ptuh,OG_07394,1293.0469495716497,0.7608694934747463,0.31392324322490567,0.024830010538406312,0.19651113652576552
Ptuh,OG_07395,16.584970843622393,-1.122117454344416,-0.075102544868251,0.11829965744210989,NA
Ptuh,OG_07397,64.89270516696084,0.40033235847309584,0.10709323812262156,0.25438128636219576,0.5712083803466974
Ptuh,OG_07398,73.41162025985446,0.3230235571449638,0.0914668118432799,0.32956465109045835,0.6391839434685985
Ptuh,OG_07400,131.72693036582135,0.5244292873384357,0.08655748942454602,0.25272881575999645,0.5699251534181963
Ptuh,OG_07401,96.94296517909507,0.27755634011188224,0.05722602618627006,0.4741594269377603,0.74513677729027
Ptuh,OG_07402,258.2691830405401,0.2920652259115881,0.0979651435431422,0.31491755514322367,0.6236660163890522
Ptuh,OG_07403,274.23902017116586,0.5080048652482552,0.2176116702195894,0.07644291427624877,0.33153893158013514
Ptuh,OG_07404,932.3343879238761,-0.796649436623452,-0.39811398805360637,0.016898293879035464,0.16655147791740385
Ptuh,OG_07405,1081.1612063272614,0.7048402576613535,0.5480302135994352,0.0023364939012429286,0.06508422108665243
Ptuh,OG_07406,449.60438604426133,0.6465299726491606,0.40138918937184875,0.015319061954769826,0.15949957626384226
Ptuh,OG_07407,702.1410773195034,0.540582997621966,0.30691297040888893,0.03197599494753931,0.22125362675382332
Ptuh,OG_07419,2420.9128102973195,-0.10040264087046892,-0.0670610674122675,0.5096889993586015,0.7745420357807622
Ptuh,OG_07420,185.36841206881857,0.018775005963980414,0.006938054618850039,0.9580205087082225,0.9808371229703569
Ptuh,OG_07421,188.1359379879584,0.4161038901380497,0.08554718600275567,0.3040062373722846,0.6138575518119281
Ptuh,OG_07422,311.2062245359748,0.38128822004277496,0.07866447626731585,0.3377795942097278,0.6456052923765493
Ptuh,OG_07423,339.6713004974414,-0.1387307802754491,-0.07496467846095993,0.4713703402257118,0.7431168980232864
Ptuh,OG_07424,1341.440380991194,-0.08992957390977806,-0.04792301283460398,0.6390674244296615,0.8436127107503009
Ptuh,OG_07425,349.1325435739719,0.10784560023118693,0.05875626246206062,0.5703392019282001,0.8063171656451391
Ptuh,OG_07426,1677.6012554272281,-0.20418562619506236,-0.042856030063063676,0.5866533997834751,0.8145250388229238
Ptuh,OG_07428,43.632681836926174,0.07146138620162786,0.017933477084231177,0.837751181357762,0.9353821083798298
Ptuh,OG_07430,157.30819243057357,-0.7156631545335045,-0.17313953008609276,0.07071590487146466,0.3219306651918998
Ptuh,OG_07429,364.7144860178188,-0.014403056292260791,-0.0021448807880122644,0.9722505282806605,0.9868935556011678
Ptuh,OG_07431,41.8361880191977,-0.9150115176389297,-0.2131483272153459,0.034946046140148915,0.23249817556078567
Ptuh,OG_07432,44.56530458856191,0.25849707678388845,0.02593285941457138,0.6542238183074012,0.8520964210224617
Ptuh,OG_07427,984.0211273886205,-0.38546468587818156,-0.08144558549056215,0.30837540957428194,0.6176235797416987
Ptuh,OG_07433,153.3386881067215,-0.26678194570718056,-0.09149201276661104,0.35813336765355275,0.6617675637388531
Ptuh,OG_07434,505.021005942106,-0.43471940803738585,-0.2973363771960049,0.029241446292684846,0.21322357201678224
Ptuh,OG_07435,2839.271548435186,-0.28148197409974196,-0.12760835260080783,0.25710682848176325,0.5728148764315621
Ptuh,OG_07436,19.780203059999213,-1.2915871813735815,-0.06599999845918689,0.08497470264979001,NA
Ptuh,OG_07438,667.8636450759642,0.12637525583781264,0.0362221791316231,0.683334631917927,0.8709106549973039
Ptuh,OG_07439,64.68550417585996,-0.9490513660852662,-0.7561090420011691,8.963928112601405e-4,0.04506588017762339
Ptuh,OG_07441,78.96548842836816,-0.02569608162281446,-0.0035675249277061765,0.9542731509199255,0.9794159533009436
Ptuh,OG_07442,57.39968951896772,0.04251076069916844,0.0031425370028461412,0.9265173335995611,0.9695607143471933
Ptuh,OG_07444,37.66900809519643,-1.0996045488378903,-0.30724944421136,0.01545683260736707,0.15987749391201114
Ptuh,OG_07448,235.37267508875914,-0.31094445390178904,-0.12159553699506312,0.25723880246604924,0.5728148764315621
Ptuh,OG_07445,245.7858230627892,-0.22306557090424778,-0.10990877385761748,0.3062135242423549,0.61547106458368706
Ptuh,OG_07446,135.31747228854152,0.2470860182098974,0.08247132725836734,0.3939865795310024,0.6833434330058433
Ptuh,OG_07447,52.27207041183242,-0.7863913406590225,-0.2963769587656284,0.029709744203021315,0.21379476593718907
Ptuh,OG_07450,157.81125360716285,-0.0044015118700604814,0.0010096469200885914,0.9830683483104689,0.9920637449616757
Ptuh,OG_07451,29.323060931943193,0.2935286831716063,0.032759497513634606,0.5987424696495796,0.8216743781939608
Ptuh,OG_07449,152.81307458400883,0.25639954707877716,0.07805981512470146,0.41334490773777144,0.7001115595321937
Ptuh,OG_07452,2664.0614717655667,0.4651056741764665,0.2949191848392331,0.0297614971700494,0.21379476593718907
Ptuh,OG_07453,772.8498802434362,0.5545084801171314,0.3132659088951369,0.03333684285199241,0.22631621479643296
Ptuh,OG_07457,526.5340031100606,-0.5995180188556432,-0.1502487152189622,0.12031988603417078,0.40902981273105615
Ptuh,OG_07458,14.645206891295315,-1.7548925115015572,-0.15328676730776253,0.010775284534264934,NA
Ptuh,OG_07459,19.57783632102966,0.2917123764302424,0.06222639714005454,0.4566953800939588,NA
Ptuh,OG_07456,28.7902715503504,-0.3828987613535022,-0.04719910626181273,0.46711168316957413,NA
Ptuh,OG_07454,108.05692444809006,0.018212077903042412,0.004553597242521784,0.9462003790231788,0.9767971819432085
Ptuh,OG_07455,170.28912151499526,0.3597469887276196,0.011743267290574996,0.6883627188949677,0.8732661002746624
Ptuh,OG_07461,26.674921435294618,1.059586996400383,0.27850050773056534,0.022096975717645684,NA
Ptuh,OG_07462,213.32353945263677,0.6343479311370391,0.44005920219204436,0.00938560682556557,0.1301754688030476
Ptuh,OG_07463,22.72569866801111,-0.53923344210842,-0.05925569831127773,0.3395819036985896,NA
Ptuh,OG_07464,188.09429714324963,-0.4073601430310677,-0.13764116796336281,0.18009836751294414,0.48934981807948696
Ptuh,OG_07465,76.36431145605462,0.4915278301239917,0.13668179804848338,0.16766819250455328,0.4740402445745954
Ptuh,OG_07466,50.61958221769672,-0.567895324293643,-0.13174702595281051,0.15453189355341593,0.4585202096630357
Ptuh,OG_07467,66.76598001120425,-0.21224308307011522,-0.0382340676367423,0.6163916114861825,0.8318780626166145
Ptuh,OG_07468,42.377061162046,-0.3418608423495837,-0.07308080719971664,0.38411635039901826,0.6772350612944131
Ptuh,OG_07469,1051.267129980817,0.3404763910718922,0.10442282120187563,0.282064890078138,0.5943660165120467
Ptuh,OG_07470,636.1537390823207,-1.2572701387349745,-0.7872596421896684,0.0027182109711850846,0.0703751450222675
Ptuh,OG_07472,42.21410250144671,-0.29605267948836667,-0.060955901107531886,0.45485136438902446,0.7310773271279896
Ptuh,OG_07476,148.04587097705112,-0.13434075124291242,-0.03368604003907471,0.6775638776019989,0.8674297168357616
Ptuh,OG_07473,207.4901871045463,0.5325551545253923,0.17048007139320887,0.11448573821612806,0.3988881802723391
Ptuh,OG_07474,2482.207787849879,-0.0579744451890925,-0.016108912258309693,0.8481974122608398,0.9390306839987996
Ptuh,OG_07478,46.10853140790089,1.3538062124483257,0.07446786551004941,0.06502996385354887,0.31094282266009965
Ptuh,OG_07480,41.02209501016863,-0.015045198323322184,-0.0026236434208882363,0.9709299959788174,0.9861425099691563
Ptuh,OG_07482,158.57909874068173,-0.2602519020200227,-0.07702429512064668,0.41332911131607525,0.7001115595321937
Ptuh,OG_07477,267.92442236534777,0.16542082122574675,0.025133238076152833,0.716589743648339,0.8851617917874913
Ptuh,OG_07483,48.735490891728666,0.33874119826051907,0.0848581191871582,0.3563477622512615,0.6605774278624128
Ptuh,OG_07481,145.11772036607277,0.17903220600093095,0.07945861240781806,0.44312992713290267,0.7215837662919673
Ptuh,OG_07484,171.74919830484302,0.5740880037533184,0.2741790545894189,0.0468599878804593,0.2647604904064274
Ptuh,OG_07485,335.128098783517,-0.0391959844762656,-0.020739474797920272,0.8272609088385329,0.9320880613960647
Ptuh,OG_07486,831.7431269460968,0.03881470987764086,0.010065493132271782,0.9097651335352712,0.9634373681170785
Ptuh,OG_07487,5.937059831418571,-0.4212133819149198,-0.023586309766289743,0.5893200153548298,NA
Ptuh,OG_07488,121.55350405503643,-0.7667212486117111,-0.22039659724149865,0.04776215951002601,0.2673450106747123
Ptuh,OG_07492,110.63352788859937,0.2062483895906512,0.06480172278819395,0.49790592103266,0.7661390310289378
Ptuh,OG_07489,425.51034402482736,-0.29463723967372524,-0.11286225393015441,0.2747259545446224,0.5872068477203457
Ptuh,OG_07490,113.01559089822133,0.29911427191105355,0.11528812687998773,0.2668604078784272,0.581268455265428
Ptuh,OG_07495,125.41774896127029,-0.46703978480033076,-0.14754251773694074,0.15798649104004656,0.46169414373481604
Ptuh,OG_07493,90.90489699338438,-0.6646780243928417,-0.11774780141971178,0.1379026896530113,0.4361525663066562
Ptuh,OG_07494,715.9972901238561,-0.28827098619583447,-0.13288873796357073,0.22326477345059428,0.5425216246113963
Ptuh,OG_07497,298.23266008029043,0.02025942406088303,0.010766774473587398,0.9193272535518552,0.9663165201703962
Ptuh,OG_07498,474.9244567759463,-0.043240849840658645,-0.004321717051238699,0.9117652926660392,0.9637395435464384
Ptuh,OG_07499,1348.5337389607885,-0.4627805895537102,-0.34953110161481893,0.010658987025510545,0.13775809527880287
Ptuh,OG_07500,1608.2990346261183,0.6663907350140303,0.5598164989380638,5.475739684557408e-4,0.03780486292785489
Ptuh,OG_07501,166.70210587546404,-0.432303037267076,-0.17729330679877978,0.12487088828536674,0.4177498161563262
Ptuh,OG_07502,298.4902066947947,-0.6695413191671004,-0.4353828590149351,0.011906228707696767,0.14341516905781695
Ptuh,OG_07505,76.00980246033419,-0.9223787924500907,-0.47832010486288434,0.01072961337554975,0.13805435876540678
Ptuh,OG_07506,29.216733213507396,-0.17661797482290634,-0.04302607662019857,0.6148272875720334,0.8308373859892944
Ptuh,OG_07504,446.9895183255601,-0.07565024671025203,-0.04266472912676486,0.6723867833619936,0.863436952111001
Ptuh,OG_07507,495.156757551715,-0.4013352799000594,-0.2981196751534885,0.018927893828106515,0.17402800546175068
Ptuh,OG_07521,8123.1283687141095,0.6797982429086968,0.4435280672096231,0.011381021100101037,0.13966420691048845
Ptuh,OG_07522,212.3242949812239,-0.2096576442923496,-0.1028602659039195,0.334255843587189,0.6429423927771083
Ptuh,OG_07524,111.69789262128485,0.013755395541811176,0.003956771148877193,0.9668819020186055,0.9845037304486808
Ptuh,OG_07525,128.73897807431203,-0.13810558694097752,-0.05078675114793928,0.6024343950792637,0.8230390650044123
Ptuh,OG_07523,188.49188273278497,0.5003048205642329,0.3187205388589517,0.02784489146244995,0.20760212317745827
Ptuh,OG_07527,21.65624391349683,-1.4243237949701,-1.034330434072506,0.0013683308953829662,NA
Ptuh,OG_07528,120.14592089019538,-0.241564790749105,-0.08029014888118816,0.41415102441335344,0.7006181069575461
Ptuh,OG_07526,361.82532041140826,-0.3841061345444442,-0.2571803266188473,0.039165580887041807,0.2460493087224117
Ptuh,OG_07530,103.39237716243387,-0.19470449863547587,-0.09911921361094403,0.3529386151613253,0.6584852329620128
Ptuh,OG_07531,23.30451739647013,-0.2622366568616709,-0.030728068721293963,0.6243500679159655,NA
Ptuh,OG_07532,70.44439933455654,-0.2552720972118589,-0.06257924698252938,0.4781741667318083,0.7485983072508233
Ptuh,OG_07533,861.9288602274257,0.05439967295412118,0.019176741818183483,0.8443626611659412,0.9382789477389651
Ptuh,OG_07508,312.7227807630058,-0.042772474789439394,-0.008848997757253247,0.885057044271657,0.953097469562898
Ptuh,OG_07509,122.8446652644721,0.48868653563787057,0.147811477021076,0.1429552282545959,0.4431349946915887
Ptuh,OG_07511,33.8002909599315,0.14586976042038277,0.014506930990936204,0.8063050847407746,0.9234496901861547
Ptuh,OG_07512,559.9231616270857,0.22037957037314204,0.08686031081783445,0.39700039388522074,0.6860180139767742
Ptuh,OG_07513,602.8079941278174,0.9085996421820749,0.7950438131952773,4.528355185736879e-5,0.012818264079092525
Ptuh,OG_07514,989.3462562723614,-0.022142433652986605,-0.007869772409120237,0.9335060210514836,0.9719633559059833
Ptuh,OG_07515,283.4502216909627,0.7235804236416035,0.21194720920290433,0.05764581513211692,0.29365822561603894
Ptuh,OG_07516,144.22093690908306,0.8409529401371711,0.5421320499869975,0.007251814973862686,0.11362068774546481
Ptuh,OG_07517,178.48059265867641,0.1516122438624757,0.05261977035484359,0.5905901496986323,0.8170888809450612
Ptuh,OG_07519,175.591630264284,0.1682117110958532,0.05093972664000708,0.5765948137389612,0.8098648955129438
Ptuh,OG_07520,529.701674146037,-0.04680746811870352,-0.0173767523938092,0.8575446878557678,0.9432070723548442
Ptuh,OG_07534,296.6810452392995,0.05091479480989445,0.014138171433711648,0.8752645075712665,0.9504461036748525
Ptuh,OG_07535,2268.4315431248015,0.6386037911049148,0.38867822677323677,0.01841646791267455,0.17204911497737324
Ptuh,OG_07536,239.47068853889616,-0.054373586831842645,-0.029142665821072798,0.7693713038665695,0.9095486882056686
Ptuh,OG_07537,111.65765478691127,0.5752178131229372,0.3451905111620391,0.022977045635878726,0.1891445540413192
Ptuh,OG_07538,163.71028922105054,0.5996607538915415,0.18969761959763762,0.08308238091099944,0.3460203917097633
Ptuh,OG_07539,152.0659197463856,0.29233633742129556,0.110572160284052,0.2829507848935792,0.5949767099185335
Ptuh,OG_07540,265.3962245887242,-0.3975091096470063,-0.18530633475134226,0.11874209988371857,0.4061407090035421
Ptuh,OG_07541,24.39828164037406,-0.4580759523533191,-0.0683911078074011,0.3437524738854056,NA
Ptuh,OG_07543,74.70133192720898,0.19922079635542336,0.08102117425871884,0.4291711165164794,0.7119595861414226
Ptuh,OG_07544,58.042700373079846,-0.34950188848704217,-0.12105970880814954,0.24415472530703258,0.565256795885311
Ptuh,OG_07550,396.4463222792165,0.040846377092024086,0.0257988653681911,0.7951713674973134,0.9195801492526875
Ptuh,OG_07546,186.45113486129506,0.31672296132324634,0.07623150834338986,0.39130224060685487,0.681348908598198
Ptuh,OG_07547,646.5006636908938,-0.37707352885514533,-0.22679269386727502,0.07525271651419273,0.3301991144746717
Ptuh,OG_07548,232.85456944349215,0.051380682298345394,0.02399554236111446,0.81049711063088,0.9239754948897123
Ptuh,OG_07549,94.68909373935587,-0.1657189188873546,-0.059376774906950966,0.540899795494963,0.7911334935141623
Ptuh,OG_07551,258.26021846337204,0.7054078843009969,0.426107092264897,0.014864385223412649,0.1583216625260982
Ptuh,OG_07552,8703.504058412671,0.7446429726614674,0.6399703171655908,1.8404320833400104e-4,0.022012604579892067
Ptuh,OG_07553,164.31181388654971,-0.07611390490192935,-0.019721063513979408,0.8244200490167752,0.9307331901423098
Ptuh,OG_07554,50.0687574613426,1.0039721615433597,0.12603271407719477,0.07033455933787053,0.3209463073063925
Ptuh,OG_07555,410.828175971246,-0.11015040123653047,-0.051494360066088235,0.6023909071854878,0.8230390650044123
Ptuh,OG_07556,40.88725370452744,-0.33268223668172997,-0.06715937309014035,0.4070105051629834,0.6966562965277431
Ptuh,OG_07557,168.9867311277188,0.7740052361531733,0.4988678630255283,0.008887230349233607,0.12726873545647857
Ptuh,OG_07558,691.8651690871683,-0.08274558202848836,-0.0484525365717124,0.624126168209093,0.835315905505377
Ptuh,OG_07559,236.4193764933257,-0.17362911735022776,-0.07444816270983705,0.46696636927496277,0.7394142099352944
Ptuh,OG_07560,54.93215946484863,-0.39113775931421774,-0.06604149369231511,0.3817932326953606,0.6760077516368708
Ptuh,OG_07563,146.53700650285944,-0.1424271827041613,-0.03348611863932152,0.7012272836558919,0.8792694865951423
Ptuh,OG_07564,1637.1549046276727,-0.5516815359965752,-0.11313021888132756,0.1719231671360787,0.4789102108945749
Ptuh,OG_07561,25.946910373894717,0.3308821666652381,0.06996347101644756,0.40257831826378765,NA
Ptuh,OG_07565,152.44470543835706,-0.12346386329093406,-0.04256173820041596,0.652288481965317,0.8506194393196362
Ptuh,OG_07566,213.52209345251495,-0.7735384922795087,-0.1826935744257445,0.06360083428094374,0.3072231426130684
Ptuh,OG_07567,173.4868482773517,0.20468792270931616,0.06341860993246186,0.4969195865014252,0.7652958158451402
Ptuh,OG_07568,375.6665579907419,-0.05121714202759306,-0.025099924118848694,0.7986810046761574,0.9197640547414762
Ptuh,OG_07569,225.5084811895061,-0.24745365432415511,-0.08108485545944666,0.4182812914724291,0.7035009300327522
Ptuh,OG_07570,359.0083758023023,0.7248872689406887,0.35707091077091097,0.023631485261841164,0.19132969949843487
Ptuh,OG_07571,929.049427721474,0.6891663779964938,0.5105191350691854,0.004141661541588775,0.08620340639993107
Ptuh,OG_07575,453.24041584339426,0.13685234738389165,0.03737459154987792,0.6445265511581144,0.8457464278051992
Ptuh,OG_07572,618.6598489749007,0.764176292725357,0.26194534482800536,0.034262648647542596,0.23005128899684407
Ptuh,OG_07573,683.610278049855,-0.3170669650261021,-0.15179002195502125,0.18301982151237806,0.4928757003145711
Ptuh,OG_07577,101.40684954693256,0.04842285347303937,0.008908372033461943,0.9097973590091102,0.9634373681170785
Ptuh,OG_07579,1599.3538601199693,-0.2858696484059478,-0.10967028638912035,0.33063329905961136,0.6401176013523576
Ptuh,OG_07580,1396.8619709343373,0.045001325099444545,0.02042735040043646,0.8329125918961136,0.934065856034683
Ptuh,OG_07581,1719.8591113472778,0.6242335730634199,0.4731867520508807,0.00439942508056147,0.08975815366213774
Ptuh,OG_07582,252.41544880624411,0.9340673130447701,0.72252687512235525,0.0010929890395461018,0.04855147065878859
Ptuh,OG_07583,176.2246451102256,0.7302037267726043,0.5048619787317652,0.006514100971172112,0.10741309795571567
Ptuh,OG_07584,968.0606469476593,-0.15088802286334363,-0.0686012741918705,0.5057939836973875,0.7723732956387919
Ptuh,OG_07586,124.16197283764669,-0.058801597551314436,-0.011615321999853549,0.8752631708073302,0.9504461036748525
Ptuh,OG_07585,11498.314697248497,0.5927205944367876,0.24211354704211333,0.055619832807724,0.2881779256883418
Ptuh,OG_07587,390.23665488723736,0.49691556767810924,0.3779189631634265,0.008049935776132677,0.12071655452630677
Ptuh,OG_07588,95.52305286544464,0.24556083505803927,0.05149899402685535,0.5120751714141775,0.7756600053276027
Ptuh,OG_07589,26.333250811703827,-0.013950002116711609,-9.600232609132768e-4,0.981883643709318,NA
Ptuh,OG_07590,157.92989676548294,-0.3958267624461582,-0.054134780284621355,0.40936479682583926,0.6984056504472446
Ptuh,OG_07592,23.96418138002992,0.691325426824562,0.1766154584277715,0.0822571122091724,NA
Ptuh,OG_07593,214.35842654545826,-0.5630961453629852,-0.18963468954348328,0.09106184387050122,0.3606839562784731
Ptuh,OG_07594,1188.1247091735609,-0.6614188991420746,-0.5349703539177816,0.0013129825776290096,0.04977610736261406
Ptuh,OG_07595,96.07674918932447,0.3259123531522666,0.06476729941299518,0.42970123529763765,0.7122824302454692
Ptuh,OG_07596,254.27832032709978,0.3503897373794631,0.12629259782645413,0.24016336766766208,0.5611035436394731
Ptuh,OG_07597,226.68719847307918,-0.3937503264231855,-0.18057313063601585,0.12406592565239552,0.4167202043087452
Ptuh,OG_07598,689.8546013486673,0.0541268284270358,0.02556721830146185,0.800960478623957,0.9213027748839684
Ptuh,OG_07599,232.93128986384863,0.13039824563099972,0.041284126814661794,0.6567551925649331,0.8536107940288925
Ptuh,OG_07602,136.44972888330545,-0.5376276055223705,-0.3325841575590306,0.025986395548888926,0.20079666828574158
Ptuh,OG_07601,341.1679001387338,-0.06479938084314504,-0.014768146908845672,0.8514415980301616,0.9405987124939759
Ptuh,OG_07604,34.28274010726565,-0.5105770818158925,-0.05719155961523765,0.3529704169151062,0.6584852329620128
Ptuh,OG_07607,44.300922225669474,0.9595712008300264,0.42792276651615235,0.015036565786403368,0.1583216625260982
Ptuh,OG_07605,612.2589496984014,0.027166976130210834,0.011655716922063228,0.9102023227762817,0.9634373681170785
Ptuh,OG_07606,193.24114418361174,-0.5193567935922065,-0.10941215500950559,0.1927823987050206,0.5063775371584833
Ptuh,OG_07608,512.3924201863657,-0.15135424774137543,-0.06624484892428831,0.513231038646772,0.7764079479703377
Ptuh,OG_07609,245.4372344452385,0.31689455305050895,0.1301430270357572,0.23010343767502986,0.5490076028371103
Ptuh,OG_07611,120.49517824771465,0.29904895785812946,0.1279351766030071,0.23898010972514194,0.5600157903527686
Ptuh,OG_07612,79.91907102144,0.32186649250628635,0.07134430393554078,0.39311009427389554,0.6828167151920477
Ptuh,OG_07615,140.68280691811358,-0.0010981375238159677,1.5504111859894603e-4,0.9966903126614904,0.9987536228974523
Ptuh,OG_07616,33.46895610259581,0.5913071458726633,0.12744643759460153,0.14996610328218776,0.4527238354327545
Ptuh,OG_07613,741.55317634958806,0.20846015329936107,0.07137135580359645,0.46810045164698205,0.7402090283760259
Ptuh,OG_07614,137.95414291274602,-0.15701611958214978,-0.07817469461842448,0.45509165387980444,0.7310923275846151
Ptuh,OG_07623,141.08088915698931,0.4376890908600704,0.13766046481825442,0.17146043040802342,0.47833179205812576
Ptuh,OG_07626,160.2024710806559,0.20627839539383372,0.05771003163810509,0.5171275614536002,0.7780659140189116
Ptuh,OG_07624,153.23159895413704,0.04677749401889899,0.018353662789228797,0.8559209673806024,0.9421708849133812
Ptuh,OG_07625,50.69635093321881,0.3833472211675708,0.07534874708132215,0.35247208216153986,0.6581156856665461
Ptuh,OG_07619,428.1382745540072,0.19721270539072494,0.0802932032270436,0.4356534192928249,0.7151830703376102
Ptuh,OG_07620,316.68077332494005,0.6208094678315542,0.3315260346862341,0.02824393015775138,0.20965686617100063
Ptuh,OG_07621,658.8638483469342,-0.20829544326600563,-0.05707698658257664,0.5251697877487775,0.7827010807591811
Ptuh,OG_07622,882.3094526431796,0.37951517735566537,0.13269666665605218,0.20274005439542847,0.5165522177995736
Ptuh,OG_07627,410.7088324921041,0.31007320335258975,0.1760928390917917,0.13535734670139152,0.43310270843565063
Ptuh,OG_07628,188.1587996944134,-1.129265427307852,-0.1662035390472476,0.025769911585191624,0.2005674116289246
Ptuh,OG_07629,553.5306074641596,-0.004671478774862546,-0.0016096997172235516,0.9854953780430273,0.9934661716763612
Ptuh,OG_07630,5987.615879708108,-0.2915283301412786,-0.08092537701014421,0.37102547027581123,0.6690705945607919
Ptuh,OG_07633,1157.872115261302,0.7344061497697372,0.10412266093578651,0.1185962637772923,0.4061407090035421
Ptuh,OG_07631,36.43036516386823,-0.32863830015949946,-0.0416225833786083,0.5202714606542713,0.7797644270871994
Ptuh,OG_07632,382.93975769152865,0.6930867766734041,0.21998121268603452,0.05648681129845259,0.2904583263754165
Ptuh,OG_07636,9.856739324872935,-0.5299094090228413,-0.07137847624522212,0.3023024964094593,NA
Ptuh,OG_07637,182.6349987661337,0.9891277638403773,0.4117184323357265,0.014964396868327876,0.1583216625260982
Ptuh,OG_07638,31.453000992067544,-0.8768525689953596,-0.0778692606030396,0.1649283414679558,0.4695638962444849
Ptuh,OG_07639,453.5465513950903,-0.9243287098759377,-0.7864247758158466,1.277802346732882e-4,0.019376959872242205
Ptuh,OG_07641,2544.0322716960363,-0.4985354563586082,-0.10830014938899028,0.19541577395886392,0.5096088222271623
Ptuh,OG_07642,1216.9087895325308,0.528066815964776,0.12840384668530166,0.1584377643483931,0.46203760125225074
Ptuh,OG_07643,1072.9052720184518,0.68583792738715,0.19747175627667857,0.05553062757710248,0.2880672506931914
Ptuh,OG_07644,322.741551781473,-0.044683331552277196,-0.01721744389466155,0.881729367564672,0.9528906030310639
Ptuh,OG_07645,3614.3011397238997,-0.2654851494461391,-0.1623190261746356,0.15119869061463545,0.45418340846918887
Ptuh,OG_07646,464.35578777909296,0.2183771728787171,0.13395813436482237,0.22153927519490293,0.5410247739926989
Ptuh,OG_07647,514.38498602308,-0.31168562800039074,-0.2162246490437727,0.05995993811742337,0.29845011899020657
Ptuh,OG_07650,340.54773285025846,-0.16624310000282969,-0.08972782371135411,0.3922167121028603,0.6819623913139823
Ptuh,OG_07649,593.8580538512883,-0.4110243368834438,-0.10762177445275839,0.2507478855819275,0.5689799304472741
Ptuh,OG_07656,70.27172680140501,-0.22894424507990752,-0.09920990877848329,0.3377155401977759,0.6456052923765493
Ptuh,OG_07651,842.6515694887246,-0.15477422909478722,-0.0695459642032919,0.516951646963142,0.7780659140189116
Ptuh,OG_07652,98.7501866924013,0.3863726727898219,0.07310976342599025,0.36032394778699106,0.6620205838470787
Ptuh,OG_07653,703.1475617998362,0.3383994201639756,0.24216302947037185,0.04836058933160315,0.268676904700581
Ptuh,OG_07654,29.71185114294627,0.13312527669882607,0.014304694018176444,0.8180425771747912,0.9283465943295907
Ptuh,OG_07655,69.09131544079797,-0.7176216224153046,-0.25768258958847345,0.04162376602236593,0.25332273734717003
Ptuh,OG_07657,817.3207499527254,-0.07712715176798843,-0.039947317975738125,0.6935298878400913,0.8762767158961546
Ptuh,OG_07659,4674.262284113378,0.9868988716319184,0.1292273426409359,0.06455455002830394,0.3098910338272228
Ptuh,OG_07661,2328.880919853894,-0.37621343161231835,-0.24707530085607796,0.051911008583156296,0.27814721746945126
Ptuh,OG_07662,1907.8896837297698,0.5057744380254331,0.2831810612951146,0.04221068375164884,0.25404190391141174
Ptuh,OG_07663,39.99383467414264,-0.6857650148994159,-0.07218691282040587,0.2102844104456885,0.5269209836249001
Ptuh,OG_07664,306.3461086516588,-0.2599518761152109,-0.09067880444042804,0.36776982338672737,0.6677710514406199
Ptuh,OG_07665,393.05657797408,-0.15946287959427835,-0.041059339243711544,0.6209780211277831,0.8337389519891977
Ptuh,OG_07666,473.2358551311427,0.4412380305019922,0.2492875230304431,0.05692410532647114,0.2917317455838219
Ptuh,OG_07667,425.9408209501479,0.7822723524291212,0.5777501188333463,0.003425122313957159,0.07882422409247748
Ptuh,OG_07668,740.7285144288736,0.46925522902175054,0.289963473433861,0.038386510116662255,0.24344499119575094
Ptuh,OG_07669,24099.6534255411,0.4915720438379503,0.2749980412635008,0.045976570717520815,0.2622115772553303
Ptuh,OG_07670,1659.3053719556244,0.01880576439371144,0.01227126285346469,0.898455031445931,0.9585528462114007
Ptuh,OG_07671,83.97433183710204,-0.4169173829818875,-0.23818767140673913,0.06533288626690495,0.31099039808215073
Ptuh,OG_07677,140.934273730549,0.30264031032053773,0.06567095766754372,0.43079967156659715,0.7126256293661666
Ptuh,OG_07672,548.3147112270847,-0.049199137048907514,-0.02669061037513127,0.7778232006336834,0.9132713569253074
Ptuh,OG_07673,4963.329496476568,0.331564626828093,0.14767378137918,0.18166126678472563,0.49087197382368525
Ptuh,OG_07674,2520.7864260000265,-0.45152293474988103,-0.2571034516412312,0.05479130888674087,0.28728654702462586
Ptuh,OG_07675,708.84262997838,-0.562541668146191,-0.41590928993342147,0.005499571883671068,0.09899038349923106
Ptuh,OG_07676,97.32001616258258,0.8742834529310787,0.6046036113169737,0.004967206168039693,0.09394546721379304
Ptuh,OG_07678,1088.8355914949077,-0.06292352082258579,-0.025057602294744033,0.782064883182829,0.9141077392644652
Ptuh,OG_07680,21.186669073331203,-0.17460691695626607,-0.030850691745925307,0.6861975144042881,NA
Ptuh,OG_07679,523.2947238430895,-0.11216956922940083,-0.023598822504471255,0.7510936754840905,0.9010349759838927
Ptuh,OG_07681,240.9270748124618,-0.08704662179581714,-0.01943216911629881,0.813357992890289,0.9256279919089163
Ptuh,OG_07682,16.947528611846646,-1.2444084244656288,-0.20213884826272838,0.02472062422055331,NA
Ptuh,OG_07692,203.0717051977575,0.05222462861402362,0.013290409003121685,0.8693486522769993,0.9480555740511465
Ptuh,OG_07683,13.931940712806199,0.664929942321313,0.04184681860362183,0.3762059351896918,NA
Ptuh,OG_07684,376.592383460342,-0.025094366941266492,-0.0011927550103703007,0.9482478017621263,0.9775635549839007
Ptuh,OG_07685,1251.438362196988,0.3283326261954107,0.23415483077065233,0.04842618461984656,0.2687811501906778
Ptuh,OG_07686,26.38161760188369,-0.3025726479716543,-0.031843281960044725,0.5806237754523333,NA
Ptuh,OG_07687,192.2153919317528,0.5145230328395526,0.29200626871372054,0.039337462053467165,0.24671619479914564
Ptuh,OG_07688,167.31579487731202,-0.7350654864988957,-0.458273058898914,0.01099085232063106,0.13894457363670248
Ptuh,OG_07689,79.87775991532376,-0.25445457079800304,-0.0671950873569652,0.4595278239350527,0.7344974424649641
Ptuh,OG_07690,350.2631985104238,0.2063087875773063,0.07040709627051789,0.4666963898014667,0.7391313119916932
Ptuh,OG_07691,240.62711545217775,0.2729824835322564,0.17488123597349065,0.13069696867876002,0.42753415177967263
Ptuh,OG_07695,439.3042607525505,0.4894629497912211,0.2313033633446483,0.07275109245396202,0.32636147761175144
Ptuh,OG_07696,213.55792831183223,-0.44936590833939694,-0.2781555754527868,0.040658009649771794,0.2507391560972128
Ptuh,OG_07698,314.18744316404064,0.22772515100787338,0.056656758994292906,0.5141888707773824,0.7770405162497466
Ptuh,OG_07699,4528.130916483556,-0.25280745641439045,-0.13474606653712207,0.24046362296032503,0.5612620924409826
Ptuh,OG_07700,467.3203677137209,0.22148767023718244,0.09311576228859846,0.37781900755924647,0.6732036765039026
Ptuh,OG_07701,586.0410799307459,0.09357417472022594,0.04071414732016671,0.6867977211424656,0.8723363999951369
Ptuh,OG_07702,761.7831970093292,0.1798580220144539,0.1119455267996664,0.29311011928020636,0.6035623503703959
Ptuh,OG_07703,305.58459422066267,0.19254542147201964,0.05522928468677039,0.5425040119042195,0.7925471194289454
Ptuh,OG_07707,41.19610298847263,0.5599869818151311,0.050745542867525736,0.3733931887091363,0.6707225881184671
Ptuh,OG_07704,421.61197526634464,0.4460269971293584,0.19046512450279537,0.10263538741517808,0.3787830117034734
Ptuh,OG_07705,94.8395080819007,-0.8439168113939172,-0.43757843939201396,0.01490588918182005,0.1583216625260982
Ptuh,OG_07706,443.1669533324349,-0.7532301523564849,-0.5969086681770351,0.0012985852110235369,0.04945105655610706
Ptuh,OG_07709,2237.277036875629,0.328042383313087,0.1703510735365269,0.14473685435156453,0.4457943286087166
Ptuh,OG_07711,135.87295238835506,0.4079106691265986,0.12125290882607082,0.21359833710567389,0.5303734148249657
Ptuh,OG_07710,352.20556436106244,0.4972950041663263,0.22911334571683586,0.0738166644269285,0.3279271707047588
Ptuh,OG_07713,1732.2166205519632,0.46575501602748226,0.3430318307498063,0.015398433212547021,0.1596859576539396
Ptuh,OG_07714,589.5044989437032,-0.5360245432672561,-0.15423729599666253,0.12353040705770325,0.4159313174552577
Ptuh,OG_07715,101.6504768713924,0.48609994908283816,0.16708909076737696,0.1276703164293163,0.42252072124090895
Ptuh,OG_07716,578.054161445375,-0.8510584019296272,-0.19136592894946025,0.044212929577488826,0.2592571308341463
Ptuh,OG_07717,976.3058079937528,0.12860032216365636,0.05669070617737327,0.5863227927379548,0.8145023975021614
Ptuh,OG_07718,1647.1931532139172,-0.9305822686597586,-0.3407494849024695,0.017359401105954176,0.16847546764772897
Ptuh,OG_07734,678.921192212035,0.32176520721355567,0.08842544570453385,0.33456400881696735,0.6430288221778789
Ptuh,OG_07735,17.418085200451827,-0.09673178480826873,-0.008337847827723304,0.9174064916057223,NA
Ptuh,OG_07736,353.0975164274071,0.17230301448268365,0.0695689423437479,0.4956568645170178,0.7641132534666124
Ptuh,OG_07719,2288.494475586405,0.3210994222805242,0.1481473416735301,0.189090717013765,0.5014860614868496
Ptuh,OG_07720,386.1815791803876,-0.800814134865342,-0.0640258568938742,0.17899741290055088,0.4881431950479917
Ptuh,OG_07722,668.5419832086183,-0.1184942647850753,-0.07095813382752833,0.4920819569871834,0.7614358561835206
Ptuh,OG_07723,29.92015711307104,0.04071622049284677,0.004576826341036049,0.9373706389213381,0.9728857816817408
Ptuh,OG_07724,1143.4947525982536,0.21299486253017286,0.10031735186946515,0.34249310231536567,0.6503553111146363
Ptuh,OG_07725,2342.4496229691104,0.02212564309888651,0.010098786244697323,0.9359686420441377,0.9723964881072098
Ptuh,OG_07726,80.72803109619771,-0.25620585146427305,-0.07121421793228465,0.43574625599703193,0.7151830703376102
Ptuh,OG_07727,172.0774029060947,-0.3605764035771806,-0.09484699561069282,0.3037934474419468,0.6136702339671495
Ptuh,OG_07728,154.09444553937627,0.6294742231115258,0.16856275812724278,0.089869064129672,0.3601548336900305
Ptuh,OG_07729,569.0338469528867,-0.4626510983936566,-0.2668552772520629,0.04675729568254666,0.2645322817696111
Ptuh,OG_07730,713.222079460719,-0.8211779976618115,-0.18825487429002108,0.05649324346998942,0.2904583263754165
Ptuh,OG_07731,926.9012063102541,-0.14236407359822023,-0.023648475992692514,0.7417240435997825,0.8975844381498362
Ptuh,OG_07732,60.888387354507834,0.47406552817747244,0.15812537462812848,0.13312402465708642,0.4308647090915567
Ptuh,OG_07733,1172.1924821840944,-0.008502924646313574,-0.002320102209563329,0.977246454886012,0.9892146749755419
Ptuh,OG_07737,149.40368968866713,-0.41227480080532797,-0.18432720079382053,0.1142811896843506,0.3988803381831094
Ptuh,OG_07738,752.8340375187167,-0.3755884884940658,-0.2321286377000688,0.06786683868725026,0.31655355131052076
Ptuh,OG_07739,169.35404757372385,-0.7752650817986834,-0.6215630498311031,0.0011540692639496258,0.04878033247070513
Ptuh,OG_07740,177.49858048122533,-0.07413544114174808,-0.023994226222516003,0.7973513059762107,0.9195801492526875
Ptuh,OG_07741,100.98517459576333,-0.9097457670728529,-0.41855400274147136,0.01667020429985459,0.16527029669223525
Ptuh,OG_07742,222.28242528562942,-0.01232525781865867,-0.0081630113765781,0.9568778203701991,0.9806669624165739
Ptuh,OG_07745,55.954906787946825,-0.3896430615190074,-0.09987682276056742,0.26809290187798507,0.5819962185324692
Ptuh,OG_07744,50.16132399755769,0.09363565301299462,0.02379286255218526,0.7883134672478502,0.9161624163291109
Ptuh,OG_07748,93.43881964353797,0.04267692732688714,0.011597191608845673,0.8969104486655457,0.9585528462114007
Ptuh,OG_07746,1228.3394404047322,0.18132261570341773,0.14602383963555468,0.12333551133433175,0.4159313174552577
Ptuh,OG_07747,213.30675878684858,-0.07735724306926367,-0.033112714112506776,0.7375308388891662,0.8957539879643591
Ptuh,OG_07755,231.63039685343728,-0.08429886222771613,-0.015468107859678849,0.8357809985283802,0.9346131471560449
Ptuh,OG_07754,120.19612089231646,-0.2365516265730315,-0.08718122706800238,0.391819677056739,0.6819136863463493
Ptuh,OG_07760,175.1016840650845,-0.4774395418654449,-0.2417416667505215,0.06403324031776325,0.30810859276067526
Ptuh,OG_07757,136.1127887954359,0.17489963073633652,0.06298900160665682,0.5229901387854154,0.7815451635299306
Ptuh,OG_07758,66.17341453475916,0.3124216354918643,0.09026727023813998,0.35506301636819815,0.6600689875216154
Ptuh,OG_07759,294.9515884031101,0.13631464764991277,0.027179278213880227,0.7281091586988391,0.8919652301890568
Ptuh,OG_07749,635.4424977816266,-1.143583269894818,-0.3776869741655384,0.009832085051951557,0.13229034704883383
Ptuh,OG_07750,415.4878753885637,0.42418739865678773,0.21288585567561805,0.09059059120463787,0.3606839562784731
Ptuh,OG_07751,35.88725120008638,-0.7485983513063477,-0.1770174306698162,0.06956271240557756,0.31948434491517824
Ptuh,OG_07752,76.78127540101958,0.4472315832004445,0.13204031039011263,0.19072269798158342,0.503915022491315
Ptuh,OG_07753,426.3702881854653,-0.5517720132962307,-0.3846866862548762,0.012385930591287628,0.14622344213912755
Ptuh,OG_07761,500.6441232181422,0.30217537578479153,0.09477446142947522,0.32579758123764674,0.6351407391804628
Ptuh,OG_07769,104.41653935244575,0.6383428120978638,0.20542411075177325,0.07106616954644226,0.3225515295501805
Ptuh,OG_07770,91.10836953553215,0.3308744851225325,0.09623648609222284,0.3132787827177881,0.6217641811598247
Ptuh,OG_07771,30.057233292119502,1.0875588415189208,0.1273583122465077,0.06253872728361469,0.30521774258187123
Ptuh,OG_07762,41.11874045840768,0.1641793923830887,0.009858593814427778,0.8286568486232773,0.9324552860198291
Ptuh,OG_07763,17.366124985507504,0.7074267389266252,0.04390727619464128,0.3339568205913828,NA
Ptuh,OG_07764,206.7381826594986,0.07134214799776968,0.025739325729404385,0.796442856041148,0.9195801492526875
Ptuh,OG_07765,266.93418220780467,0.17420917763915983,0.04416777888646596,0.6013853817243078,0.8226348077679397
Ptuh,OG_07766,84.51645439130542,0.7564305552114886,0.2628308232843953,0.041840586586715925,0.2538661030247819
Ptuh,OG_07767,180.4746337529563,0.7894074538318072,0.23724172059649085,0.04147820983562104,0.252966783892741
Ptuh,OG_07768,93.57606551758698,0.01584239304846808,0.005376369816095541,0.9560369617750761,0.9803000645313993
Ptuh,OG_07773,269.91121276724994,0.13880165989498336,0.0751886386423423,0.49855133173163246,0.7662801645366557
Ptuh,OG_07774,309.2763799614256,0.06725060544447839,0.030626101944474255,0.7560987961822359,0.9036345015722126
Ptuh,OG_07775,202.42535716647313,0.2808891523269405,0.08020244669277755,0.38992118205332393,0.680059699732353
Ptuh,OG_07776,269.38714295656035,-0.5800317282707615,-0.4560306936964011,0.0033878587468572927,0.07829871849754508
Ptuh,OG_07777,9.779615657025055,1.2309705384950413,0.08060086593770574,0.11276421100473927,NA
Ptuh,OG_07778,28.76581066605484,0.6401523583611839,0.12441692808638487,0.1464700076425957,NA
Ptuh,OG_07779,147.76344329510297,0.5405082356842563,0.25536295034038586,0.058836416157770036,0.2954694535847328
Ptuh,OG_07781,388.81648981842005,1.1906028033755383,0.806493845348097,0.0033695539859707135,0.07829871849754508
Ptuh,OG_07794,21.696686592660154,0.21724560189936656,0.016316078605279366,0.7504623706133631,NA
Ptuh,OG_07795,24.628949532603972,-0.20647214385562218,-0.02670454789522458,0.6789235608357774,NA
Ptuh,OG_07797,429.0475881359602,-0.019564825915779977,-0.01418365641037092,0.90041561167181,0.9587704462584848
Ptuh,OG_07782,103.07115702223238,0.47979164302996913,0.19461306674523596,0.10008540358478095,0.376239595945976
Ptuh,OG_07784,376.41804026393874,0.3691695119967732,0.12176040085990528,0.21767750989414292,0.5365717209398012
Ptuh,OG_07785,1045.0021833757455,0.4071087048252569,0.2292965484132424,0.07614420443631063,0.33063433216660976
Ptuh,OG_07786,410.9711657866063,0.28091911297529687,0.0861224944729996,0.3630415444053987,0.6638563296922149
Ptuh,OG_07787,37.25233212478175,0.12301941300780536,0.02221266838214996,0.7685219671811174,0.9093337808697296
Ptuh,OG_07788,288.09696604414887,0.48036812940245377,0.3696199162066966,0.0062659140347691876,0.10474437398279517
Ptuh,OG_07789,186.79784043247187,0.8859950021184482,0.7328559581233924,3.911298688186e-4,0.03182644646112389
Ptuh,OG_07790,331.12456185747766,-0.9646534488736892,-0.7824160243703538,4.433416327095969e-4,0.03391763193666574
Ptuh,OG_07791,267.7096867089945,0.11062689567685284,0.05055447849886494,0.624310845201231,0.8353833846196872
Ptuh,OG_07792,24.614631382428257,0.3946743809025894,0.08043542377481029,0.3402911028227904,NA
Ptuh,OG_07798,64.48965159323123,-0.380224600242466,-0.13022703624662663,0.21166297683353275,0.5285249095673451
Ptuh,OG_07799,82.66955597423251,-0.15663352533189132,-0.06584619309933114,0.5155239126320406,0.777274413042327
Ptuh,OG_07800,208.0109600720513,-0.12101851327317266,-0.05277996095286842,0.6054774402596483,0.8249180848203006
Ptuh,OG_07801,333.9360273312775,-0.6305889904063201,-0.18130453614132272,0.07925696126619072,0.3370306034414079
Ptuh,OG_07802,310.16205923884564,0.2858065383938086,0.14012967181752217,0.20180325158024556,0.515535342286713
Ptuh,OG_07803,796.0404144483902,-0.07139478708979748,-0.021774438857698093,0.8129754902616129,0.9253166952555444
Ptuh,OG_07804,17.0579053098872,-0.04001078775151455,-0.005936672373021493,0.9310309431722037,NA
Ptuh,OG_07806,237.85285950918902,0.695074807304696,0.26552352911055216,0.041915940182513316,0.2538661030247819
Ptuh,OG_07807,534.8469418322497,0.013264414664933555,-5.766516429892785e-4,0.9696384035397265,0.985545832399483
Ptuh,OG_07808,181.87809465269072,-0.161243080006048,-0.04897913048625174,0.5996874855350376,0.8223921524969314
Ptuh,OG_07809,76.07497775714505,0.301519534311298,0.07820765478372965,0.38292186867342937,0.67628016012931
Ptuh,OG_07810,148.92578002603508,0.029528925252184125,0.009196423798767494,0.9164721085207035,0.9655341917502056
Ptuh,OG_07811,252.8846600251451,0.5833314684181308,0.3889544525019638,0.01468196593039845,0.1578218413682831
Ptuh,OG_07812,763.641610866749,0.8249892882703157,0.6682488400683201,8.776703895096016e-4,0.0448586809131919
Ptuh,OG_07814,746.5426155011187,0.005935475207517122,4.903223121122205e-4,0.9775260188526299,0.9892146749755419
Ptuh,OG_07815,103.9820651135666,-0.4215132724608885,-0.1676102915807106,0.13780412049261334,0.43612304124788975
Ptuh,OG_07816,179.70885769009763,-0.737932852882095,-0.24445151676652263,0.042120414416455004,0.2538661030247819
Ptuh,OG_07817,31.89847744238833,-0.47681793999864147,-0.032204233163156806,0.49278464638935426,0.7619678108409316
Ptuh,OG_07818,19.143089577781087,0.5652676749926572,0.042726212152583404,0.40176230831827625,NA
Ptuh,OG_07819,1594.9899132936382,0.8384082037363054,0.7050521491532996,3.5825467460794054e-4,0.03012176927495674
Ptuh,OG_07820,997.8230990776774,-0.21385838194445758,-0.07531358826950177,0.4505029680248893,0.7278674285516287
Ptuh,OG_07822,55.986933333375255,0.40924237678268993,0.10227811459061405,0.2603591758423183,0.5745482698375358
Ptuh,OG_07823,814.0559493275887,-0.06658763589629554,-0.03334986254725064,0.7423532649933318,0.8975844381498362
Ptuh,OG_07824,644.4089349284756,-0.11795330127007217,-0.025456446480227792,0.7269388588135401,0.8913030304713518
Ptuh,OG_07825,23.43447291154126,-0.5069034066088821,-0.06714948010989838,0.32918990620187477,NA
Ptuh,OG_07826,230.16253978916734,-0.7430198463037938,-0.193850577582849,0.055901343626525234,0.2892312828558013
Ptuh,OG_07829,213.36317818193632,-1.103021709313043,-0.8817008426388326,5.155933778871949e-4,0.03710524546625474
Ptuh,OG_07827,242.73373054908254,-0.2838986286890195,-0.1029519718448596,0.31207978183227275,0.6212010488664965
Ptuh,OG_07828,280.8528316232915,-0.04658900070762217,-0.014636217468756216,0.8844797682889658,0.953097469562898
Ptuh,OG_07831,166.74018053033726,0.07200452729313662,0.027732807782254204,0.7800815348537136,0.9136206376692536
Ptuh,OG_07834,121.09282836350798,0.7636601302997882,0.13607415300986786,0.08616193729806405,0.3526203236314024
Ptuh,OG_07835,115.16364285316962,0.47033900436171644,0.08334679749034346,0.2811843290375181,0.5938105124009904
Ptuh,OG_07832,2030.2191671555722,0.2476719508759885,0.06277267653178223,0.45640359488854804,0.7320057443494152
Ptuh,OG_07846,141.1293327001963,0.5099131084091043,0.204054404406645,0.08525373542618479,0.3504878342108783
Ptuh,OG_07847,588.9234072008013,0.7339283297581836,0.5618570099098582,0.002545009430617494,0.06732778842617994
Ptuh,OG_07848,142.77145514540598,0.6851313193294797,0.17669479755029593,0.08141207643471263,0.34210683019772625
Ptuh,OG_07849,44.52722294521133,0.11184595994457487,0.012550677483631076,0.8344748766894032,0.934215312068519
Ptuh,OG_07851,286.8241688964866,0.5561253550162462,0.15801267800657007,0.11657859971411011,0.4034170614393737
Ptuh,OG_07853,186.9589397216457,0.8637887109619898,0.5946130390568699,0.004841941090127938,0.0934494630394692
Ptuh,OG_07854,337.9714604597162,1.1004323997983758,0.8668118819586992,7.901443834948621e-4,0.041936913153989806
Ptuh,OG_07836,467.09326307392604,0.7655498032452722,0.21852048131175417,0.0461804473323067,0.26284474446779393
Ptuh,OG_07837,162.96962941905423,-0.3984835106325074,-0.15504636160423796,0.15677664596190205,0.46057493535819793
Ptuh,OG_07838,1001.6761505384321,-0.8808098920399553,-0.2282447944041091,0.031559226213731674,0.22032627291024218
Ptuh,OG_07839,30.57514523131428,0.4035591625097437,0.06994512917996702,0.35769317416143764,0.6614831086626586
Ptuh,OG_07840,23.91774254984747,-0.21409846278163935,-0.033614374898877614,0.6427589495576371,NA
Ptuh,OG_07841,372.23650255407443,-0.6290903525530555,-0.1897970084675788,0.07586075888938375,0.33056931799572037
Ptuh,OG_07842,624.2590152894285,-0.2362574076864434,-0.1357796294288043,0.21230095938067461,0.5290053124366321
Ptuh,OG_07843,432.89037676434486,0.33311014838518777,0.1522262914890102,0.1744119264990328,0.48181720228685315
Ptuh,OG_07844,539.2270552700002,0.5418871438609872,0.37002007727524117,0.016196802225663432,0.16296592950276526
Ptuh,OG_07855,63.85133282332565,0.8919455317150864,0.41994231184179087,0.015854809372649867,0.16163723676793554
Ptuh,OG_07857,68.98419924301801,0.13347097996770682,0.02692432951117667,0.7335995868250227,0.8931509234864649
Ptuh,OG_07858,35.33999498919078,0.5943589621656774,0.10052174357960257,0.19039329280864659,0.503915022491315
Ptuh,OG_07859,1436.5937501008157,0.009634013177598445,0.003069284310360571,0.9605037489567926,0.9820127421311201
Ptuh,OG_07860,239.29253947031444,0.062379767556744875,0.028897193315271765,0.7801027461680909,0.9136206376692536
Ptuh,OG_07861,1137.66227322542,0.02869472961256291,0.006824593472421388,0.9291652187212501,0.9706119456614443
Ptuh,OG_07865,99.71927527355665,-0.307509318862768,-0.029891367510694527,0.6027796153985137,0.8231761296738828
Ptuh,OG_07864,49.82615329865272,-0.09934863827235706,-0.01008012790437671,0.8611762627448938,0.9449681901059102
Ptuh,OG_07862,1161.0718723781504,0.11753947575857643,0.07902939893095194,0.4003494240257962,0.6901829575260353
Ptuh,OG_07863,1116.0460791664755,-0.1657135102632311,-0.10917768974392107,0.3114647520828548,0.6205909607432198
Ptuh,OG_07866,68.17381989112985,0.032005571066669486,0.008514762488802388,0.9284224871678056,0.9704780601955939
Ptuh,OG_07869,2238.199439306958,0.9828993165008703,0.6832669739500062,0.002981027842800993,0.07438927137848335
Ptuh,OG_07870,52.72511094257676,0.21180882974462936,0.03421616194476191,0.6376325716124529,0.84287878472643
Ptuh,OG_07871,435.2229061130872,0.38958045251558926,0.24886814533868934,0.05392369693105292,0.2849533505528945
Ptuh,OG_07874,348.60655477587,-0.3854261222142464,-0.20883028610805784,0.09299424408905346,0.3634240039914622
Ptuh,OG_07875,30.967713234164485,0.5896421986151427,0.05180106755139688,0.3358537219357738,0.643832033592809
Ptuh,OG_07877,15.30474557255821,0.710962287381228,0.040965789797748474,0.3280738343501184,NA
Ptuh,OG_07878,532.0281348686974,0.6367864153276034,0.43024527416320146,0.010313893908757208,0.13579160786537398
Ptuh,OG_07879,68.28799142229241,1.1141688310687328,0.8328886496600677,0.0013959326045306461,0.051317141461793274
Ptuh,OG_07876,464.9469803448975,0.129022714587644,0.07350789495735684,0.4814945578958859,0.7517561167149194
Ptuh,OG_07880,1041.5862502065265,-0.009985445494918773,-0.005595631738145331,0.9641064779787039,0.9836828320311369
Ptuh,OG_07881,175.23294717958768,0.6592121444120097,0.45502231679300376,0.008983466220697836,0.12843029485886534
Ptuh,OG_07882,1281.2289467573721,-0.2658434404971685,-0.05752886739597633,0.4828559153250031,0.7522312296716064
Ptuh,OG_07883,1586.8631112820215,0.019191750952445574,0.011967780596936959,0.9218705653851257,0.9675596145409082
Ptuh,OG_07889,928.3365878939317,0.02791186238812118,0.009477458576098583,0.9208207605906867,0.9668162585232581
Ptuh,OG_07884,192.20042985420278,-0.22874822723540095,-0.06153266302755929,0.4865002857454831,0.7556905846992212
Ptuh,OG_07885,111.12903303027782,0.08536156375444856,0.02659054670811033,0.7723621966237134,0.9113380260842815
Ptuh,OG_07886,299.00848684416826,0.05201612087160512,0.02411649928094156,0.7978646419799578,0.9195801492526875
Ptuh,OG_07887,105.61975899094558,-1.10049716320267,-0.9277935879431406,1.2295365790656126e-4,0.01898404478077306
Ptuh,OG_07888,99.77906418460468,0.18273395584982893,0.07739784346465775,0.4564741565805057,0.7320057443494152
Ptuh,OG_07890,236.010430064437,-0.3077851693781428,-0.12859294230688006,0.23662490607299844,0.5578619384708225
Ptuh,OG_07891,799.4503867706599,-0.5065648070859129,-0.296362517945393,0.03519830836587969,0.23261014369108976
Ptuh,OG_07892,347.01168716651705,-0.17309286388181716,-0.0682495720022156,0.4983545339135129,0.7662801645366557
Ptuh,OG_07893,213.40617371051374,0.3761264660517007,0.2116666660930799,0.09106293008255373,0.3606839562784731
Ptuh,OG_07894,703.8411179583967,0.028202426652398138,0.011945999426593584,0.8671904135733648,0.9471615423877832
Ptuh,OG_07895,395.80575640574483,0.25561352594067877,0.14268525705429844,0.21148980090048597,0.5284031552929357
Ptuh,OG_07896,32.1277365099245,0.9775388826074795,0.1134600207492775,0.07621270910662407,0.33070941529558084
Ptuh,OG_07897,1023.6999097532831,-0.1497431704209723,-0.10027375184487156,0.3168452234099741,0.6247154950539819
Ptuh,OG_07898,423.2707891064801,0.42336980438362215,0.22285296213627198,0.07864152047455783,0.3362657562285725
Ptuh,OG_07899,59.14196134182019,-0.7196732147017797,-0.40887158482481456,0.015996232813601796,0.16212437800767876
Ptuh,OG_07900,78.3510175017187,0.05141218720651113,0.02050034641552449,0.8379005768305895,0.9353821083798298
Ptuh,OG_07901,77.14746266093765,0.8601914754812925,0.501506191856389,0.011233377174267496,0.13926107877938623
Ptuh,OG_07902,2194.0988824082315,0.826390776332655,0.4151752020444496,0.016771663949025576,0.16561043052921534
Ptuh,OG_07903,46.58498082985948,0.21089430859161304,0.06341919455357395,0.48848341006736384,0.7573856341595863
Ptuh,OG_07904,146.33268893476063,0.09079939299290768,0.022985780892234405,0.789536997405927,0.9161624163291109
Ptuh,OG_07906,2201.3618764680646,0.21779176400926728,0.04055911068232429,0.5830871050463312,0.8131163419565937
Ptuh,OG_07907,1809.261908081462,-0.3863034970390076,-0.10460220596146581,0.254533786943988,0.5712083803466974
Ptuh,OG_07908,121.57459283681393,0.3666775103588656,0.07867342234806125,0.3406196413162635,0.648261316462956
Ptuh,OG_07909,30.58260671660204,0.3728114103808728,0.10389492300640926,0.2814428927453184,0.5938105124009904
Ptuh,OG_07910,304.25220094160375,-1.1852781834976434,-0.7731035703779248,0.003312467582729229,0.07813742975704614
Ptuh,OG_07911,3626.2773774085767,0.8565495282788853,0.40819212454033776,0.01580153286530999,0.16163723676793554
Ptuh,OG_07912,72.16806875500585,-0.6820643630470172,-0.14488934400800343,0.1003154644658126,0.37648357953951794
Ptuh,OG_07913,38.14511417054587,0.08460127350365487,0.015808888274960013,0.8374524798236905,0.9353821083798298
Ptuh,OG_07915,32.22113419072735,0.3983278319413901,0.10847010260508425,0.2462444546606483,0.5660300057955991
Ptuh,OG_07914,15.14335375291469,-0.27653921617372557,-0.008872130280166085,0.749112134205459,NA
Ptuh,OG_07916,480.3638187497691,0.4437288298844937,0.0952747792332644,0.2466278722870543,0.5660300057955991
Ptuh,OG_07917,771.8386454758908,0.3936159778373394,0.22021809688680558,0.07297604233910703,0.3263763200064719
Ptuh,OG_07918,150.09055490393996,-0.06823093249633753,-0.01590972157287263,0.8482394219673025,0.9390306839987996
Ptuh,OG_07919,90.70374583531238,0.285118328383434,0.07580014195649262,0.4081146911704605,0.697343259714287
Ptuh,OG_07920,29.51252178618236,0.8228612411046322,0.10118718410028785,0.12976771488733735,0.42631244887205216
Ptuh,OG_07921,630.1325057914166,-0.6137170555914379,-0.34509354951333493,0.027002718899419416,0.2038285234612175
Ptuh,OG_07922,78.26828492183247,-0.5344589414525678,-0.29552791733759387,0.03949149782562454,0.24713470857421047
Ptuh,OG_07923,97.2777580474785,-0.720386125683421,-0.26104346713353704,0.04307752178104886,0.25581420626899787
Ptuh,OG_07925,666.4596027315793,-0.26054673477074375,-0.19100128871368155,0.08038050704486845,0.33976668283973266
Ptuh,OG_07926,179.74776631405408,-0.09136426122417463,-0.04108950259307763,0.6956951434064907,0.8774800687259683
Ptuh,OG_07927,154.5336794173959,-0.707096670025429,-0.5876064477504332,5.799279021135256e-4,0.038723539265010286
Ptuh,OG_07928,27.65627608097402,-0.4185915130373409,-0.08689054070844306,0.30213583340111005,NA
Ptuh,OG_07929,68.04359630364725,-0.7869135906519629,-0.1209094097154236,0.10070708214250065,0.37688506390384224
Ptuh,OG_07930,81.87460821990231,-0.039813313027399024,-0.016409634322354417,0.8734198751232214,0.9497019113859592
Ptuh,OG_07931,147.0112472969506,0.5072791481816001,0.15134425795245074,0.14193668769167916,0.4416038560268111
Ptuh,OG_07933,391.63894554798475,-0.30591205477834044,-0.03597257283477115,0.5327040423284224,0.786187474357484
Ptuh,OG_07934,1550.6298669885941,0.2052812243263617,0.026644568886533885,0.6716978270678025,0.8630742846814615
Ptuh,OG_07936,170.22814520498656,-0.4239513590803048,-0.1641150570050098,0.1389727039683699,0.43749073938538957
Ptuh,OG_07937,83.85882099957719,-0.0030618384903072834,-0.007295324181449046,0.9894617890820543,0.9954287564097066
Ptuh,OG_07935,75.04256627009265,-0.8843698617928175,-0.1725366164479079,0.055058767387569055,0.28769949689649005
Ptuh,OG_07945,1394.5014055849583,-0.07768270516845155,-0.02023910057784504,0.8124997791321361,0.9250017791350261
Ptuh,OG_07943,1784.1693145621348,-0.06855665787517067,-0.022519149200274098,0.808024843550108,0.9238594034974917
Ptuh,OG_07944,153.09543041521394,0.4917516628965854,0.18776324204791808,0.10334491283859254,0.3809049478408541
Ptuh,OG_07946,433.8922956311423,0.23595083009581824,0.11186966053916544,0.32218580400520197,0.6304151722608698
Ptuh,OG_07938,1641.1938630232264,-0.11361570374943,-0.0442287381848157,0.6518992406767952,0.8503730187138778
Ptuh,OG_07939,546.8654883457502,-0.2705897555630909,-0.12339286401018187,0.25269330359491443,0.5699251534181963
Ptuh,OG_07940,46.5829111019811,0.04368384789982204,0.010174391537427751,0.9059681269644264,0.9620283391249187
Ptuh,OG_07941,97.49921571214142,-0.5035531717554007,-0.1361838353084758,0.15810038048606082,0.46169414373481604
Ptuh,OG_07942,207.72499463593465,0.16321614819924077,0.05400338118823324,0.5796973100699103,0.8115380080965511
Ptuh,OG_07947,4307.24040951975,-0.9492849029838071,-0.06650852435940816,0.12692019299939095,0.4208513897025009
Ptuh,OG_07948,431.23544952504193,-0.4110528912330302,-0.28781067551694794,0.0318609693402192,0.2209640277438994
Ptuh,OG_07949,413.2741284795204,0.031413998103849275,0.015524334067066735,0.8829799686918727,0.9530947122311343
Ptuh,OG_07950,465.29900282212253,-0.7344788275789942,-0.4697989053493697,0.00969109949021358,0.13196319896828135
Ptuh,OG_07951,594.4190769195667,-0.25085828764416696,-0.09105828822401384,0.3609837776284895,0.6625187464061233
Ptuh,OG_07952,1945.471423774247,-0.0623333488584957,-0.029289891469123423,0.7778723180217555,0.9132713569253074
Ptuh,OG_07953,285.8239329657526,-0.3030019794158979,-0.20285004481539182,0.08355017970063897,0.34681246693267875
Ptuh,OG_07954,306.1916193758534,0.3690135787272716,0.15302520597423838,0.15980012073999983,0.46393935908515505
Ptuh,OG_07955,211.43979126183012,0.4429367863259313,0.1159427277185251,0.21945115593504558,0.5381401144095891
Ptuh,OG_07956,260.3299946983625,0.28358137268602396,0.027257377670255892,0.6318535335051507,0.8393086511067949
Ptuh,OG_07958,767.6410801795244,-0.20821936823706416,-0.09619876226285362,0.35995113452852306,0.6620205838470787
Ptuh,OG_07959,135.3726774472167,-0.20071306747336382,-0.07639299379166903,0.4444106669375634,0.7225265584059174
Ptuh,OG_07960,943.1921670022023,0.6660073716387714,0.472370863680116,0.006857382425406111,0.10988838070951755
Ptuh,OG_07974,20.981930420957756,0.2076097335325873,0.06697901566673295,0.48675902794782644,NA
Ptuh,OG_07971,181.57146649123925,-0.3802025813635365,-0.16435372917793958,0.1462671222949651,0.4477651054538009
Ptuh,OG_07972,48.292188832604076,0.46773506390998065,0.06559233475332812,0.3591481519206826,0.6620205838470787
Ptuh,OG_07973,33.31889992839162,0.6044502355761155,0.22235300797143692,0.06971108520797047,0.31999272193842443
Ptuh,OG_07961,264.97482877033013,1.3056358556117662,1.0645003390272918,3.5066579629921966e-4,0.030079332749221952
Ptuh,OG_07962,402.3171010889301,-0.08724664669608313,-0.026783392937210226,0.7735637740793304,0.9120688821037474
Ptuh,OG_07963,1112.57561093131,0.7036533510026675,0.38012488355164303,0.019161156233283436,0.17425109258901378
Ptuh,OG_07964,134.32251878516936,-0.15875217200743502,-0.06007922524181847,0.5481538407258892,0.7953579533725401
Ptuh,OG_07965,208.6775060679279,0.3700450940019899,0.14050518267043824,0.19110732973730976,0.504157640301098
Ptuh,OG_07966,258.48038026164573,0.5492788016901711,0.2323500541343801,0.06373397650956052,0.30760428212985913
Ptuh,OG_07967,281.86787697363343,-0.4001305965054758,-0.1213342695716361,0.21509030658861963,0.5326762565035165
Ptuh,OG_07968,1052.3569408178146,0.3670116022817697,0.2984656236853095,0.00864115683221543,0.12474431044248355
Ptuh,OG_07969,253.1371389072106,0.3681843748577975,0.11037550164468854,0.258277912364551,0.5728148764315621
Ptuh,OG_07977,227.2475772677531,0.15648043600727984,0.07939994969360152,0.45013633506218165,0.727413464766517
Ptuh,OG_07979,121.47662004194808,0.39493713197135266,0.18657927381606773,0.11679529418511303,0.4037498477163446
Ptuh,OG_07978,15784.877971224892,0.5552149953810649,0.17809896552882695,0.09727413036879887,0.3700949440375627
Ptuh,OG_07980,239.3306397949024,-0.24376959605878062,-0.08534644536044239,0.38832068946662474,0.6795698176628987
Ptuh,OG_07981,270.11188567251014,0.4104192937146787,0.08358696383230516,0.31583362084305316,0.6238797646427559
Ptuh,OG_07982,184.49170181476055,-0.12354663181086055,-0.04383562508711735,0.6431537097208513,0.8457464278051992
Ptuh,OG_07983,47.028223304697846,0.1516978877308933,0.028595854088836664,0.7114983841766394,0.8840237029238179
Ptuh,OG_07984,551.2023929946354,0.1692862351839244,0.043293559123806974,0.6094779985089159,0.8274479877438392
Ptuh,OG_07975,674.4065735694918,0.22122455548824632,0.16553342922805064,0.11559093471241655,0.40065233370524134
Ptuh,OG_07976,1230.6925011127914,-0.22762085706688234,-0.1238409128290356,0.256019406342676,0.5728148764315621
Ptuh,OG_07986,33.10712054604451,0.3903023708936721,0.1057759823127766,0.26764255700530415,0.5818793123627862
Ptuh,OG_07987,52.71079827333226,-0.46028734064149546,-0.09536376911995997,0.25731033073795484,0.5728148764315621
Ptuh,OG_07989,61.30459712360424,-1.1279454125454946,-0.1222391548097068,0.050485430538834676,0.27517301932692523
Ptuh,OG_07988,601.4817719160706,-0.177755411383144,-0.08810652627112156,0.3895177775974698,0.6796370212249939
Ptuh,OG_07991,410.17954450302267,0.4612919753346179,0.2688795166142417,0.0508497021729513,0.2759535680348754
Ptuh,OG_07992,101.72246071863287,0.0896209899479316,0.01660822092621044,0.8190234050477425,0.9285744509233631
Ptuh,OG_07993,428.532552565142,-0.1412115551984573,-0.09122440431133562,0.3691900326739914,0.6681930429385199
Ptuh,OG_07994,1605.5989658530011,0.34022682302399,0.24752797401899912,0.037431080929472935,0.24056698744066674
Ptuh,OG_07995,180.9993461262873,-0.05952523704139421,-0.031222040475198828,0.7793689038413467,0.9136206376692536
Ptuh,OG_07999,23.009330481383927,-0.023199802366023703,-9.673296180628464e-4,0.9753326544501748,NA
Ptuh,OG_07997,51.60593390020835,0.2957450706189793,0.07035261099971205,0.41604000833814514,0.7023062184511165
Ptuh,OG_07998,293.0096477902097,0.06292006710558559,0.01760726985864384,0.8434516021673331,0.9376791636158248
Ptuh,OG_08000,513.0847580553749,-0.5877999914997957,-0.11848768421632458,0.14591820719670387,0.44739287199122335
Ptuh,OG_08001,104.9612757525719,0.14469512419960015,0.023491892457294068,0.7460240791676158,0.8991086442437105
Ptuh,OG_08002,51.8080103722286,0.045532683839227234,0.022540087258583082,0.8633602293670473,0.9459270526647366
Ptuh,OG_08003,38.00278551792714,-0.017733370365362322,-0.0026828484881758516,0.9681246240755712,0.9853180577800511
Ptuh,OG_08004,7.619649155700612,0.10291264511585678,0.003786995411105005,0.9148520682044597,NA
Ptuh,OG_08005,361.793691005204,-0.2639314833596437,-0.11401691729396375,0.29601350346224753,0.606219294496769
Ptuh,OG_08006,91.73393712947318,-0.10213040272227193,-0.028540576232983637,0.7699299048712138,0.9097321207967646
Ptuh,OG_08007,118.21438129599021,0.7362192347495502,0.4891203961207042,0.009157442706228737,0.1296530567113552
Ptuh,OG_08008,21.413995784335953,0.4110553232087725,0.0323155093417781,0.5226885204867175,NA
Ptuh,OG_08009,114.69937553246989,-0.5199755831842131,-0.17480210837276922,0.10795629164430258,0.3889634461577853
Ptuh,OG_08010,2250.2077932182933,-0.01634461481493753,-0.013421328335383134,0.9295124045678519,0.9706119456614443
Ptuh,OG_08012,310.7340302384571,-0.33931025363841893,-0.11990305554810456,0.24443811251389044,0.5654045723524898
Ptuh,OG_08013,304.25923112381247,0.3003685168537329,0.18750324449524397,0.10683515460047292,0.38671957922728734
Ptuh,OG_08014,303.1615145304299,-0.6805601334987544,-0.23984752019179417,0.04854049957879962,0.26888840340715353
Ptuh,OG_08015,123.09251672649104,0.23931642448292506,0.08833205466282566,0.3847153978862218,0.6772350612944131
Ptuh,OG_08016,814.0183375467516,0.09393086820912788,0.0460014550147829,0.6581829987932056,0.8541775330491801
Ptuh,OG_08017,189.63720926308852,-0.13292160365780792,-0.05095425029338892,0.6087569612902588,0.8271302584443004
Ptuh,OG_08018,110.38191668560899,-1.3663297428113161,-1.1860719121590342,2.488972779600116e-5,0.009096052976691355
Ptuh,OG_08019,38.97492943050301,-0.8833757529227436,-0.24549201898000717,0.03227749995990171,0.2226565491126865
Ptuh,OG_08020,87.21677487536898,-0.3197790906203387,-0.09744160024005082,0.31033958076672213,0.6193663266441843
Ptuh,OG_08021,261.8373775594351,-0.5654921110562638,-0.32620846065572956,0.028238294273147148,0.20965686617100063
Ptuh,OG_08022,212.41381897960056,-0.32972102093982525,-0.07514415109361822,0.3719331978893805,0.670016274178324
Ptuh,OG_08023,452.06115563027635,0.1427464457268499,0.09473960925867442,0.3370947330079989,0.6448768805370414
Ptuh,OG_08025,29.376979554622558,0.12724373860559163,0.023037967127728372,0.7611380540724089,0.905277385932476
Ptuh,OG_08024,132.79102935203147,-0.3871331172218547,-0.1234210529010729,0.2242167147068557,0.5434986180714155
Ptuh,OG_08035,74.2277638547638,0.33491445591102603,0.08183358676589171,0.35342801885969066,0.6589046621638843
Ptuh,OG_08036,63.67509408754844,0.1862949366286552,0.06097522164517158,0.5246140768664262,0.7827010807591811
Ptuh,OG_08027,171.86406811767662,-0.3893053926422847,-0.1342032317376588,0.2001511666175582,0.5139874469984822
Ptuh,OG_08028,130.1930617913837,0.2892296665606164,0.10582525767572913,0.30870599584207975,0.6178380328953046
Ptuh,OG_08029,34.905738596806486,-0.20221267915703625,-0.023811659643997844,0.699469105868981,0.8787031147064651
Ptuh,OG_08030,368.9128348523039,-0.7896450869503558,-0.3145460296354228,0.02605722190895987,0.20079666828574158
Ptuh,OG_08031,275.7936339927465,0.07065583189509185,0.017577917878060626,0.8387921171623132,0.9357623041174938
Ptuh,OG_08032,50.8026442904195,-0.5251588214675985,-0.09587669861209291,0.22742450994141986,0.5466004893495581
Ptuh,OG_08033,1236.4170779820495,-0.2072628706220057,-0.07295960682455893,0.45067094638904437,0.7280003189529702
Ptuh,OG_08034,66.14686697412061,-0.6085376846057952,-0.14375502362730436,0.11821734907597833,0.4057808117838351
Ptuh,OG_08037,630.8322874011645,-0.12436817058527946,-0.06255201930407615,0.5331821084155359,0.7863393025408973
Ptuh,OG_08038,87.79023768143709,0.529456539745138,0.16955349996733438,0.11858285439041277,0.4061407090035421
Ptuh,OG_08039,312.4967182862442,-0.24099819166739359,-0.09935756195107585,0.34225118044722713,0.6500552503596182
Ptuh,OG_08040,88.26425060687392,-0.0035277171032705927,7.271751071156873e-4,0.9900246331116715,0.9954287564097066
Ptuh,OG_08041,398.14053392177954,0.034018838079692526,0.016925320643384496,0.8683360230966615,0.947559690071556
Ptuh,OG_08042,295.05968468263075,-0.47738007497481716,-0.15824366967032052,0.13670076304794937,0.43533321948725023
Ptuh,OG_08043,115.11445190475541,0.20021807796526872,0.0752813543318548,0.45254465939294647,0.7290854197618861
Ptuh,OG_08044,258.13682751637333,0.14590618422938348,0.056134736513649815,0.577543743787766,0.8099923441639509
Ptuh,OG_08046,234.68006467794046,-0.3363371662271385,-0.1126077938417405,0.2689495299588508,0.5825240859361362
Ptuh,OG_08047,147.9041283616945,-0.1645582602667731,-0.03510048019712946,0.6640855293887834,0.8582277150463473
Ptuh,OG_08048,320.56268428502284,0.5040208721454895,0.21277421143327896,0.07703385004843497,0.332795066107598
Ptuh,OG_08049,1529.3587696052612,-0.8699964657339596,-0.7394188226622218,1.7805332439567431e-4,0.022012604579892067
Ptuh,OG_08050,1871.0409580191206,0.10826890998101987,0.041018054473892104,0.6751318827543784,0.8657837433328573
Ptuh,OG_08051,222.58434381083063,-0.2980946426068153,-0.10922450168405666,0.2860365648371221,0.5981415877139439
Ptuh,OG_08053,286.0459790295323,-0.36004340988843536,-0.19763436969776915,0.10412892027410851,0.38240184878545014
Ptuh,OG_08055,514.6046891670628,0.2606293826183884,0.1108749338713561,0.29716218816063195,0.6066763638186905
Ptuh,OG_08056,365.19345613568487,1.0018895818973634,0.2479734975580784,0.0208341131298967,0.17957324408527428
Ptuh,OG_08057,96.86864105103392,0.3391756714465182,0.05479049097122596,0.4540034502600534,0.7303601176544023
Ptuh,OG_08059,30.171368534253027,-0.7948172772192453,-0.2107216088354272,0.05187299007195426,0.27814721746945126
Ptuh,OG_08061,75.04387956199965,0.46272450824837263,0.10083703078666251,0.24394907685892003,0.5649347043048675
Ptuh,OG_08064,89.33546388423353,0.8283808357168787,0.5612957931400953,0.005502056171883781,0.09899038349923106
Ptuh,OG_08083,375.0509114161828,0.1846267978271305,0.027243549063573295,0.6903835118161404,0.874252428026046
Ptuh,OG_08081,351.43492206736045,-0.16498531709640624,-0.06365610702507452,0.5226402835866019,0.7813840296157434
Ptuh,OG_08082,135.56462077905735,-0.11342584253258368,-0.04458307348001992,0.6530097308252532,0.8510886303745995
Ptuh,OG_08065,711.8680357391219,0.3961407533097964,0.11198346825064523,0.2427978970241613,0.5639605419937576
Ptuh,OG_08066,199.29449043206228,0.1507763637938768,0.043975854797721654,0.6271648421564742,0.8371398679020401
Ptuh,OG_08067,49.58791448161302,-0.4529391628823206,-0.11062305180247732,0.21773423241464845,0.5365717209398012
Ptuh,OG_08068,204.15178427960586,0.333590954876098,0.20618595043168486,0.08900213971528893,0.35857344723698614
Ptuh,OG_08069,241.60338658511623,-0.07607549697022556,-0.033426567288971976,0.7294939544876006,0.8925029046979837
Ptuh,OG_08070,1184.5666871202764,0.07441314890575212,0.04607407965254685,0.6437317911320672,0.8457464278051992
Ptuh,OG_08071,105.56724059715194,-0.053834633259637776,-0.013646883344499894,0.8700933053403629,0.9482444218508551
Ptuh,OG_08072,177.0138906937736,-0.28973238043671673,-0.08030379337780365,0.37435917178066597,0.6712538189952313
Ptuh,OG_08073,30.225257291454728,-0.05701431193353998,-0.007806503569547987,0.9067700247491001,0.9622958073193398
Ptuh,OG_08074,416.24336562158703,-0.0410428740281101,-0.02445556469877785,0.8052349141958458,0.92317141662408575
Ptuh,OG_08076,9.698986544341615,1.7276764028426528,0.049316686703934534,0.09084421083310007,NA
Ptuh,OG_08077,112.0220680864983,0.10238064765139288,0.034260698334878784,0.7228564135025848,0.888864272149428
Ptuh,OG_08078,925.8467247895618,0.29891135831054966,0.06123068041876161,0.4284780414692391,0.7110876545156887
Ptuh,OG_08079,527.3007663531124,0.10656747271017508,0.03212372127911041,0.7233582706726931,0.8890072435248139
Ptuh,OG_08080,1186.2018380001825,0.08367954203435743,0.0394388848446384,0.6953944532378702,0.8774800687259683
Ptuh,OG_08084,166.37349880051053,0.14916728164676146,0.07781298657830728,0.4484266428519172,0.7265096847027774
Ptuh,OG_08085,25.232630836915167,0.7186264646024492,0.1783561937082705,0.07292858579808605,NA
Ptuh,OG_08086,581.5890086805942,-0.17118692551257883,-0.0412102902058577,0.6298577501941927,0.8378370950264856
Ptuh,OG_08087,251.06452633068832,0.2531739007723999,0.16225892768526542,0.14732440330619434,0.4492942997218118
Ptuh,OG_08092,60.26194117545381,-0.5131055725628317,-0.19358259338524703,0.09429977537984537,0.36485566980970935
Ptuh,OG_08093,110.01736142248694,0.5576681078140948,0.09423510855264192,0.22056630064533833,0.5399391827847256
Ptuh,OG_08094,280.0782914697257,-0.2304538998981173,-0.04619164007550374,0.5544304022640989,0.7983001632800258
Ptuh,OG_08089,53.10235331683983,0.6969756515093449,0.1143245521945169,0.1372359028633093,0.43576539768865796
Ptuh,OG_08090,253.32921788136534,0.10291971427345803,0.02825104977003403,0.7523930310123167,0.9015551882822905
Ptuh,OG_08091,466.7585629232664,0.49595451052783124,0.166438518432646,0.12151717411825838,0.41211016078763985
Ptuh,OG_08095,308.0438924558911,-0.40023582962541604,-0.14502258390293696,0.172420500143887,0.47959216744902994
Ptuh,OG_08113,194.1224328344474,-0.08333519383066433,-0.03850619710336148,0.7019865941810477,0.8792694865951423
Ptuh,OG_08114,11.570543581730059,0.22538079298417313,0.016301023789329745,0.7282933852630206,NA
Ptuh,OG_08115,50.18715653960485,-0.4412147916122484,-0.1276422606892793,0.196882315364351,0.5101997626103353
Ptuh,OG_08116,33.2917031855515,-0.5532415446357456,-0.06903419889495013,0.28105470676273203,0.5937105895097314
Ptuh,OG_08117,329.34349496439336,-0.21295502569715857,-0.08395511387527985,0.40130169736788085,0.6908278966243755
Ptuh,OG_08118,299.8621111557737,-0.22651899132453587,-0.12548378863010615,0.24837655656862645,0.566688263938951
Ptuh,OG_08120,103.43732175679814,-0.08994461383607377,-0.02052450190931255,0.8083376376767918,0.9238594034974917
Ptuh,OG_08121,258.80530653752857,-0.10387866457337924,-0.03590735961853282,0.7076211979998115,0.8812317368256928
Ptuh,OG_08123,267.68871270962205,-0.4567320950166537,-0.17032191468090246,0.12569018521284137,0.4188041417828587
Ptuh,OG_08124,15.440616471073863,-0.307269692971973,-0.03558785610839422,0.5708524711185845,NA
Ptuh,OG_08096,1403.350794090443,-0.3135776879940577,-0.08308673485929813,0.34532690481540734,0.6518150868398398
Ptuh,OG_08097,11138.090186415804,0.8276203952570612,0.035451363110124076,0.30876627929396383,0.6178380328953046
Ptuh,OG_08098,39773.22822823947,0.5358532630178974,0.03714037397355803,0.4269770051418791,0.7101687265404986
Ptuh,OG_08099,112.08859006569139,1.070433216325926,0.7546747590351065,0.003043307736959719,0.07490947623844038
Ptuh,OG_08100,1783.3895168432227,0.39829968090656254,0.2948039198149125,0.020383133270832972,0.17807980219744196
Ptuh,OG_08101,377.52539701963553,0.2916447571251176,0.11223416013608162,0.28318945837901255,0.5952586338006373
Ptuh,OG_08102,145.67741400597436,0.4745791765954597,0.18811897243116768,0.10883569220198122,0.39077322478818843
Ptuh,OG_08103,2425.940372526919,0.3085989798799494,0.13845827087071244,0.20929344520734688,0.5255233402426936
Ptuh,OG_08104,40.71592982936839,-0.21288845088333505,-0.02843229051095477,0.6658719699816338,0.8590768070928865
Ptuh,OG_08105,323.14944997601884,-0.5945274402472378,-0.23903849014239886,0.05729604211990338,0.2929193315942144
Ptuh,OG_08106,117.11012801600813,-0.2114987726004371,-0.06439146156402578,0.49405012872521326,0.7633685758978368
Ptuh,OG_08107,224.36462592652808,-0.07456203228785484,-0.029027782969743395,0.7659429321153273,0.9076733714099021
Ptuh,OG_08108,471.4575472705207,-0.5112297499229308,-0.3942354154628356,0.00554747246686175,0.09938010661690845
Ptuh,OG_08109,364.1665322192271,-0.2199782859681876,-0.13877718205356832,0.1990217900842459,0.5121494064834594
Ptuh,OG_08110,344.04560126371626,0.11225943203622504,0.04901942140227985,0.632774306809133,0.8401374942812943
Ptuh,OG_08111,783.8607192121985,-0.05227670426121662,-0.02655331794206281,0.7945759729766163,0.9193026198821488
Ptuh,OG_08112,254.0427448248781,-0.245755690525504,-0.12175648919002813,0.2601182918528514,0.5743433526818549
Ptuh,OG_08125,383.90927020712286,-0.21535619602719994,-0.08834268743847255,0.38902545022518015,0.6796370212249939
Ptuh,OG_08126,846.9362883219283,-1.0872113088026223,-0.2863058044226372,0.013262840767812513,0.15132886074786125
Ptuh,OG_08127,257.25179721721554,0.2212600535494499,0.06342889343729312,0.49875740539994057,0.7664581771003068
Ptuh,OG_08128,502.5067818109991,0.3506420083580247,0.17792089029010577,0.12996992724311912,0.42647010129388235
Ptuh,OG_08129,279.125460667924,0.1496183099498639,0.08888253081961524,0.36636104372342376,0.6660539463282626
Ptuh,OG_08130,286.7864257838146,0.16469368940162243,0.050235774823491994,0.5927473311772766,0.8183445011636179
Ptuh,OG_08131,493.03931695041626,-0.0960998232242604,-0.028303526289449234,0.7657021820056289,0.9076413916236461
Ptuh,OG_08132,393.73497822024694,0.33027326793906836,0.13858675168324028,0.19820067124306795,0.5115152601013742
Ptuh,OG_08133,145.12744764700457,0.20414418616831645,0.07519369318647443,0.4648405029357374,0.7379467060941134
Ptuh,OG_08134,408.7375983618213,-0.06224668832794172,-0.02936237008488545,0.7748203591291021,0.9120688821037474
Ptuh,OG_08135,205.8908379177668,0.4351004488587064,0.2520873248138274,0.055948605794376126,0.2892312828558013
Ptuh,OG_08136,181.28810269642491,0.5925925661987109,0.11707132010938488,0.15820678400172128,0.46169414373481604
Ptuh,OG_08138,164.84811619308212,0.4178798853985019,0.12162207847754888,0.20449959861289707,0.5193213491090675
Ptuh,OG_08139,74.9020152652148,-0.04247368707204872,-0.01216210680239418,0.8927107955700706,0.9567011706185057
Ptuh,OG_08140,101.49059744216298,0.25833101929508395,0.08746570458176081,0.3731709952627616,0.6707225881184671
Ptuh,OG_08141,530.3193938102494,-0.2419181319802577,-0.14230367337521835,0.1983567311703607,0.5115152601013742
Ptuh,OG_08142,507.7286310527295,-0.46463283534511873,-0.33369783668996233,0.014930426568536371,0.1583216625260982
Ptuh,OG_08143,574.1103937041379,-0.0693089945721909,-0.011008407591691735,0.8717953467359842,0.9486527530089669
Ptuh,OG_08144,247.0776300058551,-0.45368284510410695,-0.07468127663705745,0.29930044562708025,0.6087806908419559
Ptuh,OG_08145,240.81332408960304,-0.12916250897246578,-0.022548185190525368,0.7586655074610223,0.9047293082541553
Ptuh,OG_08146,98.87462148751125,0.18564454759049334,0.05508976680732652,0.5486111530716202,0.7956127453165136
Ptuh,OG_08147,43.70053014016905,0.22138477583444396,0.044742197765923516,0.5881579187977681,0.8147998184081527
Ptuh,OG_08148,49.978331057336,-0.22999822679143184,-0.044548599240400555,0.5648494774434119,0.8038715874726753
Ptuh,OG_08151,1502.9859911080603,0.02772745848425537,0.005156567422615612,0.944707037926256,0.9763237393294104
Ptuh,OG_08152,232.19818838140841,0.155680825857936,0.08478236875951334,0.46345264770802425,0.7373011317106245
Ptuh,OG_08154,372.92804246096205,-0.18476544070569126,-0.07515891883929579,0.4600697806744033,0.7347379413507745
Ptuh,OG_08153,2529.1412655549448,0.3605640799140096,0.16823019507418585,0.13989660266013001,0.4390940097535759
Ptuh,OG_08155,299.5121045692926,-0.7043195327570334,-0.20948924569994143,0.0537421860483553,0.2843480647493042
Ptuh,OG_08156,43.14822046395041,0.66942139076274,0.3333736251344159,0.03199164738368519,0.22125362675382332
Ptuh,OG_08157,527.1759929693037,0.422680184915768,0.23760756421816845,0.06585150656173833,0.3120826252048131
Ptuh,OG_08158,75.59998329055239,-0.14178988339423565,-0.05848461572318631,0.5596153443869274,0.8002125263649936
Ptuh,OG_08159,128.7443003445713,-0.5522328825006587,-0.3232635016173854,0.029544841095136384,0.21379476593718907
Ptuh,OG_08160,65.02120648108823,-0.25213704746601673,-0.0942687054981174,0.3518873633691212,0.6573808689698271
Ptuh,OG_08161,39.62935654072088,0.502610469010027,0.0686985092935449,0.32899380582067295,0.6390245651942257
Ptuh,OG_08163,720.8450226656323,0.18443074012379218,0.11058809372957887,0.33413560535114545,0.6429423927771083
Ptuh,OG_08164,374.5123015136472,-0.051058890412225,-0.025565735104801764,0.8087550592762345,0.9238594034974917
Ptuh,OG_08166,327.799115147564,0.747780902348453,0.650939648305636,8.987271160279229e-5,0.01834782321003979
Ptuh,OG_08167,769.8394969774207,-0.7275088247982521,-0.41776213609287816,0.014867678815125332,0.1583216625260982
Ptuh,OG_08165,1687.782209324363,-0.5392706468273487,-0.3565440419093382,0.017539335411282334,0.1693316368221345
Ptuh,OG_08168,126.6140300061411,0.09716624423890477,0.026173937605573794,0.7690235939892068,0.9095486882056686
Ptuh,OG_08169,816.989975029474,-0.09831770734843737,-0.07077859279519774,0.4828190073234981,0.7522312296716064
Ptuh,OG_08170,323.1619268813461,0.1588740050772352,0.05270071755724754,0.5834922647157159,0.8134235131941898
Ptuh,OG_08172,42.49608344877796,0.5009998766845863,0.1009925230508317,0.2223780727579528,0.5418839644327387
Ptuh,OG_08171,325.39564479231177,-0.1675600277051034,-0.045345522826697356,0.6112940484436791,0.8292227903157073
Ptuh,OG_08173,1919.5209531623598,-0.39476264796940946,-0.16291042598680355,0.14416412572597676,0.4445889777514321
Ptuh,OG_08175,107.98484517763023,0.03544204469205289,0.00933555268232863,0.921293005120861,0.9670729542010323
Ptuh,OG_08176,187.21342726405805,0.7371774161183279,0.270662529964946,0.03778409986054902,0.24148545440776498
Ptuh,OG_08178,18.635048042893807,-0.5109310339579777,-0.04302824347553215,0.3994476109972445,NA
Ptuh,OG_08179,270.93371649307795,-0.17752456720057802,-0.09463099088622551,0.37390450686148974,0.6712538189952313
Ptuh,OG_08180,448.28654841892904,-0.5095307722784452,-0.3155893282778494,0.02727916630082574,0.20483469030836687
Ptuh,OG_08183,95.7576040276183,-0.36273506328826444,-0.12648726238990876,0.22586216099472964,0.5444207900755114
Ptuh,OG_08184,1127.7055009796306,0.17361276626025757,0.1409004740967587,0.13296715292862565,0.43064723976731084
Ptuh,OG_08181,70.94004361933922,-0.3614948171925208,-0.11571288377889268,0.2508178090920136,0.5689799304472741
Ptuh,OG_08182,636.4768651471574,-0.21714686158371124,-0.07874466746155917,0.4318108693707638,0.713134559061946
Ptuh,OG_08192,48.55013533114178,-0.06402693529875854,-0.007456070118899935,0.8952593150169913,0.9578012737974775
Ptuh,OG_08193,293.47963936128434,0.053199332507350525,0.028832220383764328,0.7985628068610765,0.9197640547414762
Ptuh,OG_08194,159.15263470536453,0.7987110249663089,0.6400959247060339,0.0010277613638801082,0.046931549353838004
Ptuh,OG_08195,9.969112527721656,-0.7154873915346659,-0.024248255790715576,0.4216561927636572,NA
Ptuh,OG_08185,32.326316837143544,-0.4033487255921655,-0.06686657959418066,0.3752643761043956,0.6716006495002166
Ptuh,OG_08186,948.9491475227353,0.5497547881074951,0.20910401128097691,0.07611049531575183,0.33063433216660976
Ptuh,OG_08187,2898.4093734810854,0.41244785606189455,0.35356595951911307,0.0015092935050077694,0.052385044860224904
Ptuh,OG_08188,204.0877627972887,0.3952283846854534,0.18605519800888082,0.1242522938210773,0.41675808350033666
Ptuh,OG_08189,1231.1176502721428,0.2207653624482279,0.15554649929056927,0.13991855751214982,0.4390940097535759
Ptuh,OG_08190,223.59727784200643,0.18382379709241436,0.04147361638005259,0.6141758461817888,0.8304286971879469
Ptuh,OG_08191,79.25312383157554,0.0878598709640097,0.03307939483404385,0.7258884741290627,0.8904008265642064
Ptuh,OG_08204,209.9283169270641,0.362722490502558,0.1476545399346295,0.17679130102461463,0.48586140074466905
Ptuh,OG_08205,135.9559371581455,0.30965133413381496,0.0970104158737089,0.32062000972845656,0.6285099544353769
Ptuh,OG_08206,83.15034277373228,0.06633431384770451,0.023191178258686985,0.8143772817256909,0.9261673866900451
Ptuh,OG_08207,1001.1487689031973,0.0307806977057451,0.010247596235198412,0.9106616657002764,0.9634373681170785
Ptuh,OG_08210,7.397280716476877,-0.11497669927324515,-0.0025988649253731316,0.9177557651804287,NA
Ptuh,OG_08196,20.242005092319125,-1.0543754583479013,-0.09848574988422444,0.09005061621630195,NA
Ptuh,OG_08197,113.52729707911381,-0.3289841556229139,-0.06923442319923014,0.39580883489623825,0.6856330084273181
Ptuh,OG_08198,109.90596856417248,-0.7087171906832651,-0.2052668826840686,0.06036244433886022,0.29958964192028115
Ptuh,OG_08199,73.26933978967179,-0.8649418757027323,-0.480082271425808,0.009445429895588078,0.13021199784632137
Ptuh,OG_08200,228.31225907279565,0.36961068906295436,0.086571336596547,0.320261959946473,0.6282431424960612
Ptuh,OG_08201,73.45458610747306,0.37311157924227406,0.06433288770709507,0.38090144693977657,0.6756249042989156
Ptuh,OG_08202,2511.6587536638813,0.07134623442305309,0.013572637636706608,0.8586320060020673,0.9438838828439554
Ptuh,OG_08203,170.7679811020218,0.18074493378577594,0.08037490121137456,0.44444674508987947,0.7225265584059174
Ptuh,OG_08212,37.77153707073026,-1.2031710159175237,-0.29837803316919576,0.014845303418502851,0.1583216625260982
Ptuh,OG_08214,47.87710594045996,0.5023011365036448,0.0994356244038987,0.22495104051164577,0.5439305911232619
Ptuh,OG_08215,88.59089463868125,0.8275939388539348,0.23455136462807938,0.03488671646240956,0.23235921270492704
Ptuh,OG_08216,563.4898772296773,0.22777345558525364,0.08676693673905353,0.3919477982873918,0.6819136863463493
Ptuh,OG_08218,87.5023750991127,0.17309194037119066,0.03359340729150385,0.6573070677093171,0.8537494563735933
Ptuh,OG_08217,1994.215287375977,1.2210715759136357,1.0789874743421863,1.234635701454723e-5,0.005518171777238689
Ptuh,OG_08219,206.77776053669652,0.7327712807287713,0.16104427200704463,0.07852643910051309,0.33611215768223646
Ptuh,OG_08220,271.55292394516425,0.009918068081042024,0.006295393912121992,0.9513373482687362,0.9785315844837823
Ptuh,OG_08221,503.1442169040725,0.23897278959327398,0.15500139672584956,0.15092515434462828,0.45418340846918887
Ptuh,OG_08226,1756.0068850342168,0.05901289262469086,0.026522137557920402,0.794648260300269,0.9193026198821488
Ptuh,OG_08227,130.17281355400502,-0.10254035682137651,-0.03154386100509655,0.7318936085499923,0.8931382221649411
Ptuh,OG_08222,394.2380640656776,-0.9967986431869567,-0.4191700475173322,0.011063111459732355,0.13894457363670248
Ptuh,OG_08223,193.39908860947463,-0.016678277458416203,-0.00606660732413226,0.951331675258427,0.9785315844837823
Ptuh,OG_08224,597.5712236231882,0.39829816227174425,0.18193171128241478,0.12721918876271496,0.42135154094109806
Ptuh,OG_08225,7.589772044130254,-0.33872931463003414,-0.006186383491546076,0.7828639840218645,NA
Ptuh,OG_08234,184.78459422527465,0.15717981023969413,0.0809934705638241,0.4422426634010174,0.7210090610292725
Ptuh,OG_08232,39.85528591718784,-0.3143418243151676,-0.043637673501454484,0.5205330751807928,0.7799803835793168
Ptuh,OG_08233,65.46108224652193,0.06317423943327179,0.015739181709347343,0.8468572131280554,0.9389621953105426
Ptuh,OG_08231,211.1343103658312,0.07922566462943971,0.018041560269581876,0.830006584231618,0.9328552812897929
Ptuh,OG_08229,36.21063610311684,-0.14887207659433577,-0.03165701100837897,0.7020360773984105,0.8792694865951423
Ptuh,OG_08230,122.37219781762848,0.54549550373616,0.23248571977100263,0.06403811425136503,0.30810859276067526
Ptuh,OG_08235,53.18704035459476,0.00661730490955842,0.0010083766739692897,0.9898242390550125,0.9954287564097066
Ptuh,OG_08236,66.88413420791152,-0.48030668163418105,-0.10135360310779953,0.2399775800493549,0.5609385108117594
Ptuh,OG_08238,17.401575371598522,-0.6167520581686265,-0.1345570530703506,0.13288897840978434,NA
Ptuh,OG_08237,325.159197475529,0.28147401300980934,0.0643310508752447,0.4428227996199077,0.7215206861142122
Ptuh,OG_08241,142.11114495280313,0.1214913414698906,0.03143319684633533,0.7190559374589123,0.8866490058379618
Ptuh,OG_08239,308.7406746834837,-0.6675362109125605,-0.17038600087580746,0.07916680332449433,0.3368158786731492
Ptuh,OG_08240,159.9920293154452,0.1782804753421,0.02976267733778846,0.6853819119954724,0.8719495425716182
Ptuh,OG_08246,14.581315580212113,1.5385603028151005,0.05767885571348727,0.09262598205839358,NA
Ptuh,OG_08248,399.0495114982672,-0.5900078199341166,-0.45965366310258476,0.0033369712149690298,0.07828055126385912
Ptuh,OG_08251,470.50481309462066,-0.2922364311216388,-0.031860654863809686,0.5616272218730977,0.8011655246340241
Ptuh,OG_08249,3206.9682583774215,-0.6543645228727564,-0.11465843760499743,0.12804220453704357,0.4230873155364101
Ptuh,OG_08250,115.68586260319523,-0.11041938870814592,-0.033869973800974756,0.7149048347597897,0.8849219888892484
Ptuh,OG_08242,28.718355486218986,-0.16768651471768467,-0.017293239856828072,0.7650952541172567,NA
Ptuh,OG_08243,316.6327260977422,-0.3084508789514634,-0.14855903192800307,0.1855481410175361,0.49518378803297197
Ptuh,OG_08244,95.52088538185411,0.013365632648529097,0.0058799110077576815,0.9563346281288911,0.9803997692464171
Ptuh,OG_08255,191.9339013847517,0.3360935820812884,0.1118949910290724,0.25870340890613375,0.5728420313714679
Ptuh,OG_08253,450.9266937253661,0.024340507822416344,0.013047832614159614,0.8933831220988822,0.9570593506829453
Ptuh,OG_08254,5585.216955679805,-0.13446099099007477,-0.06275960997839851,0.5402062823904188,0.7909365086309373
Ptuh,OG_08257,130.4002411302913,-0.21696110500132534,-0.05760212541617304,0.5201832229061241,0.7797644270871994
Ptuh,OG_08256,15745.357419321323,0.33215735606036706,0.1633674400538224,0.1557030675315681,0.4591593216588378
Ptuh,OG_08261,425.6051902718592,-0.47955821674761817,-0.1215115478405895,0.18166572863601865,0.49087197382368525
Ptuh,OG_08258,264.72700850034613,-0.1161198798852936,-0.045672100670081886,0.6396283216207299,0.8440822177357543
Ptuh,OG_08259,195.3524857068215,-0.3149723134687184,-0.06050015175632303,0.43453821540873105,0.7140283524092385
Ptuh,OG_08260,152.87509764919272,-0.1385420219406346,-0.04935688146667918,0.6182277333227664,0.8324068354807249
Ptuh,OG_08263,642.6386530186835,0.578513596974845,0.45343008719316713,0.004133456941273607,0.08620340639993107
Ptuh,OG_08264,1128.6195767877593,0.10494665624154939,0.03673065052880208,0.7068229921300582,0.8811640505224052
Ptuh,OG_08265,2071.789903388919,0.20955676123950834,0.03359526171619466,0.6065191567309054,0.8257897061865611
Ptuh,OG_08266,215.63813258122755,-0.13818320156308295,-0.06333550683529983,0.5368920222529856,0.7885311402581033
Ptuh,OG_08267,263.12934868059943,-0.2453795329778862,-0.12054171359444989,0.258116558813005,0.5728148764315621
Ptuh,OG_08268,60.75283445918614,-0.34482587074563914,-0.11269694862070788,0.26223155942817233,0.576416635390885
Ptuh,OG_08269,1550.109802664839,0.20548618916062086,0.1429115347401243,0.17349518980508846,0.48116301496564706
Ptuh,OG_08270,554.6305402887673,-0.10660360912237024,-0.03759354495043919,0.6875348742277991,0.8725969439459679
Ptuh,OG_08274,61.36606447496208,0.657930206454134,0.08869704900892537,0.20147080331966333,0.5154835980086113
Ptuh,OG_08275,62.1019121238434,-2.0934685651482727,-0.13472926820064868,0.001552029691109019,0.05271934454759117
Ptuh,OG_08271,1436.7138576184884,-0.49460400775935093,-0.24968600806443628,0.056554508184463205,0.2904583263754165
Ptuh,OG_08273,631.4607582555977,-0.1488233112610946,-0.05671802086551672,0.5597341505661872,0.8002125263649936
Ptuh,OG_08278,26.444326787375857,-0.05596288755942066,-0.005985947595281371,0.9191366479310881,NA
Ptuh,OG_08279,35.215762109705636,-0.005108204593633812,-2.5385554863115276e-4,0.9901538748696176,0.9954287564097066
Ptuh,OG_08276,49.32914902375093,-0.46252277915717943,-0.07729276691676752,0.302494992028498,0.6121908131626517
Ptuh,OG_08277,1151.4288689868567,0.05754307513202933,0.029929708754426868,0.7770199261956094,0.9129790926087517
Ptuh,OG_08280,1143.9560123251679,-0.14089833042801136,-0.059027946445500065,0.5534985453954029,0.7978797568320762
Ptuh,OG_08281,51.697765629680404,0.5637768601401091,0.05623731753678124,0.3337991194580197,0.6426257362134444
Ptuh,OG_08287,25.415958098014706,-0.33954647825444695,-0.06519307004650925,0.41628238697562514,NA
Ptuh,OG_08286,402.79455711804906,-0.2044605764541448,-0.1195949331599897,0.2626184807650674,0.5766079330211882
Ptuh,OG_08288,309.78329658166797,0.5674926529941947,0.33703888054801934,0.02728337397492037,0.20483469030836687
Ptuh,OG_08282,21.800836322636453,-0.8458324696948148,-0.05850424214546999,0.20518130485325617,NA
Ptuh,OG_08283,155.62783850541857,-0.11121781600706618,-0.03432090573884726,0.7075222215005545,0.8812317368256928
Ptuh,OG_08284,674.3423394436361,0.19295202030130348,0.0695020880678212,0.4672563871751258,0.7397355033354155
Ptuh,OG_08285,277.2978405725336,0.06557537781406235,0.04060273368004436,0.7238047083340897,0.8891482957535889
Ptuh,OG_08291,86.39975712952722,-0.13350742493171647,-0.03535237260666833,0.6862259663658938,0.8719782891484619
Ptuh,OG_08289,15893.143921296993,0.5757724860690817,0.2328453606943794,0.06059217616679185,0.30020347725110635
Ptuh,OG_08290,165.99432751069438,0.022679326170144554,0.01535337082411153,0.9078517873509272,0.9628723607725839
Ptuh,OG_08292,3508.053723077625,1.1979885225307105,0.9107324243749714,9.68818438067444e-4,0.04596204567636165
Ptuh,OG_08293,1056.5821986271108,-0.1289101968486332,-0.02696099567819321,0.7277576629208424,0.8917919298014133
Ptuh,OG_08294,493.8754170017413,0.17454434034947372,0.06268555338392151,0.5403061888800984,0.7909464154404061
Ptuh,OG_08296,127.42439393272747,0.06376053489251664,0.016766493341599336,0.8472901206981589,0.9390306839987996
Ptuh,OG_08298,333.3325989386814,-0.37891633477983555,-0.14459337242965337,0.18372144614148544,0.49308993542109414
Ptuh,OG_08297,464.6260857763785,0.022563263029919182,0.008931014416790745,0.9145872742597337,0.9648665723614086
Ptuh,OG_08299,348.91327605516557,-0.7080915900284,-0.1261583144975037,0.11266394437109216,0.3966592933662167
Ptuh,OG_08302,491.71014445584586,0.354780100220765,0.12277113904088391,0.22892608875475842,0.54792568931945
Ptuh,OG_08303,87.28089013693398,-0.0010912125935980182,-3.880729180753233e-4,0.9975750247259678,0.9989676438916749
Ptuh,OG_08300,153.9709057524635,-0.236608256049439,-0.1085268928203095,0.3047414143294062,0.6147122357010606
Ptuh,OG_08301,7013.626261647527,0.2192115071895197,0.0381137213585632,0.5938627637244149,0.8188505545253665
Ptuh,OG_08304,251.2725019863218,-0.6098556840173793,-0.0904954758369699,0.18755293262327793,0.49880974125802574
Ptuh,OG_08305,679.0068897495119,-0.06794345988210944,-0.01755895845095825,0.8374624656877326,0.9353821083798298
Ptuh,OG_08306,65.46801265665749,0.2666667482419761,0.07798645087774708,0.4095865154602174,0.6984056504472446
Ptuh,OG_08307,166.8736641877123,0.4970130448566214,0.2670003793264004,0.04866978168174059,0.26942880445980516
Ptuh,OG_08308,118.17957162448114,-0.09794101697965374,-0.03497552066988154,0.7311554482291187,0.8929918116441358
Ptuh,OG_08309,276.85681641353295,0.18967365334397723,0.06623130714812417,0.4962003969516433,0.7643268222226293
Ptuh,OG_08310,613.6077132850005,-0.14764729030555243,-0.08056657905767291,0.4360281379845815,0.7155074295198196
Ptuh,OG_08311,762.7456670538415,0.04588158291624914,0.022616604274380028,0.852250616286915,0.9405987124939759
Ptuh,OG_08312,246.37741674351426,-0.36364827471111816,-0.2613009160823076,0.03502147238124105,0.23261014369108976
Ptuh,OG_08313,521.9912603221685,-0.45037573080900745,-0.1438525028799197,0.16687027945557292,0.4729847840910298
Ptuh,OG_08317,27.180424001952424,-1.3260160866354846,-0.14105168179966865,0.026689032365088343,NA
Ptuh,OG_08316,47.65379440427902,0.39423208109206387,0.07756499497864965,0.33433248877831756,0.6429423927771083
Ptuh,OG_08314,667.598316799191,-0.25197800544294935,-0.14167878080411628,0.2012539329037335,0.515083905430532
Ptuh,OG_08318,326.76993250622104,0.01176163734846285,0.004573797276817831,0.9533290975658291,0.9790668628265378
Ptuh,OG_08319,156.07742711121492,-0.6746165982945435,-0.5580255443094095,7.654729457415658e-4,0.04166920676434216
Ptuh,OG_08323,426.14094955709817,-0.12280826988065006,-0.030125630402313426,0.7136558675713602,0.8847472485701956
Ptuh,OG_08320,73.33849481054546,-0.5474199506695049,-0.08809663198791459,0.23716695544822128,0.5585668412272942
Ptuh,OG_08321,318.7848972117303,0.21400687492895107,0.06881562448297224,0.4618798350480234,0.7354741344886208
Ptuh,OG_08322,188.64886346023286,0.19236808878414902,0.10132950649332524,0.3444158791756068,0.6516888694205109
Ptuh,OG_08324,753.4214910273532,-0.4956071822723463,-0.2452763060042157,0.06557623547291556,0.3114504427494401
Ptuh,OG_08325,4021.398263094722,0.33541211059757237,0.26157197560411954,0.02293916899596553,0.1891445540413192
Ptuh,OG_08326,609.8203011081785,0.16488315818869778,0.05808538644718054,0.5609638819782593,0.8008919444787118
Ptuh,OG_08327,24.36664206769481,-0.14407711024580258,-0.03609580553449354,0.6777921765266282,NA
Ptuh,OG_08328,345.7366921723563,-0.6091977565877515,-0.15635934172019278,0.10672544547046983,0.38648719954594024
Ptuh,OG_08329,118.57266441001705,0.3380709739773409,0.16532389801156627,0.15114112782535508,0.45418340846918887
Ptuh,OG_08331,405.5239872925493,-0.36590445524738213,-0.14953391627967916,0.178959781919437,0.4881431950479917
Ptuh,OG_08330,234.0722664154076,0.43521360437015394,0.2733528957074975,0.0440599269455288,0.2591114263306306
Ptuh,OG_08336,1149.4604560596017,0.16994573214759906,0.05056417724454116,0.5845171208387212,0.8138218011620387
Ptuh,OG_08332,543.1455690299648,0.7492039131315594,0.5683369901814376,0.002285451941352088,0.06506161989299929
Ptuh,OG_08333,222.83818578875747,-0.246000136081723,-0.05397475291754037,0.5021834995288829,0.7692175826117016
Ptuh,OG_08334,659.7416787138075,-0.7319708928703945,-0.6083397429253595,0.0011259496968369425,0.04878033247070513
Ptuh,OG_08335,1350.4291375738014,-0.6846563979303913,-0.3723431952808937,0.023277437256814235,0.1897044118856684
Ptuh,OG_08338,129.24211675262885,-0.32373714965365263,-0.08707312263316402,0.3428601158246206,0.6504537080423879
Ptuh,OG_08339,112.09372516889137,0.034167670750486004,0.008720280485019206,0.9205302728307303,0.96663077493243
Ptuh,OG_08340,35.70713226946911,0.5462841203672634,0.027852936672304332,0.4868519682808724,0.755993644797849
Ptuh,OG_08337,1509.0653926848095,-0.09915691968265226,-0.021392598038245197,0.7884008408900858,0.9161624163291109
Ptuh,OG_08342,196.14793131017112,-0.0819895309785357,-0.015420331794121167,0.8374549156082225,0.9353821083798298
Ptuh,OG_08343,99.21612320857032,-0.028128494101746615,-0.004746730816047163,0.9481344036178556,0.9775635549839007
Ptuh,OG_08341,483.22823330199026,0.707447584555899,0.2597385855728726,0.035965129767034476,0.23568532158150962
Ptuh,OG_08345,331.05664400964764,-0.4259208709533787,-0.08105538460644741,0.31247488311620875,0.6212010488664965
Ptuh,OG_08346,718.6698500532841,-0.4188280823419555,-0.17380247510728414,0.12593432671039065,0.41922160032326045
Ptuh,OG_08347,2178.171022811542,0.09381045374208309,0.04121906420174068,0.6786752488499638,0.8677070480629165
Ptuh,OG_08348,1004.7563722079427,-0.03938193891534574,-0.011514393157392054,0.8975049825559407,0.9585528462114007
Ptuh,OG_08356,524.6042746765442,0.01621477282572531,0.008020962102074704,0.9489766268534383,0.9779987275775969
Ptuh,OG_08357,33.363820291558135,0.13237069386864053,0.02351039326709296,0.7564301909044002,0.9037148538492075
Ptuh,OG_08349,463.5032056588866,-0.5901524522276157,-0.49391233999056283,0.0011656663851854205,0.04878033247070513
Ptuh,OG_08350,975.6826193636903,0.22386188649347302,0.12217999543711998,0.27060937338397,0.5831044909354666
Ptuh,OG_08351,117.03027467694837,-0.6262847367010497,-0.1761860359656427,0.09299580318811203,0.3634240039914622
Ptuh,OG_08352,367.4194933127982,0.4048597860902821,0.23139379057516143,0.07008233970834785,0.32037465662493725
Ptuh,OG_08353,282.10830334404596,0.4629155760822472,0.22083364735818517,0.08214682630816045,0.3432664058551095
Ptuh,OG_08354,1034.8406785687596,-0.6128572652288143,-0.2875512962614217,0.03686375561419459,0.2396990908696328
Ptuh,OG_08355,523.568919027996,-0.8482435330121664,-0.074536935377712707,0.14943596150137686,0.45149449025344696
Ptuh,OG_08358,184.2899529539609,-0.04462108012154748,-0.011772706223045253,0.8910325240401079,0.95574689833884
Ptuh,OG_08361,779.3461452292369,-0.072034896413464,-0.008379325387632638,0.8762302077293188,0.9510007664614164
Ptuh,OG_08364,78.58681817917574,0.29255081325331794,0.09155927860413433,0.3388925518867217,0.6467136068813574
Ptuh,OG_08363,224.49633344164948,-0.3528282244476843,-0.1344926794849826,0.20838074039366886,0.5242410938384723
Ptuh,OG_08365,65.37135600294351,-1.0645237685323194,-0.1399327219646528,0.042774061457234065,0.25508239458906723
Ptuh,OG_08366,133.87567323897628,0.47748492038427903,0.30350765558139065,0.029925460743290087,0.21380269451609588
Ptuh,OG_08367,541.0346666179181,-0.4318462417914224,-0.15139982945781139,0.15249226474039201,0.4563941852590048
Ptuh,OG_08368,184.96826400544933,-0.027918800558455192,-0.0030303044193741697,0.9340747048828913,0.9720795476661017
Ptuh,OG_08369,263.5374695188215,0.27235426379981437,0.13771668709274618,0.2088018262186969,0.5245396788188614
Ptuh,OG_08370,220.95479427790588,0.14966737462880134,0.05002769530684933,0.6020361239685942,0.8229165153341359
Ptuh,OG_08371,660.5230487301693,0.010737904439269455,0.0048420924941146885,0.9411365978211043,0.9743688799040588
Ptuh,OG_08372,41.42000256484675,0.5254944056574306,0.06629534419803028,0.31536571301476285,0.6236808651423768
Ptuh,OG_08373,648.947058605337,0.5386708791965775,0.12513057476358197,0.17249751178303702,0.4796492698302391
Ptuh,OG_08380,21.638615333073936,-0.06556020192333298,-0.007939630631617425,0.8990210660997768,NA
Ptuh,OG_08381,266.92722028639554,0.3497428843791943,0.08399991499842493,0.3456045921405837,0.6521942658795193
Ptuh,OG_08382,545.3984856374659,-0.01768325959037441,-0.01086086234255689,0.9105225411953808,0.9634373681170785
Ptuh,OG_08376,28.98088101460111,-0.20495408563483586,-0.02507964119871481,0.6920215851329607,0.8751522413922714
Ptuh,OG_08378,304.0142722665057,-0.504488374617253,-0.3095760220856498,0.03118954148153987,0.21889313669302096
Ptuh,OG_08379,859.5001900558977,0.5444100404956577,0.13948070142295985,0.1382870937893823,0.43688020850425396
Ptuh,OG_08383,28.207190086009252,-0.04646027772747401,-0.007823730765006523,0.9140238026337919,NA
Ptuh,OG_08384,515.5227102593065,-0.26126250821046726,-0.0666250915606707,0.4540239120463483,0.7303601176544023
Ptuh,OG_08385,155.97454857333884,-0.33273720623007913,-0.17625599481098075,0.13498148300223065,0.4330390356542484
Ptuh,OG_08387,325.45860337641494,0.46010297346407775,0.14522413741743948,0.16070274792174977,0.4649702675814307
Ptuh,OG_08386,217.37686203492086,-0.11661823941176837,-0.026359229594702053,0.7645250970128663,0.9071324750360851
Ptuh,OG_08393,247.5733673383796,-0.3373081551125833,-0.1982436255852197,0.10016519966571598,0.37632422019047074
Ptuh,OG_08394,197.7152987945388,-0.33317776366730806,-0.08187803893312896,0.35191396965812927,0.6573808689698271
Ptuh,OG_08395,384.17777756684575,-0.523364299477013,-0.3107698055361014,0.03078462189986186,0.2171287451608197
Ptuh,OG_08388,15.167034759007807,-1.1529196167003353,-0.09352641723944918,0.07856195058584958,NA
Ptuh,OG_08389,161.84168732684904,-0.14878879200861372,-0.07014082864892976,0.49275833459797247,0.7619678108409316
Ptuh,OG_08390,177.95591072971834,-0.5785036187983384,-0.1522881060701783,0.10988921064352668,0.39225690491165555
Ptuh,OG_08391,49.178293825553915,0.7000232472787676,0.09058277006540683,0.16683471025570054,0.4729847840910298
Ptuh,OG_08392,1067.171820202562,-0.7781618784151335,-0.10888217383202135,0.10902747913257754,0.39077322478818843
Ptuh,OG_08396,204.67105986940817,-0.8127825438126479,-0.10750877060058878,0.0920433267662616,0.36228908196139503
Ptuh,OG_08397,277.87068755971063,-0.06437168982649834,-0.011161547984356188,0.8795949849027147,0.9521377452892101
Ptuh,OG_08398,77.6642814596754,0.07949457999818264,0.012504990671043536,0.8618056270748835,0.9453959714091406
Ptuh,OG_08400,15574.215770290271,0.5933733832874468,0.29127643753670684,0.039767291118796295,0.24780158153057413
Ptuh,OG_08401,451.99836214486027,-0.5838185360498335,-0.283828811150895,0.037612896672907924,0.24116897853582125
Ptuh,OG_08402,317.6265532986699,-0.2333601949013487,-0.07266767299426362,0.44199454061021987,0.7209558446198288
Ptuh,OG_08403,363.20851176393273,-0.1915242860601954,-0.11266638275972062,0.2910154785716474,0.6017424302509461
Ptuh,OG_08404,768.6036480254845,0.2309662715217866,0.1563239601067838,0.14774950760497457,0.44954812561140955
Ptuh,OG_08405,12265.985691757287,0.5609049080688396,0.26535193258410905,0.04837576392924968,0.268676904700581
Ptuh,OG_08406,418.75628678425034,-0.11108950284653576,-0.03624631328361186,0.6982165002996586,0.8784080771177335
Ptuh,OG_08407,51.01187972073884,-0.08936567367734351,-0.015041046358746268,0.8399829322053499,0.9363041932172433
Ptuh,OG_08408,139.36902488444454,0.08241233956672482,0.027891846679224626,0.7738639198472914,0.9120688821037474
Ptuh,OG_08409,390.51782327169775,0.1706466401875795,0.11505875527266407,0.26114280370890175,0.5752202141583029
Ptuh,OG_08410,369.8832174115885,-0.20398217293102106,-0.07090582124189515,0.47111692234991126,0.7431168980232864
Ptuh,OG_08411,695.6918689939444,-0.9467991376818248,-0.5084742159951314,0.00982684719761611,0.13229034704883383
Ptuh,OG_08412,423.74298586819236,0.1891323554393236,0.05382556656699557,0.5461061579891047,0.7940982009663489
Ptuh,OG_08413,284.42891906501563,0.3020023034869947,0.11911901269246308,0.25646871984743147,0.5728148764315621
Ptuh,OG_08414,292.7295289295057,-0.18098525969715631,-0.056517699487544565,0.5461030280053968,0.7940982009663489
Ptuh,OG_08417,301.3435901955198,-0.17205565925693256,-0.03837054315517052,0.643906693750353,0.8457464278051992
Ptuh,OG_08418,162.37726257443137,-0.21146777592182067,-0.04117342996072972,0.581173629030574,0.8118197351066893
Ptuh,OG_08415,857.5594774283553,-0.3906682385292115,-0.23038981334639094,0.06647010979930416,0.3140477742754634
Ptuh,OG_08416,97.0903086967183,-0.04727536840875472,-0.012972148724093096,0.8845112381192565,0.953097469562898
Ptuh,OG_08421,494.9061386461403,0.09158814299910539,0.03648592561658484,0.7073593184657603,0.8811640505224052
Ptuh,OG_08422,30.760153878624923,0.2978345201818387,0.06838065137599839,0.4262442898560697,0.7100169692933982
Ptuh,OG_08419,156.58963993504474,-0.5499172637473473,-0.17745448727374571,0.10356732234845493,0.3813936259250127
Ptuh,OG_08420,108.37203591969909,-0.4006138369040275,-0.20008972974108985,0.10412623314022536,0.38240184878545014
Ptuh,OG_08423,634.9005764628732,-0.42187695966681915,-0.21537184187437905,0.08192839945586865,0.3428959922026794
Ptuh,OG_08424,190.98539831609673,0.3218955814126194,0.143675591627418,0.20213124557079518,0.5157975841777777
Ptuh,OG_08425,124.83204886943938,-0.09294358324352649,-0.04388339535352224,0.6646078554441734,0.8584817704909652
Ptuh,OG_08426,1225.2120289162885,-0.13791700946231777,-0.049106619069553735,0.6221147505892881,0.8339381944758065
Ptuh,OG_08427,763.0649897409731,0.09587664976172978,0.023181305967497182,0.7829001039469846,0.9142083358061531
Ptuh,OG_08428,597.6018742575015,0.005590284877029671,0.0020893990208255145,0.9815585119455574,0.9916927546694301
Ptuh,OG_08431,80.52017232942899,0.21136141123146743,0.04087685280830243,0.6081746326557933,0.8266035500180853
Ptuh,OG_08429,58.54212482206031,0.876722354840707,0.6806588184926837,0.0017422981750176093,0.05690613885480592
Ptuh,OG_08430,151.63695431130037,0.27928168966372674,0.10634867179137619,0.3063902671411905,0.6156805841370065
Ptuh,OG_08437,316.88264317648606,0.5384205775180001,0.16903116288236475,0.11010674174945138,0.39230996989208283
Ptuh,OG_08432,118.98117119418217,0.2993090201661696,0.0697509100865175,0.41016344232591484,0.698900096087102
Ptuh,OG_08433,3547.455848651347,-0.41931071103072765,-0.13663350055832343,0.17401792188406132,0.4815914551423459
Ptuh,OG_08435,6.5074095124893985,0.986746720819569,0.03829761227552357,0.2562952661385062,NA
Ptuh,OG_08436,112.43104665247625,0.014267459492910339,0.00577295418853275,0.9650962071835454,0.9837470881530029
Ptuh,OG_08446,368.60909515801103,0.3360173447503866,0.20515063926691368,0.09076945136571307,0.3606839562784731
Ptuh,OG_08447,65.4305398563932,0.9346531016945349,0.3659798161681064,0.017803811743371548,0.17025897446476485
Ptuh,OG_08438,1779.893990307746,0.36449268793012246,0.20802500871541546,0.08934678589426309,0.3590785167127696
Ptuh,OG_08440,1102.9094727823635,-0.12702498135855686,-0.06822812027456945,0.5194519539547784,0.7793219510412004
Ptuh,OG_08442,82.21945541738565,0.35465766164300255,0.11086929454628501,0.26828219842206275,0.5819962185324692
Ptuh,OG_08443,67.31052745139729,-0.06369880565438513,-0.013731798169415145,0.8652288231922979,0.9465447060376678
Ptuh,OG_08444,222.16212609517083,0.34153203252698916,0.195120217386163,0.10712081346686696,0.38725838567928234
Ptuh,OG_08452,653.3727621976495,0.2118549211082455,0.10182585297611602,0.3336289314483814,0.6425894501836368
Ptuh,OG_08449,1848.4643429907364,0.05199801373381824,0.032022125985311484,0.7890397471223802,0.9161624163291109
Ptuh,OG_08450,92.074264258923,-0.6460107749961,-0.13494506243927032,0.12409226057880807,0.4167202043087452
Ptuh,OG_08451,254.20371891095056,0.44801137167732175,0.11439889755205353,0.2266466302238598,0.54569979695520765
Ptuh,OG_08453,47.04316007389988,0.09304654086608166,0.023346436256657842,0.7882250783168117,0.9161624163291109
Ptuh,OG_08454,79.72515049996218,-0.17643106989266644,-0.07636544387228061,0.468550680425511,0.7404042385882842
Ptuh,OG_08455,236.09614264336219,-0.3337818050762372,-0.12625684423900413,0.23244296564317557,0.5530696733656058
Ptuh,OG_08456,39.84678438968757,-0.29499667854821454,-0.050726512738408606,0.4979198101678483,0.7661390310289378
Ptuh,OG_08457,192.73601998369259,-0.12783423335458727,-0.043561737345669066,0.6434067333950968,0.8457464278051992
Ptuh,OG_08458,220.6566202532604,-0.04881857855327817,-0.016350220777978375,0.8629013791353761,0.9457612947363984
Ptuh,OG_08459,2098.9175276478663,0.4040651330043282,0.31973308533103756,0.009757794321304022,0.1321581967727492
Ptuh,OG_08460,408.7497257029856,-0.3396060368848828,-0.14301246664831435,0.1973111431298581,0.5103962021768319
Ptuh,OG_08461,58.42713883324697,0.6631360340869379,0.40819885436212744,0.015380512129673767,0.1596859576539396
Ptuh,OG_08462,76.84299772809709,-0.8858645207161387,-0.5506997716970381,0.00966944497999815,0.13196319896828135
Ptuh,OG_08463,293.4650102650802,0.33024584923308226,0.2183087402409957,0.07013490440715428,0.32037465662493725
Ptuh,OG_08465,41.87348410312137,0.41057972239972224,0.07945694454925228,0.3282886630290596,0.6380862317825658
Ptuh,OG_08467,220.96332113034345,0.21785345786823845,0.043306035794188576,0.58049079640652,0.8116186884059283
Ptuh,OG_08466,375.9885693962696,0.3509340986784968,0.17854324993482962,0.13043770877636993,0.42736413883521335
Ptuh,OG_08469,151.09971241613889,0.2543094033381913,0.06564230921544678,0.4647395459424257,0.7379467060941134
Ptuh,OG_08471,33.09256066723902,-0.5770213648093594,-0.08220245020064265,0.23085341814445398,0.5499038504579813
Ptuh,OG_08470,748.1013419128309,0.2706789925940737,0.16278203855024412,0.15570544333401823,0.4591593216588378
Ptuh,OG_08472,1044.67998819572,-0.43389342174511103,-0.26367369417415826,0.04820551996064487,0.268676904700581
Ptuh,OG_08476,177.53595206517247,0.4990981050308659,0.07424759198559647,0.27948793008636874,0.59206925432716
Ptuh,OG_08475,1004.7565859668535,-0.48685616591526976,-0.3667726949258257,0.00929050115610771,0.1296530567113552
Ptuh,OG_08478,342.4529517077885,-0.4434132240048286,-0.1652627168162477,0.1394192692554159,0.4384994201914784
Ptuh,OG_08477,177.05099979020721,0.1588698005454293,0.043911571172084655,0.61779382641183,0.8323504956194289
Ptuh,OG_08479,1070.770822561561,0.4091935661078105,0.22531617216929406,0.07073982822045279,0.3219306651918998
Ptuh,OG_08473,250.52505784407506,-0.5195446786558556,-0.3359656830439365,0.023707546430158776,0.19137308392101554
Ptuh,OG_08474,9359.529284425547,0.5318802345941608,0.3029718462342628,0.035874166854531625,0.23560976405930592
Ptuh,OG_08480,86.3468969291819,-0.015400200381685205,-0.005115921595781364,0.9596538224252722,0.9819111445657414
Ptuh,OG_08481,1396.6464297470934,-0.3104573838917907,-0.14825410724607813,0.1926875183004063,0.5063775371584833
Ptuh,OG_08482,141.27296990371502,0.181924953866304,0.02527464806115725,0.7035250559761814,0.8802278561256186
Ptuh,OG_08483,609.7998675106863,-0.4831138746403962,-0.07175677583247912,0.28740137039061103,0.5987763585272494
Ptuh,OG_08484,1377.092877076687,0.14124340340385963,0.028230563825445507,0.7116328348077272,0.8840237029238179
Ptuh,OG_08485,632.0918974571982,-0.20666184080715566,-0.12618130380572554,0.2412100395621468,0.5619631429250345
Ptuh,OG_08487,2950.0564739918527,1.229082668732341,1.0278703555389448,1.34646947586724e-4,0.019714170325973453
Ptuh,OG_08488,340.8505579886843,-0.45094773042669367,-0.2661578471621867,0.04588090264836458,0.2622115772553303
Ptuh,OG_08489,951.2532027121301,-0.1442001380914593,-0.08636378482828941,0.4015156723516359,0.6909161275805658
Ptuh,OG_08490,499.9377821333945,-0.18970282074821918,-0.049092663458121716,0.5927504741706799,0.8183445011636179
Ptuh,OG_08496,44.350969218784215,0.05235248570047149,0.013474193813817443,0.8787565985182706,0.9518368666603513
Ptuh,OG_08497,165.13159673826163,0.3238553337655623,0.16615999210927265,0.155561548296694,0.4591593216588378
Ptuh,OG_08499,111.43032653804988,-0.08037540391025713,-0.024518170967914,0.7961075409261995,0.9195801492526875
Ptuh,OG_08500,103.81373913830602,0.12432053974480373,0.026360231036128584,0.7455660616634159,0.898945172239058
Ptuh,OG_08501,2539.4118976688364,0.39166493024230475,0.17470238935570212,0.13446433088264215,0.432035981027392
Ptuh,OG_08505,125.19105632339539,-0.4137311890532757,-0.16473399640376524,0.14483756317150018,0.4457943286087166
Ptuh,OG_08491,8792.728261981256,0.6802518942824085,0.13209480190902229,0.09744715873855735,0.37021565113877564
Ptuh,OG_08493,509.64915583717027,0.5100261571245259,0.3256977348686106,0.024896281648184214,0.19682349993728887
Ptuh,OG_08494,2674.3685841633032,0.6203318434220838,0.4314567193073582,0.00919162730093476,0.1296530567113552
Ptuh,OG_08504,44.85558547478257,0.6569573856555063,0.29870551143829793,0.03792701862416086,0.24194906870998814
Ptuh,OG_08506,21.423264857230524,-0.6807839596913974,-0.044797627956207585,0.33661608880678495,NA
Ptuh,OG_08507,49.00155062531282,0.3449631696790112,0.07366666089851771,0.36027323924455523,0.6620205838470787
Ptuh,OG_08508,112.7866346620294,0.2694365729827801,0.08620333492598085,0.3779041363511662,0.6732036765039026
Ptuh,OG_08510,118.62060528071083,0.2588285906264813,0.057080099537455624,0.4909070843443534,0.7603105891395675
Ptuh,OG_08509,732.2433372531848,0.6327602278140504,0.4134630024259549,0.012478209987986679,0.1467658714930511
Ptuh,OG_08511,349.1985989734612,-0.4549650194353686,-0.36053155322609703,0.005820540600340426,0.10087353220018551
Ptuh,OG_08512,2364.9269816222422,-1.5052346636937755,-1.1971975572145686,2.6481586292143494e-4,0.02584846330952673
Ptuh,OG_08513,1723.6491581178993,-0.3775652450462204,-0.26130654363008093,0.0451259253021704,0.2613979247380839
Ptuh,OG_08514,196.32665839017807,0.5989045538603308,0.44775978928540044,0.005003201501664201,0.09407902150341518
Ptuh,OG_08515,70.02262072046659,0.9251123024313715,0.7794353994193315,2.3836936206466928e-4,0.02438834485124303
Ptuh,OG_08516,956.1956025443022,0.21754815005851397,0.08618600099645395,0.3982086457248718,0.6872241931779451
Ptuh,OG_08520,164.66199736821497,0.009965378584759198,0.002741135087803523,0.9761457096453561,0.9892146749755419
Ptuh,OG_08517,13880.72682274192,0.5973306187050615,0.3186965907619949,0.031874815589528586,0.2209640277438994
Ptuh,OG_08518,113.01439739214761,0.37735512250907693,0.12084780492625183,0.23637724437641086,0.5575876553456892
Ptuh,OG_08525,189.88632428755682,0.008304144978439674,0.006796864659067496,0.9796572620908699,0.9903868416280557
Ptuh,OG_08522,212.7197082397057,-0.4510371373830973,-0.11623158883153518,0.21644510530998798,0.5350951482656239
Ptuh,OG_08523,271.42176700291446,-0.12234217488719659,-0.042788185093966126,0.657515571239617,0.8537494563735933
Ptuh,OG_08524,23.753515867222053,-0.8394946612560886,-0.07610677203037115,0.1490437899121057,NA
Ptuh,OG_08530,515.1469901740284,0.260872053436274,0.08979502034771102,0.35427492340080524,0.6593178985656212
Ptuh,OG_08527,21.21854645429297,-1.3429093384850908,-0.19021862712404677,0.020647034616483262,NA
Ptuh,OG_08528,6.682148325054052,1.2639143708670486,0.022445979503888783,0.31353798647221015,NA
Ptuh,OG_08533,88.06746320597551,-0.12117266136071675,-0.022696095966629897,0.7569347877201252,0.9039361858134303
Ptuh,OG_08545,2637.217131540366,0.421369540520747,0.1455080715892743,0.16910608728275403,0.4761176546795483
Ptuh,OG_08548,44.0996701331831,-0.2639667715649615,-0.04625011301266496,0.544470107737231,0.7938726343584416
Ptuh,OG_08549,64.76918521995299,0.3394747855220718,0.08930129227877816,0.3214334793676692,0.6295233179866805
Ptuh,OG_08550,119.6964636389025,-0.29720929810145763,-0.13260507840016555,0.22328227484889662,0.5425216246113963
Ptuh,OG_08551,78.41326303863569,0.6514688746572056,0.2674626869300328,0.045973143163026274,0.2622115772553303
Ptuh,OG_08553,264.70952761632896,-0.1503042283301429,-0.04967196029087438,0.59692015439780155,0.8207652122969771
Ptuh,OG_08552,953.5464737521767,0.5299704208806394,0.3944977604018149,0.007372648114969998,0.11466763331927696
Ptuh,OG_08534,27.1516660872207,-0.8943334310260417,-0.20754757825295453,0.040549443535328,NA
Ptuh,OG_08535,719.8823594225079,-0.2329147295887977,-0.08539914656534353,0.41083922080688823,0.6989689537031486
Ptuh,OG_08536,190.17844006668105,0.07890787919536187,0.015979053093480435,0.8394044127138285,0.9360221793060769
Ptuh,OG_08538,1306.0853122668534,-0.32383782820412976,-0.09975606301197719,0.3047575485763713,0.6147122357010606
Ptuh,OG_08539,669.6896726011231,-0.19477030037669205,-0.06410241226887285,0.5182897046211592,0.7789533095183073
Ptuh,OG_08540,3595.879836107844,-0.11479778302636638,-0.04492197328678394,0.6468495491458347,0.8470387619655249
Ptuh,OG_08541,425.06328302448077,0.01830493857396455,0.006988673611256642,0.9478029851400847,0.9775635549839007
Ptuh,OG_08542,1025.273601058559,-0.16719520943901325,-0.08392794471196285,0.4197052332879037,0.704653388904879
Ptuh,OG_08543,1071.529584943544,-0.0629008337515762,-0.029704739226112185,0.767522146761545,0.9085864913278735
Ptuh,OG_08555,25.618767751396717,0.2152757658429021,0.048443071672063125,0.5752668240704161,NA
Ptuh,OG_08556,177.50028092368106,0.24285979024176363,0.10821036174255315,0.3112005777655897,0.6205013633212931
Ptuh,OG_08557,1577.9734494355866,0.3506746375901993,0.08662310918692505,0.31631160627682653,0.6246786419773979
Ptuh,OG_08558,115.40434628004171,0.037388940109557324,0.013638275150153098,0.8985330189397662,0.9585528462114007
Ptuh,OG_08559,157.41147784197236,0.23288026001142328,0.09900431446110293,0.344688817840543,0.651769637297237
Ptuh,OG_08560,32.90966761686763,0.15760973044752874,0.037798358990736476,0.6585054991667174,0.854183636392475
Ptuh,OG_08561,2392.191221847878,0.30308561513377297,0.21671033395741723,0.05934180678138346,0.2966890975131172
Ptuh,OG_08562,1347.5989069878035,-0.04669700180177901,-0.027352414186252363,0.7875583821603187,0.9161230722434045
Ptuh,OG_08572,211.91097263553397,1.0575862429505543,0.7775879480988529,0.0017862680320997403,0.05767676094521291
Ptuh,OG_08573,64.94335900128856,-0.5344324445600922,-0.08826140068563301,0.24532043948569487,0.5656424578095359
Ptuh,OG_08574,22.275447756586523,0.05079126497754919,0.006163303085039989,0.9281690007964025,NA
Ptuh,OG_08575,212.68308516966832,-0.07108402573514228,-0.02360788464242349,0.8021287483041135,0.9219920588249232
Ptuh,OG_08576,188.84970440474774,-0.12275041423101017,-0.03176275299995112,0.7065972446404002,0.8811640505224052
Ptuh,OG_08577,124.5076106541988,0.3836037093971215,0.0675239828080706,0.3836036541282913,0.6765445962320767
Ptuh,OG_08563,82.9535881333312,0.061991864572961776,0.013797002382783178,0.8665438678157594,0.9469591240154537
Ptuh,OG_08564,85.72433910171857,-0.8622864702669215,-0.201286920355979,0.04101831724031841,0.25150003610453714
Ptuh,OG_08565,1457.849278976366,0.9398642078874704,0.8046963132130822,1.1063141665384523e-4,0.018789639804489076
Ptuh,OG_08566,2563.53512679451,0.15513737108040065,0.029538488281449688,0.6961587530383674,0.8776279040377544
Ptuh,OG_08567,169.7797116033074,-0.5205061729947993,-0.18381509227395143,0.10629407165624,0.3864266794474248
Ptuh,OG_08568,77.49274170758616,0.5816675877999496,0.23016860128032676,0.0676717568143856,0.31654908233373436
Ptuh,OG_08571,1906.953390428506,0.28349849715229747,0.164764454598405,0.1524769036752304,0.4563941852590048
Ptuh,OG_08594,713.4008689150077,-0.8649676721537324,-0.6401435599978187,0.0024156371996627048,0.06545805534468761
Ptuh,OG_08595,58.07183319867019,0.21388935703569162,0.05332250644681327,0.5587986740325899,0.8002125263649936
Ptuh,OG_08580,7.9625226394758535,0.8227037380856712,0.030919719564095414,0.41195776713718874,NA
Ptuh,OG_08581,297.92896996043817,0.3007964733311799,0.1873896274290921,0.10494659984570102,0.38414074391797115
Ptuh,OG_08582,781.147300571855,-0.08713520061967503,-0.044140728558352195,0.6470094845749006,0.84706074573989
Ptuh,OG_08583,110.41297473834747,-0.431545192768939,-0.09330781436656917,0.26714467840253153,0.5813354756035398
Ptuh,OG_08584,190.00049905042857,-0.29965435207308116,-0.18413205862773122,0.11384505671227246,0.39824431802743443
Ptuh,OG_08585,101.04466730143236,-0.08358997700383773,-0.01504053710666963,0.8412695910743927,0.9370489726395256
Ptuh,OG_08586,620.5982924329247,-0.5509506521945409,-0.18381360364708413,0.09495475243123357,0.3658601441225206
Ptuh,OG_08587,7.239720735227316,0.5802316878829835,0.029672730878113295,0.483295262606093,NA
Ptuh,OG_08588,172.93384292389294,-0.16812997493162957,-0.049025656326325065,0.5847403556650319,0.8138876457900925
Ptuh,OG_08589,142.04730652872072,-0.22584090597189482,-0.05774773725595017,0.5153388377894039,0.777274413042327
Ptuh,OG_08590,163.24950816625872,0.05492525634665965,0.01611809858103954,0.8553828716974619,0.9421708849133812
Ptuh,OG_08591,74.60016059456629,-0.5190551686719685,-0.1172124454434196,0.17830546981049622,0.48754728253990803
Ptuh,OG_08592,274.4607018896346,-0.028689967971087794,-0.017153082273017668,0.8782512714499932,0.951557316499801
Ptuh,OG_08593,382.83071615571805,0.12277688002891558,0.07139689148158614,0.48541836082952733,0.7544239971018203
Ptuh,OG_08597,667.1023482370638,0.3186459114852617,0.1486268140584711,0.18456282493043238,0.4937557127294167
Ptuh,OG_08598,181.59148484629887,0.08488162082913246,0.013127522546814749,0.8473836523642209,0.9390306839987996
Ptuh,OG_08599,624.658946079498,0.3309246059343951,0.09873219906503719,0.311876425318087,0.6211197476081602
Ptuh,OG_08600,43.65339782988197,-0.19426979658876983,-0.029466047555031964,0.6658527047468148,0.8590768070928865
Ptuh,OG_08601,1047.4597950229413,0.18658240220117236,0.15199218712578144,0.09086680221385937,0.3606839562784731
Ptuh,OG_08602,127.21954910272464,0.13165905036762607,0.047834798812565034,0.6252540215872255,0.8359032039229721
Ptuh,OG_08603,644.046703212356,-0.5019040478217746,-0.27780547134002637,0.044562140743392334,0.2595557972629593
Ptuh,OG_08604,313.70139391950687,-0.706542945836037,-0.5156339226395752,0.00489504829123239,0.09369969531500844
Ptuh,OG_08605,432.524620258581,-0.058661197304375134,-0.032122011470810986,0.7464251762976907,0.899115522288206
Ptuh,OG_08606,91.32191698581356,-0.08096865209499005,-0.02164187736094166,0.8162428947604977,0.927078364379285
Ptuh,OG_08607,161.77130767277876,1.0227837343704773,0.692713884758948,0.0035209289669885678,0.08000035810881738
Ptuh,OG_08608,62.34834910695416,0.1310817077725597,0.03301633895518328,0.6929574144294923,0.8759443827530886
Ptuh,OG_08609,311.10053428442393,-0.11447180898147113,-0.03812180070126999,0.6623811171079979,0.8571052864522983
Ptuh,OG_08612,131.5845421510397,0.3678884200727504,0.14319991967929163,0.19124256448601215,0.504357719756278
Ptuh,OG_08610,21.4318395868706,-0.17026992202252428,-0.029471825626860702,0.7035701080364574,NA
Ptuh,OG_08611,89.51319684117364,-0.5583239953105796,-0.08717041993718834,0.2296129505612729,0.548583307263858
Ptuh,OG_08613,404.8599024593379,-0.5177219546612495,-0.1873839053881629,0.0944688252998079,0.36485566980970935
Ptuh,OG_08614,2173.962850143379,0.35425574714368907,0.05114039692667045,0.4473233799966304,0.7256294446860335
Ptuh,OG_08615,556.3860041740719,0.33887853794914385,0.12733442283372357,0.2180476482578308,0.5368209040463212
Ptuh,OG_08616,178.51350469730386,0.11933658563460865,0.011819321452924858,0.8278560404448547,0.9323811001933298
Ptuh,OG_08617,387.0225081819562,0.21656208591846735,0.059894724525956164,0.5036860322335356,0.7702686450075966
Ptuh,OG_08618,266.02004633374963,1.201976329253478,1.013580110148075,1.2161199433033871e-4,0.01898404478077306
Ptuh,OG_08619,129.95606866549977,0.4363301802143388,0.10240064001701361,0.251480511105619,0.5699139834955184
Ptuh,OG_08620,105.82577145255622,0.01737804302408981,0.005943980353463185,0.9480864987209755,0.9775635549839007
Ptuh,OG_08621,107.46113068019515,-0.44858467067940405,-0.06344217936943986,0.37080149203509133,0.6689709518508595
Ptuh,OG_08622,1705.5670131600857,-3.5607133583919203e-4,-0.007244678962839844,0.9986291730898342,0.9993442957006807
Ptuh,OG_08623,470.5272779246941,-0.7753891751233964,-0.22276827980473413,0.040930849955343136,0.2513362086161778
Ptuh,OG_08627,147.99319831901298,0.3601318631319229,0.07119984974653969,0.38107408054064956,0.6756249042989156
Ptuh,OG_08631,48.92870494134608,0.3752833587289762,0.0857099507255789,0.33282059084577414,0.6418928890347677
Ptuh,OG_08628,468.2436890421363,0.23520297149662026,0.1278312162487875,0.2444553433726696,0.5654045723524898
Ptuh,OG_08629,55.39572710424849,0.08235461885074513,0.022413171863990226,0.8092836382139803,0.9239632798445624
Ptuh,OG_08630,228.1023836371305,0.05145437283958165,0.011538210227809022,0.8705615675043166,0.9482444218508551
Ptuh,OG_08624,105.66451440307428,0.6146717523072576,0.25626208957388896,0.05117137745695408,0.27607835918961504
Ptuh,OG_08625,23.7787411777117,1.0525863291679072,0.04312033726237952,0.19924907312968843,NA
Ptuh,OG_08626,176.6084221747405,-0.0667584600063986,-0.03298671940906504,0.7468459554393163,0.8993499508778607
Ptuh,OG_08633,70.32184785837592,0.35679062359839814,0.017441509180926688,0.6532560130368177,0.8512275683149695
Ptuh,OG_08634,105.51318229371205,0.09180382670905672,0.037492557179440576,0.7131331816773814,0.884684245633796
Ptuh,OG_08635,122.62871498748511,0.8760623464995068,0.05943635172459284,0.19270784061184668,0.5063775371584833
Ptuh,OG_08636,237.44424239753542,0.29968547256754724,0.14296589584429556,0.19900650813723292,0.5121494064834594
Ptuh,OG_08637,471.1195899305619,0.2561706631778952,0.17551924546108344,0.11211085609702472,0.3957277652668795
Ptuh,OG_08638,152.37850505049033,-0.663869946271804,-0.13646100629561858,0.11704394346534781,0.40384066502819554
Ptuh,OG_08639,9968.074059223247,-0.44052648785088033,-0.19242513945575976,0.10415632080084153,0.38240184878545014
Ptuh,OG_08640,105.59232636217224,0.01989868845609408,0.004553133110047547,0.9578022767700628,0.9808136864790458
Ptuh,OG_08641,290.5831099986473,-1.006731547462101,-0.3417879688089594,0.013380421566041958,0.15156564365148995
Ptuh,OG_08642,480.3320187741466,-0.5135309130994251,-0.19052041408147646,0.0929393386037549,0.3634240039914622
Ptuh,OG_08643,269.95947391117585,-0.06384173472988217,-0.03288768366805073,0.7461161818164659,0.8991086442437105
Ptuh,OG_08644,527.9283195376605,0.4610611197184523,0.13713228069637529,0.17877854309766172,0.4881431950479917
Ptuh,OG_08645,301.51038845913916,1.1652505221783773,0.9867013270330899,1.0466492897965266e-4,0.018535291670870778
Ptuh,OG_08646,293.3947678394918,-0.09576076037200443,-0.03344209618587576,0.7283902365311683,0.8921806070218313
Ptuh,OG_08647,25252.130340123607,0.6333707187189198,0.2558961223922672,0.047356062287402384,0.2657977939478888
Ptuh,OG_08648,1577.7178649509985,0.02194451102503836,0.011051507353894386,0.9148180352196963,0.9649279288393569
Ptuh,OG_08649,511.9637272660081,0.5851009798241735,0.5132956154605618,1.837874840472659e-4,0.022012604579892067
Ptuh,OG_08654,54.91209939743232,0.6932078616435922,0.22881220686419154,0.0553302091019044,0.28769949689649005
Ptuh,OG_08655,152.45530254810956,0.5888373132828255,0.19043341123795274,0.09027525939491243,0.3606839562784731
Ptuh,OG_08650,169.32276030208354,0.10097944107362858,0.026030187064962844,0.7471019980005874,0.8994474080783466
Ptuh,OG_08651,559.7858938633609,-0.019650828268490635,-0.013483933233654372,0.8994581704842187,0.9587081894927624
Ptuh,OG_08652,85.60135455974066,-0.8486343101521036,-0.22694022247617748,0.03974235634127198,0.24780158153057413
Ptuh,OG_08653,171.0805328794506,-0.6587194638575117,-0.11802653949149097,0.13715866694237794,0.43576539768865796
Ptuh,OG_08656,1833.8793782629132,0.3666233351565873,0.26083177753109943,0.04198748350661939,0.2538661030247819
Ptuh,OG_08657,494.96468141932144,-0.28379482860223626,-0.18918518957749167,0.093777530783757,0.3641249792661517
Ptuh,OG_08658,492.64059612594616,0.38066282703660237,0.16743524035452795,0.14762014826763703,0.44954812561140955
Ptuh,OG_08660,264.20057366211626,-0.21538726842120648,-0.0876543302253233,0.3824793005590797,0.67628016012931
Ptuh,OG_08661,3667.0860262436877,-1.3268231283232934,-0.9862223990757171,7.99891086388351e-4,0.04219052860627252
Ptuh,OG_08662,314.1681629436374,-0.4120310824489437,-0.2608885905911775,0.05247169975370426,0.28006893419764717
Ptuh,OG_08664,58.57209842145727,-1.0725172756114922,-0.8587810862925546,6.478752027141091e-4,0.039471710381856914
Ptuh,OG_08663,161.7892255999752,-0.45684949326737984,-0.04629048556012981,0.412298889864382,0.6994091435733784
Ptuh,OG_08665,241.61007865338811,0.030658427471789224,0.009177914113784207,0.912475580447111,0.9639266447904834
Ptuh,OG_08666,36.73349975402788,-0.6235789583406832,-0.1731724132672211,0.09039751701100217,0.3606839562784731
Ptuh,OG_08667,385.3609005601924,0.20284785042998454,0.07261417786381595,0.4305178353844036,0.7125069127385334
Ptuh,OG_08669,79.32114530315604,-0.2907932149849363,-0.09412802721230841,0.3415178550153961,0.6493507150866363
Ptuh,OG_08670,90.07478985274699,0.18372633734051244,0.03537226927735933,0.6516287464653157,0.8501507627874421
Ptuh,OG_08671,391.00015824042345,0.3164166972805803,0.14716782258165,0.1918944217129056,0.5054489544621571
Ptuh,OG_08672,27.445555288244567,0.5535056110900023,0.10544652042954965,0.20135677442433536,NA
Ptuh,OG_08673,9105.15326303838,0.5181037302181727,0.19378357847796226,0.10032764254568172,0.37648357953951794
Ptuh,OG_08674,364.0351304031765,-0.12377530203052643,-0.034132026316789486,0.7083566742979241,0.8816304965759888
Ptuh,OG_08675,44.87895696123592,-0.5191714860743848,-0.09911217275345686,0.22216380438172684,0.5416638032758037
Ptuh,OG_08676,1393.7749597423128,-0.3007663714306189,-0.1961661376209909,0.09305049508910553,0.36347047115762837
Ptuh,OG_08677,192.32121335357556,-0.001751398299093119,-7.569247331254114e-4,0.9925624811163197,0.9959118393811421
Ptuh,OG_08678,189.53609616279127,-0.23706032702038923,-0.12244241233655316,0.2600355890584414,0.5743100708151584
Ptuh,OG_08679,352.4228848706596,-0.05975918694766884,-0.030382394847955928,0.7612776323534877,0.905277385932476
Ptuh,OG_08680,472.8908635062909,0.3544635833637716,0.25663326842523326,0.03523451893142069,0.23266837851137206
Ptuh,OG_08684,85.05265284176532,-0.4713494172592197,-0.18401798946165326,0.11211976015451156,0.3957277652668795
Ptuh,OG_08682,32.73159684077192,-0.30454226092831677,-0.11448522289782263,0.27903337171476406,0.5915005972545623
Ptuh,OG_08683,195.1848857044508,-0.14586489923010107,-0.03307744710745517,0.6982032213289707,0.8784080771177335
Ptuh,OG_08685,924.6434093426166,0.05315890332381356,0.02827499644095827,0.7818209560514069,0.9140396459522172
Ptuh,OG_08686,51.05631690806066,-0.10002110684114499,-0.017795157064305324,0.8067679288143056,0.9234496901861547
Ptuh,OG_08687,41.991165840363635,0.2963603236521646,0.03974852611239066,0.5456367632517192,0.7940982009663489
Ptuh,OG_08704,21.684837536177476,-0.13843366496095166,-0.015370731073643232,0.7954559359862807,NA
Ptuh,OG_08705,13.397163516424056,0.07510849827624311,0.0032421010749837634,0.908961574275337,NA
Ptuh,OG_08706,79.4604188327034,-0.0193867537184239,-0.0029799355032341635,0.9609412098823368,0.9822234899278771
Ptuh,OG_08708,116.5187540941035,-0.7860819586791459,-0.4396872098771235,0.014417880232871527,0.15717155190955714
Ptuh,OG_08707,435.5546065879735,0.1624998268068788,0.0508754924329467,0.5893406782402518,0.8158919203808639
Ptuh,OG_08688,46.23823905709354,1.1570639694946225,0.7500488673599639,0.005024626862911841,0.09407902150341518
Ptuh,OG_08689,504.7116741767223,0.23828956571676108,0.06397391839179929,0.4605495962428394,0.7347379413507745
Ptuh,OG_08690,128.99643912572733,-0.5761481939630547,-0.3209204747211314,0.03276041451612308,0.2243560000571913
Ptuh,OG_08691,94.07622344970522,0.6282592769351999,0.3568568161451433,0.022900054623678636,0.1891445540413192
Ptuh,OG_08692,465.5725007951378,0.3593684710454215,0.10006171565167295,0.2752469008315565,0.5877277894784118
Ptuh,OG_08693,664.2984260979721,0.05029999078226565,0.012735540627207387,0.8832494492543447,0.9530947122311343
Ptuh,OG_08694,284.2309547757246,0.07429887546575499,0.026898943850982144,0.7844448701821903,0.9148128374668837
Ptuh,OG_08695,630.1703039402737,0.17189443230526766,0.0727143736967053,0.48498453316700624,0.7543019515850214
Ptuh,OG_08696,29.448334997915143,-0.7358584659657493,-0.1389354989367755,0.09452219425122005,0.36485566980970935
Ptuh,OG_08697,383.8052949234639,-0.1967470735998324,-0.06278070239805023,0.5188658533530203,0.7791704379617769
Ptuh,OG_08698,142.97420267173382,0.09774230388634035,0.04103913420572465,0.6632154031927828,0.8577558945953566
Ptuh,OG_08699,13.225839006948545,0.70088855522704685,0.03962404581138602,0.3823849651758021,NA
Ptuh,OG_08701,34.29400731153794,-0.36229731344393934,-0.05073741938379996,0.44868046173585313,0.7265817088216752
Ptuh,OG_08702,85.68207675669154,-0.059632202692098984,-0.015871402024911878,0.8464321031817353,0.9389621953105426
Ptuh,OG_08703,360.90582971076276,0.2379088576898419,0.07469593507508811,0.43385916455680823,0.7134647609249449
Ptuh,OG_08709,22335.87742736145,0.4217031112439234,0.15261490668698652,0.15739901337893683,0.4610350675304179
Ptuh,OG_08713,276.4133680727975,0.6187407769684016,0.281203126357051,0.042927938870553475,0.2555480667028517
Ptuh,OG_08714,197.8674713789943,0.13002934033845134,0.04737308593518884,0.6281834319276138,0.8373312016478052
Ptuh,OG_08715,197.83041725168115,0.5325587080542962,0.11706719988699305,0.18283636004165288,0.49275957592895786
Ptuh,OG_08710,47.274598742256565,0.6646431014535945,0.10017365739417107,0.18439300866705896,0.49371912581742383
Ptuh,OG_08711,755.2221525251628,0.2807357802007674,0.16214967272051153,0.15694417074557912,0.46068783199842994
Ptuh,OG_08712,1564.419151019403,0.3168131473044946,0.2171170084828993,0.07692331181101704,0.332795066107598
Ptuh,OG_08716,3565.4940504514357,-0.4683589241994802,-0.16323937375448266,0.1267480525866207,0.4204470556896809
Ptuh,OG_08718,48.92731878700702,0.4467635540466112,0.0872390824477563,0.28349694542968235,0.5955359994543754
Ptuh,OG_08717,29.828611182663828,-0.26712099920256555,-0.04952707641631006,0.5206785418987127,0.7799803835793168
Ptuh,OG_08719,385.9656844817571,-0.3912765508626242,-0.29516023514157147,0.01777870905958465,0.17021059451408438
Ptuh,OG_08720,671.009370394715,-0.039974918320548884,-0.021556130904234336,0.842867062248996,0.9375985188130042
Ptuh,OG_08721,8473.7044845729215,0.03289916764391922,0.010157259637136807,0.9136766489547873,0.9644427722714796
Ptuh,OG_08722,244.52805638197634,-0.6730497686259576,-0.12240232945737455,0.12384332549105405,0.4163410609936781
Ptuh,OG_08723,70.27313283811496,-0.3684147052859894,-0.16018876879137064,0.15954715442866332,0.46347398261253214
Ptuh,OG_08724,67.78978804159503,0.22570904016130985,0.0415420225893761,0.5870782740164909,0.8146608952269317
Ptuh,OG_08725,25.698894269203464,-0.5832502925405673,-0.1255977971107308,0.1554341833271275,NA
Ptuh,OG_08726,282.28585374317964,-0.02816847463026584,-0.014735199913513708,0.8972534699420491,0.9585528462114007
Ptuh,OG_08728,26.074161106904448,0.3714616619527313,0.0374392478727748,0.5244363180862779,NA
Ptuh,OG_08727,299.91026384886317,0.1963510050083335,0.047616105195038456,0.5719666043428306,0.8073800056719471
Ptuh,OG_08729,105.39825701917928,0.053914521076027566,0.01540664975397486,0.8642650612548097,0.9462124908742355
Ptuh,OG_08730,200.79327173243223,0.6576048157064301,0.14800713356685719,0.10426600894441725,0.38247384360949943
Ptuh,OG_08733,142.79688884678336,-0.817101441148328,-0.3627909353817501,0.019221901047644565,0.17425109258901378
Ptuh,OG_08735,601.7215138137132,1.1828081211482733,0.8307542471444134,0.002134096526538177,0.06381249191324719
Ptuh,OG_08737,48.26734202248846,-0.34911291383713666,-0.08800251763659574,0.32910728404877115,0.639026805354067
Ptuh,OG_08738,39.67844389750191,-0.791104174611489,-0.43455064948832384,0.015254211716811681,0.1593342753987267
Ptuh,OG_08736,406.2585025437541,0.056811387128399046,0.017492087099317412,0.8616095635013892,0.9453215004203872
Ptuh,OG_08739,109.2841022193867,0.3396541048385287,0.1278815098264316,0.23398855947849848,0.554049535096946
Ptuh,OG_08740,163.8145464316278,-0.4010738036311935,-0.12139162617059611,0.2145147637008474,0.5315609493281576
Ptuh,OG_08741,141.05994277255417,-0.43472024004287446,-0.19394577751138267,0.1056720510076319,0.3855829292569899
Ptuh,OG_08743,70.02861109760968,0.1189700138967235,0.039841730795938994,0.6860605949191294,0.8719761524611737
Ptuh,OG_08744,256.0334756831418,-0.17288232340598286,-0.07777308038801337,0.45220044738125825,0.7288074016249089
Ptuh,OG_08745,163.68076540476088,0.5961488644407564,0.16345364904339188,0.10084452040694586,0.37688506390384224
Ptuh,OG_08746,28.611025994571026,0.9929795734618179,0.3675287519006862,0.017017237583659653,NA
Ptuh,OG_08747,70.89291555849269,-0.1700692943458314,-0.05538408111383959,0.5659403980738493,0.8041907962238775
Ptuh,OG_08749,51.93320495271413,0.9607862730675164,0.5838952569125274,0.008127389210868868,0.12097479755517211
Ptuh,OG_08748,519.4089920406012,0.39436132297909005,0.30255913132682677,0.01507302391740842,0.1583216625260982
Ptuh,OG_08750,445.2912551419211,0.22087022128596553,0.0803665831867967,0.43004250586527104,0.7122965784671738
Ptuh,OG_08751,252.2182219252646,0.1708142976005239,0.047356322727513306,0.6197219016714692,0.8330032969235203
Ptuh,OG_08754,156.49791319007494,-1.017052545589413,-0.7964583044024879,9.143571515830317e-4,0.04522823642399584
Ptuh,OG_08756,31.07029850789818,-0.49944276196455895,-0.12425841220497638,0.18436425069459636,0.49371912581742383
Ptuh,OG_08757,301.4056808186814,0.019992204765388058,0.007646823595277083,0.9438907181840659,0.9759831980256848
Ptuh,OG_08755,1444.6806403145472,-0.12892287149374526,-0.0745647107192605,0.4680470915148704,0.7402090283760259
Ptuh,OG_08759,35.49112917162379,-1.43363894843066,-0.6765103092014276,0.005838860439071415,0.10098493451852232
Ptuh,OG_08760,123.26238020692708,-0.048449365317459185,-0.025546079087742497,0.8032164265224712,0.9223962110487715
Ptuh,OG_08761,167.23101114967704,0.39096341247414024,0.15244759498814164,0.16932116311024917,0.4761176546795483
Ptuh,OG_08762,766.8915242418243,-0.05811002621658383,-0.024225388602028778,0.789436321121461,0.9161624163291109
Ptuh,OG_08763,203.35393773934973,-0.7499452318951929,-0.5246397879224877,0.0053913645619012235,0.09786762552001238
Ptuh,OG_08764,833.1408353114874,0.39036478852419637,0.29311817974401794,0.017726215486212307,0.17009155017956484
Ptuh,OG_08768,71.46914265399822,-1.3919314315462537,-0.6412765150899924,0.0047561380810911226,0.09337452607829841
Ptuh,OG_08765,74.14862104796154,0.22335815105322696,0.0361838187700125,0.6193454023264119,0.8330032969235203
Ptuh,OG_08766,142.87408070388213,-0.24653127172471537,-0.10729987994870359,0.3079552550337265,0.6175102776260697
Ptuh,OG_08767,169.21384954125315,-0.11165219194114183,-0.04952925000414658,0.6286204765878642,0.8376345656965547
Ptuh,OG_08771,38.59106715550673,0.2176168094967915,0.02563464020082099,0.6900484727939733,0.8739798834955637
Ptuh,OG_08772,76.36693588792158,0.4368873591646333,0.11170638420926118,0.22830391967042785,0.5475410170848342
Ptuh,OG_08769,129.2074809802484,0.2162209755293712,0.0789581477949398,0.43217503466428414,0.7133446684167942
Ptuh,OG_08770,382.4143350681476,0.11073741597014558,0.05010366451516098,0.6217656512869483,0.8338651154025213
Ptuh,OG_08773,2615.0348958393206,-0.01311706071369598,-0.006788166103214152,0.9415189242171085,0.9745707830877237
Ptuh,OG_08775,557.3670275717342,-0.27601476909810546,-0.18257545320418686,0.10145035545097306,0.3783559150152232
Ptuh,OG_08774,970.1982864487046,0.008407340694982364,0.004348041703759195,0.9734515444802642,0.9878764956652012
Ptuh,OG_08776,86.3164549779829,0.1495698869098793,0.05547108946178719,0.5773513225288047,0.8099923441639509
Ptuh,OG_08780,233.61076185234788,0.337732262584826,0.09260440223018035,0.3232255998967291,0.6315765748557348
Ptuh,OG_08777,274.03118164761446,-0.2765556013741649,-0.1590006379043967,0.1592599779509571,0.4631317407445721
Ptuh,OG_08779,54.218768033021476,-0.5306194318529321,-0.048239518784077604,0.37558402371813915,0.6720310850009351
Ptuh,OG_08786,253.2041187440033,-0.18148321646890478,-0.06363925980948916,0.5323541418913107,0.7859442581608154
Ptuh,OG_08781,3274.1420254049413,-0.180255952703052,-0.028974256213023165,0.6428962780977672,0.8457464278051992
Ptuh,OG_08782,507.2168438314255,0.08462265427231748,0.02538145466699052,0.7843950395693083,0.9148128374668837
Ptuh,OG_08783,509.12079943321163,0.3187024986953746,0.1502135627373475,0.18284095899106761,0.49275957592895786
Ptuh,OG_08784,34.9106508673899,1.0202184348401795,0.4326161899085308,0.013901259351897477,0.15512962587289317
Ptuh,OG_08785,382.39894956022846,-0.31644772606681626,-0.08238475686794508,0.3585394550110644,0.6618950112943388
Ptuh,OG_08800,1175.5000049943558,-0.6022102022111548,-0.24530247905529304,0.05365737930107804,0.28407634976605656
Ptuh,OG_08787,111.30136718787323,-0.5247431046518393,-0.23214842141393008,0.068227055177878,0.31677646395327497
Ptuh,OG_08788,53.18250561612093,-0.19650397605350503,-0.0463309466080684,0.5867227581817975,0.8145250388229238
Ptuh,OG_08789,461.1591631872999,0.7841316949906213,0.6562342719051085,4.076917421425673e-4,0.032219677721992405
Ptuh,OG_08790,92.74137232312351,0.0033089147180224154,0.0018246356141165372,0.992131397491215,0.9959118393811421
Ptuh,OG_08791,113.75833828142865,0.6070063263817171,0.3276496855810116,0.029211325489958643,0.21322357201678224
Ptuh,OG_08792,146.85915337617897,0.41607183551771537,0.2219203763815028,0.0816995586011527,0.34210683019772625
Ptuh,OG_08793,155.50048329885837,0.08818731849138052,0.011216460181518643,0.8596380514077431,0.9443785682476783
Ptuh,OG_08795,16071.40243553991,0.47806279204129837,0.1797372573368515,0.11345959439576636,0.3976500287983735
Ptuh,OG_08796,143.7869408017903,-0.3869724747538123,-0.08154315598719149,0.3189176946614755,0.626588656098953
Ptuh,OG_08797,224.3845622794392,-0.5710396529986121,-0.07024786818986045,0.2520802118012476,0.5699251534181963
Ptuh,OG_08798,685.4073229182419,0.05831651090790779,0.03678161778736178,0.7547506497007188,0.9031058922443996
Ptuh,OG_08799,11.7863481759117,-0.19669984781310562,-0.012151811082950588,0.7827677824376887,NA
Ptuh,OG_08815,661.8889288416907,0.5650601946933879,0.3064625602133709,0.03519255559035113,0.23261014369108976
Ptuh,OG_08816,719.1997166800822,-0.1482443936196183,-0.044864562424453226,0.6367159043314115,0.8423878500668938
Ptuh,OG_08820,204.5940309308218,-0.025206563139342688,-0.0061301379695078055,0.911616466379497,0.9637055934886952
Ptuh,OG_08817,117.51197878890525,-0.8071954398782496,-0.2858521184837328,0.03105159515674806,0.21837372570475286
Ptuh,OG_08818,18.028978439854267,0.4191913106469401,0.05402648809525582,0.4101233668383346,NA
Ptuh,OG_08819,159.54415654972613,0.18271648365089882,0.06036854547805972,0.5297999593706298,0.785691458137158
Ptuh,OG_08801,125.06773287126056,-0.19520321448157787,-0.024832419709598767,0.701470930426764,0.8792694865951423
Ptuh,OG_08802,61.03517451306256,-0.1904766546323681,-0.061656378545820276,0.5220672522884664,0.7808352070679397
Ptuh,OG_08803,198.8933237367827,0.5495442557430618,0.15785943808239344,0.11626436592619015,0.40249367934986
Ptuh,OG_08804,8.63926783855544,-0.46519771440462143,-0.009158002575073694,0.6920652861823753,NA
Ptuh,OG_08805,57.10120385849563,1.2361816582733152,1.0712896997349837,4.332631760958187e-5,0.012687141004847215
Ptuh,OG_08806,119.08332145027319,0.6145347640910465,0.2220667951231048,0.0647423850795088,0.3102665542297905
Ptuh,OG_08807,307.4283987309201,0.05716154527958975,0.026677747976587916,0.7991677575111948,0.9199583295086168
Ptuh,OG_08808,319.82451966002117,-0.8482126144544632,-0.2575372451047408,0.03437378727533406,0.23035553461827815
Ptuh,OG_08809,296.0185234507068,-0.4331783598441506,-0.14801231275252416,0.1592593108553842,0.4631317407445721
Ptuh,OG_08810,18.331810760877055,-1.234952692408298,-0.15440772423901106,0.03949057031762495,NA
Ptuh,OG_08813,160.8636483415184,0.20460964281558666,0.06006892003291628,0.5216300254215565,0.7806983038209125
Ptuh,OG_08814,234.96139200352232,-0.588533334371013,-0.13267201768492626,0.12588932110801818,0.41922160032326045
Ptuh,OG_08821,457.7664125968414,0.2881229841811825,0.11302590547048272,0.2745630796190815,0.5872068477203457
Ptuh,OG_08822,225.10011675708142,0.26223539924492384,0.08671418702876303,0.38181968818407813,0.6760077516368708
Ptuh,OG_08824,404.64573113641916,0.03946555704317032,0.011509409336905434,0.8987182608423624,0.9585528462114007
Ptuh,OG_08825,42.83310462628623,0.1445925438924673,0.03462682629580231,0.6889304432718482,0.8733412429842285
Ptuh,OG_08826,375.3247782673933,-0.1535873642068158,-0.05739613014121234,0.5513907961968586,0.7974317579580918
Ptuh,OG_08827,584.5241127058353,-0.04756725874275403,-0.011391419072695542,0.8883674921200966,0.9539474349490289
Ptuh,OG_08828,33.415446393038486,-0.06520056426825202,-0.011518031873664023,0.8810225346291082,0.9524689196779613
Ptuh,OG_08829,293.25073184473047,-0.3593917469331675,-0.16857149961160195,0.14466953330577878,0.4457943286087166
Ptuh,OG_08830,3737.931044533779,-0.56929245651,-0.5004548446176085,1.0533004256933371e-4,0.018535291670870778
Ptuh,OG_08831,65.80732821451693,0.2712292402378136,0.05453903745898508,0.494193851598984,0.7634517350879702
Ptuh,OG_08835,164.48799455443032,-0.5690641464333143,-0.1425636088070195,0.13815157280792964,0.4366144980591509
Ptuh,OG_08833,115.60322268991361,-0.12421282767090322,-0.0535988163488693,0.5978187632431431,0.8212029986186948
Ptuh,OG_08834,645.3814064394576,0.2527782265045904,0.11492718445125953,0.277712925651509,0.59052863895044
Ptuh,OG_08836,45.721236160971735,0.9271021390501335,0.523198128196212,0.01141373241862993,0.13986351471717948
Ptuh,OG_08837,652.7027308377427,-0.23956145976514506,-0.10160153857269448,0.3322456045813019,0.6415830103379154
Ptuh,OG_08838,974.3920664938487,0.02034947516578665,0.007672027642686317,0.937005714725171,0.9727448080007521
Ptuh,OG_08843,345.2270434877712,-0.1817577574042086,-0.08401755687473941,0.4179978146037746,0.7033163149624042
Ptuh,OG_08844,134.57937004954238,-0.9048198516600404,-0.6773799213425185,0.0015360193323358457,0.052385044860224904
Ptuh,OG_08840,1027.291771146182,0.41734295107349023,0.1456083877366196,0.16576758993379329,0.4709596432645609
Ptuh,OG_08841,20.65628797424362,-0.18081021712152445,-0.022675527292290634,0.7343377084742988,NA
Ptuh,OG_08842,5831.628994240386,-1.9817850649921671,-1.759021713471803,1.6410144090763836e-6,0.0019907849088395212
Ptuh,OG_08845,120.16215890506038,-0.24503109520869892,-0.03821654765656392,0.5848260026626407,0.8138876457900925
Ptuh,OG_08846,2473.1218815734983,-0.3522274843464346,-0.25366035917648216,0.035650926458924315,0.23463430555169795
Ptuh,OG_08850,1675.0487836838777,-0.20116908292787758,-0.06594248136127105,0.47262387702833475,0.744439361453592
Ptuh,OG_08851,42.736073593710195,-0.05875712240345529,-0.007181180495882196,0.9099919915924477,0.9634373681170785
Ptuh,OG_08853,116.39055223100513,-0.602545918567653,-0.21103225638720416,0.06891248568348288,0.3182190475389541
Ptuh,OG_08852,1325.5696358391979,-0.30498306698216154,-0.09636624635626014,0.3207821771398052,0.628682725195298
Ptuh,OG_08854,123.973813209715,0.0960029837055489,0.042559500790898534,0.67798138489597215,0.8674297168357616
Ptuh,OG_08855,36.10374676130666,0.01019550071484626,0.0018415185493854942,0.9777322027642815,0.9892146749755419
Ptuh,OG_08856,489.7720012313154,-0.17671039644919562,-0.028907712464077723,0.6868159644803915,0.8723363999951369
Ptuh,OG_08858,75.49552285940935,-0.585846153679954,-0.08247979694422279,0.2284429844007969,0.5475410170848342
Ptuh,OG_08860,250.5305854899442,-0.11444669698965948,-0.049707357912565316,0.6301747558320432,0.8381274904503854
Ptuh,OG_08861,1128.334708581055,-0.32910052088351166,-0.08530233491200327,0.32960274239860965,0.6391839434685985
Ptuh,OG_08859,18637.865488761137,0.2476061282077316,0.07653578821679806,0.40654397887255445,0.6963234103642058
Ptuh,OG_08862,333.676669143704,0.18675274334320247,0.09494352463629636,0.3705888320285386,0.6689709518508595
Ptuh,OG_08863,70.02889776569558,-0.15310512175715432,-0.03556855324316674,0.6636988691805007,0.8579563533190606
Ptuh,OG_08864,464.8291114612422,-0.41104154029476603,-0.21004053505374884,0.08734740864811284,0.355601814387507
Ptuh,OG_08865,397.45607439063514,0.5102150791396746,0.31661220019416536,0.028300025239739093,0.20988979417979423
Ptuh,OG_08866,291.3905762434881,-0.02118784210313282,-0.0026641443388150353,0.95638620918951,0.9803997692464171
Ptuh,OG_08867,89.12941469645727,-0.5858301050471115,-0.25188445082794136,0.054805017213835835,0.28728654702462586
Ptuh,OG_08869,460.7018545282194,0.07854771605989197,0.03298143934703144,0.7463345511551878,0.899115522288206
Ptuh,OG_08870,44.85539813730937,-0.4702007252649469,-0.09903299421750539,0.24526212998631394,0.5656424578095359
Ptuh,OG_08871,290.11817947748364,-0.35463273318979577,-0.1657938739285229,0.14956051743126972,0.45165999787565525
Ptuh,OG_08872,527.3533606204375,-0.10941518656626263,-0.07202205522291001,0.4602671972151291,0.7347379413507745
Ptuh,OG_08873,49.828177691241265,0.19612783480698331,0.05286947448989773,0.5660207711999665,0.8041907962238775
Ptuh,OG_08874,689.5184454638967,-0.12771097076047716,-0.03393469939316116,0.6996927062700327,0.8787031147064651
Ptuh,OG_08875,60.51439218591951,0.2405977821493285,0.08176308913899494,0.41337251053867397,0.7001115595321937
Ptuh,OG_08876,556.590847635087,-0.350617859973922,-0.09801666987501567,0.2919868420444228,0.6024513955350653
Ptuh,OG_08877,658.2887330412527,-0.20651039267230217,-0.09076058196419749,0.37600305354386343,0.672192624395569
Ptuh,OG_08881,77.81368144133945,-0.41937284973463773,-0.17577761606550527,0.12656742184625117,0.420011936818431
Ptuh,OG_08878,2957.4193764989964,-0.6840006609653944,-0.4653217961429192,0.007656129223888185,0.11726114745955006
Ptuh,OG_08879,1348.9531436184225,0.13841016643192414,0.06282882533596183,0.5695376825042968,0.8063171656451391
Ptuh,OG_08880,814.3603494662934,-0.3798179928738868,-0.15956401023695144,0.15179507889538357,0.4554604831916584
Ptuh,OG_08882,333.05864863782386,-0.09692239442005439,-0.037630298061593674,0.6990345268713125,0.8787031147064651
Ptuh,OG_08883,31.39611746019811,0.1621747566345378,0.03929143139910195,0.6488063408394936,0.8478579021928664
Ptuh,OG_08884,300.3504288377051,-0.07803138541392983,-0.03585863758456651,0.7512541374305182,0.9010349759838927
Ptuh,OG_08885,156.1210364531722,-0.5859221097443026,-0.18531459269110317,0.0915039908126457,0.36158766402093406
Ptuh,OG_08886,2669.7749810595983,0.7969512275879582,0.5695877417053871,0.0037651307740457995,0.08283287702900759
Ptuh,OG_08888,603.9321322463173,-0.08116303368915594,-0.034551227234504024,0.7529713513084146,0.9020344073362713
Ptuh,OG_08889,226.56169527346827,-0.8674695959391306,-0.4737082077352507,0.010840850505585123,0.1388588882539069
Ptuh,OG_08890,813.9304992390719,-0.02689897333319152,-0.02029545211189679,0.8238928363386313,0.9306072896474744
Ptuh,OG_08891,583.1979476664563,0.30554472779347097,0.12209871347424606,0.252043062663824,0.5699251534181963
Ptuh,OG_08892,324.71610642232866,-0.32845501306532243,-0.12055878016749748,0.23242774918832013,0.5530696733656058
Ptuh,OG_08893,518.597119334447,-0.527717140334723,-0.4396613005497894,0.001394927362331206,0.051317141461793274
Ptuh,OG_08894,36.58244409765609,0.044709111543073214,0.010355006892513216,0.8945393712974132,0.9574525259714688
Ptuh,OG_08895,732.9408551050731,-0.28171429062732145,-0.18418331734553417,0.10577609797295927,0.38568081751239597
Ptuh,OG_08896,179.92185784450527,0.09231636257332923,0.026003955953301797,0.7738645863645162,0.9120688821037474
Ptuh,OG_08897,293.7685121985184,0.28553917208837215,0.1428975350384912,0.19965591708162184,0.5133145770079117
Ptuh,OG_08898,12333.276638292917,1.0371621482166073,0.7768047309300324,0.0016076252364168118,0.053491162259062176
Ptuh,OG_08899,369.44588858608364,0.6819338290504904,0.21769299376847237,0.048873282436978416,0.27002727030242074
Ptuh,OG_08900,116.97133479884,0.09282616925712511,0.027572955749319117,0.7568547043708058,0.9039361858134303
Ptuh,OG_08901,4200.265793996487,0.24592766181727355,0.06289745350896543,0.46144526328577756,0.7351957177903984
Ptuh,OG_08910,148.89078773169558,0.41528439696802794,0.22840440546856494,0.06990813780169258,0.32023708415055757
Ptuh,OG_08911,542.5165128001894,-0.2382593154040672,-0.10319940913530279,0.3216123588262781,0.62964565946926
Ptuh,OG_08912,1331.06002228292,-0.20520838912285755,-0.10864340585815331,0.3102832590646041,0.6193663266441843
Ptuh,OG_08902,544.5020647937753,-0.08259745943005113,-0.03026641607516088,0.7847229634108678,0.9148128374668837
Ptuh,OG_08903,293.36076152076527,-0.6113572365265907,-0.26279512429602947,0.045586892539610256,0.26210565653089307
Ptuh,OG_08904,27.29800851507519,-0.5971217694683676,-0.08862085239089926,0.22226300778405073,NA
Ptuh,OG_08905,71.54516594652117,1.1478081127827096,0.6903274489042885,0.0048364594481714145,0.0934494630394692
Ptuh,OG_08906,1929.875060107261,-0.19956262751023968,-0.04948292217123262,0.5655148599530838,0.8041090003270556
Ptuh,OG_08907,43.15449096620861,-0.7511746313051447,-0.10550548980343757,0.13509705662921556,0.4330857700624004
Ptuh,OG_08908,3662.960365172258,0.4422014097592596,0.3157859787390712,0.019606990265476923,0.17561884563965882
Ptuh,OG_08909,5946.777361623945,0.17104736639634346,0.11519408838701677,0.2738059386943197,0.5870111198890549
Ptuh,OG_08915,15.01534209887598,0.48361041332822463,0.045909121289203096,0.41099510637881714,NA
Ptuh,OG_08916,210.21121664553712,0.43619174994384236,0.1728943823752987,0.13044369381310328,0.42736413883521335
Ptuh,OG_08913,180.36598191172794,0.6078374403631738,0.2726253108532195,0.04432809166797412,0.25941549088957355
Ptuh,OG_08914,16.948809327121964,0.7675331606247137,0.10265011568251228,0.13557859199403613,NA
Ptuh,OG_08917,442.7531311461139,-0.2113241907597202,-0.05887336941001756,0.5121438589109595,0.7756600053276027
Ptuh,OG_08918,108.16120000447175,-0.00850245386405423,-0.001529850696266585,0.9826995333454046,0.9920452255312857
Ptuh,OG_08919,381.4577180741667,-0.641889014531968,-0.3638126824432499,0.021743781953560627,0.18402777512076837
Ptuh,OG_08920,454.82332199824657,-0.3908834961141227,-0.2327778498155666,0.06567630325064772,0.31175135114840713
Ptuh,OG_08921,417.573387064928,-0.19093816580830322,-0.07546928500752612,0.4605568512292317,0.7347379413507745
Ptuh,OG_08922,1909.6402342427389,-0.19016844467793223,-0.09916612697360325,0.3366760308257423,0.644511463880118
Ptuh,OG_08925,40.78057179966648,0.47545855012087357,0.06679845948157619,0.32606969576063233,0.6352337362696238
Ptuh,OG_08926,22.91753790069058,0.11545924800306462,0.007136604289684695,0.8756350458212774,NA
Ptuh,OG_08924,219.91209530308595,0.06789450718896356,0.02527624819324708,0.8184078052452334,0.9285018101096434
Ptuh,OG_08927,155.7918283449199,0.011100462596696113,0.004384443432459093,0.9656175206198454,0.9840422399020433
Ptuh,OG_08928,1666.2782569933554,-1.3228998013999904,-0.44026074023824996,0.0063292981635068215,0.10497734375878892
Ptuh,OG_08929,478.76256484090595,-1.164737037499415,-0.5373439099875151,0.0057329226902546465,0.09977153562161606
Ptuh,OG_08935,68.28400005640017,0.7306518846368,0.1553575571760265,0.09089812045792808,0.3606839562784731
Ptuh,OG_08930,476.6271907260385,-0.024976486529268507,-0.0036655998867684047,0.9505877040671884,0.9782861772126027
Ptuh,OG_08931,103.19814830529513,0.7606543899281928,0.40784161295266325,0.01653853644036352,0.16426345199013684
Ptuh,OG_08932,286.96953128892045,0.43884810982997,0.15639790086785268,0.13542511464537074,0.4331563365606359
Ptuh,OG_08933,711.13560185519475,-0.08173051445712243,-0.01672822682003967,0.8265987514487302,0.9320701826427676
Ptuh,OG_08934,1829.3657085434616,-0.38054070732619005,-0.15005201023491788,0.16473407579475227,0.4695638962444849
Ptuh,OG_08938,194.95403091667654,-0.07936923762900851,-0.03801376385374229,0.7274286988980359,0.8915174644309598
Ptuh,OG_08939,41.78025168637242,-1.3600885822732185,-0.9449521419517896,0.00234836048627508,0.06508422108665243
Ptuh,OG_08940,139.42929035334387,0.15385185017033426,0.04795732779696457,0.6120939788636408,0.8295270886918059
Ptuh,OG_08936,433.7839885545816,0.4574801901916529,0.08963691824240318,0.2738740057701879,0.5870111198890549
Ptuh,OG_08937,525.8063940730678,-0.6572387173685124,-0.18483788789460673,0.07410792007740913,0.32828610187655627
Ptuh,OG_08941,2083.8520796770013,0.5928074482760606,0.1026315341309945,0.15355141326627364,0.4576993459665474
Ptuh,OG_08942,290.84148227785187,0.027703799471722773,0.01021974981933733,0.9171146944538823,0.9657494937414771
Ptuh,OG_08943,16.726521813999128,-0.2250747360845887,-0.022546627576521597,0.6984898046141392,NA
Ptuh,OG_08944,400.62028671146203,0.08785218030969273,0.023877092023936185,0.803142344078916,0.9223962110487715
Ptuh,OG_08946,433.3100697122009,0.018797341940411456,0.009324571111743398,0.9082400862670191,0.9631337178545862
Ptuh,OG_08945,6518.752552083453,-0.24416824425405798,-0.11325303627328152,0.28922873968953716,0.6004812638518858
Ptuh,OG_08947,109.36261355700283,0.46191746904339914,0.15046880244832436,0.14513533630102213,0.44606922760343104
Ptuh,OG_08949,197.22636632656275,0.5321906518973618,0.2897974097149974,0.038123790208535395,0.24250728573099817
Ptuh,OG_08950,152.82218617944253,-0.002152272660609122,-6.92868628155962e-4,0.9926280980360325,0.9959118393811421
Ptuh,OG_08951,761.9328855902493,-0.030505621024602685,-0.002680298915504579,0.9146362643724074,0.9648665723614086
Ptuh,OG_08953,101.56028834572868,-0.3275582240874273,-0.04766747975453918,0.4979485316190346,0.7661390310289378
Ptuh,OG_08952,1036.326681668041,-0.2806299047736818,-0.06294652722267781,0.44312852793934643,0.7215837662919673
Ptuh,OG_08955,533.2621280621963,0.18902897245074105,0.09064929580300016,0.387503295315146,0.6795698176628987
Ptuh,OG_08956,86.9095186694998,-0.42899289545820424,-0.14423248399089647,0.17027600701284054,0.4771217604138038
Ptuh,OG_08957,75.39556457421837,0.12415814194097828,0.03436857949195172,0.7040828468859677,0.8802278561256186
Ptuh,OG_08958,92.93948773108193,0.44752405221276803,0.14238505105856022,0.17069557005270333,0.4771385058879384
Ptuh,OG_08959,897.8279584722276,0.7406663638482999,0.15336692417985764,0.07875423379020047,0.3365458153750469
Ptuh,OG_08960,367.3546069001714,-0.7460298213130713,-0.4605730111658175,0.011756199642123212,0.14201087818052677
Ptuh,OG_08961,146.07242041258468,0.2716482470153215,0.07374740012695169,0.4161698358916543,0.7023062184511165
Ptuh,OG_08962,187.8951380642105,-0.019095715417205786,-0.005098274543557576,0.9604886408587193,0.9820127421311201
Ptuh,OG_08963,478.78159479815554,0.0636879144032691,0.039502020818833264,0.6992929929963493,0.8787031147064651
Ptuh,OG_08965,170.66020360978317,-0.5213024964141743,-0.33553366403854973,0.022802998311199318,0.1891045524010787
Ptuh,OG_08964,487.9941151816499,0.5990415416326186,0.4386185683239821,0.007047372073854565,0.1118849147933559
Ptuh,OG_08966,232.0541527308875,-0.49670792678637266,-0.1675325030166017,0.12639655294839222,0.41986958665008106
Ptuh,OG_08976,111.99048315241212,0.3308702106748468,0.14392406057404286,0.19341588834298454,0.5075672817702795
Ptuh,OG_08967,525.1562165856269,0.917780857343015,0.5458416661164519,0.00832655254203862,0.12212277061656641
Ptuh,OG_08968,157.98117977627308,1.1553970697647087,0.925578975753104,5.400173667163169e-4,0.03758874982094232
Ptuh,OG_08969,6427.589972910781,0.2976736924237042,0.17321558419621916,0.13529361409254478,0.43310270843565063
Ptuh,OG_08970,763.0154393988912,-0.29218530077505966,-0.19806791014403105,0.0810320287194383,0.34181275999878846
Ptuh,OG_08971,43.00478151119817,-0.9323143718350675,-0.5476368784173582,0.009281627126855443,0.1296530567113552
Ptuh,OG_08972,289.3423786636727,-0.38287786115627964,-0.2853787348408373,0.02067863993174433,0.17894395564581603
Ptuh,OG_08973,257.2469552535406,-0.4749114204186281,-0.18524855607536064,0.10639099814844659,0.3864295792457692
Ptuh,OG_08974,56.68478008851334,0.17133296197644887,0.031752776722651845,0.6783284590220773,0.867524890664982
Ptuh,OG_08975,359.55528176959695,-0.02060829612296225,-0.00343362387399005,0.960446388846185,0.9820127421311201
Ptuh,OG_08977,241.88984055130845,-0.001647167809116279,0.0010782833082718403,0.9957948735788539,0.9983813537699677
Ptuh,OG_08978,203.0336275099078,0.1468158891161309,0.06701159198063668,0.5132776989997028,0.7764079479703377
Ptuh,OG_09003,399.2770487930989,0.28305354508950265,0.11081197831659076,0.2829030616776065,0.5949767099185335
Ptuh,OG_09007,1433.4428062506606,-0.4282490059638691,-0.033205162593612204,0.47972966860269783,0.750179518964466
Ptuh,OG_09008,340.8196068379085,0.05113582364523391,0.00771693471947299,0.8916173279329185,0.955845740012443
Ptuh,OG_09009,1377.5806206733757,0.310024461610716,0.11795666690129504,0.27522383994640065,0.5877277894784118
Ptuh,OG_09011,140.48786675357422,-0.4396546901511315,-0.13925596127911047,0.1748010585234604,0.48242138088437625
Ptuh,OG_09010,681.7628149604716,0.18268924211461113,0.048155467591695485,0.5720695005691987,0.8073800056719471
Ptuh,OG_09012,44.24444423258266,-0.7444609242676451,-0.17978192372769042,0.0675528941915138,0.31641432844695816
Ptuh,OG_08979,305.0875695393757,0.40980085062599164,0.14762633558911376,0.15998411968887974,0.4643148135331397
Ptuh,OG_08980,19.4836007119487,0.6311182775832588,0.08845313345257318,0.20191482922270787,NA
Ptuh,OG_08982,141.2045119330094,-0.18182407510178808,-0.0731633756874819,0.4678444719173094,0.7401355614103444
Ptuh,OG_08983,531.7529833456776,0.12051703050246072,0.04656051413235403,0.6293202061092547,0.8376531254655688
Ptuh,OG_08984,3660.7994648665203,0.74730345798701,0.10977139216526495,0.11230448306937905,0.39605052750214575
Ptuh,OG_08985,167.151895602843,-0.1878706194811924,-0.05869938946212223,0.5378930252487553,0.7893187438072282
Ptuh,OG_08986,109.81193925848996,0.35195709985046836,0.11578855655910793,0.2553314028285716,0.5721040297678707
Ptuh,OG_08987,240.58885306885824,0.09448704472606684,0.031160247506537498,0.7401898149480521,0.8969309230220974
Ptuh,OG_08988,5356.607311178513,0.18754282525583393,0.09210305860738076,0.3963115312338573,0.6858523585159805
Ptuh,OG_08989,18.426260663355592,-0.19282237466685712,-0.027201431266107592,0.6846175464697799,NA
Ptuh,OG_08990,13159.20097915763,0.08200558037856416,0.032030256125917186,0.7430736934800184,0.8977883180893177
Ptuh,OG_08991,124.064287340878,0.41760427756733004,0.12661448903781156,0.19718487322297576,0.5103608483418196
Ptuh,OG_08992,32.17941150717819,-0.4413544465566252,-0.07695145088517905,0.31032480967172477,0.6193663266441843
Ptuh,OG_08993,682.2845719560349,0.49120113438786117,0.20505769449146125,0.08688712507546406,0.35422249934749916
Ptuh,OG_08994,1531.0411871284346,-0.30120959441026446,-0.1280380201342677,0.24595897910614134,0.5660296585415661
Ptuh,OG_08995,733.8513643385639,0.2518317342094067,0.08660168976882622,0.3774274409827868,0.6732036765039026
Ptuh,OG_08996,689.0148758967543,-0.19438903026014928,-0.1111948085059403,0.29780438538758375,0.6071920385861612
Ptuh,OG_08997,132.4511449397828,0.2803371639765608,0.0841584160507688,0.3805325384355349,0.6756182973854407
Ptuh,OG_08998,270.4384900174311,-0.5363908776439834,-0.2420977078980152,0.06248649261206704,0.3051381801389726
Ptuh,OG_08999,263.9973768520991,0.44073296092004016,0.322724660924691,0.015326384153473302,0.15949957626384226
Ptuh,OG_09000,195.90906399587433,0.16150685338439597,0.07236755038661398,0.48943353635394377,0.7585817833031011
Ptuh,OG_09001,143.803844237363,0.2512596660296749,0.10477969369584857,0.31966600214062973,0.6273639219270228
Ptuh,OG_09002,75.04932098798318,0.011800459233790762,0.005220179706561743,0.9631848896200893,0.9830968849343508
Ptuh,OG_09020,216.84837118228242,0.43188186936582595,0.2302269176780184,0.07316463915613863,0.32666357293056214
Ptuh,OG_09019,371.6035476819558,-0.22170777231567035,-0.10428714501832341,0.3307274095766087,0.6401176013523576
Ptuh,OG_09013,133.60493137615623,-0.22964001802884426,-0.10977227275653448,0.30306692772853355,0.6127724643501684
Ptuh,OG_09014,605.7247456275393,0.22199444312996353,0.1245667752715179,0.2584517727624241,0.5728148764315621
Ptuh,OG_09015,849.2823926687814,-0.06870052594928312,-0.0345856776124072,0.7753444724336966,0.9120688821037474
Ptuh,OG_09017,295.203205103448,-0.21291052782414227,-0.12128267124113083,0.26403670916987476,0.5780869058207333
Ptuh,OG_09022,24.645155431764735,-0.10533940267721353,-0.00922321975669098,0.8615023262137936,NA
Ptuh,OG_09021,336.40149031024595,-0.1834603450142319,-0.07129594287402473,0.4724414731347074,0.7443363617550901
Ptuh,OG_09023,300.5155673171801,-0.44164152720094224,-0.13206562523184448,0.18010746788608195,0.48934981807948696
Ptuh,OG_09024,571.0155480246474,-0.05381212169032423,-0.019741722255785438,0.833965577162181,0.934215312068519
Ptuh,OG_09025,282.7547702676269,0.508941222759577,0.3133922602256213,0.031063996779479682,0.21837372570475286
Ptuh,OG_09026,214.43805961510776,0.8510094114299562,0.23628303803982187,0.033880637802700835,0.2288897185525342
Ptuh,OG_09028,108.48405394242188,0.2795870215632356,0.08955406379636424,0.35869054288106694,0.6620205838470787
Ptuh,OG_09029,183.49221551974583,0.10108081762964964,0.02684445266877336,0.7583001531359799,0.9047293082541553
Ptuh,OG_09030,699.4470557826005,-0.08283040007380156,-0.03805487469615866,0.7198366783526623,0.8867559080841643
Ptuh,OG_09033,32.63993811060802,0.8681857172592249,0.15037948229391743,0.07302486702125809,0.3263763200064719
Ptuh,OG_09032,376.07726265740166,0.17512024879500493,0.11053776603777268,0.29776312572616104,0.6071920385861612
Ptuh,OG_09034,1487.919264621992,0.14010129844366,0.08379770373050734,0.4333993598989446,0.7134647609249449
Ptuh,OG_09035,239.92283342966962,0.46415860229745803,0.22697360589524165,0.07446630717462602,0.3289451829553897
Ptuh,OG_09036,92.04874742298492,0.9959112276124824,0.6985104991389475,0.0032697121231919494,0.07755976354789396
Ptuh,OG_09041,248.87899070718237,-0.17955487469960194,-0.07855088380713986,0.4443917030889166,0.7225265584059174
Ptuh,OG_09040,1642.8438703673005,0.26616670085203864,0.1920174788135935,0.07802612208065529,0.33532278780816027
Ptuh,OG_09042,597.4053914416587,0.20514433318906666,0.06125821898319713,0.5028725899420008,0.7694308591605924
Ptuh,OG_09043,2289.3619780435965,0.040357558106370886,0.0200240336536519,0.8463751306520679,0.9389621953105426
Ptuh,OG_09037,2091.9748388077783,-0.9130402657977784,-0.2748853058821303,0.023072056323430176,0.1891445540413192
Ptuh,OG_09038,203.61401969276417,0.62970547973002,0.3342265257509929,0.02886157458380644,0.2122012912257007
Ptuh,OG_09039,367.4304899311678,-0.6497522974236971,-0.5260950272080215,0.0011778697953702842,0.04892946827018439
Ptuh,OG_09044,38.37438202892438,0.28650996022896447,0.03904227450274972,0.5649687808028943,0.8039066498958073
Ptuh,OG_09045,116.64853037902176,0.15540496315078767,0.05858533158111046,0.5612253460801917,0.8009650172928228
Ptuh,OG_09046,436.2695997373198,0.615992179092679,0.4088803422462535,0.011481666778239655,0.14028142868070284
Ptuh,OG_09047,75.7068288220471,0.847150278626495,0.5032132916230784,0.011338689767895642,0.13966420691048845
Ptuh,OG_09050,25.837715752964048,0.4335475039017748,0.048707690122214424,0.4327843593599058,NA
Ptuh,OG_09048,56.68864238846205,0.09944110726595543,0.018494880824401292,0.8096008393053274,0.9239632798445624
Ptuh,OG_09052,964.7219232127909,-0.13476699359287284,-0.08666722917163984,0.3885175503372305,0.6795698176628987
Ptuh,OG_09053,308.2632608151613,0.6855117568531772,0.459645676544931,0.00940913048882484,0.1301754688030476
Ptuh,OG_09054,506.55429754884693,0.02184825199555521,0.006662653802833925,0.9341148113066562,0.9720795476661017
Ptuh,OG_09059,1930.0075966357313,0.24448570903112865,0.15368482220804602,0.16349642203304446,0.46810910853156223
Ptuh,OG_09055,66.40333360753641,0.2210188103717379,0.07192819838317004,0.46038142200592397,0.7347379413507745
Ptuh,OG_09056,72.66406732817109,-0.07519832877124907,-0.02753650022062248,0.780331549888641,0.9136206376692536
Ptuh,OG_09057,176.0702531374772,-0.2546548427891799,-0.08821066453472169,0.3595925447836255,0.6620205838470787
Ptuh,OG_09058,478.2401913392679,0.25837815491738797,0.1794623381915055,0.09990438792522391,0.376192819294477
Ptuh,OG_09060,21.573474339468365,0.854371238732832,0.10487779179103925,0.1287460172515329,NA
Ptuh,OG_09061,80.99793316751544,0.07105514401203225,0.015074134240739289,0.8620721386590979,0.9454625599241973
Ptuh,OG_09062,202.70443463497324,0.10297757895826311,0.02004192966528039,0.7971676015433119,0.9195801492526875
Ptuh,OG_09063,54.59699581221446,-1.0768732664931613,-0.8630877349090184,6.17569994734421e-4,0.039471710381856914
Ptuh,OG_09064,8.470951869567658,0.0287072740037222,0.0030158198026926587,0.9630063519861328,NA
Ptuh,OG_09065,49.058043536505195,0.3464657866599865,0.11444861533294005,0.26082204541432585,0.5748509757743201
Ptuh,OG_09066,259.75461776669067,0.1951133625529897,0.07471224800958698,0.46120932715453117,0.7351957177903984
Ptuh,OG_09071,54.13451492389082,1.3958484706389402,0.8811766923097164,0.0032383075446794835,0.07739225026371259
Ptuh,OG_09072,16.916697287826157,-1.2899066808973811,-0.06694001705975816,0.09784229319476077,NA
Ptuh,OG_09073,14.103333784896662,0.11392536007881829,0.010393024473943777,0.857575296268406,NA
Ptuh,OG_09074,450.81354549259993,-0.029718333933509124,-0.016961087374922197,0.8729980720011049,0.9496432698792621
Ptuh,OG_09067,211.82170981366778,-0.28215009586921763,-0.11386858656064054,0.27780415116648566,0.59052863895044
Ptuh,OG_09068,145.348669086951,-0.033226031770856986,-0.013985445002611627,0.8859316931389951,0.953097469562898
Ptuh,OG_09069,165.98032177445842,-0.28063706134554095,-0.08583777609490134,0.3782202861738777,0.6734411829419673
Ptuh,OG_09070,312.83012187753513,0.1622649686069172,0.08210792539994344,0.434441313089349,0.7140283524092385
Ptuh,OG_09075,50266.7431637536,0.41088112455040293,0.18052567692305485,0.12338405286428454,0.4159313174552577
Ptuh,OG_09076,236.30300908856503,-0.7758645130789021,-0.26985284140701915,0.03544683456244134,0.23385913980716194
Ptuh,OG_09077,39.11441108651403,0.18141490615085382,0.015879541094578106,0.7614629513868831,0.905277385932476
Ptuh,OG_09078,94.41515148821797,-0.09755182816590564,-0.03492552659166489,0.7159640098579068,0.8849219888892484
Ptuh,OG_09079,396.85479932518695,-0.3557967734581003,-0.1312132081988043,0.22932154916506392,0.5485629846506261
Ptuh,OG_09080,94.30480362910345,0.05062276507105935,0.02049872249167439,0.8421159811585317,0.9373463143899939
Ptuh,OG_09081,496.10804066736574,-0.7143817036760568,-0.4402038206119605,0.012825486390525095,0.14850553797742064
Ptuh,OG_09082,199.96134122973598,-0.7506508669922461,-0.5322971023968088,0.005733456121449439,0.09977153562161606
Ptuh,OG_09083,576.9260755276764,0.07643447468350864,0.035442354842731644,0.7393057351668157,0.8961153729712532
Ptuh,OG_09084,999.5887188377106,0.06255500734956833,0.0107434222293236,0.8677532617800441,0.9474394248134437
Ptuh,OG_09085,469.1394677209314,0.21190693301188257,0.0930745500319772,0.3891135088420545,0.6796370212249939
Ptuh,OG_09086,1007.9624102030058,-0.36460455159655947,-0.25204640340960227,0.04346738195304753,0.257229970414829
Ptuh,OG_09088,262.39619956525047,-0.1556235534765047,-0.0740761568545147,0.46646761628328187,0.7390378726637369
Ptuh,OG_09089,133.67812482529064,0.22411917248065163,0.07076209058226517,0.45571720033682656,0.7316527284828748
Ptuh,OG_09091,1606.6064826772888,0.6508326627632848,0.1680115330713898,0.0816731060755143,0.34210683019772625
Ptuh,OG_09087,566.5080429094489,-0.14183809520515678,-0.04976945261115577,0.5912112651704327,0.8176817693529828
Ptuh,OG_09093,2367.2486806895945,-0.5707092790354233,-0.3520105443546865,0.021806051171794173,0.184255708010822
Ptuh,OG_09094,1150.3836675733212,0.47682668945674755,0.2412959014834753,0.06610670572083904,0.31274548466928426
Ptuh,OG_09095,8.36045721798365,-0.6231260770016149,-0.03676994602553599,0.40643131111838177,NA
Ptuh,OG_09096,528.8343025537694,0.10680538047190793,0.0523136219377826,0.6415075503496321,0.8453144102239691
Ptuh,OG_09098,63.30070520808524,0.7435325640303653,0.12782571841315304,0.11400890493268034,0.39858526994167204
Ptuh,OG_09099,314.172498711268,0.15961410172828794,0.04899974025118781,0.5861451943079555,0.8145023975021614
Ptuh,OG_09104,88.8491741887999,0.03424933023999597,0.010483297448759837,0.9119480032773963,0.9637395435464384
Ptuh,OG_09100,400.1909294287555,0.6708636403157705,0.5613375920322738,5.386783817756044e-4,0.03758874982094232
Ptuh,OG_09101,107.04477401693413,0.2324821395351977,0.07386143114640903,0.4454662955457313,0.723454473244628
Ptuh,OG_09102,201.6960955863631,-0.3099820278164415,-0.08686950809704733,0.35163062947359713,0.6572853412920509
Ptuh,OG_09103,129.97815922289473,-0.07435725675040392,-0.022632327633385105,0.8102248053376818,0.9239754948897123
Ptuh,OG_09106,430.83345938195475,-0.2596240177463584,-0.06930413692217176,0.4372618089929946,0.7167008843791759
Ptuh,OG_09107,943.361967745272,-0.08591858334425309,-0.03659041456425406,0.7003563285432832,0.8789970274334138
Ptuh,OG_09109,12.438135438125093,0.3086389224698843,0.02781945430938698,0.6307959785676892,NA
Ptuh,OG_09110,486.2893941755265,0.42261409763828295,0.2264733020529366,0.07340717426273331,0.3270831880661513
Ptuh,OG_09113,745.7456096261817,-0.26785692258101534,-0.16963947534305876,0.13102667551675717,0.42811794093432165
Ptuh,OG_09114,280.62375662235235,0.06665464374002285,0.024799957010235116,0.7974038600461479,0.9195801492526875
Ptuh,OG_09115,618.0009517316853,0.20388766059259625,0.08685301660178765,0.41329822004011,0.7001115595321937
Ptuh,OG_09116,346.09829721089426,-0.5701288752837772,-0.28853302994002444,0.042559625582272824,0.25480728848081863
Ptuh,OG_09117,375.16605618140704,-0.11305382904147958,-0.03682068093680899,0.6977289847866104,0.8783152295890744
Ptuh,OG_09118,219.04235097335308,-0.3106227716473546,-0.08239834950938688,0.36865273568087253,0.6680066762395542
Ptuh,OG_09119,297.64768634613745,0.7374794179273496,0.4544083555229156,0.011299125140133192,0.13966420691048845
Ptuh,OG_09120,1969.6321121561532,-0.19907316815717974,-0.03251826562714294,0.6331187674067029,0.8404634317363954
Ptuh,OG_09123,234.48093541205176,-0.08401381396714358,-0.043697464108725874,0.6579169449452302,0.8540248695314728
Ptuh,OG_09122,187.0394288958125,0.9537987961374076,0.7473985210543675,8.968598386738521e-4,0.04506588017762339
Ptuh,OG_09125,147.74269717671473,0.38368569591769275,0.13903840714625348,0.18748432796674414,0.4987834940769396
Ptuh,OG_09126,232.55075903265802,-0.19426095632865897,-0.09509639026976327,0.3685650989519675,0.6680066762395542
Ptuh,OG_09128,339.24461122610313,0.1333102331143205,0.028966971124037046,0.7288445549398092,0.8923512053847836
Ptuh,OG_09129,739.2609025960162,0.661403912661545,0.11700739987619135,0.13633204638268143,0.4347471790768797
Ptuh,OG_09130,82.23063252321042,-0.5325556962830711,-0.09410837943365309,0.22962043940409912,0.548583307263858
Ptuh,OG_09134,114.28045463549083,-0.09929748964116565,-0.040106217216169186,0.6994979061619694,0.8787031147064651
Ptuh,OG_09136,407.3764094630996,-0.30619067786894694,-0.15182433474596074,0.17058075455692023,0.4771385058879384
Ptuh,OG_09137,299.7709978090147,0.4324077571516411,0.23530132335232826,0.0699528722443811,0.32023708415055757
Ptuh,OG_09138,440.052607866779,-0.08401324875524949,-0.03957009563239286,0.714461639265122,0.8849219888892484
Ptuh,OG_09139,4430.012132547718,0.5932152771374714,0.4049159415542205,0.012160451273550331,0.1450372924367829
Ptuh,OG_09140,584.8603836600948,-0.3830431732090333,-0.1656091950589504,0.14493166208916486,0.4457943286087166
Ptuh,OG_09142,1107.8808460712223,-0.7236831912460324,-0.20780781067504506,0.05599343252648814,0.2892312828558013
Ptuh,OG_09143,78.77306205716921,0.21669984138181062,0.049029540418935647,0.5470024821678763,0.7947470237431687
Ptuh,OG_09145,272.68667983285604,0.31503524194397503,0.12364584002333799,0.2391212029933042,0.5600157903527686
Ptuh,OG_09146,2492.2834278987416,-0.2026745260633557,-0.04213478924647928,0.588168027183464,0.8147998184081527
Ptuh,OG_09147,461.33037065241024,-0.30365516010267113,-0.14662353296262529,0.19236046760617573,0.5063623964388234
Ptuh,OG_09149,72.42831769301941,0.0782039285371251,0.02096980202350617,0.8035024297517753,0.9223962110487715
Ptuh,OG_09150,9.768140720088756,1.184879292679265,0.07421976250184292,0.12287469365660803,NA
Ptuh,OG_09153,1356.1571680304621,0.5273194283059136,0.3295960130486341,0.025260972020466413,0.19881017089694233
Ptuh,OG_09155,457.4131162895152,-0.5670287668607056,-0.179491893185457,0.09598622472139692,0.3680009126618139
Ptuh,OG_09156,74.80348298146006,-0.22357217518345224,-0.04512944715131127,0.5721253074843807,0.8073800056719471
Ptuh,OG_09157,871.4602933933428,-0.2857152597275198,-0.13676222264805407,0.21918533597585066,0.5380027464953062
Ptuh,OG_09158,1485.393947261653,-0.13807626518505536,-0.06321051159234961,0.5300872291624302,0.785691458137158
Ptuh,OG_09159,90.75742723106289,0.11577929176247732,0.04933504655749007,0.6481398938720211,0.8475521987621194
Ptuh,OG_09160,418.70321566728387,-0.1877517226877812,-0.1275560622427547,0.21655698377659285,0.5351856871049712
Ptuh,OG_09161,147.46167852263912,-0.3471348264608715,-0.07374000150517124,0.3765104957302901,0.6726966399624708
Ptuh,OG_09163,744.1273208027606,0.22419721014682448,0.11528482852004932,0.2956984042835577,0.6060996498131722
Ptuh,OG_09164,50.49552736160644,1.1929881714331445,0.114805277955399,0.04778965216724131,0.2673450106747123
Ptuh,OG_09167,262.2312691237541,0.1799011895665873,0.09576773781923341,0.3644425527380314,0.6641300767921379
Ptuh,OG_09165,453.0367811797479,0.5422646044590201,0.10035640712470904,0.18078280915811112,0.490023470006092
Ptuh,OG_09166,117.93148662040079,0.26814557610376627,0.11349472259577167,0.29363625674391275,0.6038148214910647
Ptuh,OG_09168,408.0368936142881,-0.10364205357701288,-0.03441479191136334,0.7123440435422945,0.8842604323580128
Ptuh,OG_09174,755.8030077664451,-0.5629127735370087,-0.349526227859678,0.022137049024763943,0.18543920935025637
Ptuh,OG_09169,247.7483713990895,-0.9215846964815289,-0.7410097084957695,7.044680372426263e-4,0.04097494912509851
Ptuh,OG_09170,136.15133617549677,7.010121265495639e-4,-9.978677370907917e-6,0.9986382116481367,0.9993442957006807
Ptuh,OG_09171,112.54176739841994,0.05413414617603193,0.02319558985632723,0.8192338257958272,0.9285744509233631
Ptuh,OG_09172,357.45373251931284,0.6710756562962232,0.45591821115115816,0.009845442691340436,0.13229034704883383
Ptuh,OG_09182,368.1354337485563,0.05859301213167222,0.016695783127352787,0.8544742284517554,0.9416292691425262
Ptuh,OG_09180,447.5552584595703,0.35077305238668566,0.14617161361059344,0.19044865240948933,0.503915022491315
Ptuh,OG_09183,249.94301311195136,0.06875431640469515,0.015197926024934848,0.855087761490079,0.9420608809773938
Ptuh,OG_09185,17.137865973728623,0.5556414535073111,0.06891446811640999,0.30460725303605735,NA
Ptuh,OG_09186,62.163680004341494,0.4995111754058616,0.2372269203736017,0.06926387201743402,0.31880151825043346
Ptuh,OG_09175,476.7286466090662,-0.14371462370163893,-0.0855436638933547,0.4275158339858478,0.7101847539530164
Ptuh,OG_09176,156.7714434320812,-0.10608731276329779,-0.037364300064282166,0.6658083815842918,0.8590768070928865
Ptuh,OG_09177,405.59343698788416,-0.2041612561735784,-0.04783593804918487,0.5747498331294008,0.8085772789559122
Ptuh,OG_09178,78.01831794140112,-0.5978682497831393,-0.06588582756172548,0.28609781955161884,0.5981415877139439
Ptuh,OG_09179,104.30646788846494,0.07399376817911163,0.017820406363087144,0.8352143407142393,0.9344716971469459
Ptuh,OG_09187,229.6816000213402,0.1326425630688631,0.04531733227919447,0.6343701120717027,0.8410727543657922
Ptuh,OG_09188,184.40054819856437,-0.5088961837673887,-0.15518383978984954,0.12571028702361126,0.4188041417828587
Ptuh,OG_09189,54.34867663902249,0.5193386336829691,0.16905270352300342,0.12141490270438603,0.41209246753223266
Ptuh,OG_09190,28.30269171895573,-0.5062173855696431,-0.0736408876703853,0.2965408963519484,NA
Ptuh,OG_09191,85.99870111190087,-0.4059619268165942,-0.11091617277949414,0.23284955709875027,0.5531063791975988
Ptuh,OG_09192,183.58184237776533,0.30358150328162653,0.15100944805452818,0.1899499748217358,0.5032933498240814
Ptuh,OG_09193,199.9543152416218,0.16364954720883168,0.0884099229747972,0.3940570880157342,0.6833434330058433
Ptuh,OG_09194,522.7898300037006,-0.31866240612709396,-0.2249182700820601,0.05416559048585146,0.28529995096056177
Ptuh,OG_09195,304.0740589790451,0.5368763822574445,0.2820240678136952,0.04141858292411208,0.252966783892741
Ptuh,OG_09196,159.2937506449656,0.6047634637012103,0.3871321750899259,0.017096290361729407,0.16706754631968485
Ptuh,OG_09198,1463.9582897994826,-0.5033026693667887,-0.25420420407656413,0.05441831152227888,0.2857886836408115
Ptuh,OG_09199,276.7111046212607,0.13601776661993506,0.060437074489971064,0.5491212484492972,0.7956215051751292
Ptuh,OG_09200,851.7448764961981,-0.31005762647895385,-0.17472266393731087,0.1332618497020807,0.4311084295885978
Ptuh,OG_09201,103.41424835951204,-0.3143661011224184,-0.13129882983077795,0.22662724820925795,0.54569979695520765
Ptuh,OG_09202,79.34561476136804,-0.3262724249447756,-0.1443934768980105,0.1968779576913926,0.5101997626103353
Ptuh,OG_09206,17.288234212160926,-0.27411399005461057,-0.02090539489125061,0.6665937401624982,NA
Ptuh,OG_09204,424.1009197022994,0.47820944463386394,0.02038485837462627,0.556453643412285,0.7990546963428063
Ptuh,OG_09205,116.97861864338567,-0.30276141427584924,-0.18405713552480735,0.11520626541268157,0.39980858434184385
Ptuh,OG_09208,36.23016371961867,1.1496707055659363,0.7195684822664629,0.005650655402321492,0.09976167500314784
Ptuh,OG_09207,449.81892760768443,-0.10482133723239954,-0.03293523098755093,0.7193749664702942,0.8866490058379618
Ptuh,OG_09213,1485.3220821687403,0.160852332719416,0.053599596757551285,0.5793007472706674,0.8113841243316028
Ptuh,OG_09214,548.751856949927,0.13373561867328024,0.061545711362235175,0.5429809074595973,0.7926755829717895
Ptuh,OG_09215,4.604434746255684,0.3349772792038952,0.007819925570930503,0.7801648136589345,NA
Ptuh,OG_09216,8164.362291444789,-0.40945796983382726,-0.25946461534542975,0.04589871273042708,0.2622115772553303
Ptuh,OG_09217,1633.2529680397074,-0.21279784938086765,-0.050334258341671816,0.547738186389083,0.7953579533725401
Ptuh,OG_09209,334.3020794918923,-0.08123152035252634,-0.024966548443417575,0.7866642623311964,0.9159520752980056
Ptuh,OG_09210,4998.405886334087,1.2546229468657102,1.0561191240504573,8.885240321617404e-5,0.01834782321003979
Ptuh,OG_09211,97.3108100271816,-0.31011494549685525,-0.0947868321891718,0.33468998987590964,0.6430288221778789
Ptuh,OG_09212,322.6904106499793,0.508272740894528,0.16261693539911132,0.12067060128565713,0.41005792161576643
Ptuh,OG_09218,114.83085144742542,-0.3100716708238895,-0.1233660365922785,0.2455641491206886,0.5658970839437958
Ptuh,OG_09222,31.361625644104514,-0.13031352574839622,-0.01660340129423443,0.7874656960314025,0.9161230722434045
Ptuh,OG_09219,75.93714772933582,0.059527193698807455,0.014416550816425283,0.8678911075864082,0.9474394248134437
Ptuh,OG_09223,8.859378604043075,-1.7541116932761394,-0.11890566479661299,0.017037252466675507,NA
Ptuh,OG_09224,153.07500767734473,0.09374053066818669,0.056428749687190645,0.5815396555150749,0.8119754611367997
Ptuh,OG_09225,126.70287194065456,-0.5667442400570679,-0.3040579414433303,0.034668949275740546,0.23163147674120083
Ptuh,OG_09226,872.0232171977151,0.0985538103797411,0.044307472398481686,0.6716581081147321,0.8630742846814615
Ptuh,OG_09228,131.25236627949113,0.5320186046843277,0.2247422134494857,0.06689834551157771,0.31473725766444205
Ptuh,OG_09229,500.9689373170598,-0.4502147005942754,-0.13275749423291333,0.1847030769178099,0.4938597384087033
Ptuh,OG_09230,788.8637553243848,-0.4024986768279489,-0.10494739806938941,0.25343152729364016,0.5700048975082257
Ptuh,OG_09231,94.97711193515524,0.7762352874687606,0.438025327555815,0.01604804088948959,0.16223805146850664
Ptuh,OG_09232,164.71573490587963,0.9954589714031328,0.6402424251596882,0.0049100758849715915,0.09369969531500844
Ptuh,OG_09233,43.55393209916492,0.514602501775733,0.05056743742381576,0.38468329648354355,0.6772350612944131
Ptuh,OG_09234,572.8806761697672,-0.07567109598652831,-0.03461749181973453,0.7168305372722646,0.8853003086847108
Ptuh,OG_09238,126.009912478672,-0.11506226471605953,-0.06189764862302738,0.5532666470007368,0.7978797568320762
Ptuh,OG_09235,3918.9917394198346,-0.46881694995895484,-0.08943047948511726,0.2508364877565468,0.5689799304472741
Ptuh,OG_09236,781.0021588554266,-0.3168028244110148,-0.19104764856472983,0.10666062136362452,0.38648719954594024
Ptuh,OG_09237,518.3052289547185,-0.13508050118008916,-0.08125770521718693,0.43159664226123295,0.713134559061946
Ptuh,OG_09240,135.27010832966658,-0.23001592036398374,-0.061474685253005326,0.4929244127013599,0.7620451688803838
Ptuh,OG_09241,12.585088853124853,-0.33903914543848085,-0.025548945953545284,0.6169839330926948,NA
Ptuh,OG_09242,549.4962879634085,-0.2892040301326575,-0.1645522565907785,0.1525255178715327,0.4563941852590048
Ptuh,OG_09243,372.166712270052,0.05949805719070975,0.017881583624680703,0.8495891426625183,0.9398410059890303
Ptuh,OG_09244,31.03463595835653,-0.44157595615544654,-0.15138044743834395,0.16194857238987062,0.46666687367993936
Ptuh,OG_09245,48.72052622145275,-0.4769186890339603,-0.11143056143678705,0.21275478508193704,0.5295174779940824
Ptuh,OG_09246,43.64906198441624,-0.9023754854286418,-0.43166185376852534,0.014748851045799774,0.1581404584355198
Ptuh,OG_09247,22279.675676501713,0.002777279102559697,0.0013809131079837401,0.991247455617103,0.9957030273362241
Ptuh,OG_09248,916.5445611338722,0.10513884024184314,0.07196010469942146,0.4599274693395245,0.7347379413507745
Ptuh,OG_09253,65.33119960179904,0.1952497333107877,0.028660380852508823,0.6791839468809457,0.8678227189823344
Ptuh,OG_09249,159.88986350112796,0.06690563332913697,0.023770417954110286,0.8367422273304851,0.935072377219434
Ptuh,OG_09250,632.0020154945432,-0.227115835089189,-0.03738394038651567,0.5939848582049291,0.8188505545253665
Ptuh,OG_09251,80.99504118015516,-0.5935351392410283,-0.1446821558120216,0.12619844735259744,0.41951738283057954
Ptuh,OG_09252,182.16384099829006,0.7414943969713818,0.3917794494180868,0.01949810555256909,0.1752147220660494
Ptuh,OG_09254,184.6945864637587,0.34100757169546747,0.09487189268971606,0.3141969134244411,0.6228917988507147
Ptuh,OG_09255,324.4593037623487,-0.3817770172065459,-0.1971073193710602,0.1079435042005501,0.3889634461577853
Ptuh,OG_09256,1444.7911133426303,-0.2863230000115724,-0.1160176095805794,0.2719364875156482,0.5844810559308744
Ptuh,OG_09257,6998.106278325578,0.355002957379849,0.1352839501604988,0.20405946387464513,0.5186689515784155
Ptuh,OG_09258,417.6066691413906,0.3572786956308006,0.10555826401262013,0.2645261373081426,0.5783614721989565
Ptuh,OG_09259,2380.3071101477253,0.4861090100578313,0.40039428247865244,0.0021537789762164227,0.06407068960180859
Ptuh,OG_09263,83.71011667486815,-0.26182767184639044,-0.0974694898345482,0.3451961330242528,0.6518150868398398
Ptuh,OG_09264,20.48273724777251,-1.7914722120241142,-0.16190924903722492,0.007013792580987818,NA
Ptuh,OG_09265,136.9516761763986,-0.32530858646745925,-0.13688758002975998,0.2155461013241892,0.5332014736889799
Ptuh,OG_09266,153.30727674666974,0.3310184545268418,0.11891787174210122,0.24307597305040288,0.5641260242738386
Ptuh,OG_09268,22.679350991234294,-0.0432952894842686,-0.004260624461471609,0.9380586212607135,NA
Ptuh,OG_09267,92.047784488581,-0.18044100255271323,-0.019040444956377623,0.7480989150105968,0.900211420238544
Ptuh,OG_09269,4575.140718453443,-0.33182015827642447,-0.10275209986018241,0.28725125346857605,0.5987573992280677
Ptuh,OG_09272,79.3513466410304,0.29241196980971756,0.06663312978554839,0.4324269810130496,0.7133446684167942
Ptuh,OG_09270,148.23799519348032,-0.13682429035970536,-0.025642947358536495,0.7301955680947407,0.8929206012280025
Ptuh,OG_09271,231.53101478907485,-0.783693245638025,-0.5547353320957614,0.004792578064190658,0.0934494630394692
Ptuh,OG_09273,74.49341520458317,-0.032048859113163644,-0.008906902578739238,0.9185366395842887,0.966090307573666
Ptuh,OG_09274,13.104097302634264,0.30664568746955845,0.03206375487549252,0.5777738277309334,NA
Ptuh,OG_09276,127.46170557394645,-0.10696992702139432,-0.014038753711187154,0.8271297870320762,0.9320880613960647
Ptuh,OG_09275,73.03636777971084,-0.315327502424573,-0.08164878143622674,0.3675402020140043,0.6677688051995987
Ptuh,OG_09277,209.90939225985966,0.22715280347801653,0.11705215401004782,0.27606224022992726,0.5883818286928627
Ptuh,OG_09278,2023.0801773354704,-0.048973661614085034,-0.018701413399741514,0.8446229430608091,0.9383226102135519
Ptuh,OG_09279,34.86983738597514,-0.9976806384596159,-0.6145075917100908,0.00781288481190794,0.11826562891750841
Ptuh,OG_09280,354.30920412990133,0.00888548257137128,0.006262253073692393,0.9727975548098565,0.9873308038060598
Ptuh,OG_09281,422.30278291747163,0.2924880991515969,0.17285969020843872,0.1356171178154498,0.43344394598750463
Ptuh,OG_09282,665.4874022206578,0.15296730860175892,0.05830760337051239,0.5564423074809985,0.7990546963428063
Ptuh,OG_09287,62.909630566694325,-0.3447738861344318,-0.07068309976777136,0.3786919752532938,0.6737591145717516
Ptuh,OG_09288,49.401760417163736,-0.5565098267215463,-0.06451520790149809,0.29025659566418216,0.6011851244829841
Ptuh,OG_09289,57.22923181565624,1.3988627879528244,0.19695882105589063,0.011232652458709505,0.13926107877938623
Ptuh,OG_09283,350.63087268463795,-0.7509479708674376,-0.6481570813880322,9.921958689639625e-5,0.018535291670870778
Ptuh,OG_09284,393.57152135265807,-0.08619269764121087,-0.04084715438566108,0.6860305613075013,0.8719761524611737
Ptuh,OG_09285,269.6779586442463,-0.24980272207365495,-0.12152525741602246,0.2584010538527324,0.5728148764315621
Ptuh,OG_09286,7577.039186128845,0.17980784394533386,0.07569760308209016,0.4584653150551291,0.7334754060753874
Ptuh,OG_09291,10.781049328914767,-0.8905443964583383,-0.09888630499864216,0.12897970003786924,NA
Ptuh,OG_09290,163.63965968700975,0.04374651008392774,0.020869963867799154,0.8325528835383198,0.934065856034683
Ptuh,OG_09292,90.96032068548983,-0.16316083318861888,-0.0755102528133636,0.46816564901173274,0.7402090283760259
Ptuh,OG_09293,1098.6021887008262,-0.2941353889023206,-0.11826428219582882,0.261368850226922,0.5753138751495831
Ptuh,OG_09301,720.3483745117401,0.16806847836391123,0.09670756495213095,0.3751790041799611,0.6715893978702001
Ptuh,OG_09302,27.140948493683183,-0.44921448237381817,-0.037222927988409156,0.48304130537491585,NA
Ptuh,OG_09294,382.941721728532,0.13948168864268445,0.05604871060616552,0.5770777997270673,0.8099923441639509
Ptuh,OG_09295,6119.250091731052,0.20962481768659277,0.003891120618124927,0.8879067790948367,0.9537311286654415
Ptuh,OG_09296,408.83936900022866,0.8623804976279851,0.690823316120019,0.001007287693645303,0.0467275971603776
Ptuh,OG_09297,627.0062728485827,-0.14026677870516438,-0.06251491540818324,0.5209785264033511,0.7801357161377637
Ptuh,OG_09298,268.01746324514875,0.4330884873234155,0.20616628870000375,0.0934103958552713,0.3638720557811761
Ptuh,OG_09299,5036.706172496961,0.554743122092323,0.28657116019228,0.041234546392933884,0.2526434112328965
Ptuh,OG_09300,136.98442355769566,-0.6426720311185318,-0.5289776789237193,0.001258577036084828,0.04929221701777006
Ptuh,OG_09303,668.5479221262949,0.4205531810390054,0.1824954682528396,0.12187429687254446,0.4126620929193172
Ptuh,OG_09304,484.0533629331902,-0.36568338682653245,-0.2208174665078209,0.07555070156636541,0.33056931799572037
Ptuh,OG_09305,452.92105478855683,-0.02440008001173305,-0.013005314369770855,0.9007256400195678,0.9587704462584848
Ptuh,OG_09306,75.65744499079267,-0.253993398889079,-0.04259327198126404,0.5620254142306566,0.8014943739619398
Ptuh,OG_09310,856.7914931739756,-0.20541510826966292,-0.06045036866501359,0.5148087380208819,0.7772010316930362
Ptuh,OG_09307,650.9507982542873,0.6685464891337626,0.4223877231104157,0.014274679325273784,0.15621208354410435
Ptuh,OG_09308,956.3498195258292,-0.14086535941298747,-0.06119929001165699,0.5454919986726605,0.7940982009663489
Ptuh,OG_09309,98.248066215908,0.5129607345183321,0.1964364997575736,0.09621626225518931,0.3685469098200576
Ptuh,OG_09311,455.33475357348715,-0.022861736342684555,-0.006295476035839485,0.9387571665798946,0.9731354807857013
Ptuh,OG_09312,506.2430946391047,0.0927574031512735,0.05612417403369597,0.5946782887585735,0.8191188649797112
Ptuh,OG_09313,55.795987973791995,-0.7059731083120073,-0.11818914028590012,0.13523528583882863,0.43310270843565063
Ptuh,OG_09314,29.65116621611539,0.2211726041790863,0.04196023866066391,0.5841913274802065,0.8138218011620387
Ptuh,OG_09315,131.55430098853302,-0.6215152209708371,-0.18823368834265963,0.08330763103215795,0.34667798681494966
Ptuh,OG_09316,115.24261757292065,0.026483014441361537,0.012000420579963885,0.9114543864618123,0.9636542143717269
Ptuh,OG_09318,355.9483742305593,0.0043388052652734545,0.0030796400297142044,0.9828813123222695,0.9920637449616757
Ptuh,OG_09319,92.3090584050404,-0.3201525222174937,-0.09010983878096634,0.33487604473659616,0.6431070962501743
Ptuh,OG_09322,199.48286678214305,-0.122728805835926,-0.04081522227087526,0.6688632333145448,0.8607344411739831
Ptuh,OG_09321,152.8587140849914,0.5012923033006306,0.3585094590044719,0.01429398575638518,0.15622204252667046
Ptuh,OG_09323,257.4757948598305,0.3007231447704899,0.08290166033995951,0.39705352551764544,0.6860180139767742
Ptuh,OG_09324,1301.2723715591787,-0.5430095192770199,-0.15366719064718895,0.12443171813734512,0.41716310715449456
Ptuh,OG_09325,159.37078604825982,-0.14969144949625723,-0.06295102798116926,0.5361938758634155,0.7884970311552157
Ptuh,OG_09326,829.0431980865217,0.08207366307196423,0.0501874373307717,0.6122792972115214,0.8295270886918059
Ptuh,OG_09327,1119.7068305431092,-0.01930831951106622,-0.010909294702926887,0.9161111618416405,0.9655341917502056
Ptuh,OG_09328,1005.0226132371457,0.42200619602397305,0.3162284518625528,0.015038772517860762,0.1583216625260982
Ptuh,OG_09329,134.82015131048934,-0.3456491306280243,-0.0966893728205834,0.2988834500747501,0.6086614527661338
Ptuh,OG_09330,23.380033411439662,-1.4501008560409403,-0.33369787320147565,0.007766988551851644,NA
Ptuh,OG_09331,345.99445118457186,0.07145029031103003,0.02890262432337122,0.7710426048760324,0.9102869179212104
Ptuh,OG_09332,298.2070552210748,-0.2974611450755912,-0.20491172987672251,0.07727670238838172,0.3332238987456456
Ptuh,OG_09333,33.80002067205979,-0.6237987160861849,-0.11809613837620749,0.152490444796026,0.4563941852590048
Ptuh,OG_09334,778.5942138555047,0.4447171216212079,0.31127502178487343,0.01905431109299825,0.17425109258901378
Ptuh,OG_09335,468.9468265374805,0.21726557082477824,0.06941234690213285,0.45880064626633,0.7337354214865677
Ptuh,OG_09336,915.1467911794775,-0.9380368967275629,-0.2591431120069064,0.0242705640949123,0.1946228803531589
Ptuh,OG_09337,374.1864673859806,-0.23076521493705343,-0.10845069787536428,0.2989872120886706,0.6087267813610623
Ptuh,OG_09344,1055.0563813353017,-0.34995463636854607,-0.1621714468411288,0.15492017582264184,0.4587774838370134
Ptuh,OG_09338,299.96353368813703,0.13519723114853083,0.04377566792578446,0.6529614086997889,0.8510886303745995
Ptuh,OG_09339,280.5253123676903,-0.09029947058595533,-0.03987889216388315,0.7097661646453495,0.8828671847324312
Ptuh,OG_09341,349.05903150345375,-0.28186605334936354,-0.12939028303549135,0.2386396275959481,0.5597176373691012
Ptuh,OG_09342,691.6563993243218,-0.23888238194896544,-0.14420929413398514,0.18357961165802658,0.49308993542109414
Ptuh,OG_09343,13.357228503968107,0.17183737727843432,0.01272238325247594,0.7915083953796467,NA
Ptuh,OG_09345,376.5166353984591,-0.35666676667536057,-0.20705019151428447,0.08861831916108731,0.35828547565665864
Ptuh,OG_09346,652.3414940767151,-0.22512773575415823,-0.055863162733504425,0.5221142106434401,0.7808352070679397
Ptuh,OG_09348,134.26056673510897,0.1461323084084952,0.051043733383058384,0.598516674371897,0.8215778545270952
Ptuh,OG_09347,1152.2092381076345,-0.5358361795531846,-0.3520139945899153,0.018707858890736735,0.17324660599796768
Ptuh,OG_09349,796.8736126665893,0.13530121598834247,0.043341165420446935,0.6251207228862753,0.8359032039229721
Ptuh,OG_09350,339.9811400937553,0.12782409232072467,0.05743560205565009,0.5773260882040687,0.8099923441639509
Ptuh,OG_09351,91.15731550245829,0.29903311953708717,0.10716321028551765,0.28991806962448213,0.6007334344294227
Ptuh,OG_09352,194.70964881173904,-0.12841150434403215,-0.04644758049701552,0.6310898092028183,0.8388190107607346
Ptuh,OG_09353,711.4284013443719,-0.14938091543207338,-0.10799918002321796,0.2523652460818564,0.5699251534181963
Ptuh,OG_09354,31.94113785203245,-0.03715333463117277,-0.005480537775079394,0.9321965039395482,0.971152310140073
Ptuh,OG_09355,62.86616407029236,-0.6306798904792142,-0.26748670134652613,0.046328196280751195,0.26350907087484204
Ptuh,OG_09356,579.5558276930158,-0.4313160897059711,-0.12874317107823866,0.1958141294073517,0.5096088222271623
Ptuh,OG_09357,99.02787581363087,-0.33965772626703955,-0.11842956550639674,0.25337550911604867,0.5700048975082257
Ptuh,OG_09358,5181.027179999973,0.490616981945584,0.3633552222416543,0.012584743229332836,0.14720336019765076
Ptuh,OG_09359,58.44049930917327,0.004104448548556581,0.0022602325843136856,0.9910500585094644,0.9957030273362241
Ptuh,OG_09361,365.2466531368,-0.4737462565891604,-0.257227525134335,0.055341848968995244,0.28769949689649005
Ptuh,OG_09363,353.68506983180777,-0.6277128108052883,-0.22375420706910878,0.06144570324650675,0.30179115787700134
Ptuh,OG_09364,566.4865180316649,-0.12476337112200837,-0.0783406643207836,0.40812666776173073,0.697343259714287
Ptuh,OG_09362,929.265943797867,-0.1741985542755385,-0.09003978496232723,0.3921229210421457,0.6819538244371594
Ptuh,OG_09365,706.2980782840721,0.17280573191947945,0.05220417629395256,0.567480046292475,0.8050087924556538
Ptuh,OG_09366,693.6002920644855,0.16254206065200233,0.09550416267900932,0.35902512445556983,0.6620205838470787
Ptuh,OG_09367,300.54166834815237,0.33481750999732096,0.11198121561049947,0.2656364404237028,0.579595234346887
Ptuh,OG_09368,133.91827990942826,-0.30345537852864074,-0.13514102880716805,0.2220276493770371,0.5414873057179204
Ptuh,OG_09369,276.9270953927718,-0.38113950033108807,-0.1036847658194036,0.2611415666702434,0.5752202141583029
Ptuh,OG_09372,2074.4946576197917,-0.18457656134587347,-0.05919951585881478,0.5311069141649081,0.785691458137158
Ptuh,OG_09373,271.8115526524183,-0.011419923018788426,-0.004278239119722162,0.9599379959122505,0.9819111445657414
Ptuh,OG_09374,181.46197227642966,0.03740668640964763,0.010508803999618743,0.877575053165135,0.951426609124721
Ptuh,OG_09375,775.3355755283734,-0.35869243428533526,-0.2064692628640973,0.09098086799485855,0.3606839562784731
Ptuh,OG_09371,25.932626413819424,0.20033847972924737,0.02378929953958018,0.70288470614849,NA
Ptuh,OG_09377,315.38053519993133,0.10742002163217845,0.035652198296450666,0.7102121912113126,0.8831632636940207
Ptuh,OG_09378,92.68996035303043,-0.14630250908262088,-0.025864186359128346,0.7249680613406226,0.8899242169009192
Ptuh,OG_09379,1858.3362972268794,-0.22555519524725245,-0.11310914320037097,0.29095355191238714,0.6017424302509461
Ptuh,OG_09380,141.68708650701333,0.9560592190950079,0.5805128837539644,0.007077422994218896,0.11192081204265711
Ptuh,OG_09381,26.000906556683315,0.07177151428134268,0.021817511242023222,0.8169023941773854,NA
Ptuh,OG_09383,86.4131745074313,-0.02550249680580114,-0.004446062218421798,0.9505746827947468,0.9782861772126027
Ptuh,OG_09384,920.7817586708502,0.4408705732199949,0.139403665198036,0.16573357137352307,0.4709596432645609
Ptuh,OG_09387,487.35650140670083,0.34043679772614766,0.1105849225023032,0.2654669419799554,0.5793742665879674
Ptuh,OG_09385,219.63226451738834,0.11510650893674314,0.03001196457232139,0.7292361617488066,0.8924506017941882
Ptuh,OG_09386,102.86908476676305,0.32485706246728246,0.06378830003018264,0.4340596991022845,0.7136563339354501
Ptuh,OG_09388,72.48727107026352,0.2048127887150185,0.05432771169574417,0.5452055996556433,0.7940982009663489
Ptuh,OG_09393,361.58777197580946,0.33250744795006865,0.24845666681847994,0.03377243244594474,0.2283403633208302
Ptuh,OG_09389,500.79319293286227,-0.22275016444911372,-0.12530051571426876,0.2482447449009242,0.566688263938951
Ptuh,OG_09390,10618.132097391192,0.536645613927963,0.21716011995847187,0.07525983412747515,0.3301991144746717
Ptuh,OG_09391,468.77014173832515,0.09714826224578191,0.01931847179637676,0.7977833424537721,0.9195801492526875
Ptuh,OG_09392,606.9363234986578,-0.5968482909272599,-0.34717661262600213,0.025404966974010488,0.199235896517191
Ptuh,OG_09394,650.7120875527543,-0.16713047017313426,-0.09906046250266708,0.34358988416422054,0.6512592176026738
Ptuh,OG_09395,459.9770240806394,0.2867374820016832,0.1825560139048317,0.11239420317289799,0.3962023965729555
Ptuh,OG_09396,624.714411990807,-0.05289353656642332,-0.01961457384316183,0.8484743245385356,0.9391611006232069
Ptuh,OG_09397,799.8002269137266,0.2353664025066255,0.07058934933610413,0.4495902046817457,0.7270843683407703
Ptuh,OG_09398,1817.3749481869845,0.4036423365709539,0.33031595140207815,0.008143631862742761,0.12097479755517211
Ptuh,OG_09399,246.1063410621288,-0.46475584879429616,-0.16624065767985102,0.13619553422131148,0.4344750099952581
Ptuh,OG_09400,4072.803517263484,0.04603131631298797,0.026045661624079612,0.8285898528701837,0.9324552860198291
Ptuh,OG_09401,713.9248281372421,-0.09760206566551101,-0.07187157488541779,0.44467127314142785,0.7225695467885582
Ptuh,OG_09402,417.1215459110012,0.002365936728657516,5.754937497897482e-4,0.9911441774893798,0.9957030273362241
Ptuh,OG_09403,1019.9825667103881,0.7698063676221829,0.6728710984365014,8.407869420690961e-5,0.01834782321003979
Ptuh,OG_09404,388.75838550819077,0.07066204359677031,0.04040338924065085,0.688222238513766,0.8732661002746624
Ptuh,OG_09405,218.83874253719134,0.1587395214191212,0.04861197995923874,0.5845279234509443,0.8138218011620387
Ptuh,OG_09406,93.25436349867589,0.07058798479642835,0.017480946343166867,0.8422919967738614,0.9373463143899939
Ptuh,OG_09407,103.00692225748801,-0.09223534179678305,-0.03672587995236806,0.7084760570566278,0.8816498646724623
Ptuh,OG_09408,244.37127200745786,0.02746792983954944,0.008388028279705008,0.9144334523527369,0.9648665723614086
Ptuh,OG_09409,247.77973463052993,-0.03116506225416135,-0.01074188604941359,0.9040558273782191,0.9607360888619493
Ptuh,OG_09410,146.7807589804431,0.009027786605310673,0.007762788063825886,0.9697496077902116,0.985545832399483
Ptuh,OG_09411,65.35530727762213,0.19717069250146324,0.053673765771581096,0.5556157851020185,0.7986271575975527
Ptuh,OG_09412,2267.0577798029376,-0.10915383904551329,-0.02671108695084897,0.7390816072268751,0.8959860839867438
Ptuh,OG_09413,128.48239239281193,-0.056703065458586666,-0.024118735127563854,0.8065715077109803,0.9234496901861547
Ptuh,OG_09414,604.5197515671791,-0.16387996821526551,-0.08819751877759882,0.41960913121095833,0.704653388904879
Ptuh,OG_09415,166.20066951391993,-0.3362397983744179,-0.16395579451820996,0.15599855949964572,0.45934111209118983
Ptuh,OG_09416,230.7746913425043,-0.4404183322285775,-0.15773072548710135,0.14611690684897533,0.44762798447384505
Ptuh,OG_09417,88.4637565741975,0.17289074775529858,0.052826356133113386,0.5725618012191493,0.8074053164983421
Ptuh,OG_09418,37.99850065710486,0.8269937635462317,0.5195332394508083,0.009264536773915142,0.1296530567113552
Ptuh,OG_09419,1244.8941756604816,0.16455836415711333,0.09450792524580658,0.37051696895469527,0.6689709518508595
Ptuh,OG_09420,102.55023980592748,0.49608381148813685,0.1621972371013104,0.12986168831996722,0.42644449234847703
Ptuh,OG_09421,172.1921752575159,-0.5830197719705151,-0.40212267176224414,0.013006734467487383,0.14983416497785682
Ptuh,OG_09422,27.935030832540505,0.24579700243245212,0.03579153432959691,0.6075742166671627,NA
Ptuh,OG_09423,1065.0827983079266,-0.06613529547992675,-0.03295910098820593,0.7415029730388897,0.8975844381498362
Ptuh,OG_09424,599.2027942477531,-0.23474506222274527,-0.0939359501387632,0.3466589118590182,0.6533041197884749
Ptuh,OG_09425,216.7656109568171,0.16380405393833095,0.07429824143101434,0.4751855800181108,0.7461678893331726
Ptuh,OG_09427,113.33865847913454,-0.08375678198567832,-0.032366988451371134,0.7439384192153249,0.8981411794109382
Ptuh,OG_09426,2392.0690390653235,0.3041066129078895,0.1219569854373752,0.24735778319114574,0.5663419506225963
Ptuh,OG_09428,407.133720191535,0.20872831675739897,0.1331590369546585,0.22026643619534764,0.5398275833105028
Ptuh,OG_09429,347.8688431086823,0.5401679496896945,0.3506307985826702,0.0196765877561593,0.17561884563965882
Ptuh,OG_09430,448.96266418282005,-0.5185645127957855,-0.3002179639329424,0.0370226275541378,0.23999706350361694
Ptuh,OG_09431,608.9709858546572,0.3535892030136177,0.07655359083724357,0.33809658194483677,0.6457751178307589
Ptuh,OG_09432,25.978278600444046,-0.03769237914681542,-0.004112665988526348,0.9426180558761298,NA
Ptuh,OG_09433,333.6691451987029,-0.421527932232573,-0.3238608874977245,0.014064411877037601,0.15571706083416337
Ptuh,OG_09434,67.146135420946507,-0.19257693927243716,-0.04206574807750861,0.6011938831020764,0.8226348077679397
Ptuh,OG_09436,2079.8438047566074,0.32621410897942826,0.09238668191940325,0.30993212676181314,0.6191351730090137
Ptuh,OG_09437,254.38730066925848,-0.4796320685162766,-0.19831970582007294,0.09573331885378016,0.36785852656393714
Ptuh,OG_09438,5002.802402647996,-0.09641619639059902,-0.037387381171998905,0.7022122371472099,0.8792694865951423
Ptuh,OG_09439,71.65972234014738,-0.11874720769941183,-0.02792147548578057,0.7386825005182169,0.8959860839867438
Ptuh,OG_09440,7279.708678743062,0.27940306570880685,0.038654860480228856,0.5569006616970251,0.79937132507554
Ptuh,OG_09441,127.90017968088362,0.6072736590387168,0.3509249766805991,0.023410572414054864,0.1904239281035957
Ptuh,OG_09451,28.820982626755974,0.39319571020149474,0.08046341061377589,0.33118621635302176,NA
Ptuh,OG_09452,153.9423777361018,-0.25665670576486777,-0.06276956009979906,0.47134498994462465,0.7431168980232864
Ptuh,OG_09443,31338.413211984316,0.5495663313211994,0.2684922777794782,0.048531438196099314,0.26888840340715353
Ptuh,OG_09444,294.1959564982741,0.19057558870738456,0.15212889482109918,0.1670113128224176,0.47306873531953647
Ptuh,OG_09445,156.97142348165178,-0.05009656400416901,-0.012865655306071016,0.875458010238424,0.9504461036748525
Ptuh,OG_09446,151.3001313822939,-5.725147382551991e-4,7.86726271451894e-4,0.9980836701956356,0.9991425824945583
Ptuh,OG_09447,13.079666885957014,-0.0702923998842098,-0.006516523169519252,0.8999711399947282,NA
Ptuh,OG_09448,79.02729027141189,-0.08917634506994704,-0.034167461837513284,0.7200975909265659,0.8867559080841643
Ptuh,OG_09449,12.99287311949468,-0.8456890540022403,-0.07294707478644806,0.18681570519195584,NA
Ptuh,OG_09450,45.684342515305254,0.6270336099845157,0.20118481211602013,0.07699832312094468,0.332795066107598
Ptuh,OG_09456,185.39358447144272,0.19492949257633788,0.051618964745306785,0.5668975922726909,0.8048165013076339
Ptuh,OG_09457,38.97613865162405,-0.18055028240962395,-0.030161895091048427,0.6790314577999028,0.8678227189823344
Ptuh,OG_09458,242.21794917586143,0.0821138745657967,0.032746508430142394,0.7519334168332817,0.9011316082060723
Ptuh,OG_09455,3060.7971904376764,-0.4318416388157146,-0.20786937038529457,0.09103429886437302,0.3606839562784731
Ptuh,OG_09460,384.9515341573505,0.9940386235958237,0.8256078959433306,2.382035748938471e-4,0.02438834485124303
Ptuh,OG_09461,524.3200888083936,-0.1725359649894355,-0.05370724659322552,0.5656791295282418,0.8041090003270556
Ptuh,OG_09462,837.5345863416447,-0.5679354301696229,-0.255501460429046,0.05521441922591126,0.28769949689649005
Ptuh,OG_09465,927.0525632393128,-0.507405531284669,-0.18389468504455,0.10190943681073966,0.37851973918426507
Ptuh,OG_09463,1340.8788052482544,-0.34291050553149,-0.22310751271443416,0.062458905257583054,0.3051381801389726
Ptuh,OG_09464,45.45089272650614,0.18931004505400284,0.04015060832142777,0.6194453260764028,0.8330032969235203
Ptuh,OG_09466,149.08021112651085,-0.6913439898932482,-0.07777432717076413,0.1811322389088785,0.4903331121498872
Ptuh,OG_09469,692.6401848241073,0.25949202794350407,0.15483159040062808,0.17884006346529438,0.4881431950479917
Ptuh,OG_09470,309.5925106561007,-0.6629802197825675,-0.5367690986190603,0.0013936307396063305,0.051317141461793274
Ptuh,OG_09471,833.3504195837031,-0.10093413499143551,-0.05233997013719753,0.6151157697634644,0.8308514580612915
Ptuh,OG_09475,119.08279253123939,-0.2867053938213353,-0.0443135703637613,0.5306512122289053,0.785691458137158
Ptuh,OG_09472,3205.941090974538,-0.7840673092213699,-0.12233242695652842,0.0895432876223085,0.35941922018095956
Ptuh,OG_09473,119.56645430683842,0.08341092416710025,0.022199936187914784,0.8084174978171992,0.9238594034974917
Ptuh,OG_09474,124.32150839968519,0.03075706231727949,0.014727638180706496,0.8937015099270927,0.9572796698159526
Ptuh,OG_09477,389.6249825151984,-0.2899190523078501,-0.16293803803516296,0.15612274563919096,0.4594441881362851
Ptuh,OG_09478,241.4465395390488,0.2360399426783457,0.09719977052037623,0.3540635346632229,0.6593178985656212
Ptuh,OG_09479,280.94791991095474,0.22500170066153047,0.14056223217481434,0.18510281371716486,0.4944614954659214
Ptuh,OG_09480,173.38269732484426,-0.4573988864421734,-0.3373750022792273,0.013029079719307458,0.14983416497785682
Ptuh,OG_09481,282.2644632487339,-0.23886007038412374,-0.08092252384846427,0.40548365886216736,0.6949277963789152
Ptuh,OG_09482,175.48618750240237,-0.18445490323509842,-0.06997186192383412,0.4851281111499004,0.7543666479277212
Ptuh,OG_09483,723.9494856188788,-0.31939134733238156,-0.22348366593084826,0.05418189965238093,0.28529995096056177
Ptuh,OG_09488,109.55309544085675,-0.002773342273011488,2.4068157472437678e-4,0.9884728617963359,0.9947595606649756
Ptuh,OG_09489,77.81843333116939,-0.11590780673134404,-0.02631876198162338,0.7536323239793091,0.9022617402816396
Ptuh,OG_09490,1170.4000723570502,0.5401386834586253,0.16080283261573391,0.11892977912165013,0.4064191888535424
Ptuh,OG_09491,281.5387629326445,0.12142533667031212,0.05854893629196668,0.5671944473080872,0.8049156494886827
Ptuh,OG_09492,578.454872546782,0.28783403235632193,0.14417772758864944,0.19818547044029552,0.5115152601013742
Ptuh,OG_09484,307.7211770553307,0.3632794847574659,0.23429645832750498,0.05989860898586176,0.2983337170134534
Ptuh,OG_09485,191.84257248577933,-0.24120248751395293,-0.06820790202850036,0.441769359237568,0.720888816034863
Ptuh,OG_09486,1109.1992943397736,-0.4731597277761468,-0.13314598331967617,0.16655770155830918,0.4724141622021248
Ptuh,OG_09487,1761.7457297586905,-0.21250428453498862,-0.08897637468179617,0.3911489598497929,0.6812334485256903
Ptuh,OG_09493,157.8484439880479,0.2758788238951761,0.06329308236483477,0.4513841046551737,0.7283802271655542
Ptuh,OG_09494,111.43636605074481,-0.15191253720026252,-0.0313945724020013,0.6991868838368622,0.8787031147064651
Ptuh,OG_09498,70.77891417384957,0.07433552745792972,0.026919755393020037,0.7829588849137925,0.9142083358061531
Ptuh,OG_09499,31.65984356990777,0.477960816719071,0.06577554764420838,0.33939381789711154,0.647010708823382
Ptuh,OG_09495,2818.570864697383,0.21290029442858677,0.07352739094193436,0.44616085852882537,0.7241586411748443
Ptuh,OG_09496,32.47562281010578,0.10413628249930562,0.015515227086823522,0.8474801157349663,0.9390306839987996
Ptuh,OG_09497,55.17517839198222,0.5539664771339678,0.084382083571382,0.23535798807727937,0.5558008995417844
Ptuh,OG_09500,975.054352870787,0.06691412030524561,0.048320702858470684,0.6215733990866239,0.8337389519891977
Ptuh,OG_09501,350.22668895831106,0.20759434893073783,0.06181623106062571,0.507228358903073,0.773211601562423
Ptuh,OG_09502,509.11909056891614,0.3057100038154419,0.15584827269359036,0.16947894377286818,0.47640357183687404
Ptuh,OG_09503,73.92083585501447,-0.6778530260320791,-0.1486290864370038,0.10319809350774801,0.38052896659478774
Ptuh,OG_09504,1498.2352601260618,0.24450022503440638,0.20988575819077912,0.0175473198779414,0.1693316368221345
Ptuh,OG_09505,435.60133145681,0.2913729511682142,0.2015387941134917,0.07830909895479625,0.3356894842625592
Ptuh,OG_09507,431.92572778711184,-0.0030974522116943935,-5.289563430570488e-4,0.9909813443958109,0.9957030273362241
Ptuh,OG_09506,2300.9245361298413,-0.030129063667479306,-0.020076774817972196,0.8320361336667731,0.9338245146298694
Ptuh,OG_09508,971.9981605049462,0.17918485625651026,0.06072771486898146,0.5174014116548822,0.7780720360852239
Ptuh,OG_09509,1195.6461921252196,-0.2994813042964759,-0.13786598938648623,0.22066591689772208,0.5400273678084887
Ptuh,OG_09510,810.2941995752337,-0.49809825602004804,-0.26614169372718655,0.050517514970640186,0.27517301932692523
Ptuh,OG_09511,434.0753749781751,-0.3165885618369627,-0.127237523155074,0.2288607161190837,0.54792568931945
Ptuh,OG_09512,583.1810879990229,0.09695251963940173,0.05934152912003233,0.5558036641005342,0.7987275843146604
Ptuh,OG_09513,468.7495639630969,-0.6960258830792584,-0.32371022680641154,0.029698399608452414,0.21379476593718907
Ptuh,OG_09514,381.5457938093629,-0.6132745288622773,-0.4111323640605417,0.012639156636203228,0.14763647614117995
Ptuh,OG_09515,338.75174244112196,0.6635853295630726,0.4592794508563289,0.008230025260395027,0.1215467382804775
Ptuh,OG_09516,104.78085798097545,0.09671918367486071,0.026108460645424734,0.7719782499377137,0.9112648454922248
Ptuh,OG_09517,107.439596090782,-0.1708971756494919,-0.0575961728058691,0.5460267079101373,0.7940982009663489
Ptuh,OG_09524,200.69391622431357,0.8597946537542739,0.3006066862838784,0.023464791587344068,0.1906823063729434
Ptuh,OG_09525,87.01527896029768,1.234940537083678,1.0311516866510904,1.8078564307085564e-4,0.022012604579892067
Ptuh,OG_09518,664.7814543965861,0.06779177691242122,0.028650379666279202,0.7758537806585889,0.9124204712486869
Ptuh,OG_09519,147.4070895607911,0.5947830033695544,0.2218758160946323,0.06442375453554355,0.30943807891167185
Ptuh,OG_09520,128.33719530709357,-0.4996041188529259,-0.1308087261365691,0.16309473635968905,0.4675896357753138
Ptuh,OG_09521,1028.4073368978973,0.4562581620742483,0.20961997954049894,0.09328270328908922,0.3638720557811761
Ptuh,OG_09522,121.19664749559902,-0.11993118204779225,-0.03171699084697953,0.7186181273267236,0.8864766323734073
Ptuh,OG_09526,849.2281378124608,0.34221697584777927,0.28161977587293485,0.010543891026693966,0.13732932913908766
Ptuh,OG_09527,1403.36730602497,-0.11029843856365451,-0.06852254845931792,0.47302749226180724,0.7445643354643262
Ptuh,OG_09528,96.6142393164577,-0.35574667377069547,-0.0662995727579559,0.3878747354787144,0.6795698176628987
Ptuh,OG_09531,105.4548746601785,-0.2737243350687691,-0.026456362760580474,0.6396829032807361,0.8440822177357543
Ptuh,OG_09530,3111.1476266604514,-0.13712424364349218,-0.05502111288430129,0.5659256268487229,0.8041907962238775
Ptuh,OG_09534,6.431918307067293,-0.06217051385922546,-0.0015034479396994942,0.9461635308500379,NA
Ptuh,OG_09535,83.73648420635455,0.13473266769986245,0.04155994054724518,0.6562971380844085,0.8536001284982544
Ptuh,OG_09541,49.52076184927519,0.06829725242494077,0.02422221205515733,0.8113406975230747,0.9239928181497563
Ptuh,OG_09543,878.2628263592661,-0.47428780274506505,-0.17753088322978197,0.1048062850786081,0.3837925713184735
Ptuh,OG_09544,422.7547305550676,-0.7329147494617785,-0.14259017600512322,0.08117105229879307,0.3419398764197273
Ptuh,OG_09545,718.4878943575046,-0.3323058670029932,-0.23818606352688299,0.04270327568663099,0.2549116487075917
Ptuh,OG_09536,645.7121094976361,0.0789376622030872,0.03344979021545858,0.733391519055469,0.8931382221649411
Ptuh,OG_09537,113.08719844433999,-0.6054787371842317,-0.2897977067681959,0.03941078055576244,0.24699361511404774
Ptuh,OG_09538,86.63150001695664,-0.8559224539174272,-0.5777015414891774,0.004902375730709617,0.09369969531500844
Ptuh,OG_09539,40.229061270345596,-0.19460120031078415,-0.030045487732652032,0.6701043722092483,0.8619215361295116
Ptuh,OG_09540,14355.22722132306,0.7824528233715623,0.12860652294913866,0.09670448054879544,0.3687519766293662
Ptuh,OG_09546,73.23276394947436,-0.11303445347385627,-0.02109972155552709,0.7818181151964188,0.9140396459522172
Ptuh,OG_09547,662.7093829565139,0.695580183869065,0.4244923646324542,0.014266480259772793,0.15621208354410435
Ptuh,OG_09548,305.5316086581371,0.04741504870061702,0.0315207240354426,0.788977286771496,0.9161624163291109
Ptuh,OG_09549,295.69153259039496,0.5943188628906052,0.15966758701102646,0.10231930432382895,0.37851973918426507
Ptuh,OG_09550,631.9157343477359,0.21358592644180432,0.07996916019119464,0.432577634269785,0.7133446684167942
Ptuh,OG_09551,132.45559405388894,-0.15576749667182588,-0.023456814514647508,0.7435862999694012,0.8979713963794305
Ptuh,OG_09567,13612.30469895477,0.7037863147136774,0.43058118146714924,0.013539734072124004,0.15269511519319662
Ptuh,OG_09557,34.79356670892904,0.2724592340863769,0.05557448340799384,0.49333757176806997,0.7625450781679013
Ptuh,OG_09553,277.0905480342702,-0.13809471860988018,-0.08160753367783115,0.44074182656395444,0.7200075691831399
Ptuh,OG_09555,129.32588223471683,0.03895560770620634,0.015114910308414494,0.8807405775226549,0.9523487241127865
Ptuh,OG_09556,71.62643093788611,0.22024706487080412,0.04133526984182775,0.5942922405048326,0.8190083911663484
Ptuh,OG_09558,98.91010242158028,-0.8273634683390543,-0.23552979862892057,0.03682133925903575,0.23960675324730393
Ptuh,OG_09559,108.69515858776732,0.4670876851316466,0.08203474971537364,0.28996777528570467,0.6007334344294227
Ptuh,OG_09560,324.5471830326768,-0.12026934683047498,-0.026075541832600614,0.7405258214776134,0.8969541115372833
Ptuh,OG_09561,47.30949856042403,0.4997731526804689,0.1319511154712284,0.16862541476428408,0.47542065809372525
Ptuh,OG_09562,252.20419545419534,-0.07438829450008592,-0.010037716813933464,0.8769036404449162,0.9510778788502814
Ptuh,OG_09563,567.9560461800647,-0.3609273397999195,-0.05584767254809956,0.4108870721721759,0.6989689537031486
Ptuh,OG_09564,48.41857159419123,0.657885540190001,0.26587842061481975,0.04553913003953298,0.26210565653089307
Ptuh,OG_09565,108.85651133004733,-0.2084265849400445,-0.0674636126306472,0.4696108250505007,0.7413594137084252
Ptuh,OG_09566,52.893648491921105,0.36561739905433394,0.030140872149183633,0.5564424708343803,0.7990546963428063
Ptuh,OG_09590,613.2123508341626,0.009530715790333929,0.0046739067506838755,0.9625955483908071,0.9830861571779596
Ptuh,OG_09591,1676.0752712007338,-0.5588571131306452,-0.3344455232752179,0.024047177088481936,0.1935626804126906
Ptuh,OG_09592,86.8570485732824,-0.02420075233166107,-0.006206171357866759,0.9373660014513204,0.9728857816817408
Ptuh,OG_09593,125.73361112423405,-0.4102694036885308,-0.09382254649486535,0.28628351597243007,0.5981415877139439
Ptuh,OG_09568,105.41539066741996,-0.069142871224786,-0.014720786623266773,0.8565149914378036,0.9424414480170723
Ptuh,OG_09569,238.42009311212888,-0.12848783096014627,-0.04537192376968491,0.6435456130662122,0.8457464278051992
Ptuh,OG_09570,151.43711049498344,-0.4622319584000153,-0.21454591861616076,0.08354031017208133,0.34681246693267875
Ptuh,OG_09571,467.03610585148283,-0.2939109007307988,-0.16294407028761165,0.16127132812994002,0.4652937897775344
Ptuh,OG_09572,594.8171438520458,-0.018853446157391367,-0.0076474637688457026,0.9332254442062976,0.971909550183944
Ptuh,OG_09573,11838.196951754277,0.14843336221467618,0.060265173153740505,0.5518246122836508,0.7974317579580918
Ptuh,OG_09574,80.00723425918821,-0.008827222069095133,-0.001088931523200186,0.9811922239175371,0.9914902824853143
Ptuh,OG_09575,63.24739591243911,-0.918656314945584,-0.2986122847767081,0.02269700367033795,0.18877860447454445
Ptuh,OG_09577,12.116184916115023,-0.6916728233202638,-0.02104573074025843,0.4589810039799767,NA
Ptuh,OG_09578,39.31360736776103,-0.3180405577267311,-0.007177510814609987,0.779983434505923,0.9136206376692536
Ptuh,OG_09579,24.36620325770407,-0.04702008917839828,-0.005740951202059031,0.9280780639765172,NA
Ptuh,OG_09580,183.34750222506887,-0.731212818848951,-0.17840480111018145,0.06819068148285874,0.31677646395327497
Ptuh,OG_09581,22.940367209661325,0.5412048658888968,0.08869186729566184,0.24915721571180383,NA
Ptuh,OG_09582,17.91061652316144,0.09159618763295616,0.007957957980269761,0.8848095818939716,NA
Ptuh,OG_09583,185.86358307311073,-0.2135927251747191,-0.10298206945147356,0.33297172748229836,0.6418928890347677
Ptuh,OG_09584,1038.3063040728682,0.8195235959356999,0.6710395997109765,4.6151852831967865e-4,0.03441006027315063
Ptuh,OG_09588,565.219298231052,-0.5400201399154309,-0.2582131507943133,0.05430843771211321,0.28556486257044295
Ptuh,OG_09589,186.3206535036124,0.32985121856432553,0.1264611329845161,0.2354877908736971,0.5559528273837742
Ptuh,OG_09621,1852.2081889761523,-0.47610284903301586,-0.09492194649775354,0.23804984455609787,0.5590601531292275
Ptuh,OG_09622,151.76723123359338,-0.4854880871889187,-0.12547727821259724,0.17706751659681855,0.48630207293355104
Ptuh,OG_09623,21.583163865520554,-0.3622625227689969,-0.04625179097567679,0.4783859109968039,NA
Ptuh,OG_09624,266.8195726367494,0.10198326968676368,0.02746140966855122,0.7600818325433745,0.9051451805607547
Ptuh,OG_09625,210.78065687203446,0.9925688156100735,0.1943778825853386,0.03122705788529906,0.21889313669302096
Ptuh,OG_09626,41.13661930535356,0.3776223116622761,0.07335022045193071,0.3688267866042525,0.6680066762395542
Ptuh,OG_09629,90.22562886203234,-0.46321450651183876,-0.19956526686545628,0.09873433996190666,0.3733090004258732
Ptuh,OG_09627,787.6124005087812,-0.6185747595478798,-0.10562546868405742,0.15588589361396105,0.4593279002670913
Ptuh,OG_09594,169.89840299926973,0.5435168966992956,0.17647615236747646,0.10708796247975322,0.38725838567928234
Ptuh,OG_09595,491.93648835095735,0.24460917883412545,0.09674523865228163,0.347329181233706,0.6534159076288505
Ptuh,OG_09596,45908.05649806635,-0.26816387235097955,-0.07807094294700787,0.4026585456827706,0.6926020599428981
Ptuh,OG_09597,4801.475010828701,-0.9324722526335377,-0.3985677399149189,0.01619206310758212,0.16296592950276526
Ptuh,OG_09598,6848.1557727836425,-0.35196773305730983,-0.07583339960812498,0.36051894479125124,0.6620205838470787
Ptuh,OG_09599,27.321439844591396,-0.806924653569173,-0.05156167521072776,0.2612848281848964,NA
Ptuh,OG_09600,820.4232320158134,-0.010941640149030854,-0.004238850788903548,0.9720174236636202,0.9868928696498641
Ptuh,OG_09601,604.1922408389585,-0.4063581017983704,-0.2529983413627396,0.05114574516285793,0.27607835918961504
Ptuh,OG_09602,196.89636464180265,-0.24348651101415655,-0.12997595340032342,0.23839096539100058,0.5594214042847411
Ptuh,OG_09603,89.42656426954645,0.6276753021487648,0.2254557646518085,0.060752561659615095,0.30049703306520686
Ptuh,OG_09604,269.8283765644909,0.21089460111353542,0.08831483599303934,0.39236647109156964,0.6820831264093365
Ptuh,OG_09605,226.50778656500063,-0.9948242440845818,-0.6526678883296243,0.004829902778045667,0.0934494630394692
Ptuh,OG_09606,98.77016331070378,-0.3088662446818425,-0.06918919793938216,0.41416661527636384,0.7006181069575461
Ptuh,OG_09607,405.48802952519264,-0.21297940755280964,-0.11882960437692534,0.26691140603209024,0.581268455265428
Ptuh,OG_09608,281.0864472826379,-0.4033226199679246,-0.15298090489150942,0.16468351011367197,0.4695638962444849
Ptuh,OG_09609,1491.9396669878172,-0.6762919781810975,-0.26544006420900285,0.04073113970964398,0.2509423156729589
Ptuh,OG_09610,2004.2335202222084,0.2475715320552065,0.14861600414499332,0.18080772568174877,0.490023470006092
Ptuh,OG_09611,260.3976441074211,0.5809453656823861,0.15523500501600168,0.1132346627647512,0.3976500287983735
Ptuh,OG_09612,122.74575237966842,-0.014173682800489348,-0.00345851566743711,0.9671469293313475,0.9846555237839351
Ptuh,OG_09613,508.05005427557103,0.440742374514411,0.28225950153464674,0.039590191013214204,0.2474796352537349
Ptuh,OG_09614,125.99947251793795,0.5939880062724934,0.15741943299608985,0.1117152014757749,0.3954503922185413
Ptuh,OG_09615,717.841931909469,-0.04208417490763756,-0.0275779163497658,0.7747732330904726,0.9120688821037474
Ptuh,OG_09616,220.19703788077007,-0.07617848574364386,-0.025172577165622836,0.7741261022540554,0.9120688821037474
Ptuh,OG_09617,465.27890539177736,-0.7130470978063103,-0.5114385886035601,0.005576272160811649,0.09938010661690845
Ptuh,OG_09618,65.8201374456062,-0.6652419977407746,-0.2600028892907159,0.049525537596162864,0.2726948792081143
Ptuh,OG_09619,722.1113579621318,-0.453555781978046,-0.28374220264056627,0.03994776094977087,0.24838414444226198
Ptuh,OG_09620,131.07665854560793,0.5270550338913266,0.2535563733036917,0.056378275126869444,0.2904583263754165
Ptuh,OG_09632,331.01272701705534,-0.0967072642186995,-0.05547191369587483,0.5878914288176438,0.8147998184081527
Ptuh,OG_09630,657.4139646488004,-0.5063391104852122,-0.19773049034340326,0.09222952562701978,0.3623623374255015
Ptuh,OG_09631,120.19283063946071,-0.2280522052489088,-0.09571901739913694,0.3589395819878498,0.6620205838470787
Ptuh,OG_09633,519.4724988478364,0.2386307622193221,0.09685452005852231,0.35735408263192203,0.6614611463188731
Ptuh,OG_09637,10.563880946980838,0.8399683503028371,0.039008736515006054,0.3086698303994744,NA
Ptuh,OG_09639,1568.405891045658,-0.05183625494970552,-0.02198569371140631,0.8188323994552832,0.9285744509233631
Ptuh,OG_09634,70.68078688489994,0.5779426029082668,0.12633498477817115,0.1552546987099596,0.4591593216588378
Ptuh,OG_09635,1279.3379037474713,-0.340272693160356,-0.25228804100525953,0.032931338510772484,0.22534482403987102
Ptuh,OG_09636,665.1116810011869,0.12935549355848752,0.0448787662286224,0.643739074848794,0.8457464278051992
Ptuh,OG_09654,75.35789571549354,0.25980431725405895,0.06466597191579161,0.4208294371644977,0.7060129018399554
Ptuh,OG_09655,78.09945438748638,0.2214531969633669,0.0472591118665523,0.5646674572088338,0.8037472421417058
Ptuh,OG_09640,1118.4456498927325,-0.30240227937780534,-0.1129029124901839,0.27705290035677566,0.5896574510851476
Ptuh,OG_09641,182.79107386153333,0.1403871242842196,0.05929186600176942,0.5620465140065181,0.8014943739619398
Ptuh,OG_09642,308.81622548297696,-0.17201735484283717,-0.04993845174959267,0.5730629545509747,0.8077096448210584
Ptuh,OG_09643,212.61327931883636,-0.3300599081655262,-0.13269396635352693,0.2108712369281706,0.5276130064802665
Ptuh,OG_09644,199.5471108800794,-0.8006584518716979,-0.24658182866775646,0.03439599833913998,0.23035553461827815
Ptuh,OG_09645,1258.2167952533912,-0.03186358728888297,-0.006301817860859456,0.9343044357101652,0.9720795476661017
Ptuh,OG_09646,1006.8652354628547,0.33295946272370747,0.13439120789809672,0.21295227417970594,0.5298120199769297
Ptuh,OG_09647,171.1936597863125,0.13659045897191907,0.02497555335512148,0.7417948655009918,0.8975844381498362
Ptuh,OG_09649,330.2537483572638,0.5846910951495555,0.3902897727579098,0.014617695846317853,0.15772995314730776
Ptuh,OG_09650,4932.990846964726,1.3607527301842912,1.0520425036623335,5.817385255323451e-4,0.038723539265010286
Ptuh,OG_09651,779.5038687708167,0.42146947105880794,0.2963853328799449,0.026145522153150736,0.20129444616913514
Ptuh,OG_09652,289.08742721847784,0.351109573328658,0.14208754698452725,0.19312763861533708,0.5069675137933362
Ptuh,OG_09653,335.68255494451074,0.33066008531391566,0.16356790732473397,0.15289003080794586,0.45684919276622643
Ptuh,OG_09656,1788.6892029230262,0.06055659231445984,0.025084335237284695,0.8027425732011516,0.9223962110487715
Ptuh,OG_09660,99.60803867197326,0.26836202910324536,0.09204294093256708,0.35733700181753225,0.6614611463188731
Ptuh,OG_09661,32.60895985228669,-0.1866451169300777,-0.03443123371841198,0.6561014730067853,0.8534947470547826
Ptuh,OG_09657,1104.1291132785082,0.07711636475313831,0.031649205149949636,0.786769299728483,0.9159520752980056
Ptuh,OG_09658,84.09844139237505,-0.37483719581299335,-0.08953107108089907,0.30469079779165914,0.6147122357010606
Ptuh,OG_09659,45.34118991534347,0.106812071162403,0.019785249538829045,0.8001102133633746,0.9206800513426313
Ptuh,OG_09665,816.0253036636352,0.10930722334027974,0.07176259868224959,0.4601080053414979,0.7347379413507745
Ptuh,OG_09662,309.20363340345693,0.14438025349157912,0.06333352204361117,0.5298867568775751,0.785691458137158
Ptuh,OG_09663,198.1683778317665,0.2490844962823521,0.09613218351265695,0.3492373881762266,0.6549743596273225
Ptuh,OG_09664,851.1172879918645,-0.38258524198346683,-0.25592252238892005,0.04205683366237155,0.2538661030247819
Ptuh,OG_09666,36.088693869653355,0.08078727573645342,0.008469662646085651,0.8827593702979787,0.9530947122311343
Ptuh,OG_09667,152.5136134939222,-0.18405039816251,-0.05345593160656395,0.5656074177631736,0.8041090003270556
Ptuh,OG_09668,431.0258377752901,0.39418168752400096,0.20745317004291786,0.08571860389894402,0.35165332575354236
Ptuh,OG_09670,9446.12319121089,0.030779239923128122,0.014158434281564132,0.8903554674324902,0.955566608165707
Ptuh,OG_09673,344.8355307345471,0.02736082821014809,0.009592568414548228,0.9177488987074632,0.9658492189099863
Ptuh,OG_09671,587.4779577393767,0.2930419019007307,0.1628487024415132,0.14541249420056368,0.44611376472224956
Ptuh,OG_09672,1686.2639515252115,0.2484892740328193,0.12629650773603637,0.25253599360644124,0.5699251534181963
Ptuh,OG_09675,299.05758041197146,-0.24868297498034056,-0.11818648219706981,0.2737330701245763,0.5870111198890549
Ptuh,OG_09676,202.68930357221745,-0.33917010347551463,-0.08721327378321767,0.3283604372220693,0.6380862317825658
Ptuh,OG_09677,76.56613840531507,-0.28053002365278423,-0.09222166455557916,0.34759535877574843,0.6537718243020278
Ptuh,OG_09681,168.5789599247745,-0.2618939775276401,-0.10670172442401636,0.31757433315513806,0.6255720800634267
Ptuh,OG_09678,175.43035499024757,0.49484891292402267,0.3620553016784093,0.011549975510519244,0.14051918629703355
Ptuh,OG_09679,47.79207569725351,0.014371295075230835,0.004157929529865723,0.9664378953341051,0.9845037304486808
Ptuh,OG_09680,96.39196261969437,-0.7258014714498158,-0.47779205673932706,0.00865219016140165,0.12474431044248355
Ptuh,OG_09682,402.5935443404504,-0.13348941433056682,-0.07403031755542504,0.4841347158713537,0.7538085821744656
Ptuh,OG_09686,34.34724883192677,0.5792010135951277,0.09252263894264404,0.2177373901955124,0.5365717209398012
Ptuh,OG_09687,46.37848956535357,0.19328365280667192,0.05365057581750288,0.5580344678432307,0.799802312392357
Ptuh,OG_09683,748.6260500763459,0.4955840649896375,0.17330043208627768,0.10908821745369658,0.39077322478818843
Ptuh,OG_09684,14.04500558171325,-0.7851386889766212,-0.04155682101268878,0.31371703864737827,NA
Ptuh,OG_09685,58.98783164449642,-0.5287122616400624,-0.15222582944560586,0.13502781812423376,0.4330390356542484
Ptuh,OG_09696,203.9659998464469,-0.06190976343782147,-0.0227243340738314,0.815259268088935,0.9263020744730046
Ptuh,OG_09697,191.63373043640678,0.2820251701542016,0.07775314579151466,0.39699514859987345,0.6860180139767742
Ptuh,OG_09698,277.66765281765083,-0.545544157789338,-0.3118835697384377,0.030724919816386476,0.2168877964096043
Ptuh,OG_09699,174.38646190400402,-0.314482973536804,-0.17459391380385067,0.12857967358386782,0.42418569265225137
Ptuh,OG_09701,490.80667932575597,-0.01367440747096328,-0.005223954384991419,0.9524162053521367,0.9788119586125317
Ptuh,OG_09688,13.452715437289735,0.14020212597502163,0.007774201455131145,0.8573939074994621,NA
Ptuh,OG_09689,120.20441847775382,-0.2670242904610166,-0.08099909012287543,0.3945539067998776,0.6839256535098103
Ptuh,OG_09690,175.4392494733084,0.7074592401900354,0.27491337465908633,0.038335940563532976,0.24344499119575094
Ptuh,OG_09691,236.57659614127564,0.08568896767029968,0.029349518140753914,0.7605286463900748,0.9051859209235783
Ptuh,OG_09692,253.90549790071086,0.10155670459755736,0.05963911410487271,0.5588937821950632,0.8002125263649936
Ptuh,OG_09693,223.6909497561851,-0.3486486911785872,-0.055983247728044104,0.42146243555367696,0.706346754040226
Ptuh,OG_09694,9226.715878821848,0.2596588679002277,0.08372558507280276,0.38741518706482964,0.6795698176628987
Ptuh,OG_09695,168.09160123294527,-0.8092511805972492,-0.3401957425346111,0.020866270488551032,0.17957324408527428
Ptuh,OG_09702,594.6991319475486,-0.20179505256480018,-0.06496375760091584,0.4996414738293131,0.767399467003827
Ptuh,OG_09703,1047.4894154314418,0.08375876461136733,0.039272499753301035,0.6779751773952725,0.8674297168357616
Ptuh,OG_09704,44.397315226470084,0.5144859757096977,0.07354151208707936,0.2843264323030932,0.5961728550908314
Ptuh,OG_09705,534.178798985045,0.07932288287277314,0.019430526887377002,0.8226169882451042,0.9298101243414647
Ptuh,OG_09706,1382.5478414946026,0.19439562640054708,0.04664762441516624,0.5704502068834224,0.8063171656451391
Ptuh,OG_09709,164.63599543489582,-0.17551304172158722,-0.10067453814874179,0.34292054297053354,0.6504537080423879
Ptuh,OG_09707,1479.0904004055665,0.25728769397736045,0.09355911843275722,0.34034683979270547,0.6481779240905259
Ptuh,OG_09708,711.2971409492104,-0.38082611561648694,-0.09947706374119325,0.2663562539003422,0.5804201457843741
Ptuh,OG_09712,532.6795380207076,-0.10834604363121861,-0.042293057859484354,0.6140822510354185,0.8304286971879469
Ptuh,OG_09710,238.9448271409116,0.4385617081682864,0.22290673250423354,0.07820305207559043,0.33557835614468245
Ptuh,OG_09711,494.0470458083185,-0.061154129518393704,-0.03488591776933754,0.7304758640472201,0.8929206012280025
Ptuh,OG_09721,361.18172545234717,-0.2721731832540987,-0.06491435125467056,0.42810114325313653,0.710878941827461
Ptuh,OG_09722,179.42461517864803,-0.3531316573011998,-0.1798091165897453,0.13194257697555598,0.42896491718086577
Ptuh,OG_09723,60.235255473653964,-0.6271414292564481,-0.19404192264766693,0.07959826620996534,0.33797423832751283
Ptuh,OG_09724,17.060738616310882,-0.30686268031367825,-0.03261787586922764,0.5933131994238776,NA
Ptuh,OG_09725,74.09079088564044,0.504503958244886,0.11082592917366249,0.1966222665108485,0.5101997626103353
Ptuh,OG_09727,221.25336250531313,-0.43579923639916146,-0.20466721772580063,0.09437814124151893,0.36485566980970935
Ptuh,OG_09713,24.182356711579395,1.6342690167651859,0.14295613851299668,0.014289000337676898,NA
Ptuh,OG_09714,281.2193204286491,-0.20508052712477007,-0.12059693192518117,0.26119278683401037,0.5752202141583029
Ptuh,OG_09715,44.0424077993567,-0.010804962946844401,-0.0024233039349039745,0.9768260276362856,0.9892146749755419
Ptuh,OG_09716,263.87872355554947,-0.43302439000229354,-0.19767521908579752,0.10179868349421613,0.37849142742245334
Ptuh,OG_09717,1837.0031828568806,-0.26384341682974916,-0.11314647085074264,0.2897132948576025,0.6007334344294227
Ptuh,OG_09718,10.968912640068234,-0.4797240203806928,-0.03528003104041681,0.4530498378247772,NA
Ptuh,OG_09719,635.6129842648925,0.08174145445681294,0.031211284760680233,0.7485298027311091,0.900275901012001
Ptuh,OG_09728,117.6757784386861,0.6442842912532878,0.10842940146929027,0.15680550151335787,0.46057493535819793
Ptuh,OG_09730,347.07167766262637,0.12882037615793762,0.040078296675725336,0.6473768627949199,0.847206706557938
Ptuh,OG_09731,483.8393621981991,0.41250193682294595,0.21804238703235568,0.08831074333062394,0.3579540546916655
Ptuh,OG_09732,255.34597531258734,0.4551998965125517,0.07986228066439635,0.28895343841802756,0.6003931353726547
Ptuh,OG_09733,86.25977713230363,0.30245375568189514,0.09478772769678513,0.3321928811541795,0.6415830103379154
Ptuh,OG_09735,30.659658996501083,-2.0032566977174624,-0.1095462487213771,0.0071442022447279025,0.11255763536591716
Ptuh,OG_09736,249.49119477868985,0.6767846342868578,0.2369142865176595,0.05006583734873168,0.2745152586861153
Ptuh,OG_09737,678.5242966097713,-0.20411121987221217,-0.10749371961896509,0.33880861083608277,0.6466987465093312
Ptuh,OG_09738,65.46663025780643,-0.47622662265525895,-0.11411908675680553,0.21262478105856095,0.5293490591466724
Ptuh,OG_09739,958.2676569465632,0.3405580081255125,0.11925808934824225,0.24050345079613034,0.5612620924409826
Ptuh,OG_09740,361.60530949339784,-0.15693058886468234,-0.08680439686884023,0.4032700238076603,0.6930922975459728
Ptuh,OG_09741,331.18690334492265,0.6666203278751355,0.46482405377787184,0.008060090251579832,0.12071655452630677
Ptuh,OG_09742,145.16113903943355,0.425219909872669,0.09482566267013513,0.26851874519668095,0.5819962185324692
Ptuh,OG_09743,272.5596674989148,0.3709753506471804,0.07094310075926523,0.3547407216563987,0.659758696519084
Ptuh,OG_09744,784.281920019537,0.4420180551190892,0.15641951160482356,0.14877799923885887,0.4505787337861589
Ptuh,OG_09745,131.68649568371328,-0.29838936155505114,-0.11250895652572214,0.2808903812176738,0.5935111015925568
Ptuh,OG_09746,135.25087202373928,0.9328888982908408,0.5431241512653493,0.008112143550694369,0.12097479755517211
Ptuh,OG_09747,113.34472460444547,-0.32052258695619923,-0.09758562799470524,0.316802244598864,0.6247154950539819
Ptuh,OG_09760,563.7668752674963,-0.23666792278022045,-0.07338451661339004,0.4388089978831561,0.7184048602320728
Ptuh,OG_09761,354.1738206983308,-0.08616003671907667,-0.05517364006433715,0.5837424324726936,0.8135796383650278
Ptuh,OG_09748,581.26439008664,0.10912372540849136,0.03369275908609139,0.7189963037559584,0.8866490058379618
Ptuh,OG_09749,277.11532687348506,-0.3157670697628081,-0.19295264171515542,0.11364108305325663,0.39795467104670323
Ptuh,OG_09750,387.4574587413763,0.05081736176431635,0.024812969773398766,0.7975120952398216,0.9195801492526875
Ptuh,OG_09751,558.7235050508124,0.08285511940162814,0.0456459326596783,0.6548352510533915,0.8525746896587697
Ptuh,OG_09752,116.86060794459551,-0.6694506915319843,-0.41786949963377695,0.01303903060747011,0.14983416497785682
Ptuh,OG_09753,1329.5099631056148,0.11813060026299567,0.042775636787618414,0.6624095613502631,0.8571052864522983
Ptuh,OG_09754,1143.4097090239668,-0.2087365760923303,-0.1207488848480653,0.2705071094510807,0.5831044909354666
Ptuh,OG_09755,47.24437454235626,0.1510193926585357,0.04500679072591416,0.6363747783002476,0.8423878500668938
Ptuh,OG_09756,150.7248845234608,0.08024704129192509,0.03356890902091966,0.7454668626446674,0.898945172239058
Ptuh,OG_09757,171.4586579865217,0.36530036642530195,0.0828850475391477,0.3616122770101605,0.6627145767242629
Ptuh,OG_09769,52.58925369616121,0.7301791073285142,0.17427391281715202,0.07536668252242337,0.3301991144746717
Ptuh,OG_09768,294.9625007550046,-0.7103491214287256,-0.49922603848466934,0.007050977159594313,0.1118849147933559
Ptuh,OG_09762,798.8270078445091,-0.5778244915435289,-0.45383696028957254,0.0033297860464529005,0.07828055126385912
Ptuh,OG_09763,692.500532661257,-0.4762413442111618,-0.30681181347904396,0.02924675730884388,0.21322357201678224
Ptuh,OG_09764,68.74894545097324,-0.9120424943470393,-0.133422150250436,0.07341019093516303,0.3270831880661513
Ptuh,OG_09765,302.15459892287015,0.660899838635036,0.5444694083067635,9.822442019998114e-4,0.04634009868545777
Ptuh,OG_09766,37.80982305651945,0.04715364593648317,0.006054427397682758,0.9307419646410573,0.9708192601521308
Ptuh,OG_09767,182.00451199219293,-0.39635467487375725,-0.1107327137315696,0.23516498822987728,0.5554996050203388
Ptuh,OG_09770,85.78019672902425,0.023443370397020345,0.0034008451331497686,0.950896096286061,0.9783147140369796
Ptuh,OG_09771,9.642068515278304,0.246080302123341,0.02500468564462239,0.6696733690018393,NA
Ptuh,OG_09772,504.5386832344996,0.612337320310787,0.4285924148957159,0.008627930597481999,0.12474431044248355
Ptuh,OG_09773,12.081163638537163,-0.8844827964843386,-0.0466839569779511,0.24437356613894934,NA
Ptuh,OG_09774,884.5687642230912,-0.17559833062486027,-0.07138541200914547,0.47419472572881827,0.74513677729027
Ptuh,OG_09776,244.40945840831367,-0.04971987175748609,-0.018659640301244108,0.8434916545997746,0.9376791636158248
Ptuh,OG_09777,162.73017426904084,-0.5041079355232345,-0.12375588679797314,0.17347811187828907,0.48116301496564706
Ptuh,OG_09778,803.5674138381117,0.06948797712023652,0.0377652551477569,0.6943028282900412,0.8766448165865888
Ptuh,OG_09779,19.066686390178464,0.6490914294537279,0.21018591475039214,0.06709520866825619,NA
Ptuh,OG_09783,168.28336850004996,0.19022343304535844,0.04190964565163699,0.6059238659898792,0.8251291645263077
Ptuh,OG_09785,151.14888277066353,0.45628410681352705,0.18422038635695917,0.1133398698275996,0.3976500287983735
Ptuh,OG_09786,66.434035268771,-0.31614806077571034,-0.056612006759939604,0.4627510781996444,0.7365852213817019
Ptuh,OG_09787,50.844546310280805,0.46014677469401666,0.08269509376079508,0.28255223764571796,0.5948025786037275
Ptuh,OG_09784,176.27571631400008,-0.2610397586929464,-0.10733373707473333,0.3083494756409641,0.6176235797416987
Ptuh,OG_09788,59.08882487428587,0.7080373651520552,0.1801672426074679,0.0796534878919064,0.33803968974416254
Ptuh,OG_09794,60.172025028626344,-0.24224724827576788,-0.05332273895721867,0.5229294249632243,0.7815451635299306
Ptuh,OG_09789,1620.7932972822434,0.35414482276754256,0.16450077660920123,0.15196042719632213,0.4555058057716793
Ptuh,OG_09790,145.89129436785066,-0.11722568418568603,-0.0500456839894702,0.6215534620260355,0.8337389519891977
Ptuh,OG_09791,1408.6637069982207,-0.6227720681489549,-0.4275188969858872,0.010542859554685995,0.13732932913908766
Ptuh,OG_09792,14.770592410233313,0.6910651391606956,0.05887790943759684,0.25994937170988225,NA
Ptuh,OG_09793,538.1073521282877,0.27721137106051885,0.12057641781869805,0.2574667669939757,0.5728148764315621
Ptuh,OG_09802,33.94197449132099,-0.3955804457456338,-0.04026054459152305,0.4429212596223961,0.7215206861142122
Ptuh,OG_09800,357.20888970671973,0.07843850926961841,0.02801037865922703,0.7770858315327434,0.9129790926087517
Ptuh,OG_09803,224.24701605244314,-0.3441013054413031,-0.07859437123203115,0.363418908468113,0.6638760409292596
Ptuh,OG_09795,241.29128806198102,-0.1019226748274146,-0.03375000795116898,0.7199664980046423,0.8867559080841643
Ptuh,OG_09796,713.3612034382304,0.55743753958119735,0.1860772449122297,0.09760256203712556,0.37026742152166375
Ptuh,OG_09797,613.8106327521903,-1.0650085712067014,-0.18447392993949802,0.027294894106860684,0.20483469030836687
Ptuh,OG_09798,10365.555432262541,1.4927657473122438,1.2310088689071974,1.0043173161986395e-4,0.018535291670870778
Ptuh,OG_09799,87.31084053760458,0.49476137684214927,0.13340263049756926,0.17069039840014333,0.4771385058879384
Ptuh,OG_09807,284.5881370160144,0.2377407721318623,0.031475648621066395,0.6280292315058361,0.8373312016478052
Ptuh,OG_09808,2503.3333550767543,-0.5875975025125881,-0.21539583601768156,0.06686693854101027,0.31473725766444205
Ptuh,OG_09810,406.8056926507801,-0.0797822667903437,-0.008107698411030624,0.818012381411541,0.9283465943295907
Ptuh,OG_09809,374.97818296841444,-0.24886669422233046,-0.0821839245855054,0.3834146162590755,0.6763516662384855
Ptuh,OG_09804,499.1872918832273,0.01361650385875827,0.008903073926570923,0.9323832707144947,0.971152310140073
Ptuh,OG_09805,445.6691110388619,-0.44725019652862424,-0.1604121067815417,0.13870529545320298,0.43720494676709776
Ptuh,OG_09806,12563.525126854218,-0.8351345064505841,-0.3474077728183681,0.017719175573285992,0.17009155017956484
Ptuh,OG_09811,479.66760409436347,-0.6453976827748696,-0.21142069022353802,0.0613664132749115,0.30179115787700134
Ptuh,OG_09812,168.0299478583827,-0.3022860837633525,-0.050229689365889216,0.4924358395435863,0.7617058559934672
Ptuh,OG_09816,85.7100346525577,0.09880887629177526,0.03543691046442647,0.7151174175353472,0.8849219888892484
Ptuh,OG_09813,372.4393115960197,-0.07406437376094199,-0.0450685356828403,0.6135002163627716,0.83038633046743
Ptuh,OG_09814,522.998361477989,-0.3889927374926937,-0.28406957048482817,0.02781725165577014,0.20757829618699475
Ptuh,OG_09818,133.94565265631365,-0.4195993432688159,-0.07348615733395872,0.3193195214824673,0.6271187272037725
Ptuh,OG_09819,48.419047032368795,0.9755062035685061,0.7822279308460954,7.496541224441579e-4,0.0410776762901117
Ptuh,OG_09820,262.08330415190295,-0.32355437346192006,-0.16833435815220707,0.15263230396063837,0.45655284439370947
Ptuh,OG_09821,554.5222188611127,0.0764804678426373,0.03195088080457867,0.7495098044166405,0.9009057418007561
Ptuh,OG_09822,220.28303827632323,0.11328859104844297,0.044044707690025615,0.6471655815309004,0.84706074573989
Ptuh,OG_09823,1004.5406498853778,-0.08987491431604801,-0.06049638211045977,0.5306493777973571,0.785691458137158
Ptuh,OG_09824,162.74734725710334,-0.5141439023153387,-0.19185387106779106,0.09756235289014288,0.37026742152166375
Ptuh,OG_09826,2310.633702102683,8.354657864007246,0.029339335655040554,7.34395467286778e-7,0.001247297261639864
Ptuh,OG_09827,209.2784078009502,0.5581518769153042,0.29626617027788765,0.03917383316599418,0.2460493087224117
Ptuh,OG_09828,65.06907489080332,-0.9848011290844241,-0.6615442995822209,0.0044638148756105936,0.08988170646577731
Ptuh,OG_09829,112.36181591003697,0.4129923627452577,0.24608553923068455,0.05976884661979408,0.29786211590099254
Ptuh,OG_09831,143.3026988141053,-0.47615203121804267,-0.28027244283924957,0.041953416888068217,0.2538661030247819
Ptuh,OG_09832,81.07647235336096,0.3800339571132153,0.10165283076927027,0.2697468727009897,0.5830212377136178
Ptuh,OG_09830,809.3732833348068,-0.3092364860874495,-0.09982868577248238,0.3194708284565623,0.6271448960496495
Ptuh,OG_09836,77.63948235204425,-0.5839933649691925,-0.1966777263835973,0.08355844410554178,0.34681246693267875
Ptuh,OG_09833,925.6518331705336,0.20553711984237522,0.0761159070677212,0.4498382570299522,0.7272085434415294
Ptuh,OG_09834,258.49224871950224,0.034949773990600015,0.014673637584135,0.9230209558603751,0.9679296069605218
Ptuh,OG_09835,2025.1038768531107,-0.379047578338879,-0.11815254511214787,0.23330200618284105,0.5531910548508292
Ptuh,OG_09842,238.67620788079725,-0.16837272066564932,-0.06502168678076206,0.5200706813049327,0.7797644270871994
Ptuh,OG_09837,1123.3007725532789,0.34275953904739376,0.19140146847592043,0.1106218730561535,0.3933791486844164
Ptuh,OG_09838,21.56696789033904,0.03262937486065826,0.005770012413758273,0.9417680513684469,NA
Ptuh,OG_09839,432.6848053886271,-0.26160757238466115,-0.09795421481230962,0.3525398320886856,0.6581156856665461
Ptuh,OG_09840,582.7733024262128,0.13308571140059552,0.04204949024137406,0.6616436069687939,0.8568975919443339
Ptuh,OG_09841,685.5328469650683,0.10015244654799621,0.026976859805375997,0.7629013045309719,0.9063537721867783
Ptuh,OG_09843,384.86142505947686,0.050379327441555585,0.025068771604340782,0.7899726275360534,0.91645458374811
Ptuh,OG_09844,155.71440810974957,0.3084417788391954,0.15278648541031561,0.17928384647252688,0.4886002645201214
Ptuh,OG_09845,919.8057459699841,0.3328194280455556,0.14906180754524967,0.18185308463249547,0.49103223996793377
Ptuh,OG_09847,4686.540455799957,-0.03295470908500016,-0.00818353706526924,0.9181283728010049,0.965900166232177
Ptuh,OG_09848,220.2511553443721,0.03162769381215422,0.008925827723220899,0.919014365082282,0.9661507913313472
Ptuh,OG_09849,158.2703724742445,-0.1940847328080806,-0.05447924911329775,0.5530263300738729,0.7978797568320762
Ptuh,OG_09850,14274.45467366237,0.4043306832831287,0.20139559167825052,0.09928703325847302,0.37456485403418605
Ptuh,OG_09851,148.1036840260719,-0.37651075284435764,-0.20701943674031797,0.08992164546209065,0.3601955722943745
Ptuh,OG_09852,200.40892817804155,0.48106439221206676,0.15063770235825155,0.14068069951014736,0.4401844142373513
Ptuh,OG_09853,208.3556237108263,0.2968926766328885,0.14487393922507874,0.20111861921469015,0.5149876803478154
Ptuh,OG_09854,441.9898117147262,0.708292631697475,0.4394431163635316,0.01369836537564204,0.15387105657401084
Ptuh,OG_09856,307.9189998211175,-0.2962119079589324,-0.15855048881048678,0.18375208619740122,0.49308993542109414
Ptuh,OG_09860,116.48346895882645,-0.21689515203692925,-0.04222994970592067,0.5864385422034374,0.8145250388229238
Ptuh,OG_09855,5988.798744564433,0.08301367067421968,0.040762749932965976,0.6913617686053487,0.875037231481827
Ptuh,OG_09857,200.27877758682448,0.42093429728794607,0.08461943848426756,0.28949477001454177,0.6006326867733908
Ptuh,OG_09858,180.34391691503637,-0.3372495565474403,-0.1187510908448836,0.2458514180118388,0.5660296585415661
Ptuh,OG_09859,335.2688841700265,-0.23564381910782295,-0.09348994771562724,0.36166536135149424,0.6627145767242629
Ptuh,OG_09861,113.48896103911018,0.020313184757467708,0.0074551830856509965,0.9455649610844988,0.9767025935690307
Ptuh,OG_09862,82.49770243803673,-0.5084917449267088,-0.1355881288063699,0.16252594528320552,0.46682386402718967
Ptuh,OG_09863,162.9613012393561,-1.1385454128821308,-0.945826653111019,1.9315015440924942e-4,0.022235016654032207
Ptuh,OG_09864,115.87515583768901,-0.2866760037119733,-0.085721793138647,0.35783987197751727,0.661610318491852
Ptuh,OG_09865,96.75553240940076,-0.7269055468960794,-0.427096778030042,0.016047224973000065,0.16223805146850664
Ptuh,OG_09866,1077.433910866585,-0.20524441463220464,-0.06954425941069049,0.46572198412014243,0.7385454881696077
Ptuh,OG_09867,316.2520064332926,0.2024230450628325,0.04824121385138755,0.5689938864572293,0.8058532494654421
Ptuh,OG_09868,90.37918646547773,-0.18227828126382511,-0.06653250078742745,0.49919909552775876,0.7669981398989918
Ptuh,OG_09869,119.87543787168427,0.06862388549579024,0.02422576520686236,0.8052724910807608,0.92317141662408575
Ptuh,OG_09870,28.860497989366305,0.10525319263711141,0.01813699532824487,0.8061125289466847,NA
Ptuh,OG_09871,191.36853289582442,-0.14878399076951346,-0.07974007273241616,0.4298896139949287,0.7122965784671738
Ptuh,OG_09872,934.152433612876,-0.19753662878612613,-0.038992930033586976,0.611610370660792,0.8292227903157073
Ptuh,OG_09873,888.6032447972125,-0.1188711445006381,-0.03781968110727749,0.6859572578793028,0.8719761524611737
Ptuh,OG_09874,91.5119129608061,-0.5612968720397901,-0.20804011996705235,0.0793538267306816,0.33727362192039445
Ptuh,OG_09875,111.07469025906488,-0.8263943902929308,-0.5717241027305602,0.005392949461995012,0.09786762552001238
Ptuh,OG_09878,581.1693688593293,0.17864787706883362,0.09587058514966028,0.3714213678365792,0.6695203259750012
Ptuh,OG_09881,233.27853991514874,-0.5395259773240163,-0.1544076423770431,0.1336993873788997,0.4318336391930498
Ptuh,OG_09882,54.982980521336835,-0.9141381501788488,-0.6871303027198936,0.0018902803540774655,0.0596738318469362
Ptuh,OG_09883,74.32617978646816,-0.46073515745231886,-0.09801272893167778,0.24913497295743334,0.5674762779364608
Ptuh,OG_09884,507.6637691950881,-0.3345063843510594,-0.11822145157503372,0.2643477697194784,0.5782250778893312
Ptuh,OG_09885,562.9266899940123,-0.03365345127163755,-0.023620832332687275,0.8026408160872154,0.9223962110487715
Ptuh,OG_09886,151.60109476801148,-0.29781993861789546,-0.08306104296444776,0.3775360477933073,0.6732036765039026
Ptuh,OG_09887,150.52488156045177,0.15509284867237744,0.034763015649097666,0.6735998255073348,0.8647331395628551
Ptuh,OG_09888,2392.4253922599114,0.010721590260431978,0.003530460925493505,0.9630811761056051,0.9830968849343508
Ptuh,OG_09892,380.2628094423486,0.08210177738016027,0.031416278667334326,0.7504463047037723,0.9010024062695369
Ptuh,OG_09889,747.7232653539844,-0.04271862377681635,-0.013878034224192324,0.8806082491102774,0.9523487241127865
Ptuh,OG_09890,93.73973039782268,0.04966689889119859,0.011769817490353012,0.885514508091496,0.953097469562898
Ptuh,OG_09891,769.5278886403771,0.2643637842452311,0.13624909341464533,0.21928946088884843,0.5380027464953062
Ptuh,OG_09914,267.87624837063396,0.19004698127972,0.061676348701057294,0.5296948129512344,0.785691458137158
Ptuh,OG_09915,74.10725305827967,0.1706614783689112,0.0425584533970163,0.626366985646437,0.8365038262636529
Ptuh,OG_09916,82.60357776933425,1.0859581059259447,0.7248791494729111,0.00389513694751589,0.08421623215698305
Ptuh,OG_09917,87.20150890844333,0.40761117859534446,0.1467131126801319,0.17416007521692703,0.4815914551423459
Ptuh,OG_09918,122.84704590575849,0.2134735299263902,0.0683735754868828,0.4714049375472732,0.7431168980232864
Ptuh,OG_09919,97.63582364128519,0.019906897091204474,0.00555255349625005,0.9481973628358134,0.9775635549839007
Ptuh,OG_09920,40.92543348728257,1.2103152535504722,0.026597790108058853,0.25005125998306504,0.5681005329181634
Ptuh,OG_09922,41.959745978569195,-0.2149508913496377,-0.05157835056938788,0.5564777995962502,0.7990546963428063
Ptuh,OG_09923,198.54634316454155,0.6598617175223436,0.12086867718296436,0.13409263398958807,0.432035981027392
Ptuh,OG_09924,67.65204824265258,-0.042409689287863,-0.0059219276025374995,0.9197649027674724,0.9664564289914368
Ptuh,OG_09925,326.4639955732647,-0.14882836486283074,-0.08032570199527785,0.4420651298793509,0.7209558446198288
Ptuh,OG_09921,638.6278198908215,-0.3328375800870724,-0.16529006424600398,0.15583288988932192,0.4593279002670913
Ptuh,OG_09926,967.030998114901,-0.3187610158609975,-0.08721935548316521,0.3353140798145461,0.6434645951611132
Ptuh,OG_09893,483.72742638011187,-0.2284222637490794,-0.12826633836363446,0.2500243640425284,0.5681005329181634
Ptuh,OG_09895,92.9526515554808,0.006415054916334827,-4.659830255117886e-4,0.9868862463229172,0.9940265690634815
Ptuh,OG_09896,857.1146771050139,0.526573596504863,0.24039008635095596,0.06093658133021386,0.3010316746109227
Ptuh,OG_09897,23.99059842100753,-0.593446971173191,-0.11421943840525603,0.1789714041292549,NA
Ptuh,OG_09898,194.92437740466227,-0.5371213201068786,-0.3136737369535623,0.03180311058468129,0.2209640277438994
Ptuh,OG_09899,47.156423916046,-0.11467927695966677,-0.025272049837028247,0.7536056716544015,0.9022617402816396
Ptuh,OG_09901,46.87648972847479,0.11794354389578585,0.049542124982603034,0.623862802685744,0.8350950378952298
Ptuh,OG_09902,10646.620049079802,0.6847512853160079,0.41955871188075655,0.014942259329370758,0.1583216625260982
Ptuh,OG_09903,157.35670138675428,0.2450883720193677,0.0925926341247388,0.3601927107756946,0.6620205838470787
Ptuh,OG_09904,49.0414127655174,0.49758262865952996,0.12165299603898752,0.1941127694612923,0.5084533122348224
Ptuh,OG_09905,354.6240739757194,0.7841365109590975,0.22579402227709255,0.04230235119310676,0.25441329060330214
Ptuh,OG_09906,460.9707972955733,0.4049265847314292,0.12163339013644074,0.23291432077374155,0.5531063791975988
Ptuh,OG_09907,215.06271307681402,0.09898443612953012,0.024215381836669547,0.77812462163944,0.9132740391132055
Ptuh,OG_09908,481.27388065203354,-0.5768118134246936,-0.18628336552957256,0.08548599928522395,0.3508685867231135
Ptuh,OG_09909,568.7761571541006,-0.7126567779614517,-0.5608238599564662,0.0014924882312051875,0.05215724304277552
Ptuh,OG_09910,548.5669436477907,-0.396377850601823,-0.1596119134452333,0.1506412935404865,0.45418340846918887
Ptuh,OG_09911,323.1386431797468,-0.4975673622820451,-0.23786883158945277,0.062134195713009883,0.30408396196151555
Ptuh,OG_09912,205.73873009034332,-0.5852742557432061,-0.34083884531836595,0.026381006743623595,0.20200857463196714
Ptuh,OG_09913,136.31066604838085,-0.296246464841748,-0.08177323999354108,0.3760531979616522,0.672192624395569
Ptuh,OG_09929,586.2575643844731,0.08794505511673094,0.036375914345129,0.7148700571480793,0.8849219888892484
Ptuh,OG_09930,45.6150541861197,-0.49463118401417233,-0.08517744208622952,0.26938030993795786,0.5826738644913749
Ptuh,OG_09931,85.4580764630328,0.05127033747018005,0.014326891173442973,0.8769359151433942,0.9510778788502814
Ptuh,OG_09932,93.8880970633438,0.13252729040621367,0.05330017629725525,0.60118848124059,0.8226348077679397
Ptuh,OG_09933,260.5687939940999,-0.08467543583837628,-0.03383285438098302,0.7319023351254392,0.8931382221649411
Ptuh,OG_09934,780.9340181170984,-0.6829099500662182,-0.4832700467586734,0.006082354703824038,0.10289114769895166
Ptuh,OG_09935,717.3587057787115,-0.1682723942159943,-0.05439815441487169,0.5684951690274467,0.8054300183629859
Ptuh,OG_09927,359.787787325557,-0.2285288904135051,-0.1278828664602985,0.24706965481455984,0.5660300057955991
Ptuh,OG_09928,69.73605371295126,0.6669004894927013,0.16971908940543987,0.0908244976346032,0.3606839562784731
Ptuh,OG_09937,425.53405394793776,-0.1694535439440726,-0.04678705244104304,0.6070266213690187,0.8258387171259726
Ptuh,OG_09938,324.63595653369686,0.010547700444230134,0.0058559992571677304,0.9716239088567772,0.9866112918823092
Ptuh,OG_09940,654.154874773891,-0.7110145473437385,-0.13571852411379537,0.1008784444481198,0.37688506390384224
Ptuh,OG_09939,414.48334087449916,-0.045138733032307476,-0.02155063425755136,0.8332393319898973,0.934065856034683
Ptuh,OG_09943,22.728232537232877,0.27367114370725504,0.02643491884726762,0.6430376627675451,NA
Ptuh,OG_09941,159.14382967396958,0.3223894249330801,0.15134274739969197,0.180184575405448,0.48934981807948696
Ptuh,OG_09942,551.2730208574516,0.13198900414231124,0.05271373969286064,0.6009087043522562,0.8226348077679397
Ptuh,OG_09946,303.29071098351733,0.5007939696748764,0.36841213830615527,0.010518184686646635,0.13732932913908766
Ptuh,OG_09947,101.74339302592972,-0.2947414623632523,-0.06742084434805926,0.4304932737809332,0.7125069127385334
Ptuh,OG_09944,15194.451459115982,0.6477656423262383,0.34643475272861746,0.025408911437602197,0.199235896517191
Ptuh,OG_09945,391.81310203422765,0.22619633989610882,0.08363817516602691,0.4006384885674121,0.6903316972334428
Ptuh,OG_09956,85.55026859721559,-0.08443399448760326,-0.009813967837151697,0.86667055014697425,0.9469591240154537
Ptuh,OG_09955,160.61887632226305,-0.3740281651302372,-0.12305149341186952,0.22981666501890946,0.5486654819624907
Ptuh,OG_09948,184.7974904244292,-0.07813718754410741,-0.020508172244944438,0.8111317718540164,0.9239754948897123
Ptuh,OG_09949,363.782418799845,-0.06812483908670398,-0.02038300503643485,0.8192702065524997,0.9285744509233631
Ptuh,OG_09950,21.032207946313726,0.4189615966300853,0.05228780775709187,0.40901040854280823,NA
Ptuh,OG_09951,1797.4111506014563,0.0873097198082934,0.058443858041175974,0.5480622213829309,0.7953579533725401
Ptuh,OG_09952,633.9001313414559,-0.1364763289402024,-0.0716575075374156,0.4997547161090438,0.767399467003827
Ptuh,OG_09957,304.97976112281464,-0.24734615904081056,-0.1191514663050508,0.258375417845677,0.5728148764315621
Ptuh,OG_09961,379.1539697491995,-0.414574314244069,-0.26464048228858783,0.0452040575320206,0.2616720221962638
Ptuh,OG_09958,47.87532834139743,0.43854545494047537,0.08922105235844806,0.29150729427877425,0.6021199808668412
Ptuh,OG_09959,138.900304186314,-0.30065723658090787,-0.11561979822532509,0.2739644388060215,0.5870567787889818
Ptuh,OG_09960,151.3964848919568,0.1574409570042495,0.08787107840264019,0.4219319459776131,0.7068546232475617
Ptuh,OG_09962,495.9427482413647,0.0330224407040574,0.010512231041972695,0.913210670883152,0.9643946854015741
Ptuh,OG_09963,37716.776501111,0.5482533561928361,0.27567219882412886,0.04507704837740436,0.26133010977922155
Ptuh,OG_09964,125.06259445016684,0.050131318415973396,0.012802207766600796,0.8844694841855872,0.953097469562898
Ptuh,OG_09965,247.4162091797308,-0.09791693944776905,-0.042634567775623605,0.676463736556163,0.8668371888991905
Ptuh,OG_09966,1140.9872673159298,0.5892660025003199,0.45921889499080515,0.003370034624042287,0.07829871849754508
Ptuh,OG_09967,468.91485266531146,0.1045047917259519,0.0676280809639309,0.5095839322006868,0.7745420357807622
Ptuh,OG_09972,63.9445073998762,-0.4091893008353801,-0.12271245529815679,0.2122734860983639,0.5290053124366321
Ptuh,OG_09968,83.89950204880284,-0.6314624347241921,-0.1659785941279238,0.09865593881218056,0.37317872266950436
Ptuh,OG_09969,220.04496617065763,0.4325814024349793,0.22396189189172871,0.08160111830792063,0.34210683019772625
Ptuh,OG_09980,555.5577202356736,0.4233914215375401,0.15978596046019614,0.14843841407884323,0.4504913848490679
Ptuh,OG_09973,130.46347823355157,0.07773962391318173,0.026662745889538732,0.7735209427324928,0.9120688821037474
Ptuh,OG_09974,155.98765567849026,-0.32104765827274206,-0.1633990337744968,0.15726417989545746,0.4610350675304179
Ptuh,OG_09975,293.3982260444405,-0.028846423103437338,-0.010349002103954777,0.9003372872944018,0.9587704462584848
Ptuh,OG_09976,201.5291986791679,-0.14519000618667546,-0.059093435584408015,0.5340714296956619,0.7867321738646583
Ptuh,OG_09977,95.94534785583531,-0.42815891149853874,-0.22994116836982675,0.07285202306288444,0.3263763200064719
Ptuh,OG_09989,32.35864505724497,0.5030893749545107,0.1341639637098831,0.16966468363661363,0.47661015330536655
Ptuh,OG_09991,841.4700411162909,-0.2390190207726901,-0.06461829575420423,0.4690806241804844,0.7408280938331177
Ptuh,OG_09990,875.0232354294802,0.700524496487633,0.23968177565675203,0.041495846674821986,0.252966783892741
Ptuh,OG_09992,370.8362887634358,0.09463451518025062,0.054951415328624076,0.607025508535102,0.8258387171259726
Ptuh,OG_09981,104.08868027573678,0.20308167397697788,0.062117370139767855,0.5104187991343434,0.774731023986521
Ptuh,OG_09982,98.17966195926253,-0.18650394908477028,-0.060366905486412464,0.5276800698056331,0.7845965898363132
Ptuh,OG_09983,175.6218565683973,0.14303418118297004,0.02974424403414665,0.7122484867017689,0.8842604323580128
Ptuh,OG_09984,181.1714794657785,0.5230884830517518,0.14087042967873167,0.14685550745129514,0.4487574556590134
Ptuh,OG_09985,63.518171820762454,-0.41151288225083144,-0.06711234289184181,0.3600777838310705,0.6620205838470787
Ptuh,OG_09986,190.04151602971947,0.1350794067439137,0.02170762446638107,0.7611790134147216,0.905277385932476
Ptuh,OG_09987,167.89756050395286,0.6255713634452771,0.12642047052523298,0.14054847309473492,0.44009499761079973
Ptuh,OG_09988,536.867115481044,-0.8533155637537991,-0.22614980697446296,0.040182586075366636,0.2488917001838173
Ptuh,OG_09997,53.56433582475063,0.42595200075450756,0.07552374215110422,0.3337400265842168,0.6426257362134444
Ptuh,OG_09994,65.8869137919074,0.4749597184567285,0.0938206695102706,0.2481484958534985,0.5666572426057773
Ptuh,OG_09998,306.1354033151415,-0.174650670272426,-0.08701346584032502,0.4038545494976228,0.6934256630665956
Ptuh,OG_09999,378.82490282484736,0.14672730338920434,0.08006879025464529,0.45788417224855105,0.7334754060753874
Ptuh,OG_10000,161.17066394667856,-0.14233297757522578,-0.04817122264640877,0.6191208853712302,0.8330032969235203
Ptuh,OG_10001,669.811123641404,0.3601216225736301,0.10938538670298478,0.2627019199502322,0.5766079330211882
Ptuh,OG_10011,134.73520859792762,-0.0237237304519191,-0.011183947804523461,0.9135175281877369,0.9643946854015741
Ptuh,OG_10012,179.43643673189035,0.13675540984928536,0.0437989024657841,0.6440563460355453,0.8457464278051992
Ptuh,OG_10016,57.94425255495489,-1.654895151293652,-1.2790263232863894,3.935205933134725e-4,0.03182644646112389
Ptuh,OG_10017,488.46330023304574,-0.10781368325894362,-0.05215491243426987,0.5763002079571279,0.8098529481998892
Ptuh,OG_10013,180.27597747893788,-0.36283640980950066,-0.11719988403289641,0.24497762406547882,0.5656304856540516
Ptuh,OG_10014,134.0330544328241,0.1633106971067609,0.06403419458650891,0.5250167301661937,0.7827010807591811
Ptuh,OG_10015,76.80021883238899,-0.05064714522013777,-0.013422391137629818,0.8892296635805871,0.9546571811790577
Ptuh,OG_10018,415.33562737667205,0.4120680891991789,0.2572414411329044,0.04813915369363514,0.26859243966251617
Ptuh,OG_10002,11136.74471788178,-0.02627861974968797,-0.007789010118384144,0.9301116278978304,0.9708097276436057
Ptuh,OG_10003,267.4628795737989,-0.3323972154190914,-0.19608966007837245,0.1119605022863224,0.39565900350205985
Ptuh,OG_10004,107.62005680070313,-0.316754429740356,-0.11317982633566687,0.26270561621043065,0.5766079330211882
Ptuh,OG_10005,114.41214109672823,0.7137683764147201,0.21950178688163888,0.051085113642336935,0.27607835918961504
Ptuh,OG_10006,914.2021482032125,0.42476337057563585,0.29938332183576605,0.023254758642750967,0.18970164303001077
Ptuh,OG_10007,5359.108045218968,0.31628009300026255,0.11655302054086027,0.2600156909823699,0.5743100708151584
Ptuh,OG_10008,624.7855026596535,0.3254084426843898,0.1646374957540799,0.15490783260390936,0.4587774838370134
Ptuh,OG_10009,3166.714057076936,0.4714301489969961,0.25322565568127714,0.05757032095680764,0.2936083110968043
Ptuh,OG_10010,451.4573035560394,-0.54241003716223,-0.30560347706456314,0.031613648304982846,0.22032627291024218
Ptuh,OG_10023,12.812009100661417,-0.15350623036842745,-0.014335935701476992,0.7983030347157731,NA
Ptuh,OG_10022,184.04469346808332,0.18476154252646737,0.02355820265111153,0.7156455125268071,0.8849219888892484
Ptuh,OG_10019,74.56862172371686,0.23513131187189792,0.070254176487663,0.458146767778467,0.7334754060753874
Ptuh,OG_10020,468.4468551620301,0.18207451227109153,0.05849344535851633,0.5324552327685064,0.7859568636659405
Ptuh,OG_10024,47.702122567761464,-0.4991447530988439,-0.11237487478039827,0.2053776281671926,0.5203359671459361
Ptuh,OG_10025,20.99195859435031,-0.33558796732886786,-0.038107251964360773,0.5249814007578282,NA
Ptuh,OG_10026,55.21829652646873,0.26407579935578196,0.054331637641376884,0.5063119348430434,0.7725657738819552
Ptuh,OG_10027,105.44225058076245,-0.4189659265488952,-0.12386468379322234,0.20786491219822265,0.5238314574355531
Ptuh,OG_10028,32.32983959287543,0.9066952006842787,0.049555853415516354,0.2307765802795054,0.5498750616536363
Ptuh,OG_10036,182.60375980213973,0.33706906336158127,0.11639577846919348,0.2577009376880193,0.5728148764315621
Ptuh,OG_10037,32.0030315844475,-0.0473778863917136,-0.005870272318614361,0.9224183889083454,0.96757109694202
Ptuh,OG_10038,24.0054246408794,0.076318672885104,0.014780433246593611,0.8420662136506611,NA
Ptuh,OG_10030,67.97742936570914,-0.4705106451904057,-0.12967673059168397,0.17811450656624542,0.4874523805024588
Ptuh,OG_10031,2253.736608830715,-0.09422113492309597,-0.034789256764109,0.7157459029611447,0.8849219888892484
Ptuh,OG_10033,1222.6184769098018,-0.22603602595731337,-0.07454074310538346,0.4440134933548638,0.7225265584059174
Ptuh,OG_10034,259.40964747016443,0.3369544588035702,0.09977428485925666,0.3060226220368803,0.6153786659571838
Ptuh,OG_10035,2254.528434914777,0.3658075009581469,0.06164008323032456,0.37720216155318287,0.6732036765039026
Ptuh,OG_10039,441.5966500403812,-0.34111277433706133,-0.07891050169841722,0.3605452089180739,0.6620205838470787
Ptuh,OG_10040,618.4965961877247,0.04152528838367207,0.022941150192304284,0.8623525764552904,0.9455370734026509
Ptuh,OG_10041,112.13096716602152,-0.07251345875038494,-0.027387806228519468,0.7788539757211023,0.9136206376692536
Ptuh,OG_10042,157.00549327417428,0.045383215007254334,0.018253643699730798,0.8458158639922198,0.9387881737056502
Ptuh,OG_10047,270.08900604396445,0.025870222213127063,0.019992681301229758,0.9281574259489518,0.9704321024199909
Ptuh,OG_10043,88.95172516088137,-0.20593341477438507,-0.050873687713607715,0.5546362415629007,0.7983001632800258
Ptuh,OG_10044,32.17178686708167,-0.22981458274547809,-0.03004921756402603,0.6619467727468143,0.8570288144787236
Ptuh,OG_10045,1729.0894857159553,0.028919727857718125,0.019749933472386506,0.8827495142710632,0.9530947122311343
Ptuh,OG_10046,487.9873971472231,-0.06101020027181987,-0.015206413711632396,0.8433995705869299,0.9376791636158248
Ptuh,OG_10048,461.7657445517741,-0.02760851657443613,-0.012342174348152943,0.8995509719592948,0.9587081894927624
Ptuh,OG_10049,181.48728513890376,0.3273915139715534,0.19852535382507444,0.11501169130012939,0.39980858434184385
Ptuh,OG_10050,28.315605516591315,0.45993519494562235,0.04411998531032894,0.4387732608841574,NA
Ptuh,OG_10051,2452.6383610774055,-0.3064950034667246,-0.08620969087986845,0.34705480229965513,0.6534159076288505
Ptuh,OG_10052,2011.9103880690363,-0.18185230553396559,-0.06296303253899731,0.5188088086044591,0.7791704379617769
Ptuh,OG_10053,1392.3225867078622,0.20068612095698035,0.1503019888499007,0.15373773893204407,0.4576993459665474
Ptuh,OG_10054,274.32701078292774,-0.20932685254299285,-0.08004502881331009,0.43340418195829056,0.7134647609249449
Ptuh,OG_10058,58.527408012301294,0.2745294240364422,0.08631777074944465,0.37641277836323167,0.6726635761491084
Ptuh,OG_10059,154.07269080556438,-0.17339263990222809,-0.041125475284477325,0.6188998131978538,0.8330032969235203
Ptuh,OG_10060,76.39622556936303,0.11836250891793855,0.03344776675287164,0.7139864454135127,0.8847472485701956
Ptuh,OG_10055,1495.7801517722303,0.07149764910622171,0.02977922983592481,0.7859387271044583,0.9157782204405955
Ptuh,OG_10057,363.06680825979623,-0.2728808229224893,-0.0727211248165433,0.4222974293656071,0.7068565237014335
Ptuh,OG_10062,334.185017725159,-0.4242982470964383,-0.0632993513737706,0.3661644058990953,0.6660539463282626
Ptuh,OG_10063,817.2548908378812,-0.38783088197722104,-0.1758731341908888,0.14617913469004926,0.44765712650122547
Ptuh,OG_10064,70.82472281256646,-0.42978459868834623,-0.08774716400657712,0.27756210402617193,0.59052863895044
Ptuh,OG_10065,706.3335812630469,6.510382354290882e-4,0.0019065726576868922,0.9967076565796299,0.9987536228974523
Ptuh,OG_10066,143.88433087221227,0.32637367235348075,0.13685649589403942,0.21756383196550655,0.5365717209398012
Ptuh,OG_10067,20.931517097862265,1.1646689204485037,0.13652827382736266,0.03592727392319328,NA
Ptuh,OG_10071,27.444939125836456,-0.5482322325646605,-0.09985580298685807,0.2121713798575769,NA
Ptuh,OG_10069,50.639457852086366,0.07356921176016379,0.020394212365310235,0.823216936507992,0.93011684736906175
Ptuh,OG_10070,228.10943270376018,-0.08074349826166174,-0.02358384675887657,0.7870664905595817,0.9159611673060117
Ptuh,OG_10073,492.62677711125826,0.4913260765813216,0.2852950835409573,0.040779134649182036,0.2509423156729589
Ptuh,OG_10075,25.491207551002095,0.48985810814234315,0.048263061375711,0.4137673201981683,NA
Ptuh,OG_10072,104.36167561566033,-0.27533203874918016,-0.08612580731539334,0.3751511880620623,0.6715893978702001
Ptuh,OG_10076,2418.4929156597527,-0.5893208899893676,-0.1554975038380249,0.1065059115208438,0.38648719954594024
Ptuh,OG_10077,755.457022248054,-0.4745968768668551,-0.17715097732816804,0.11375992588741357,0.3982066325786958
Ptuh,OG_10078,409.26090650176917,-0.5461513750069532,-0.12935020981433218,0.15498268566832146,0.4587774838370134
Ptuh,OG_10079,1029.4740745075715,-0.1547639866608136,-0.06915590862238395,0.4820038036902576,0.7518783053665858
Ptuh,OG_10080,512.160911164723,0.06952337454314893,0.04331985715166555,0.6667124238501757,0.8590768070928865
Ptuh,OG_10081,1206.8320215478502,-0.04282879543377615,-0.02837266019812881,0.7608592167888263,0.905277385932476
Ptuh,OG_10082,692.9174926539268,-0.8997542844132805,-0.6161484483280127,0.004651701292248815,0.09187819664233866
Ptuh,OG_10083,215.44288058994766,-0.6528626629552872,-0.47360610554665394,0.005548457237553629,0.09938010661690845
Ptuh,OG_10084,297.5233379459492,-0.6761529534088007,-0.38492528711888374,0.019460884384267102,0.1751148381302843
Ptuh,OG_10085,406.2910177731888,-0.33821933565477025,-0.2037800212990743,0.09059175228072915,0.3606839562784731
Ptuh,OG_10086,313.93873259792537,-0.453717478472794,-0.28770493846021855,0.036416750130597336,0.23788541700694815
Ptuh,OG_10087,628.1025072955842,0.9748091790794099,0.14109199838108877,0.052602842278382585,0.28059254813318146
Ptuh,OG_10088,207.52170312890053,0.19562976130076445,0.07131444861033934,0.4742656949192074,0.74513677729027
Ptuh,OG_10089,110.97027446637604,0.14445334841668073,0.029034312841131418,0.7131617587387704,0.884684245633796
Ptuh,OG_10091,475.7973589721561,0.4159766581570024,0.12853253967627504,0.19574653325093896,0.5096088222271623
Ptuh,OG_10092,532.3973681604659,-0.27987131202938276,-0.11827033749937743,0.268491399793991,0.5819962185324692
Ptuh,OG_10096,98.1654367191727,0.5144885372610342,0.2807967190426857,0.044099513681284584,0.2591647544508434
Ptuh,OG_10090,7044.504561417072,0.1369472379610175,0.06160158988669045,0.5482401909724564,0.7953579533725401
Ptuh,OG_10097,35.703257273301084,0.4869368427006422,0.07653800736824519,0.2866036411220016,0.5981415877139439
Ptuh,OG_10098,59.33374722036635,0.32750900162435886,0.08613168002836544,0.34198695071995655,0.649844078208519
Ptuh,OG_10093,39.078655119749016,-0.4678968015149663,-0.06837589134473496,0.33142724154447245,0.6406738300012884
Ptuh,OG_10094,1068.6668369195534,0.17934876091495283,0.07243590228463775,0.5073780681007323,0.773211601562423
Ptuh,OG_10095,214.56341442425978,0.2657284143540298,0.09255192655670272,0.35559396118067627,0.6601100018703567
Ptuh,OG_10099,834.5477257826836,0.7153525587178573,0.25996080025018997,0.03711894003055377,0.24007162127910328
Ptuh,OG_10104,62.165444213967426,-0.11960613057044826,-0.022007148108858877,0.7748752744729328,0.9120688821037474
Ptuh,OG_10101,260.26029915017807,0.34549338179034794,0.17099555866387703,0.14176239306816155,0.4414544341528521
Ptuh,OG_10102,143.64041785617363,0.08983136705825033,0.03995845356390181,0.7050843532969093,0.88039646054953
Ptuh,OG_10103,46.44489774408201,-0.31920342734451984,-0.10478860925544004,0.2976313364646491,0.6071307492812396
Ptuh,OG_10105,190.24637026856144,0.30582713756739804,0.09046202220538951,0.34395123862389043,0.6513902583394464
Ptuh,OG_10106,65.556563789322,0.6739882582833,0.34523797126443806,0.026957837985444787,0.2036707830715277
Ptuh,OG_10107,1188.335319779823,0.36972514478628576,0.06370943843655252,0.3782753700698521,0.6734411829419673
Ptuh,OG_10108,295.3616351803808,-0.15025766565536572,-0.0672450017845178,0.5059275731992892,0.7723732956387919
Ptuh,OG_10118,293.9998995288206,-0.406158286357732,-0.20058084542205043,0.10112463007767827,0.37763868013176954
Ptuh,OG_10119,325.65627360840466,0.2162875966733347,0.09090308342072892,0.3740114058995572,0.6712538189952313
Ptuh,OG_10120,128.41616861326625,0.5140704637612961,0.25054007156695135,0.057924295889630925,0.2941944501762834
Ptuh,OG_10121,770.4495120624262,-0.9872465590894759,-0.5572093352061783,0.007700470878186967,0.11740107486097616
Ptuh,OG_10122,496.32022162864274,0.3812084857075619,0.16817192422014257,0.14393449005610323,0.4445889777514321
Ptuh,OG_10123,229.38706806395587,0.15935836440921447,0.07302105712161304,0.4750459960984688,0.7461678893331726
Ptuh,OG_10124,43.529812222639194,0.47472786749898627,0.09626648654404639,0.2477791938690773,0.5664771079164413
Ptuh,OG_10109,214.3143707293269,-1.173947905908779,-1.0483453596887518,4.644232211960157e-6,0.0026292546629310435
Ptuh,OG_10110,70.0673135153255,0.7384856256912098,0.14139562846011508,0.09375503689644225,0.3641249792661517
Ptuh,OG_10111,637.8876428034413,-0.41799819233532126,-0.20750986920935163,0.09356965240531331,0.3641249792661517
Ptuh,OG_10112,296.3161041089442,0.12438932585684691,0.059173797411707335,0.5605843253428767,0.8007539261247618
Ptuh,OG_10113,182.4973986150725,-0.010252909958131605,-0.004702332563829674,0.9654536372509003,0.9839933134343068
Ptuh,OG_10114,237.4459427230781,-0.5872408959222821,-0.15144597729343104,0.10462012864486701,0.3834415763712606
Ptuh,OG_10115,90.58621271076733,-1.50325678430019,-1.264469816059581,1.3397272021840528e-4,0.019714170325973453
Ptuh,OG_10116,815.1851850401326,-0.3354067419722399,-0.08035638083477395,0.34704482627132016,0.6534159076288505
Ptuh,OG_10117,202.35981657673963,0.12130592203651483,0.06286868944070545,0.5335476991569301,0.7863393025408973
Ptuh,OG_10125,379.4755717040786,0.274617878426946,0.1511305592720633,0.18167812220064092,0.49087197382368525
Ptuh,OG_10126,214.79255869657624,0.08425067490628388,0.04455929014373204,0.6346815891651509,0.841219614796085
Ptuh,OG_10127,628.5818664374308,0.21134581060267568,0.08807464633993181,0.3878472409817908,0.6795698176628987
Ptuh,OG_10129,132.66303861275202,-0.15465379903202414,-0.0672141886443439,0.5079333752073714,0.7732825783902828
Ptuh,OG_10130,648.4207713333051,-0.45828356645685864,-0.26370430831204894,0.050855785913162976,0.2759535680348754
Ptuh,OG_10131,36.56735496115285,-0.13735156293830486,-0.03418123422593293,0.6873851015503529,0.8725372619380564
Ptuh,OG_10132,1619.0510796362842,0.6688790359916814,0.3555678918472377,0.021862756422516123,0.18436795187686883
Ptuh,OG_10133,4337.363967038335,0.35818265513840636,0.2953061370145502,0.0076770416019127955,0.11726114745955006
Ptuh,OG_10148,155.75051515293094,0.45785085878542264,0.12361121822855217,0.19561782543818312,0.5096088222271623
Ptuh,OG_10149,99.99785094700452,0.1800845461787318,0.026620158403061516,0.6915338767864065,0.875037231481827
Ptuh,OG_10150,85.90553346635004,-0.3807004653914125,-0.10407942090529601,0.2703105098845133,0.5831044909354666
Ptuh,OG_10134,158.1969192260569,0.47529827810982955,0.23293998271475969,0.07383381422368097,0.3279271707047588
Ptuh,OG_10135,5643.02350737349,0.2737294913313041,0.08515417475680466,0.37421384543539943,0.6712538189952313
Ptuh,OG_10136,3110.1045634705883,0.5453776345407417,0.43376633255003094,0.00324389127368526,0.07739225026371259
Ptuh,OG_10137,30.7037620023389,-1.2573848950389035,-0.11441165735996148,0.04374569781749186,0.25762029533019476
Ptuh,OG_10139,19.312466093068142,-0.7124741077412229,-0.00934478809236569,0.6116419983896126,NA
Ptuh,OG_10141,404.556363518806,-0.3891469425678947,-0.24171488384741832,0.05823929091870638,0.2943151639150432
Ptuh,OG_10142,193.57970472926505,0.2818868476739339,0.10864013479691588,0.30291840686125915,0.6126180307372737
Ptuh,OG_10143,1222.75526885415,0.15861875414787635,0.10902287301413575,0.24192912331595237,0.5631318961367516
Ptuh,OG_10144,61.82866497051471,-0.49737690767369,-0.19190395694514167,0.10544074415664602,0.38525806603831597
Ptuh,OG_10145,1324.3082543578275,0.01145754676971421,0.007939700587168882,0.9187218467043484,0.9661507913313472
Ptuh,OG_10147,333.0213941216954,-0.766345789701547,-0.1219030459276224,0.09674745689239612,0.3687519766293662
Ptuh,OG_10151,134.02112772594356,-0.2249111832672906,-0.1020602472956747,0.34157438109891713,0.6493507150866363
Ptuh,OG_10152,165.03026057242002,-0.21319131001211256,-0.07627963371782381,0.43933283428042746,0.7187931594240379
Ptuh,OG_10153,40.5989045882287,0.2960416342085516,0.06684945447430864,0.43291093469886865,0.7134251227368121
Ptuh,OG_10154,156.5568833177801,0.028238398985620663,0.007234453678963966,0.9342755350723492,0.9720795476661017
Ptuh,OG_10157,1045.7471371596203,-1.3381900320117013,-0.048124163505517535,0.08839309780579392,0.3579540546916655
Ptuh,OG_10155,414.69178556846015,-0.19119955114623566,-0.10877284279032078,0.3157348423804142,0.6238297537213768
Ptuh,OG_10156,473.9530417255504,0.37791968717140034,0.11369451307152101,0.2461653555063977,0.5660300057955991
Ptuh,OG_10158,423.8428042275912,0.151515968303518,0.04939725974085489,0.5716911420742385,0.8073800056719471
Ptuh,OG_10159,575.1410657737181,0.029442360203139624,0.013780751475364414,0.9021775938866894,0.9595806772652512
Ptuh,OG_10160,262.61814388518445,-0.33960343380930524,-0.1190910158246426,0.2544295258619322,0.5712083803466974
Ptuh,OG_10161,110.79511201500831,0.07094629269666938,0.013481470991282088,0.8623627689005572,0.9455370734026509
Ptuh,OG_10167,194.6047564442947,-0.5107304827590705,-0.20890196460921265,0.08217859198109251,0.3432664058551095
Ptuh,OG_10162,1394.7257113342457,0.38980005991993555,0.22349643194580376,0.07516444927475548,0.3301991144746717
Ptuh,OG_10163,159.3959212384523,-0.20560436010152383,-0.05149152026145838,0.5579576491289133,0.799802312392357
Ptuh,OG_10164,1328.0763768827387,-0.21611285816344547,-0.09214176740562068,0.3616691997554704,0.6627145767242629
Ptuh,OG_10165,993.2968198836089,0.5732874480540604,0.42475814644438037,0.007162791361697775,0.1126415263769213
Ptuh,OG_10166,909.6284071694457,-0.34632767505733314,-0.2726676267672276,0.0189328812390615,0.17402800546175068
Ptuh,OG_10168,93.89788966714848,-0.5870337560710464,-0.12488277559428392,0.1561417718984125,0.4594441881362851
Ptuh,OG_10169,307.1246224263368,-0.06497052234049142,-0.01604426201991853,0.8482230911496156,0.9390306839987996
Ptuh,OG_10170,433.5363886256924,0.1562491233940698,0.09877786960156933,0.3370409846984191,0.6448768805370414
Ptuh,OG_10171,216.17124223867285,0.7332300511296737,0.24896521651618875,0.04583865789768981,0.2622115772553303
Ptuh,OG_10172,30.729897133413726,-0.8589258573848266,-0.10617280144497593,0.11879209636620912,0.4061407090035421
Ptuh,OG_10173,235.89926027749374,0.22673268843714972,0.12195954141428131,0.26412826125582256,0.5780869058207333
Ptuh,OG_10174,634.3532327850298,-0.8234230282043039,-0.4098343226294462,0.017175944268885315,0.16746052667207129
Ptuh,OG_10175,397.692158086347,-0.05210264933552105,-0.0148245645596471,0.8998786686275979,0.9587704462584848
Ptuh,OG_10176,1264.4177942850663,0.1964619110987146,0.047562193904661695,0.5872915675752917,0.8147818970510337
Ptuh,OG_10177,689.5633046775845,0.8068386430015976,0.51601661087708794,0.008148561493353561,0.12097479755517211
Ptuh,OG_10178,20.499946654202123,-0.5393780115725736,-0.10396798425070358,0.20703605449466161,NA
Ptuh,OG_10179,176.1215830678256,0.1861272561098174,0.09405524800167031,0.3750346629772961,0.6715893978702001
Ptuh,OG_10180,1408.6310778636014,0.28287601591024486,0.06371341004054144,0.44930712886285484,0.7269034365218828
Ptuh,OG_10181,69.66912064057621,-1.2174547964016609,-0.04179263514395209,0.19666010515258028,0.5101997626103353
Ptuh,OG_10182,505.0842986916459,-0.24252904994589078,-0.06233980366803123,0.4847756012222332,0.7542290305231869
Ptuh,OG_10183,145.2906226755024,0.5058598067576979,0.23456541705912812,0.06599332628895661,0.31238312533211793
Ptuh,OG_10184,164.69813267152153,0.6597053889150327,0.12212162780321469,0.1389955269502804,0.43749073938538957
Ptuh,OG_10185,129.64319145348315,0.17479979361190354,0.03586225525752083,0.6568522254022888,0.8536107940288925
Ptuh,OG_10186,890.4496408460501,-0.6714248644936787,-0.14803437446748993,0.09671989699356143,0.3687519766293662
Ptuh,OG_10192,42.75125682888533,0.9144964579248916,0.13551777120849617,0.07354131652639784,0.32748445723239145
Ptuh,OG_10187,1561.8897115296365,0.7043063178106151,0.4409794444967983,0.011160631489615925,0.13894457363670248
Ptuh,OG_10188,384.9571200313585,-0.47083421660796765,-0.22089722935451273,0.07572025106033117,0.33056931799572037
Ptuh,OG_10189,55.369003592814984,-0.5897145705929858,-0.28690044933698833,0.042518815541166224,0.25480728848081863
Ptuh,OG_10190,721.2904254248531,0.030734403010846865,0.005723711886878971,0.9404048350121097,0.9743232347148248
Ptuh,OG_10191,192.25142205952267,0.1958258902883189,0.0752495331627758,0.4617705753349373,0.7354380580915769
Ptuh,OG_10193,482.1352413967032,-0.8094160342282462,-0.3116220816473225,0.02354403212242172,0.19108905405078758
Ptuh,OG_10194,1060.5520992635684,-0.3806615654795888,-0.13716460445852938,0.20175237588337844,0.515535342286713
Ptuh,OG_10195,396.6618399771154,0.42587342399256295,0.259701861411372,0.04834409721964918,0.268676904700581
Ptuh,OG_10196,314.77470042726355,0.22120901148222621,0.07679963989097177,0.445054050682982,0.7230531850774599
Ptuh,OG_10197,204.04191832798247,0.03410339012781956,0.012351251832371374,0.8980036551985972,0.9585528462114007
Ptuh,OG_10198,195.15397398739066,0.7568956749228181,0.22628545643926248,0.04783711108661228,0.267434330051028
Ptuh,OG_10199,118.4342523028951,-0.2916257863471361,-0.11810471576669836,0.2710526816101741,0.5831874880093634
Ptuh,OG_10200,26.518609877723154,0.2469433348869308,0.023643480216749873,0.6758356875561049,NA
Ptuh,OG_10201,249.36132191096755,-0.5314004414272997,-0.1513031018583947,0.13440309245796667,0.432035981027392
Ptuh,OG_10202,355.1304237104501,-0.2596584017149182,-0.11179535055424783,0.2963652023881564,0.606219294496769
Ptuh,OG_10203,286.5104022370828,0.06395904167687064,0.02179701623371853,0.8225938422750148,0.9298101243414647
Ptuh,OG_10204,495.1902667539804,-0.3842584764824776,-0.27987276796607774,0.02394880952916898,0.192953786073722
Ptuh,OG_10205,668.6960289532609,0.6290240977802596,0.0417611241832948,0.3346211647614356,0.6430288221778789
Ptuh,OG_10206,227.06863931851606,0.04436471492314331,0.01802028319326312,0.8497676089675923,0.9398410059890303
Ptuh,OG_10207,2423.0672429452075,0.1488864804725416,0.03197805881875404,0.6848370021936961,0.8715472562720329
Ptuh,OG_10210,90.00071315309586,0.05224167238762656,0.011106305814515419,0.890466571319111,0.955566608165707
Ptuh,OG_10212,94.3583637705009,-0.4939595371530743,-0.13939037618493158,0.1591622686086359,0.4631317407445721
Ptuh,OG_10213,94.83638199547684,-0.1571652452981466,-0.04553776612989465,0.6245239071287895,0.8354532166568495
Ptuh,OG_10214,153.42335495981996,0.9752655060631711,0.8369999072401567,1.0695116484605137e-4,0.018535291670870778
Ptuh,OG_10215,243.8999032740219,-0.23821431301461446,-0.08330482505993486,0.39433318590846167,0.6836826081532578
Ptuh,OG_10216,375.142056209897,-0.43622620977667337,-0.20814766688431455,0.08876321770105829,0.35828547565665864
Ptuh,OG_10217,91.80415901552288,0.3115474190056881,0.07826765066259853,0.3832678466315458,0.67628016012931
Ptuh,OG_10219,491.629852847587,-0.27742068496955363,-0.14506657548276838,0.2086298741163231,0.5243222524403124
Ptuh,OG_10221,4581.8876679189525,-0.3666973166116833,-0.22886535285665474,0.06517769622196222,0.31099039808215073
Ptuh,OG_10222,82.01972957435387,0.711776722467731,0.17180136576433352,0.08166885025394523,0.34210683019772625
Ptuh,OG_10223,90.59845330189214,-0.0013057812321905244,-9.628369268876543e-4,0.996436853735029,0.9987536228974523
Ptuh,OG_00101,22.375165264046256,-0.2768608330431426,-0.04655344720054782,0.5267751642722407,NA
Ptuh,OG_00125,350.3162672598996,-0.3616256982227538,-0.1326578624659446,0.20648305573877104,0.5224833460469737
Ptuh,OG_00823,34.1706707869151,0.06537999766097227,0.015157410350623523,0.8590685848938173,0.9440658797912754
Ptuh,OG_01457,35.567813851377075,-0.5379424353927712,-0.05872828503742021,0.34032987938949666,0.6481779240905259
Ptuh,OG_01500,205.38492056118085,0.25571379484071705,0.09891914732136577,0.3327949031647287,0.6418928890347677
Ptuh,OG_01563,15.101290712208964,0.9915693274100631,0.07768299139408646,0.11955264840257337,NA
Ptuh,OG_02101,263.9557551831364,0.406678827035872,0.14558139432657874,0.18025038047016428,0.48934981807948696
Ptuh,OG_05148,42.337804780543095,0.1589709191724191,0.039210959874249454,0.6564987101507678,0.8536107940288925
Ptuh,OG_06243,49.391273353210764,0.693070153984161,0.16566039073927508,0.08913666357951928,0.35857344723698614
Ptuh,OG_06630,103.15529651297334,-0.30574420156277426,-0.08974332969691842,0.34595670998595734,0.6525687208353509
Ptuh,OG_07821,34.763089569222544,0.3285522223057227,0.0378475794724275,0.556877930128896,0.79937132507554
Ptuh,OG_08213,28.467464214698637,-0.0777279488325689,-0.012953230283727643,0.8595082591312018,NA
Ptuh,OG_08252,46.596315989418436,1.0818307570989547,0.14066795106983307,0.041484520518808826,0.252966783892741
Ptuh,OG_08362,71.16340328366141,-0.5191682744184344,-0.04774418327221297,0.38228600451525935,0.67628016012931
Ptuh,OG_08758,20.55420290128613,-0.42879037683041454,-0.03747452367203583,0.4661359807844107,NA
Ptuh,OG_09092,104.648939691319,0.4908684228721262,0.09216719476205813,0.23971798082443432,0.5606852721146967
Ptuh,OG_09221,24.360048740416133,0.07148537425310769,0.009158203539258452,0.8906498797595619,NA
Ptuh,OG_09781,6.551161999711742,0.8532794746837188,0.041256519883888274,0.318444323324654,NA
Ptuh,OG_09817,53.07059480642008,0.14418270952657514,0.017790641818466815,0.7753309924127573,0.9120688821037474
